1536	2560	1	340	512	4.87710
1024	2560	1	154	502	3.88090
1024	2560	1	294	360	2.21742
1536	2560	1	292	240	5.65891
1536	2560	1	374	388	0.00000
1536	2560	1	150	152	1.47960
1024	2560	1	474	102	0.92447
1536	2048	1	512	402	0.00000
1536	2048	1	440	242	1.71427
1536	2048	1	64	338	0.48538
1024	2048	1	490	302	5.88307
1024	2560	1	334	92	1.86034
1024	2560	1	292	22	1.62883
1024	2048	1	372	428	4.96529
1536	2560	1	190	488	5.70783
1024	2560	1	60	216	2.83955
1024	2560	1	200	290	1.28473
1536	2560	1	50	472	0.96905
1024	2560	1	288	262	4.74173
1536	2048	1	246	6	5.18776
1536	2560	1	26	26	5.56095
1024	2560	1	340	196	5.23385
1024	2560	1	354	342	2.09519
1024	2560	1	166	388	3.76684
1536	2560	1	184	296	0.42848
1536	2560	1	254	374	0.81500
1536	2560	1	466	326	3.90594
1024	2560	1	12	280	0.00000
1024	2560	1	166	190	4.80362
1536	2560	1	2	424	0.40115
1536	2048	1	176	494	1.37629
1024	2560	1	380	484	2.90490
1536	2560	1	68	294	3.02550
1536	2560	1	480	180	2.25593
1536	2560	1	372	230	2.43495
1536	2048	1	418	502	2.59814
1536	2560	1	278	52	0.91691
1536	2560	1	360	110	3.56881
1536	2048	1	476	104	2.84002
1536	2048	1	278	58	5.77112
1536	2048	1	220	126	0.00000
1536	2048	1	160	96	0.41675
1536	2048	1	198	230	5.10177
1536	2048	1	508	490	4.37646
1536	2560	2	478	420	0.00000
1536	2560	2	512	50	0.00000
1536	2048	1	368	420	0.00000
1536	2048	1	332	310	4.59412
1536	2048	1	240	374	0.00000
1536	2048	1	144	332	3.13087
1536	2048	1	8	0	0.00000
1536	2048	1	92	48	3.96190
1024	2048	1	384	12	0.00000
1024	2048	1	250	0	0.00000
1024	2048	1	152	0	0.00000
1024	2048	1	194	54	0.00000
1024	2048	1	382	144	1.84861
1024	2048	1	300	190	3.70289
1024	2048	1	170	252	1.57631
1024	2048	1	224	372	0.00000
1024	2048	1	52	400	0.00000
1024	3072	1	34	120	2.71783
1024	3072	1	142	90	1.54952
1024	3072	1	138	16	4.18314
1024	3072	1	310	74	0.00000
1024	3072	1	232	66	0.00000
1024	3072	1	470	112	0.85325
1024	3072	2	478	28	0.00000
1024	3072	1	170	196	0.80534
1024	3072	1	290	230	4.90978
1024	3072	2	218	302	0.00000
1024	3072	1	50	376	4.20901
1024	3072	1	166	412	1.32314
1536	3072	1	78	112	0.64608
1024	3072	1	486	198	0.37487
1536	3072	1	40	260	0.31423
1536	3072	1	246	152	2.35619
1536	3072	1	272	66	5.58782
1536	3072	1	440	312	2.98969
1536	3072	1	434	76	5.82280
1536	3072	1	512	108	3.08390
1536	3072	1	420	184	5.15414
1536	3072	1	176	250	4.12439
1536	3072	1	166	342	2.01787
1024	3072	1	500	408	0.67411
1536	3072	1	34	464	0.92946
1536	3072	1	86	376	5.38317
1536	3072	1	92	510	3.81123
1536	3072	1	174	490	3.42869
1536	3072	1	230	462	0.00000
1536	3072	1	362	390	0.00000
1536	3072	1	266	320	5.45020
1024	3072	1	330	480	0.43445
1024	3584	1	52	2	0.85088
1024	3584	1	26	128	0.00000
1024	3584	1	122	96	5.87829
1024	3584	2	170	22	0.00000
1024	3584	1	112	250	0.31394
1024	3584	1	308	278	0.00000
1024	3584	1	332	82	0.00000
1024	3584	1	424	28	5.90268
1024	3584	1	92	476	5.91293
1024	3584	1	254	516	0.00000
1024	3584	1	360	516	0.00000
1024	3584	1	426	354	0.00000
1024	3584	1	468	208	5.61143
1536	3584	2	36	210	0.00000
1536	3584	1	246	110	3.38927
1536	3584	1	108	96	1.37136
1536	3584	2	360	68	0.00000
1536	3584	2	406	130	0.00000
1536	3584	2	474	100	0.00000
1536	3584	1	464	254	0.00000
1536	3584	1	194	178	5.70112
1024	3072	2	342	340	0.00000
1536	3584	1	110	232	0.56475
1536	3584	1	76	374	0.83231
1536	3584	1	304	364	0.54789
1536	3584	1	404	352	6.08187
1536	3584	1	358	226	2.87212
1536	3584	1	188	460	0.00000
1536	3584	1	74	482	0.70863
1536	3584	1	326	476	5.85374
1536	3584	1	496	422	5.81162
1536	3584	1	434	510	5.61649
2048	2048	2	106	120	0.00000
2560	2048	2	376	220	0.00000
2560	2560	2	462	336	0.00000
2560	2048	1	118	330	2.24306
2048	2560	1	266	458	3.85331
2048	2560	1	360	512	4.46593
2048	2560	1	40	380	3.53588
2048	2560	1	204	288	1.29358
2048	2560	2	168	362	0.00000
2048	2560	2	194	424	0.00000
2048	2560	2	78	498	0.00000
2048	2560	1	102	204	3.54477
2048	2560	2	172	148	0.00000
2048	2560	2	236	150	0.00000
2048	2048	1	366	406	4.27688
2560	2048	1	506	228	3.90272
2560	2560	2	22	488	0.00000
2048	2560	2	452	474	0.00000
2560	2560	1	202	466	1.02588
2560	2560	1	320	412	3.21222
2560	2560	1	498	470	2.29673
2560	2560	1	350	288	5.04405
2560	2560	1	442	50	4.98844
2560	2560	1	486	208	5.98651
2560	2560	1	394	134	5.63849
2560	2560	1	324	170	5.82474
2560	2048	1	440	452	1.69887
2560	2048	1	320	434	4.58347
2560	2560	1	234	48	1.63530
2560	2048	1	174	492	4.24145
2560	2048	1	154	428	1.12685
2560	2048	1	510	308	0.66757
2560	2048	1	186	178	5.79096
2560	2048	1	300	84	0.00000
2560	2048	1	416	48	0.00000
2560	2048	1	348	56	0.00000
2560	2048	1	500	142	3.00975
2560	2048	1	148	76	3.95623
2560	2048	1	28	122	5.47550
2048	2048	1	508	26	5.12231
2048	2048	2	414	24	0.00000
2048	2048	1	424	112	3.97488
2048	2048	1	68	28	0.91625
2048	2048	1	196	26	3.80310
2048	2048	1	230	150	4.67847
2048	2048	1	144	226	0.09762
2048	2048	1	68	276	6.10178
2048	2048	1	248	288	5.77873
2048	2048	1	134	352	3.70812
2048	2048	1	14	384	0.00000
2048	2048	1	34	482	4.31111
2048	2560	2	80	120	0.00000
2560	2048	1	24	208	1.41378
2048	2560	1	58	42	1.25778
2048	2048	1	160	464	3.74679
2048	2560	1	326	2	2.74131
2048	2048	2	224	512	0.00000
2560	2560	1	68	420	4.76173
2560	2560	1	198	328	4.29344
2560	2560	1	164	212	2.41676
2560	2560	1	206	148	5.63559
2560	2560	1	94	282	4.56221
2560	2560	1	68	106	0.27218
2560	2560	1	20	4	4.85220
2048	2560	1	408	360	5.76762
2048	2560	1	366	264	1.50154
2048	2560	2	394	94	0.00000
2048	2560	2	498	82	0.00000
2048	2560	2	448	112	0.00000
2048	2560	1	224	92	4.77274
2560	2048	2	410	164	0.00000
3072	2560	1	106	330	2.78524
3072	2560	1	374	470	6.18451
3072	2560	1	448	408	2.52845
3072	2560	1	134	452	4.81501
3072	2560	1	336	136	5.45487
3072	2560	1	308	408	0.54836
3584	2560	1	156	376	1.76554
3584	2560	1	390	384	3.17251
3072	2560	1	318	304	4.37619
3584	2560	1	292	202	4.14137
3072	2560	1	182	328	2.92318
3584	2560	1	52	424	1.70219
3584	2560	1	116	316	4.70831
3584	2048	1	468	496	3.16613
3584	2560	1	494	154	3.29704
3584	2560	1	420	120	0.00000
3072	2560	1	484	272	5.80285
3584	2560	1	118	496	4.36444
3584	2560	1	456	464	2.90003
3584	2560	1	176	222	2.42788
3584	2560	1	462	312	2.29492
3584	2560	1	234	352	3.11351
3584	2560	1	302	470	0.16273
3072	2560	1	244	218	0.58068
3584	2560	1	70	236	3.95786
3584	2560	1	304	330	5.98129
3072	2560	1	508	138	5.44783
3072	2560	1	464	62	1.29920
3072	2560	1	208	34	1.98814
3584	2560	1	290	98	3.25323
3584	2560	1	68	96	2.90126
3072	2048	1	382	502	1.67380
3584	2560	1	186	56	1.77334
3584	2560	1	178	134	2.39927
3584	2560	1	376	26	3.24061
3072	2560	1	58	94	4.71239
3584	2048	1	492	344	4.57686
3072	2048	1	464	460	2.79539
3584	2048	1	220	506	1.93571
3072	2048	1	264	350	3.17189
3072	2048	1	392	326	1.97914
3072	2048	1	324	448	4.22231
3072	2048	1	126	362	4.49242
3584	2048	1	366	220	5.62633
3584	2048	1	304	386	2.66797
3584	2048	1	204	440	4.51107
3584	2048	1	134	384	0.53951
3584	2048	1	476	62	6.09430
3584	2048	1	372	88	6.08579
3584	2048	1	248	102	3.77292
3584	2048	1	150	280	5.02662
3584	2048	1	206	210	4.70769
3584	2048	1	144	100	0.19129
3584	2048	1	30	224	2.80876
3072	2048	1	460	288	1.94032
3072	2048	1	16	288	1.22030
3072	2048	1	184	242	4.28159
3072	2048	1	354	214	4.59570
3072	2048	1	460	102	4.32029
3072	2048	1	344	100	0.00000
3072	2048	1	280	104	0.00000
3072	2048	1	206	100	0.00000
3072	2048	1	194	44	1.53664
3072	2048	1	76	50	0.30705
3072	2048	1	30	188	1.05410
3584	2560	2	410	250	0.00000
3072	2560	2	474	184	0.00000
3072	2560	2	442	138	0.00000
3072	3072	1	270	264	2.78185
3072	3072	1	362	316	2.79857
3072	3072	1	176	206	5.53423
3072	3072	1	96	366	0.42663
3072	3072	1	246	72	5.21349
3072	3072	1	376	120	5.90811
3072	3072	1	322	192	5.42141
3072	3072	1	494	188	2.76359
3584	3072	1	106	146	2.45349
3584	3072	1	186	24	5.61903
3584	3072	1	242	196	1.63898
3584	3072	1	108	270	1.31126
3584	3072	1	244	330	5.08781
3584	3072	1	210	426	3.73924
3584	3072	1	278	496	0.41106
3584	3072	1	350	376	3.70306
3584	3072	1	432	272	5.99786
3584	3072	1	418	108	5.75336
3584	3072	1	474	84	2.89589
3584	3072	1	512	250	2.17141
3584	3072	1	444	488	4.81801
3584	3072	1	488	382	6.14169
3072	3072	1	370	418	1.85933
3072	3072	1	326	494	5.53548
3072	3072	1	220	512	3.08693
3072	3584	1	130	52	5.86634
3072	3072	1	34	128	5.46371
3072	3072	1	124	52	2.95754
3072	3072	1	512	42	5.57456
3072	3072	1	376	0	2.98139
3072	3584	1	392	96	3.01594
3584	3584	1	4	78	2.08128
3072	3584	1	290	208	0.59918
3072	3584	1	266	80	3.27058
3072	3584	1	202	248	3.49585
3072	3584	1	68	192	5.36017
3072	3584	1	26	32	0.00000
3072	3072	1	504	376	2.70643
3584	3072	1	86	512	3.06482
3584	3584	1	154	72	3.78369
3584	3584	1	96	226	2.85929
3072	3584	1	440	186	0.26625
3072	3584	1	500	216	0.38051
3584	3072	1	322	134	5.80554
3072	3072	1	28	360	0.00000
3584	3584	1	326	48	4.42246
3584	3584	1	396	108	1.73944
3584	3584	1	388	180	5.26244
3584	3584	1	300	232	3.38955
3584	3584	1	428	302	2.53869
3584	3584	1	344	292	3.29356
3584	3072	1	262	260	4.65794
3584	3072	1	314	12	0.45472
3584	3072	1	374	18	0.19983
3584	3584	1	204	272	5.51910
3072	3584	1	352	308	0.45107
3072	3584	1	96	440	6.14684
3072	3584	1	254	424	6.01568
3072	3584	1	162	386	2.31917
3072	3584	1	26	316	5.09655
3072	3584	1	454	338	3.19253
3584	3584	1	38	296	0.00000
3584	3584	1	406	456	5.11391
3584	3584	1	476	52	5.34260
3584	3584	1	34	442	0.36870
3584	3584	1	140	354	5.25171
3584	3584	1	296	418	6.10154
3584	3584	1	142	444	1.01443
3584	3584	1	512	180	0.44577
3072	3584	1	322	466	4.05745
3584	3584	1	190	478	0.83298
3584	3584	1	512	454	2.19618
3584	3584	1	420	392	5.34591
3584	3072	1	112	360	4.22124
3584	3072	2	510	24	0.00000
3072	3072	2	436	252	0.00000
3072	3072	2	94	274	0.00000
3584	3584	2	66	374	0.00000
3584	3584	2	256	488	0.00000
3072	3584	2	370	512	0.00000
3584	3584	1	170	186	5.27216
3584	3584	1	348	512	2.37008
3584	3072	1	130	80	2.00210
3584	3072	1	232	124	0.00000
2048	3072	1	66	64	0.00000
2048	3072	1	154	22	0.00000
2048	3072	2	134	118	0.00000
2048	3072	1	62	204	0.38447
2048	3072	1	178	214	0.28255
2048	3072	1	304	48	4.04274
2048	3072	1	436	78	5.15784
2048	3072	1	268	166	0.37512
2048	3072	1	164	358	1.63749
2048	3072	2	44	374	0.00000
2048	3072	1	48	480	0.53862
2048	3072	2	156	480	0.00000
2048	3072	1	210	440	5.07116
2048	3072	1	394	386	0.26248
2048	3072	2	282	272	0.00000
2048	3072	1	342	352	3.41227
2048	3072	1	392	242	2.57634
2048	3072	1	492	230	3.12088
2560	3072	2	138	76	0.00000
2560	3072	2	220	132	0.00000
2560	3072	2	354	242	0.00000
2560	3072	2	102	224	0.00000
2560	3072	1	118	146	2.21146
2560	3072	1	294	160	2.44350
2560	3072	1	360	118	6.25356
2560	3072	1	428	168	0.42811
2560	3072	1	280	242	2.44078
2560	3072	1	212	252	5.55759
2560	3072	1	176	312	5.70397
2560	3072	1	52	378	4.21955
2560	3072	1	146	404	6.13703
2560	3072	2	90	440	0.00000
2560	3072	1	32	508	3.10842
2048	3584	1	440	26	3.58777
2560	3584	1	108	66	6.00980
2048	3584	1	92	92	2.53461
2048	3584	1	104	184	2.37939
2048	3584	1	26	216	5.92228
2048	3584	1	200	76	5.20633
2048	3584	1	250	150	4.03765
2048	3584	2	306	182	0.00000
2048	3584	2	246	300	0.00000
2048	3584	2	186	270	0.00000
2048	3584	1	258	236	1.70103
2048	3584	1	114	316	5.90628
2560	3072	1	370	376	5.92262
2560	3072	1	288	502	3.91925
2560	3072	1	220	460	0.49394
2560	3584	1	442	32	1.86831
2560	3584	1	412	92	4.98381
2560	3584	1	40	134	2.23518
2048	3584	1	424	168	6.11210
2048	3584	1	496	220	6.16831
2048	3584	1	382	246	6.07309
2560	3584	1	168	144	1.03776
2560	3584	2	268	350	0.00000
2560	3584	1	324	250	5.83708
2560	3584	1	198	240	0.19740
2560	3584	1	60	246	3.44533
2048	3584	1	452	384	6.18352
2560	3584	1	454	198	2.02185
2560	3584	2	332	140	0.00000
2048	3584	1	340	384	1.03907
2048	3584	1	76	400	5.51688
2560	3584	1	358	380	5.44520
2560	3584	1	28	418	0.44118
2560	3584	1	226	466	5.63968
2560	3584	2	508	288	0.00000
2560	3584	1	100	502	5.99062
