1536	2560	1	482	498	0.85134
1536	2560	1	280	512	5.09691
1536	2560	1	128	512	2.10088
1536	2560	1	378	500	5.24101
1024	2560	1	402	494	4.73322
1024	2560	1	330	342	0.61188
1024	2560	1	270	318	5.88063
1536	2560	1	106	454	5.11958
1536	2560	1	384	420	2.21428
1024	2560	1	490	320	1.53896
1536	2560	2	326	344	0.00000
1024	2560	2	478	424	0.00000
1024	2560	1	4	306	1.80802
1024	2560	1	12	434	5.46662
1536	2560	1	494	326	2.89331
1536	2560	1	278	286	6.00921
1536	2560	1	154	218	3.04091
1024	2560	1	446	184	2.14299
1024	2560	1	116	254	5.25096
1536	2560	1	76	206	5.81141
1536	2560	1	460	220	0.40489
1024	2560	1	70	104	0.79713
1536	2560	1	238	134	3.69056
1536	2560	1	512	36	0.48924
1024	2560	2	450	74	0.00000
1024	2560	2	96	170	0.00000
1024	2048	1	94	460	0.18454
1536	2560	1	130	36	0.00000
1024	2048	1	228	378	0.47042
1024	2560	1	234	56	1.11428
1024	2048	1	508	480	3.99610
1536	2048	1	422	426	3.29930
1024	2048	1	512	354	3.67779
1536	2048	1	338	462	3.20898
1536	2048	1	220	398	0.00000
1536	2048	1	244	320	2.45746
1536	2048	1	374	238	2.64181
1536	2048	2	512	244	0.00000
1536	2048	2	512	370	0.00000
1536	2048	1	294	278	2.61910
1536	2048	1	466	286	6.02976
1024	2048	1	206	132	2.74571
1536	2048	1	146	334	1.84422
1536	2048	1	90	118	1.80489
1024	2048	1	452	224	2.81618
1024	2048	1	308	194	0.00000
1536	2048	2	224	138	0.00000
1536	2048	1	412	118	1.28574
1024	2048	1	90	26	4.27935
1536	2048	1	26	12	0.00000
1024	2048	1	448	0	0.00000
1024	2048	2	254	26	0.00000
1536	2048	1	236	36	2.41363
1536	2048	1	358	38	4.79440
1536	2048	1	478	52	0.71236
1024	3584	1	92	182	2.50575
1536	3072	1	240	440	0.37094
1024	3072	1	170	236	0.89919
1024	3072	1	262	100	3.44547
1024	3072	1	124	408	0.92730
1536	3072	1	98	398	0.42483
1024	3072	1	486	440	2.21598
1024	3072	1	350	472	4.05989
1024	3072	1	266	338	0.38051
1024	3072	1	206	60	0.00000
1024	3072	1	116	134	0.15100
1024	3072	1	324	160	3.74731
1024	3072	2	384	78	0.00000
1536	3584	2	258	266	0.00000
1536	3584	2	394	126	0.00000
1024	3072	1	448	134	0.42373
1536	3072	1	22	94	3.47303
1536	3072	1	284	212	4.45083
1536	3072	1	234	308	5.17126
1536	3072	1	78	232	2.00358
1536	3072	1	100	126	0.78540
1024	3584	1	222	98	0.00000
1536	3584	1	78	66	2.52224
1536	3584	1	166	66	2.65274
1024	3584	1	382	62	2.75342
1024	3584	1	320	170	1.45017
1536	3072	1	406	512	6.09197
1536	3072	1	478	488	5.86712
1536	3072	1	394	272	4.64379
1536	3072	1	252	114	3.16424
1536	3584	2	250	160	0.00000
1536	3584	2	38	202	0.00000
1536	3072	1	390	150	1.63075
1024	3584	1	494	214	5.74277
1024	3584	1	428	260	5.48170
1536	3584	1	414	380	5.52580
1024	3584	1	162	290	1.08488
1024	3584	1	36	26	2.73040
1024	3584	1	126	106	6.05740
1024	3072	1	452	266	0.67797
1536	3072	1	322	424	3.81841
1536	3072	1	362	90	4.73110
1024	3072	1	248	460	1.31347
1536	3584	1	172	202	1.82180
1024	3584	1	502	104	2.26658
1536	3584	1	196	398	0.11066
1024	3584	1	280	444	1.16755
1024	3584	1	62	324	0.00000
1024	3584	1	318	316	4.61325
1536	3072	2	28	342	0.00000
1536	3072	1	192	182	5.06598
1536	3584	1	114	328	1.06306
1024	3584	2	316	96	0.00000
1024	3072	2	352	346	0.00000
2048	2048	1	76	50	2.34685
2048	2048	1	198	62	3.49099
2048	2048	2	136	20	0.00000
2048	2048	1	292	92	5.97796
2048	2048	1	418	64	4.10909
2048	2048	1	80	164	0.57493
2048	2048	1	210	144	3.19240
2048	2048	1	56	274	2.45928
2048	2048	1	146	248	6.18873
2048	2048	1	346	212	3.86038
2560	2048	1	18	212	1.29985
2560	2048	1	316	96	0.00000
2560	2048	1	230	108	0.00000
2560	2048	1	450	156	1.15839
2560	2048	1	402	246	0.66212
2048	2048	1	354	314	1.72688
2048	2048	1	218	324	0.00000
2048	2048	1	92	380	1.50032
2048	2048	1	354	388	1.23547
2560	2048	1	20	356	5.16541
2048	2048	1	464	432	0.00000
2048	2048	1	364	468	4.65124
2048	2560	1	20	20	0.37527
2048	2048	1	170	498	2.15880
2560	2048	2	494	28	0.00000
2560	2048	1	236	426	0.00000
2560	2048	1	202	316	1.31269
2560	2048	1	386	432	3.05183
2560	2560	1	254	66	2.01690
2048	2560	1	248	44	4.40105
2560	2560	1	148	4	4.52860
2560	2560	2	500	118	0.00000
2048	2560	1	70	118	3.90945
2048	2560	1	80	202	1.23150
2048	2560	2	222	154	0.00000
2048	2560	1	280	160	0.00000
2048	2560	1	148	278	2.50283
2048	2560	2	64	312	0.00000
2048	2560	2	512	314	0.00000
2048	2560	2	450	326	0.00000
2560	2560	2	316	488	0.00000
2048	2560	1	390	84	3.09092
2048	2560	1	462	130	0.00000
2560	2560	1	24	70	2.59666
2560	2560	1	80	184	0.92202
2048	2560	1	280	280	2.05542
2048	2560	1	106	426	0.00000
2048	2560	1	258	362	4.36189
2048	2560	1	390	388	5.93832
2048	2560	2	320	426	0.00000
2560	2560	1	190	172	2.88407
2560	2560	1	160	278	5.26378
2560	2560	1	390	216	3.15981
2560	2560	1	292	292	3.97871
2048	2560	1	280	484	5.90268
2048	2560	1	370	492	5.24908
2048	2560	2	466	508	0.00000
2560	2560	1	34	436	0.90975
2560	2560	1	230	402	2.16397
2560	2560	1	426	386	1.35706
2560	2560	1	210	484	1.52269
3584	2048	1	466	54	0.17723
3072	2048	1	142	82	2.16181
3072	2048	1	210	66	0.14531
3072	2048	1	290	58	5.08724
3072	2048	1	434	58	5.28438
3584	2048	1	94	146	1.11873
3584	2048	1	234	86	3.73164
3584	2048	1	354	242	5.66852
3584	2048	2	354	162	0.00000
3584	2048	2	378	122	0.00000
3584	2048	1	442	358	0.26957
3072	2048	1	182	226	5.56186
3072	2048	1	366	322	1.30430
3072	2048	1	454	254	2.67824
3584	2048	1	74	314	5.49380
3584	2048	1	134	230	4.44191
3584	2048	1	226	310	5.26850
3584	2048	1	334	362	2.90510
3584	2048	1	494	454	4.12800
3072	2048	1	38	394	3.82872
3072	2048	1	194	386	4.65175
3072	2048	1	466	422	5.99216
3584	2048	1	50	434	6.05525
3584	2048	1	230	402	5.41126
3584	2048	1	170	474	3.47501
3584	2048	1	374	510	5.70793
3584	2560	1	274	6	5.20991
3072	2048	1	362	506	3.41296
3072	2048	1	122	494	3.51751
3072	2560	1	38	210	1.34852
3072	2560	1	50	406	0.86566
3072	2560	1	214	98	0.75914
3072	2560	1	62	270	1.02041
3072	2560	1	162	306	4.35611
3072	2560	1	206	418	3.69648
3072	2560	1	318	258	2.27086
3072	2560	1	330	434	5.05094
3072	2560	1	458	38	4.39430
3072	2560	1	362	150	0.12825
3072	2560	1	502	470	2.19803
3072	2560	1	478	150	0.49935
3584	2560	1	14	158	3.60516
3072	2560	1	450	282	2.61200
3584	2560	1	94	74	2.29673
3584	2560	1	86	198	1.07689
3584	2560	1	294	138	2.72392
3584	2560	1	202	178	3.07732
3584	2560	1	378	118	4.90347
3584	2560	1	486	86	3.41953
3072	2048	1	450	398	3.53697
3584	2560	1	150	262	2.37177
3584	2560	1	102	306	2.06386
3584	2560	1	18	410	6.16355
3584	2560	1	250	258	0.68434
3584	2560	1	338	254	3.54370
3584	2560	1	398	212	3.35316
3584	2560	1	82	438	0.43241
3584	2560	1	246	434	2.78741
3584	2560	1	474	314	3.26222
3584	2560	1	370	394	0.00000
3584	2560	1	458	450	5.74952
3584	2560	1	316	414	3.55831
3584	2560	1	166	482	0.31652
3584	3584	1	230	482	0.00000
3584	3584	1	498	300	1.53195
3584	3584	1	334	326	0.92730
3584	3584	1	244	340	0.64032
3584	3584	1	112	346	5.59536
3584	3584	1	152	292	5.43177
3584	3584	1	476	512	2.33354
3584	3584	1	356	504	2.47608
3584	3584	1	452	400	1.43170
3584	3584	1	130	506	3.24383
3584	3072	1	386	502	0.00000
3584	3584	1	480	84	1.28417
3584	3584	1	352	128	0.40112
3072	3584	1	344	426	5.46912
3072	3584	1	102	512	0.45559
3072	3584	1	392	384	0.38755
3072	3584	1	496	460	5.64886
3584	3584	1	240	242	4.24605
3072	3584	1	200	460	0.17266
3072	3584	1	270	456	5.86324
3072	3584	1	498	308	0.09086
3072	3584	1	70	392	4.06852
3072	3584	1	210	346	1.39709
3072	3584	1	30	314	1.92115
3072	3584	1	430	262	6.15354
3072	3584	1	68	272	2.05965
3072	3584	1	302	294	5.17060
3072	3584	1	172	240	3.18226
3072	3584	1	340	200	5.86385
3072	3584	1	0	18	0.00000
3072	3584	1	114	182	3.04171
3072	3584	1	0	172	4.22243
3072	3584	1	104	68	1.82795
3584	3584	1	146	194	3.59514
3584	3584	1	238	154	0.33751
3072	3584	1	492	90	4.21058
3584	3584	1	72	218	0.34196
3584	3584	1	30	138	3.81014
3072	3584	1	210	96	3.27180
3072	3584	1	392	94	3.02833
3072	3072	1	92	464	5.47947
3072	3072	1	200	456	5.56278
3072	3072	1	318	486	2.42836
3584	3072	2	356	310	0.00000
3584	3072	2	364	204	0.00000
3584	3072	2	326	380	0.00000
3584	3584	1	310	66	3.11817
3584	3584	1	164	78	1.09130
3584	3584	1	152	16	1.35636
3584	3072	1	266	472	3.28874
3584	3072	1	16	500	1.65935
3072	3072	1	454	416	0.52375
3584	3072	1	46	380	0.64262
3584	3072	1	144	438	1.97450
3584	3072	1	150	332	0.51144
3584	3072	1	224	360	3.52850
3072	3072	1	72	282	2.99401
3072	3072	1	104	194	5.87366
3072	3072	1	178	112	3.31406
3072	3072	1	124	52	0.00000
3072	3072	1	38	64	3.55890
3072	3072	1	16	202	4.02617
3072	3072	1	264	30	3.30551
3072	3072	1	404	74	6.07229
3072	3072	1	258	220	5.68484
3072	3072	1	310	338	3.09698
3072	3072	1	358	224	2.44889
3072	3072	1	420	342	0.82178
3584	3072	1	32	284	5.10596
3072	3072	1	502	4	2.91424
3584	3072	1	88	142	1.93105
3584	3072	1	120	238	1.18176
3584	3072	1	250	258	2.49900
3584	3072	1	504	358	3.33626
3584	3072	1	436	280	6.16611
3584	3072	1	494	150	6.27712
3584	3072	1	302	196	6.09795
3584	3072	1	192	140	2.36883
3584	3072	1	260	86	0.29706
3584	3072	1	322	60	5.89258
3584	3072	1	402	24	5.85470
3584	3072	1	214	48	3.24534
3072	3072	2	432	260	0.00000
2048	3584	1	424	204	1.07685
2560	3584	1	318	194	0.00000
2560	3584	1	144	468	5.67277
2560	3584	1	484	282	2.12118
2560	3584	1	398	156	3.82631
2560	3584	1	24	286	0.00000
2560	3584	1	28	474	0.00000
2560	3584	1	244	186	3.76068
2560	3584	1	274	302	1.64162
2048	3584	1	116	282	1.65170
2048	3584	1	350	96	0.84588
2048	3584	1	250	380	0.00000
2560	3584	1	480	184	4.02125
2048	3584	1	442	326	0.00000
2048	3584	1	296	466	6.23195
2048	3584	1	460	452	0.20030
2560	3584	1	254	490	0.00000
2048	3584	1	208	484	2.67365
2048	3584	1	130	468	0.07304
2048	3584	1	64	456	0.00000
2048	3584	1	368	394	0.00000
2560	3584	1	230	408	4.02130
2048	3584	1	334	250	0.00000
2560	3584	1	148	248	2.59731
2560	3584	1	334	392	3.91924
2048	3584	1	218	292	0.27417
2048	3584	1	80	116	1.15977
2048	3584	1	266	10	2.91169
2560	3584	1	132	6	0.38051
2560	3584	1	438	382	1.12814
2560	3584	1	408	312	6.03998
2048	3072	1	232	78	5.76020
2048	3072	1	378	94	0.00000
2048	3072	1	206	398	4.53347
2048	3072	1	476	366	5.63850
2560	3072	1	50	332	5.25824
2560	3584	1	506	18	0.00000
2560	3072	1	416	394	1.61661
2560	3072	1	222	130	0.00000
2048	3072	1	26	452	5.66091
2560	3072	1	56	140	5.52952
2560	3072	1	152	94	0.00000
2560	3072	1	346	112	0.00000
2560	3584	1	410	6	0.00000
2048	3584	1	456	36	0.00000
2048	3072	2	74	412	0.00000
2048	3072	2	168	484	0.00000
2048	3584	2	190	204	0.00000
2560	3072	2	254	500	0.00000
2560	3072	1	68	446	1.07001
2560	3584	1	166	156	1.57080
2048	3072	1	288	322	0.00000
2048	3072	1	98	310	3.97347
2048	3072	1	48	260	0.00000
2048	3072	1	92	106	1.69252
2048	3072	1	364	276	3.37910
2560	3072	1	16	218	2.34721
2560	3072	2	10	40	0.00000
2048	3072	2	416	34	0.00000
2048	3072	2	304	42	0.00000
2560	3072	1	378	286	1.08338
2560	3072	1	476	314	1.17242
2560	3072	1	410	102	3.24833
2560	3072	1	484	64	0.33172
2048	3072	2	196	318	0.00000
2048	3072	1	390	436	5.05264
2560	3072	1	258	206	4.07808
2560	3072	1	258	72	5.60087
2048	3072	1	246	178	1.81236
2560	3072	2	348	458	0.00000
2048	3584	2	372	20	0.00000
2560	3072	1	500	206	4.36535
2560	3584	1	494	450	0.00000
2560	3072	2	346	236	0.00000
