1024	2560	1	448	498	3.78505
1536	2560	1	312	374	2.29034
1024	2560	1	492	378	5.66467
1536	2560	1	408	374	5.16582
1536	2560	1	54	464	0.81478
1536	2560	1	332	512	4.52064
1536	2560	1	454	458	2.32787
1536	2560	1	240	438	1.29922
1536	2560	1	512	302	1.76034
1024	2560	1	406	388	2.99693
1536	2560	1	352	64	2.63087
1536	2560	1	312	258	5.58417
1536	2560	1	488	176	0.50548
1536	2560	1	112	200	1.62059
1536	2560	1	400	234	2.54130
1536	2560	1	138	338	0.62355
1536	2560	1	216	150	0.41486
1024	2560	1	338	338	3.35160
1536	2048	1	222	512	0.23778
1536	2048	1	492	476	1.69348
1536	2560	1	510	52	0.98949
1024	2560	1	96	426	6.00481
1024	2560	1	192	392	3.05138
1024	2560	1	112	258	3.01593
1024	2560	1	504	108	5.43932
1024	2560	1	316	210	0.95451
1024	2560	1	258	354	5.79049
1536	2560	1	56	314	2.72762
1536	2048	1	366	424	5.90234
1536	2048	1	512	392	3.62873
1536	2048	1	462	354	3.04416
1536	2560	1	86	36	3.22145
1536	2560	1	24	14	5.97318
1024	2560	1	410	72	3.06014
1024	2560	1	320	110	0.61283
1024	2560	1	312	32	0.86284
1024	2048	1	234	364	0.45901
1024	2048	1	186	278	1.69201
1024	2560	1	32	84	5.93235
1024	2048	1	456	462	1.22521
1024	2048	1	448	398	4.42107
1024	2048	1	498	290	5.60869
1536	2048	1	122	186	0.00000
1536	2048	1	284	288	3.11276
1536	2048	1	460	224	2.31730
1536	2048	1	396	42	0.00000
1536	2048	2	494	70	0.00000
1536	2048	2	236	348	0.00000
1536	2048	2	294	52	0.00000
1536	2048	2	218	126	0.00000
1536	2048	1	302	196	4.67655
1024	2048	1	506	0	0.00000
1024	2048	1	390	160	2.72449
1024	2048	1	356	0	0.00000
1024	2048	1	276	0	0.00000
1024	2048	1	126	42	0.00000
1024	2048	2	178	70	0.00000
1024	2048	1	172	152	1.02290
1024	2560	2	355	451	0.00000
1536	3584	1	498	268	0.73477
1536	3584	1	332	486	5.60580
1536	3584	1	408	360	0.00000
1536	3584	1	236	516	0.00000
1536	3584	1	478	426	5.94016
1536	3584	1	172	466	0.00000
1536	3584	1	74	476	0.75151
1024	3584	1	94	498	5.79629
1024	3584	1	6	516	5.76719
1536	3584	1	384	256	1.13387
1536	3584	1	232	228	1.35892
1536	3584	1	56	372	1.03476
1024	3584	1	428	344	0.00000
1024	3584	1	340	304	0.00000
1536	3584	1	362	172	1.68945
1536	3584	1	218	348	1.59513
1536	3584	1	400	126	3.79530
1536	3584	1	464	152	3.32455
1536	3584	1	244	114	1.43221
1536	3584	1	510	40	2.57357
1536	3072	1	470	194	5.52617
1536	3072	1	502	376	0.00000
1536	3584	1	92	226	0.44790
1024	3584	1	486	238	5.00536
1024	3584	1	94	164	5.74859
1024	3584	1	12	240	0.33449
1024	3584	1	118	300	5.71646
1024	3584	1	362	136	2.79493
1024	3584	1	470	138	5.92146
1024	3584	1	198	94	4.84908
1024	3584	1	72	64	1.11735
1024	3584	1	0	12	1.76582
1024	3072	1	34	416	5.72801
1024	3072	1	132	474	1.82705
1024	3584	1	342	2	1.82584
1536	3072	1	90	480	3.67410
1536	3072	1	22	458	0.43935
1536	3072	1	282	482	0.00000
1536	3072	1	382	446	2.78262
1536	3072	1	274	354	0.38051
1536	3072	1	432	270	2.59574
1536	3072	1	374	280	0.00000
1536	3072	1	448	60	4.46709
1536	3072	1	306	146	1.70786
1536	3072	1	278	224	4.29344
1536	3072	1	210	316	5.13204
1536	3072	1	152	388	2.51536
1536	3072	1	48	314	0.87924
1024	3072	1	430	382	0.86630
1024	3072	1	264	346	0.00000
1024	3072	1	186	384	0.00000
1536	3072	1	344	4	4.68914
1536	3072	1	176	64	1.38437
1024	3072	1	0	104	4.49372
1024	3072	1	84	298	2.69251
1024	3072	1	0	312	5.20235
1024	3072	1	96	162	2.53767
1024	3072	1	158	256	0.42913
1024	3072	1	288	226	5.52185
1024	3072	1	334	194	5.59035
1024	3072	1	170	126	0.00000
1024	3072	1	242	24	1.39676
1024	3072	1	410	4	0.00000
1024	3072	1	360	80	3.06227
1536	3072	1	48	116	0.00000
2560	2560	1	234	80	0.88918
2560	2560	1	390	112	5.13482
2560	2560	1	48	76	4.29954
2048	2048	1	484	476	3.29604
2048	2560	1	418	148	3.77810
2560	2560	1	18	254	3.47211
2560	2560	1	102	162	0.25367
2560	2560	1	136	256	4.17954
2560	2560	1	228	240	3.54101
2560	2560	1	300	236	5.81628
2560	2560	1	376	212	2.57649
2560	2560	1	486	210	0.46365
2048	2560	1	272	112	5.38303
2560	2560	1	492	508	2.29744
2560	2560	1	456	394	5.24489
2560	2560	1	320	456	1.35222
2560	2560	1	260	372	4.60327
2560	2560	1	124	398	5.47969
2048	2560	1	328	278	1.96797
2560	2560	1	30	442	5.25303
2048	2560	1	340	406	3.52526
2048	2560	1	266	338	3.55431
2048	2560	1	286	494	2.26910
2048	2560	1	158	96	3.63312
2048	2560	1	36	404	5.62976
2048	2560	1	102	228	1.42890
2048	2560	1	30	302	5.22794
2048	2560	1	72	116	4.31387
2048	2048	1	362	394	4.74941
2560	2048	1	48	386	3.17654
2560	2048	1	138	450	2.91811
2560	2048	1	490	316	0.78913
2560	2048	1	428	496	3.21218
2560	2048	1	342	490	3.31830
2560	2048	1	306	398	1.12192
2560	2048	1	242	332	4.60680
2560	2048	1	510	166	0.77084
2560	2048	1	484	64	3.14159
2560	2048	1	430	56	0.00000
2560	2048	1	370	34	0.00000
2560	2048	1	348	202	4.48859
2560	2048	1	326	68	0.02887
2560	2048	1	188	168	0.00000
2560	2048	1	126	246	3.54401
2560	2048	1	266	46	3.21002
2560	2048	1	206	28	3.20934
2560	2048	1	122	36	2.71311
2560	2048	1	76	102	2.26744
2048	2048	1	494	184	0.73662
2048	2048	1	394	110	5.02723
2048	2048	1	252	310	0.00000
2048	2560	1	322	2	3.43110
2048	2048	1	150	454	0.52653
2048	2048	1	148	356	4.10002
2048	2048	1	140	246	0.00000
2048	2048	1	72	290	0.00000
2048	2048	1	16	374	3.31969
2048	2048	1	158	52	2.83832
2048	2048	1	88	22	6.02415
2048	2048	1	32	120	2.91314
2048	2048	2	248	431	0.00000
2048	2048	2	206	497	0.00000
2048	2048	2	260	497	0.00000
2048	2048	1	38	496	0.95670
2048	2560	2	386	92	0.00000
2048	2560	2	410	54	0.00000
2048	2560	2	454	32	0.00000
2048	2560	2	434	316	0.00000
2560	2560	2	20	158	0.00000
2048	2560	2	316	204	0.00000
2048	2560	2	232	156	0.00000
2048	2560	2	166	148	0.00000
2048	2560	2	162	364	0.00000
2048	2560	2	196	412	0.00000
2560	2560	2	460	338	0.00000
2048	2560	2	464	484	0.00000
2560	2560	2	8	486	0.00000
2048	2560	2	76	512	0.00000
2560	2048	2	296	510	0.00000
3072	2048	1	92	24	0.31843
3072	2048	1	36	152	1.14794
3072	2048	1	350	24	5.26670
3072	2048	1	198	6	2.21430
3072	2048	1	214	98	4.45106
3072	2048	1	496	76	4.44706
3584	2048	1	154	98	0.00000
3584	2048	2	228	42	0.00000
3584	2048	1	258	102	3.62050
3584	2048	1	394	82	5.97757
3584	2048	1	470	48	0.00000
3072	2048	1	94	246	0.00000
3072	2048	1	224	172	1.50595
3072	2048	1	414	146	1.77654
3072	2048	1	382	216	4.45721
3072	2048	1	180	360	5.58973
3072	2048	1	220	310	2.47668
3072	2048	1	284	258	3.05630
3072	2048	1	494	226	3.91408
3584	2048	1	182	246	4.31297
3584	2048	1	386	214	5.12845
3072	2048	1	330	338	3.97816
3072	2048	1	480	310	1.49152
3584	2048	1	78	290	3.27084
3584	2048	1	220	324	4.79364
3584	2048	1	156	392	5.66522
3072	2048	1	290	452	3.78784
3072	2048	1	422	438	3.25748
3584	2048	1	40	396	4.99844
3072	2560	1	84	146	3.56822
3072	2560	1	224	46	2.65285
3072	2560	2	154	76	0.00000
3072	2560	1	374	52	0.90953
3072	2560	1	20	88	5.99786
3072	2560	1	172	168	0.60375
3072	2560	1	316	144	1.22203
3584	2560	1	52	34	2.16181
3584	2048	1	94	492	5.59426
3584	2048	1	262	504	4.48711
3584	2048	1	374	474	2.55904
3584	2048	1	466	460	2.39736
3072	2560	1	486	86	1.35160
3584	2560	1	194	64	1.57226
3584	2560	1	330	86	4.29870
3072	2560	1	364	248	3.07641
3072	2560	1	216	318	2.81132
3072	2560	1	288	292	0.00000
3072	2560	2	432	130	0.00000
3072	2560	2	472	182	0.00000
3072	2048	1	0	302	1.03795
3584	2560	1	8	276	2.15880
3072	2560	1	410	334	3.55947
3072	2560	1	474	386	0.00000
3584	2560	1	268	146	4.89958
3584	2560	1	168	148	2.35209
3584	2560	1	264	250	3.70920
3584	2560	1	346	282	3.23268
3584	2560	1	460	88	6.27455
3072	2560	1	252	432	1.19046
3072	2560	1	372	470	0.00000
3584	2560	1	60	510	1.51940
3584	2560	1	94	342	1.21658
3584	2560	1	148	258	2.03687
3584	2560	1	166	382	1.03085
3584	2560	1	244	350	4.94579
3584	2560	1	404	400	5.40588
3584	2560	1	448	254	3.59195
3584	2560	1	512	340	1.69773
3584	2560	1	176	490	3.12285
3584	2560	1	286	440	5.42047
3584	2560	2	344	415	0.00000
3584	2560	1	238	478	5.62391
3072	2560	2	124	480	0.00000
3072	2560	2	228	512	0.00000
3584	2560	1	512	486	2.64308
3072	3584	1	462	410	1.70512
3584	3584	1	56	496	3.67332
3584	3584	1	44	388	0.98279
3072	3584	1	336	326	5.15476
3584	3584	1	26	302	1.61260
3072	3584	1	460	204	5.99674
3584	3584	1	138	450	3.37660
3072	3584	1	340	406	1.29141
3072	3584	1	430	484	0.73061
3584	3584	1	190	478	3.45292
3584	3584	1	298	74	0.48183
3072	3584	1	348	470	0.88653
3072	3584	1	220	428	5.10560
3584	3584	1	300	270	0.85800
3584	3584	1	232	24	3.59625
3584	3584	1	512	350	1.96255
3584	3584	1	388	346	5.42027
3072	3584	1	176	486	4.77594
3072	3584	1	138	242	1.40350
3584	3584	1	130	148	4.42461
3584	3584	1	512	268	3.70841
3072	3584	1	54	480	1.23428
3072	3584	1	204	320	2.88268
3072	3584	1	40	308	2.37008
3584	3584	1	258	396	6.18374
3584	3584	1	292	486	1.53226
3584	3584	1	170	322	0.40115
3584	3584	1	508	114	2.33575
3072	3584	1	0	382	2.02287
3584	3584	1	454	226	0.44100
3584	3584	1	466	426	1.32032
3584	3584	1	322	156	0.91484
3584	3584	1	386	222	3.40322
3584	3584	1	420	106	5.89487
3584	3072	1	460	496	2.59543
3584	3072	1	366	488	5.21579
3584	3584	1	512	476	4.42093
3584	3584	2	392	486	0.00000
3072	3584	1	438	56	1.60915
3072	3584	1	18	198	0.72835
3072	3584	1	214	138	4.40245
3072	3584	1	334	106	5.10365
3072	3584	1	18	42	2.83059
3072	3584	1	118	72	0.06920
3072	3584	1	182	32	2.71110
3584	3072	1	124	472	2.38989
3072	3072	1	412	450	3.08369
3584	3584	1	86	36	2.60036
3072	3584	1	296	16	5.19653
3072	3584	1	322	196	1.19950
3072	3072	1	494	454	3.73588
3584	3072	1	396	372	2.33175
3584	3072	1	452	320	2.43934
3584	3072	1	512	302	2.74526
3584	3072	1	298	400	4.83626
3584	3072	1	172	388	0.35533
3584	3072	1	476	212	4.33550
3584	3072	1	346	278	0.88598
3584	3072	1	252	260	4.50489
3584	3072	1	240	206	4.47937
3584	3072	2	244	108	0.00000
3584	3072	2	212	52	0.00000
3584	3072	2	234	2	0.00000
3584	3072	2	310	0	0.00000
3584	3072	2	338	56	0.00000
3584	3072	2	314	112	0.00000
3584	3072	1	402	130	3.23022
3584	3072	1	480	110	0.72664
3584	3072	1	464	46	0.19263
3584	3072	1	124	240	2.13153
3072	3072	1	374	318	2.24674
3072	3072	1	198	438	4.56714
3072	3072	1	154	374	1.54104
3072	3072	2	34	386	0.00000
3072	3072	1	98	296	0.12899
3072	3072	1	204	232	0.32889
3072	3072	1	260	276	3.48265
3072	3072	1	282	156	5.90136
3072	3072	1	402	202	5.31409
3072	3072	2	438	254	0.00000
3072	3072	1	494	188	5.82694
3584	3072	1	84	172	1.96626
3584	3072	1	50	0	1.57779
3072	3072	2	380	26	0.00000
3072	3072	1	372	80	4.70798
3072	3072	1	20	142	5.79528
3072	3072	1	102	32	3.39622
3072	3072	1	210	64	3.46817
3584	3072	1	512	456	4.86756
3072	3072	1	0	10	2.21995
3072	3584	2	110	358	0.00000
3072	3584	2	124	154	0.00000
2048	3072	1	244	114	4.62483
2048	3072	1	480	78	0.40489
2560	3072	1	246	48	5.23382
2560	3072	1	406	86	5.03938
2560	3072	1	368	160	5.62097
2560	3072	2	340	248	0.00000
2560	3072	2	226	116	0.00000
2560	3072	2	144	84	0.00000
2048	3072	2	142	106	0.00000
2048	3072	2	70	30	0.00000
2048	3072	2	468	284	0.00000
2048	3072	2	220	278	0.00000
2048	3072	2	302	432	0.00000
2048	3072	2	162	476	0.00000
2048	3584	2	190	270	0.00000
2048	3584	2	134	296	0.00000
2560	3584	2	274	366	0.00000
2560	3584	2	212	362	0.00000
2560	3072	2	102	434	0.00000
2048	3072	1	378	132	5.67143
2560	3072	1	40	138	3.11424
2560	3072	2	100	238	0.00000
2560	3072	1	168	176	1.58947
2560	3072	1	202	288	0.00000
2560	3072	1	156	354	6.07569
2048	3072	1	496	202	3.31787
2048	3072	1	372	232	4.42433
2048	3072	1	170	230	0.00000
2048	3072	1	62	218	0.00000
2048	3072	1	360	342	0.00000
2560	3072	1	44	324	4.62728
2560	3072	1	4	394	1.95356
2048	3072	1	184	382	1.46334
2048	3584	1	160	72	0.68148
2048	3072	1	252	476	6.15037
2048	3072	1	380	512	0.32327
2048	3584	1	452	38	3.59044
2048	3584	1	500	102	0.21644
2560	3584	1	78	92	5.88915
2560	3584	1	144	26	5.50052
2560	3072	1	434	354	0.00000
2560	3072	1	338	414	5.63968
2560	3584	1	292	8	3.88507
2560	3072	2	230	490	0.00000
2048	3072	2	56	482	0.00000
2048	3584	1	298	106	4.08259
2048	3584	1	176	174	1.65762
2048	3584	1	438	194	6.11652
2048	3584	2	292	208	0.00000
2048	3584	1	392	264	5.78691
2560	3584	1	20	208	0.30462
2560	3584	1	140	178	1.25416
2560	3584	1	242	184	0.32404
2560	3584	1	412	58	1.02456
2560	3584	1	448	128	1.23970
2560	3584	1	404	260	0.41822
2560	3584	1	172	288	5.98923
2560	3584	1	48	314	4.49698
2048	3584	1	438	370	0.16612
2560	3584	1	22	422	4.63481
2048	3584	1	338	316	5.86548
2048	3584	1	266	296	5.96143
2048	3584	1	218	366	5.36109
2048	3584	1	168	436	5.81102
2048	3584	1	100	454	5.68566
2048	3584	1	342	468	0.00000
2560	3584	1	184	480	5.92621
2560	3584	1	364	392	5.43506
2560	3584	1	506	372	3.16790
