1024	2048	1	44	106	0.00000
1024	2048	1	240	376	0.29389
1024	2048	1	104	240	0.73036
1024	2048	2	192	102	0.00000
1024	2048	1	300	54	4.23632
1024	2048	1	492	212	3.59766
1536	2048	1	102	140	0.00000
1536	2048	2	222	162	0.00000
1536	2048	1	344	116	0.00000
1536	2048	1	324	234	5.34368
1536	2048	1	470	132	4.83261
1536	2048	1	474	232	5.23995
1536	2048	1	280	294	5.56611
1536	2048	1	46	302	3.46334
1536	2048	1	124	304	3.40615
1536	2048	1	236	378	2.03444
1024	2048	1	446	426	3.46795
1536	2048	1	138	470	2.28963
1024	2560	1	318	32	1.24286
1024	2560	1	452	84	1.57472
1536	2048	1	30	468	1.70162
1536	2560	1	94	72	0.00000
1536	2560	1	306	122	0.00000
1536	2560	1	398	14	0.00000
1536	2048	1	412	360	0.73270
1536	2560	1	210	66	0.71802
1536	2048	1	496	452	5.40609
1024	2560	1	90	116	3.21536
1536	2560	1	30	188	1.67024
1024	2560	1	176	208	4.88377
1024	2560	2	188	294	0.00000
1024	2560	1	68	244	5.70150
1024	2560	1	362	328	0.36769
1024	2560	1	476	306	2.01720
1536	2560	1	216	240	0.00000
1536	2560	1	324	266	5.57456
1536	2560	1	454	146	4.13188
1536	2560	2	462	258	0.00000
1536	2560	1	402	328	2.84748
1536	2560	1	168	376	2.94593
1536	2560	1	68	430	5.17054
1024	2560	1	210	480	4.19026
1024	2560	1	138	358	3.08609
1024	2560	1	446	458	2.66784
1536	2560	1	378	418	2.02708
1536	2048	2	492	62	0.00000
1024	3072	1	224	364	0.49569
1024	3072	1	78	426	6.09548
1024	3072	1	242	200	0.25639
1024	3072	1	308	260	0.00000
1024	3584	1	392	20	2.74875
1024	3584	1	362	132	1.65685
1024	3584	1	256	64	0.70381
1024	3584	1	72	86	1.09493
1536	3584	1	90	120	0.00000
1536	3584	1	292	440	0.00000
1024	3072	1	486	424	5.61989
1536	3072	1	206	386	1.02238
1536	3072	1	34	308	3.05445
1536	3072	1	148	292	3.53311
1536	3072	1	322	438	6.18629
1536	3584	1	248	18	3.05604
1024	3072	1	460	196	2.94965
1024	3072	1	150	184	0.43932
1024	3072	1	118	308	2.86126
1536	3072	1	30	138	0.18533
1024	3072	1	282	82	5.61445
1024	3072	1	340	10	1.06103
1024	3072	1	148	72	1.20117
1536	3072	1	394	332	5.21306
1536	3072	1	238	136	4.08088
1024	3584	1	310	234	5.93013
1024	3584	1	474	60	3.42561
1024	3072	1	78	40	3.82065
1536	3072	1	90	50	0.54367
1536	3072	1	222	30	2.19236
1536	3072	1	126	152	3.87833
1536	3072	1	340	30	2.21895
1536	3072	1	512	34	0.00000
1536	3072	1	270	200	4.41473
1024	3072	1	2	462	5.69196
1024	3072	2	352	346	0.00000
1024	3584	2	170	24	0.00000
1024	3072	2	476	40	0.00000
1536	3072	1	126	506	5.26080
1536	3072	1	484	498	2.60555
1536	3584	1	32	214	3.08550
1536	3072	2	48	480	0.00000
1536	3584	1	420	38	1.89916
1024	3584	1	86	398	1.16861
1024	3584	1	488	458	0.83606
1024	3584	1	398	364	1.63592
1024	3584	1	66	304	3.74981
1024	3584	1	42	198	4.18702
1024	3584	1	258	386	0.57137
1024	3584	1	24	508	5.06591
1536	3584	1	294	232	0.48134
1536	3584	1	154	276	1.59352
1536	3584	1	214	136	2.38321
1536	3584	2	482	106	0.00000
1536	3584	1	360	118	4.76202
1536	3584	1	512	144	0.67474
1024	3072	1	32	4	0.56021
1536	3584	1	174	374	1.73616
1536	3584	1	366	312	5.48969
1536	3584	1	12	332	1.91140
1536	3584	1	38	490	0.67211
1536	3584	1	352	516	4.01587
1536	3584	1	462	516	0.53922
1536	3584	1	186	464	0.76826
1536	3584	2	94	44	0.00000
1024	3072	2	376	182	0.00000
1536	3072	2	382	460	0.00000
1024	3072	1	12	162	5.73600
1024	3072	2	26	378	0.00000
2048	2560	1	110	74	2.29238
2048	2048	1	10	468	5.25362
2048	2560	1	306	96	0.70288
2560	2560	1	410	28	3.81294
2048	2048	1	184	398	3.21179
2560	2560	1	214	28	3.56445
2048	2560	1	372	108	0.47080
2560	2560	1	146	174	4.04500
2048	2560	1	268	390	0.33810
2560	2560	1	394	440	4.97068
2560	2560	1	2	250	1.47467
2560	2560	1	38	324	4.56727
2560	2560	1	74	28	0.99694
2048	2560	1	348	346	2.01626
2048	2560	1	76	508	3.49458
2048	2560	1	440	276	0.00000
2560	2560	1	228	204	0.36662
2048	2560	1	458	442	1.19841
2560	2560	1	154	286	5.73597
2560	2560	1	186	504	5.67764
2048	2048	1	0	246	5.10133
2048	2560	1	202	8	5.01738
2048	2560	1	172	338	1.91114
2048	2048	1	116	456	3.72186
2048	2560	1	64	372	4.65964
2560	2560	1	84	428	6.09909
2048	2560	1	464	118	3.97068
2560	2048	1	4	448	3.95331
2048	2560	1	320	512	4.25825
2560	2560	1	412	376	5.12155
2048	2048	1	38	396	1.28636
2048	2048	1	368	476	5.52290
2560	2560	1	264	364	0.10674
2048	2048	1	302	318	6.11245
2560	2560	1	356	224	0.00000
2048	2560	1	162	502	0.65313
2048	2560	1	0	282	1.30583
2048	2048	1	94	244	0.00000
2048	2560	1	2	462	1.10016
2560	2560	1	512	232	4.84322
2048	2560	1	64	198	4.86899
2560	2560	2	308	488	0.00000
2560	2560	2	20	482	0.00000
2048	2560	2	476	490	0.00000
2048	2560	2	318	416	0.00000
2048	2560	2	192	412	0.00000
2048	2560	2	228	154	0.00000
2048	2560	2	170	146	0.00000
2048	2560	2	320	204	0.00000
2048	2560	2	418	42	0.00000
2560	2560	2	18	168	0.00000
2560	2560	1	292	96	4.62704
2560	2560	1	456	118	4.45624
2560	2560	2	288	6	0.00000
2048	2048	1	352	242	0.00000
2560	2048	1	246	358	0.73782
2560	2048	1	126	370	4.46322
2560	2048	2	294	404	0.00000
2560	2048	1	448	350	1.43335
2560	2048	1	512	246	0.00000
2560	2048	1	360	264	3.19687
2560	2048	1	134	256	5.89507
2560	2048	1	4	218	0.96826
2048	2048	1	0	126	4.85204
2048	2048	1	0	16	5.34219
2048	2048	1	174	90	3.29339
2048	2048	1	290	138	0.72420
2048	2048	1	406	194	2.96011
2048	2048	1	360	56	5.00874
2048	2048	2	488	72	0.00000
2560	2048	1	70	134	3.27369
2560	2048	1	200	126	0.00000
2560	2048	1	306	92	0.00000
2560	2048	1	364	2	0.00000
2560	2048	1	436	56	0.00000
2560	2048	1	182	16	3.32470
2560	2560	2	512	12	0.00000
3072	2048	1	466	312	5.30539
3072	2560	2	436	128	0.00000
3072	2560	2	318	24	0.00000
3072	2560	2	456	184	0.00000
3584	2560	2	354	136	0.00000
3072	2560	2	174	422	0.00000
3072	2560	2	30	108	0.00000
3584	2560	2	344	456	0.00000
3072	2560	2	160	74	0.00000
3072	2048	1	74	392	0.60896
3072	2560	2	28	12	0.00000
3072	2048	1	148	248	6.21305
3072	2048	1	246	446	2.14326
3072	2048	1	232	298	3.38959
3072	2048	1	50	218	0.00000
3584	2048	1	74	414	4.12439
3072	2048	1	386	424	3.50645
3584	2048	1	294	280	5.04663
3584	2048	1	166	132	0.00000
3584	2560	1	300	48	4.35503
3584	2048	1	384	468	2.79425
3584	2048	1	466	434	2.64794
3584	2560	1	16	86	1.67067
3584	2560	1	160	104	3.28867
3072	2560	1	156	164	1.10169
3072	2048	1	108	504	3.97420
3072	2560	1	270	172	2.72574
3072	2560	1	274	70	5.24724
3072	2048	1	312	350	3.62472
3584	2048	1	382	226	5.25281
3584	2048	1	2	122	6.23272
3584	2560	1	54	234	5.77609
3584	2048	1	260	96	3.78806
3072	2048	1	330	246	2.25948
3072	2048	1	360	172	2.16311
3072	2048	1	106	100	3.04338
3072	2048	2	38	64	0.00000
3072	2048	1	228	134	3.92868
3072	2048	1	420	140	5.44976
3072	2048	1	380	54	4.24874
3072	2560	1	472	16	3.81085
3072	2560	1	368	98	0.00000
3584	2048	1	470	70	6.19828
3584	2048	1	400	106	0.00000
3584	2048	1	102	72	1.46739
3584	2048	2	218	36	0.00000
3584	2560	1	104	2	4.22894
3584	2560	1	438	80	3.84385
3072	2048	1	204	60	4.37947
3072	2560	1	78	240	5.26200
3072	2560	1	254	310	3.04643
3072	2560	1	382	456	0.00000
3072	2560	1	348	238	2.84407
3072	2560	1	458	266	4.00045
3584	2560	1	18	342	1.42437
3072	2560	1	480	462	2.72442
3584	2560	1	228	428	2.66991
3072	2560	2	36	476	0.00000
3584	2560	1	62	448	0.00000
3584	2560	1	168	350	0.81202
3584	2560	1	264	130	5.76438
3584	2560	1	268	384	2.90692
3584	2560	1	368	348	2.45577
3584	2560	1	472	402	5.99098
3584	2560	1	138	194	2.51814
3584	2560	1	244	248	2.68344
3584	2560	1	358	226	5.77842
3584	2560	1	164	460	2.39415
3584	2560	1	416	462	3.06298
3584	2560	1	466	232	3.21085
3584	2560	2	312	498	0.00000
3072	3584	1	70	346	1.30162
3584	3584	1	446	342	4.89774
3072	3584	1	346	330	5.79029
3584	3584	1	288	512	5.70888
3584	3584	1	326	444	5.20430
3072	3584	1	22	460	2.78613
3072	3584	1	264	482	4.75781
3072	3584	1	124	460	1.30868
3072	3584	1	496	446	5.83708
3584	3584	1	80	436	5.80367
3584	3584	1	168	434	0.64350
3584	3584	1	452	442	0.61321
3072	3584	1	436	344	0.25189
3072	3584	1	178	388	1.69425
3584	3584	1	32	218	0.00000
3584	3584	1	102	214	3.48212
3072	3584	1	50	290	1.56539
3584	3584	1	254	224	5.52873
3584	3584	1	464	136	0.14744
3584	3584	1	288	132	5.34545
3072	3584	1	372	254	4.93919
3072	3584	1	198	174	0.42414
3072	3584	1	496	286	2.67461
3072	3584	1	96	210	2.45928
3584	3584	1	150	278	1.40646
3584	3584	1	248	344	1.05801
3584	3584	1	384	258	3.86698
3584	3584	1	490	254	2.10756
3072	3584	1	208	266	1.25374
3584	3584	1	486	18	1.22315
3072	3584	1	252	342	2.56252
3584	3584	1	116	340	4.75047
3072	3584	1	450	132	4.58946
3072	3072	1	510	466	1.65192
3584	3072	1	114	500	1.51903
3072	3584	1	236	30	5.53636
3584	3072	1	206	450	1.95130
3072	3584	1	362	16	4.20929
3584	3584	1	262	38	2.41877
3072	3584	1	326	174	5.35454
3584	3584	1	132	70	4.98610
3584	3584	1	338	22	2.79659
3584	3584	1	20	78	5.43918
3072	3584	1	108	22	1.97929
3072	3584	1	126	100	1.32358
3584	3072	1	380	392	4.88968
3072	3584	1	34	90	4.36207
3072	3072	1	396	422	1.18307
3584	3072	1	78	380	3.22621
3072	3072	1	390	298	5.75475
3072	3072	1	192	330	5.43432
3584	3072	1	266	296	0.77047
3584	3072	1	28	354	3.54229
3584	3072	1	196	376	1.44833
3072	3072	1	136	420	2.50528
3072	3072	1	192	236	2.45138
3072	3072	1	388	140	0.00000
3584	3072	1	428	230	6.03029
3072	3072	1	316	334	5.56564
3584	3072	1	180	266	1.62384
3072	3072	1	54	264	2.65127
3072	3072	1	464	264	2.75099
3072	3072	1	40	398	0.54919
3072	3072	2	244	460	0.00000
3072	3072	1	240	122	5.76695
3584	3072	1	42	144	0.35903
3072	3072	1	484	134	3.19903
3072	3072	1	374	86	1.13207
3584	3072	1	98	58	2.51816
3584	3072	1	224	48	4.26180
3584	3072	1	320	206	5.27099
3584	3072	1	356	48	5.79890
3584	3072	1	436	46	0.34644
3072	3072	1	106	68	0.00000
3584	3072	1	172	168	3.28349
3584	3072	2	260	122	0.00000
3584	3072	2	346	140	0.00000
3072	3072	1	56	42	2.75695
3072	3072	2	384	26	0.00000
3584	3072	2	364	324	0.00000
2560	3584	1	321	395	0.02254
2560	3584	1	512	452	2.51899
2560	3584	1	86	417	0.28082
2560	3584	1	15	403	0.00000
2048	3584	1	464	399	0.42157
2048	3584	1	458	317	0.79769
2048	3584	1	48	398	0.11025
2048	3584	1	326	344	0.30634
2560	3584	1	56	100	1.29924
2560	3584	1	366	219	6.26157
2560	3584	1	421	313	3.89802
2560	3584	1	400	115	2.56912
2560	3584	1	262	447	2.11390
2560	3584	1	175	301	3.52729
2560	3584	1	100	236	3.71883
2048	3584	1	399	177	3.51914
2048	3584	1	437	249	3.99285
2048	3584	1	325	183	3.64076
2048	3584	1	244	146	5.54296
2048	3584	2	176	283	0.00000
2048	3584	1	245	282	6.04149
2048	3584	2	109	211	0.00000
2048	3584	2	47	131	0.00000
2048	3072	2	157	489	0.00000
2048	3072	1	50	500	5.70094
2048	3584	1	392	479	5.63633
2048	3584	1	241	465	2.93918
2048	3584	1	306	471	0.00000
2048	3584	1	464	34	0.00000
2560	3584	1	180	474	5.60410
2560	3584	1	264	322	3.80565
2560	3584	1	512	215	1.58360
2560	3584	1	416	410	0.83825
2560	3584	1	248	197	1.73441
2560	3584	1	226	130	1.37961
2560	3584	1	508	296	1.39858
2048	3584	1	216	20	5.34529
2560	3072	1	286	492	0.11539
2560	3072	1	354	470	6.24554
2560	3584	1	176	29	5.80106
2560	3072	2	211	475	0.00000
2560	3072	2	97	439	0.00000
2560	3072	1	144	323	0.00000
2560	3072	1	42	346	1.51549
2048	3072	1	441	438	5.93527
2048	3584	1	352	1	0.36547
2048	3072	1	265	403	3.81242
2048	3072	1	140	355	0.32178
2048	3072	1	74	262	1.85773
2048	3072	1	178	188	3.66615
2048	3072	1	138	122	0.61049
2048	3072	1	298	231	2.18582
2048	3072	2	218	275	0.00000
2048	3072	2	283	292	0.00000
2048	3072	2	31	369	0.00000
2560	3072	2	97	235	0.00000
2560	3072	2	222	132	0.00000
2560	3072	2	140	75	0.00000
2560	3072	1	307	374	1.16951
2560	3072	1	450	417	3.36320
2560	3072	1	428	289	4.30178
2560	3072	1	408	206	4.17557
2560	3072	1	395	128	0.96117
2560	3072	1	357	54	4.26964
2560	3072	1	491	60	5.57172
2560	3072	1	28	94	0.96944
2048	3072	1	450	52	1.12486
2048	3072	1	307	42	4.37304
2048	3072	1	469	298	4.21714
2048	3072	1	361	357	0.00000
2048	3072	1	434	236	4.41006
2048	3072	1	378	144	5.60792
2048	3072	1	144	23	0.91636
2048	3072	1	18	7	0.00000
2560	3072	1	209	3	6.04376
2560	3072	1	67	161	4.55261
2048	3072	2	207	431	0.00000
