1024	2048	1	130	64	0.00000
1024	2048	1	214	48	0.33127
1024	2048	1	342	4	0.00000
1536	2048	1	12	0	0.00000
1536	2048	1	258	6	5.16010
1536	2048	1	362	2	5.59074
1024	2048	1	224	144	1.19865
1024	2048	1	366	172	3.08785
1536	2048	1	132	158	0.55576
1536	2048	1	222	130	0.00000
1536	2048	1	254	70	5.37488
1536	2048	1	470	152	0.68739
1536	2048	2	486	56	0.00000
1024	2048	1	200	258	1.65962
1024	2048	1	494	278	5.75511
1024	2048	1	218	364	0.40069
1024	2048	1	422	400	4.43798
1536	2048	1	86	396	1.02109
1536	2048	1	224	270	3.65282
1536	2048	1	326	336	3.07579
1536	2048	1	236	358	4.12119
1536	2048	1	464	364	3.07110
1536	2048	1	396	420	5.91913
1536	2560	1	10	8	6.00256
1536	2048	1	228	506	0.51862
1536	2560	1	372	90	2.72043
1536	2048	1	512	424	3.74714
1024	2560	1	312	10	1.31306
1024	2560	1	386	100	3.62157
1024	2560	1	298	110	0.56349
1536	2560	1	88	114	3.79585
1024	2560	1	512	106	1.91025
1536	2560	1	258	108	0.37787
1536	2560	1	478	112	0.85560
1024	2560	1	70	156	1.85459
1024	2560	1	412	204	1.17846
1536	2560	1	124	208	1.10715
1536	2560	1	304	248	5.48407
1536	2560	1	416	218	1.80417
1536	2560	1	458	308	4.63706
1024	2560	1	114	288	3.59023
1024	2560	1	242	300	6.15883
1024	2560	1	324	352	3.27030
1536	2560	1	40	336	2.53813
1024	2560	1	60	446	0.14549
1024	2560	1	160	454	3.57799
1024	2560	1	488	376	5.92262
1536	2560	1	152	330	0.49236
1536	2560	1	322	376	2.35894
1536	2560	1	402	394	5.48613
1536	2560	2	484	408	0.00000
1536	2560	1	232	452	0.50082
1536	2560	1	60	480	0.58800
1024	2560	1	432	472	3.98575
1024	2560	1	242	510	1.44903
1536	2560	1	496	492	1.53464
1536	2560	1	324	512	4.97844
1024	2560	2	356	504	0.00000
1024	2560	2	350	446	0.00000
1536	2560	1	512	30	1.30420
1536	3584	1	406	362	6.21043
1536	3584	1	92	360	1.02393
1024	3584	1	118	306	5.91798
1536	3584	1	76	484	0.38577
1536	3584	1	492	416	0.00000
1024	3584	1	322	290	0.26625
1024	3584	1	414	352	6.04944
1536	3584	1	178	470	0.00000
1024	3584	1	94	462	5.86431
1536	3584	1	330	510	5.85078
1536	3584	1	218	342	1.11967
1536	3584	1	484	274	0.79655
1024	3584	1	506	240	5.34133
1536	3584	1	78	218	0.63395
1536	3584	1	216	216	1.25228
1536	3584	1	370	262	1.43770
1536	3584	1	216	120	1.99343
1024	3584	1	478	106	2.10983
1536	3584	1	376	174	1.92524
1024	3584	1	376	130	2.40506
1024	3584	2	28	512	0.00000
1536	3584	2	512	516	0.00000
1536	3584	2	512	96	0.00000
1536	3584	2	476	98	0.00000
1536	3584	2	420	118	0.00000
1024	3584	1	58	144	5.37472
1024	3584	1	130	102	4.79243
1536	3072	1	264	480	0.16120
1024	3584	1	88	4	0.45592
1024	3072	1	30	430	6.04634
1024	3584	1	402	22	1.57080
1024	3072	1	228	484	1.00041
1536	3072	1	94	506	3.37945
1536	3072	1	16	446	0.61073
1024	3072	1	442	368	1.00861
1536	3072	1	26	328	0.71919
1024	3072	1	116	348	2.29039
1024	3072	1	242	348	5.51778
1024	3072	1	272	294	5.41749
1024	3072	1	294	218	5.35452
1024	3072	1	314	152	5.38505
1536	3072	1	380	442	0.00000
1536	3072	1	426	358	5.76404
1536	3072	1	512	366	0.00000
1536	3072	1	490	162	6.02418
1536	3072	1	422	68	0.89606
1536	3072	1	352	316	0.34877
1536	3072	1	290	264	0.61625
1536	3072	1	206	226	4.74571
1536	3072	1	196	306	5.62476
1536	3072	1	152	386	2.48590
1536	3072	1	28	178	0.96960
1536	3072	1	236	66	1.98530
1024	3072	1	424	112	1.39558
1024	3072	1	98	182	3.11442
1024	3072	1	20	230	2.91195
1024	3072	1	164	246	0.28217
1024	3072	1	166	98	2.39493
1024	3072	2	352	24	0.00000
1536	3072	2	16	22	0.00000
1024	3072	2	426	22	0.00000
1024	3072	2	16	108	0.00000
1024	3072	1	16	34	1.93372
1024	3072	1	240	6	1.05457
1024	3584	1	10	246	0.00000
2048	2048	1	76	16	5.67043
2048	2048	1	162	54	3.00433
2048	2048	1	46	128	3.18634
2048	2048	1	56	302	5.92725
2048	2048	1	256	282	5.95391
2048	2048	1	136	216	0.33929
2048	2048	1	402	88	5.20227
2560	2048	1	14	92	5.52201
2048	2048	2	408	24	0.00000
2048	2048	1	486	206	0.90037
2560	2048	1	202	180	6.09121
2560	2048	1	142	170	1.53575
2560	2048	1	98	58	3.82833
2560	2048	1	212	64	3.16532
2560	2048	1	306	60	0.00000
2560	2048	1	366	66	0.00000
2560	2048	1	438	62	6.02687
2560	2048	1	318	228	3.71505
2560	2048	1	490	122	3.68924
2560	2048	1	494	204	0.64646
2560	2048	1	78	258	4.21742
2560	2048	1	64	390	2.87691
2048	2048	1	124	358	3.63777
2048	2048	1	6	426	3.67296
2048	2048	1	204	404	1.10441
2048	2048	1	362	392	4.57438
2048	2048	2	254	444	0.00000
2048	2048	2	276	506	0.00000
2048	2048	2	218	508	0.00000
2048	2048	1	90	466	1.75791
2048	2560	1	56	26	4.70162
2048	2560	1	316	10	3.60349
2560	2048	1	232	378	3.21405
2560	2048	2	292	398	0.00000
2560	2048	1	362	446	2.98537
2560	2048	1	418	506	3.37764
2560	2048	1	512	308	0.92155
2048	2560	2	368	84	0.00000
2048	2560	2	406	50	0.00000
2048	2048	1	510	490	3.62552
2560	2048	1	176	502	2.06521
2560	2560	1	126	110	0.03515
2560	2560	1	40	54	4.18453
2560	2560	1	228	84	0.94824
2560	2560	1	376	102	5.35069
2560	2560	1	302	12	1.16331
2560	2560	1	496	80	4.97990
2560	2560	1	484	206	0.10525
2560	2560	1	302	192	5.93758
2560	2560	1	388	202	2.60653
2560	2560	2	22	160	0.00000
2048	2560	1	394	166	4.61344
2048	2560	2	224	156	0.00000
2048	2560	2	164	154	0.00000
2048	2560	1	66	132	3.84555
2048	2560	1	126	148	3.60029
2048	2560	1	234	90	5.42318
2048	2560	1	116	250	1.66050
2048	2560	2	20	282	0.00000
2048	2560	2	6	144	0.00000
2048	2560	2	308	214	0.00000
2048	2560	1	406	216	1.04987
2560	2560	1	4	274	3.63500
2048	2560	2	436	314	0.00000
2048	2560	2	160	360	0.00000
2048	2560	2	196	412	0.00000
2048	2560	2	470	478	0.00000
2560	2560	2	466	324	0.00000
2048	2560	1	48	384	5.53262
2048	2560	1	266	388	3.12123
2048	2560	1	140	476	0.00000
2048	2560	2	72	502	0.00000
2048	2560	1	0	478	1.55476
2560	2560	1	94	276	3.90062
2560	2560	1	204	266	3.61341
2560	2560	1	214	378	4.47404
2560	2560	1	354	336	5.40096
2560	2560	1	480	464	5.55216
2560	2560	1	322	450	1.73470
2560	2560	1	134	436	5.66158
2560	2560	1	26	420	5.51800
2048	2560	1	350	492	3.25737
2048	2560	2	280	468	0.00000
2560	2560	2	16	490	0.00000
3072	2048	1	344	2	5.74539
3072	2048	1	88	42	0.21915
3072	2048	1	14	46	0.00000
3072	2048	1	190	22	2.11157
3072	2048	1	242	106	5.09313
3072	2048	1	406	140	2.25590
3584	2048	1	14	86	3.98382
3584	2048	1	156	126	0.00000
3584	2048	1	266	94	3.77990
3584	2048	1	232	0	0.00000
3072	2048	1	10	192	0.64073
3072	2048	1	118	220	0.00000
3072	2048	1	244	192	1.68826
3072	2048	1	390	224	4.99664
3584	2048	1	388	104	0.00000
3584	2048	1	468	58	0.00000
3584	2048	1	386	222	5.62887
3584	2048	1	256	244	4.68349
3584	2048	1	18	196	4.10757
3072	2048	1	18	306	0.85860
3072	2048	1	174	368	5.56307
3072	2048	1	236	322	2.58132
3072	2048	1	294	278	2.73151
3072	2048	1	380	322	3.44052
3072	2048	1	500	284	1.44961
3584	2048	1	156	334	3.54388
3584	2048	1	282	342	4.89680
3584	2048	1	190	430	0.00000
3584	2048	1	56	372	0.56392
3584	2048	2	106	388	0.00000
3584	2048	2	212	352	0.00000
3072	2048	1	126	462	1.33367
3072	2048	1	300	458	3.82503
3072	2048	1	444	442	2.71566
3072	2560	1	238	40	2.51896
3072	2560	2	164	84	0.00000
3072	2560	2	464	188	0.00000
3584	2048	1	512	90	0.00000
3584	2048	1	464	466	2.27854
3584	2048	1	370	466	3.00267
3584	2048	1	268	468	4.16402
3584	2048	1	112	488	6.15411
3584	2560	1	66	46	2.01417
3072	2560	1	492	86	1.27241
3072	2560	1	362	48	1.03158
3072	2560	1	12	92	5.34830
3072	2560	1	354	150	1.07770
3072	2560	1	176	182	0.62851
3072	2560	1	84	242	3.23956
3584	2560	1	212	68	1.84951
3584	2560	1	452	98	6.21816
3584	2560	1	334	62	5.51366
3584	2560	1	512	150	3.15802
3072	2560	1	172	348	3.34903
3072	2560	1	262	298	0.05788
3072	2560	1	350	278	3.47109
3072	2560	1	404	322	3.55074
3584	2560	1	22	258	1.87841
3584	2560	1	336	160	4.92158
3072	2560	1	96	512	3.07757
3072	2560	1	258	448	1.16295
3072	2560	1	372	490	0.00000
3584	2560	1	44	502	2.82334
3072	2560	1	472	392	0.69442
3584	2560	1	76	364	1.20633
3584	2560	1	512	354	1.31435
3584	2560	1	454	262	3.45472
3584	2560	1	182	492	2.98703
3584	2560	1	260	508	2.58343
3584	2560	1	416	416	5.53875
3584	2560	1	300	456	5.73026
3584	2560	1	146	256	1.76400
3584	2560	1	272	258	3.78158
3584	2560	1	352	276	3.41333
3584	2560	1	166	392	1.17149
3584	2560	1	294	370	1.77405
3584	2560	2	348	450	0.00000
3072	2560	2	10	14	0.00000
3584	2560	2	466	512	0.00000
3584	2560	1	208	162	3.06613
3584	3072	1	188	206	4.65163
3072	3072	1	384	324	2.25250
3072	3072	1	284	182	5.39600
3072	3072	1	202	72	4.09344
3072	3072	1	104	48	3.08571
3072	3072	1	40	140	5.51323
3072	3072	1	170	226	5.77944
3072	3072	1	90	312	0.55414
3072	3072	1	274	318	2.92349
3072	3072	2	430	262	0.00000
3072	3072	1	174	378	2.05339
3072	3072	1	100	460	4.72703
3072	3072	1	338	90	4.72458
3072	3072	1	474	136	0.18221
3072	3072	2	376	22	0.00000
3584	3072	1	106	146	1.11917
3584	3072	2	214	54	0.00000
3584	3072	2	244	110	0.00000
3584	3072	1	80	246	2.07458
3584	3072	1	430	236	5.14890
3584	3072	1	332	188	3.84677
3584	3072	1	432	144	1.25300
3584	3072	2	338	54	0.00000
3584	3072	1	456	50	0.45617
3584	3072	2	376	110	0.00000
3584	3072	2	70	34	0.00000
3072	3072	1	292	498	5.01518
3072	3584	1	26	38	3.50169
3072	3584	1	222	32	2.31033
3072	3584	1	124	48	2.12132
3072	3584	1	18	204	0.59529
3072	3584	1	182	122	4.82358
3072	3072	1	474	404	4.30651
3584	3584	1	116	14	3.18431
3072	3584	1	504	4	2.06682
3072	3584	1	486	98	2.73971
3072	3584	1	348	88	3.99424
3584	3072	1	186	350	1.40565
3584	3072	1	336	296	1.04914
3584	3072	1	490	336	2.70809
3584	3072	1	418	344	2.90674
3584	3072	2	246	266	0.00000
3584	3072	2	508	188	0.00000
3584	3072	1	284	394	4.29763
3584	3072	1	380	402	2.54340
3584	3072	1	294	456	4.39465
3584	3584	1	264	16	2.34489
3584	3584	1	484	36	3.19162
3584	3584	1	420	24	0.24679
3584	3584	1	364	24	0.24588
3584	3584	1	404	122	1.76009
3584	3584	1	512	174	1.79628
3072	3072	2	34	386	0.00000
3584	3584	1	258	146	1.31490
3584	3584	1	116	156	1.80941
3072	3584	1	178	196	1.33156
3072	3584	1	434	176	5.76175
3072	3584	1	334	194	0.62093
3072	3584	1	192	300	3.56895
3072	3584	1	48	290	5.17394
3072	3584	1	318	306	5.47454
3072	3072	1	382	190	5.53653
3072	3584	1	510	268	0.99649
3072	3584	1	394	308	0.00000
3584	3584	1	228	284	5.81954
3584	3584	1	346	306	5.63048
3584	3584	1	454	248	0.00000
3584	3584	1	110	308	5.86177
3072	3584	1	66	500	1.39540
3072	3584	1	350	478	0.70226
3584	3584	1	36	368	0.28054
3072	3584	1	440	402	1.10912
3072	3584	1	462	496	0.30198
3584	3584	1	16	478	5.73464
3584	3584	1	166	412	5.84983
3584	3584	1	254	370	5.31036
3584	3584	1	356	436	1.08049
3584	3584	1	236	476	3.50877
3584	3584	1	384	242	5.62749
3584	3584	1	512	378	1.95130
3584	3584	1	466	476	3.93774
3584	3584	1	398	486	3.66074
3072	3584	1	210	506	1.75065
2560	3072	1	442	86	0.00000
2560	3072	1	362	128	5.99713
2560	3072	2	346	242	0.00000
2560	3072	1	426	376	6.02800
2560	3072	1	344	420	5.74653
2560	3072	1	296	508	4.08928
2560	3584	1	434	26	1.18462
2560	3584	1	512	46	3.09840
2560	3584	1	452	130	1.94523
2560	3584	1	512	220	0.65349
2560	3584	1	408	258	0.52102
2560	3584	1	512	388	2.96573
2560	3584	1	208	512	5.83133
2560	3584	1	30	512	0.66433
2048	3584	1	346	468	0.00000
2560	3584	1	362	386	5.42512
2048	3584	1	210	462	5.67670
2048	3584	1	106	436	5.65439
2048	3584	1	58	508	0.93805
2560	3584	1	10	402	4.35753
2048	3584	1	438	396	0.47586
2048	3584	1	224	374	5.00237
2048	3584	1	324	324	6.15837
2048	3584	1	244	288	0.00000
2560	3584	1	166	312	5.98895
2560	3584	1	70	318	4.94495
2560	3584	1	270	192	0.19118
2048	3584	1	396	276	5.90976
2048	3584	1	438	212	6.10359
2560	3584	1	14	204	0.62549
2560	3584	1	124	192	0.97678
2048	3584	2	186	276	0.00000
2560	3584	2	272	352	0.00000
2560	3584	2	512	510	0.00000
2048	3584	2	20	338	0.00000
2560	3584	1	416	512	2.47071
2048	3584	1	316	188	1.84892
2048	3584	1	178	182	1.95731
2048	3584	1	58	128	2.34361
2048	3584	1	174	78	0.56705
2048	3072	2	166	476	0.00000
2048	3584	1	62	2	2.61393
2048	3584	1	278	100	4.33643
2048	3584	1	492	108	0.28702
2048	3584	1	442	52	3.64951
2560	3584	1	70	90	5.76456
2560	3584	1	140	28	5.52084
2560	3072	1	228	472	0.00000
2048	3072	1	256	488	6.18847
2048	3072	1	154	388	1.50560
2048	3072	1	10	360	0.00000
2048	3072	1	388	486	6.09140
2048	3072	1	382	364	0.48753
2560	3072	1	4	428	2.13488
2560	3072	1	218	308	0.00000
2560	3072	1	156	384	6.21654
2560	3072	1	52	322	4.18080
2560	3072	2	94	238	0.00000
2560	3072	2	128	78	0.00000
2560	3072	1	232	36	4.66637
2560	3072	1	242	176	1.92245
2560	3072	1	48	148	3.58874
2048	3072	1	496	232	2.52952
2048	3072	1	378	266	4.01854
2560	3072	1	4	80	0.96736
2048	3072	1	370	0	3.07913
2048	3072	1	292	56	2.80508
2048	3072	1	400	152	5.18701
2048	3072	1	148	0	0.00000
2048	3072	1	252	138	5.33756
2048	3072	1	182	220	0.26453
2048	3072	1	74	186	0.00000
2048	3072	2	148	122	0.00000
2048	3072	1	12	164	0.00000
2048	3072	2	312	434	0.00000
2048	3072	2	66	20	0.00000
