1024	2048	1	218	164	5.60041
1024	2048	1	42	42	6.10836
1536	2048	1	64	66	0.00000
1024	2048	1	328	216	4.35796
1024	2048	1	206	274	1.51152
1536	2048	1	180	54	3.14814
1536	2048	1	226	152	0.00000
1536	2048	1	278	82	5.81098
1536	2048	1	346	32	4.86024
1536	2048	1	162	302	4.50820
1024	2048	1	222	370	0.54679
1024	2048	1	482	310	5.96358
1536	2048	1	486	62	0.00000
1536	2048	1	406	188	1.27042
1024	2048	1	318	446	5.12090
1024	2560	1	306	14	1.26791
1024	2560	1	104	194	3.36026
1024	2560	1	226	200	2.74702
1024	2560	1	94	434	0.71654
1024	2560	1	274	348	2.67795
1024	2560	1	58	360	3.93635
1024	2560	1	266	486	5.76967
1536	2048	1	306	314	3.08019
1536	2048	1	384	346	0.00000
1536	2048	1	472	292	0.00000
1536	2048	1	122	436	1.95282
1536	2560	1	38	30	0.00000
1536	2560	1	146	20	2.16997
1536	2048	1	230	358	0.35564
1536	2560	1	286	12	1.20860
1536	2048	1	316	438	1.97805
1024	2560	1	404	210	2.17608
1536	2560	1	126	116	0.96723
1536	2560	1	246	124	1.07036
1536	2560	1	356	94	3.08089
1024	2560	1	396	358	0.83344
1024	2560	1	462	398	0.22680
1536	2560	1	42	478	0.92730
1536	2560	1	100	376	4.21357
1536	2560	1	82	246	5.98716
1536	2560	1	176	250	0.32175
1536	2560	1	226	418	5.08803
1536	2560	1	328	512	4.84494
1536	2560	1	394	402	0.00000
1536	2560	1	480	314	3.22085
1536	2560	1	366	334	0.95055
1536	2560	1	294	242	5.60699
1536	2560	1	254	298	5.57348
1536	2048	1	440	490	1.46771
1536	2560	1	488	116	3.80336
1536	2560	1	512	206	4.71239
1024	3072	1	274	4	5.66588
1024	3072	1	188	92	1.37865
1024	3072	2	142	20	0.00000
1024	3072	1	0	112	5.62599
1024	3072	1	32	258	3.40110
1024	3072	1	112	228	2.93782
1024	3072	1	190	238	0.43692
1024	3072	1	278	192	5.75553
1024	3072	1	224	322	0.59361
1024	3072	1	62	362	4.27450
1024	3072	1	64	438	0.98390
1024	3584	1	58	118	3.66317
1024	3584	1	78	6	4.32593
1024	3072	1	216	448	5.06251
1024	3072	1	492	132	0.35349
1024	3072	1	338	58	3.64225
1024	3072	2	390	88	0.00000
1024	3072	2	472	38	0.00000
1024	3072	2	386	186	0.00000
1024	3072	2	344	346	0.00000
1024	3072	2	500	296	0.00000
1536	3584	2	366	64	0.00000
1536	3584	2	400	122	0.00000
1536	3584	2	470	116	0.00000
1536	3584	2	252	272	0.00000
1536	3584	2	14	48	0.00000
1024	3584	2	174	32	0.00000
1536	3072	1	80	24	4.42534
1536	3072	1	60	120	0.50710
1536	3072	1	110	210	4.88685
1024	3072	1	428	396	0.00000
1024	3584	1	300	58	2.83354
1024	3584	1	238	148	6.10819
1024	3584	1	318	252	0.00000
1024	3584	1	396	186	0.16710
1024	3584	1	416	40	1.05824
1024	3584	1	512	128	1.93741
1536	3584	1	14	216	5.25918
1024	3584	1	426	370	0.28084
1024	3584	1	98	474	5.65663
1024	3584	1	0	474	5.77609
1024	3584	1	270	516	0.13397
1024	3584	1	360	516	0.22702
1536	3584	1	68	482	0.58629
1536	3584	1	28	336	5.76620
1536	3072	1	48	448	3.70019
1536	3072	1	122	476	3.59967
1536	3072	1	124	312	1.83422
1536	3072	1	298	90	2.35294
1536	3072	1	386	192	0.00000
1536	3072	1	260	206	0.67575
1536	3072	1	362	4	4.80103
1536	3072	1	246	366	4.63256
1536	3072	1	320	244	3.50053
1536	3072	1	456	168	2.50945
1536	3072	1	256	474	5.86458
1536	3584	1	186	2	3.10833
1536	3584	1	124	132	3.99253
1536	3584	1	254	222	4.80355
1536	3072	1	394	508	5.26792
1536	3072	1	382	360	3.09029
1536	3072	1	434	442	5.33439
1536	3072	1	462	344	2.68148
1536	3072	1	512	252	0.76592
1536	3584	1	456	256	0.00000
1536	3584	1	408	372	0.00000
1536	3584	1	350	438	6.07667
1536	3584	1	494	422	5.79323
1536	3584	1	344	170	2.19476
1536	3584	1	200	364	1.53510
1536	3584	1	330	302	3.16143
1536	3584	1	170	480	0.36006
1536	3584	1	242	516	0.00000
1536	3584	1	320	516	6.02992
2048	2560	1	248	324	0.10308
2560	2560	1	58	162	0.38913
2560	2560	1	374	488	2.22574
2560	2560	1	260	498	3.60884
2048	2560	1	478	146	3.65644
2560	2560	1	96	456	0.34464
2048	2560	1	358	308	5.61321
2048	2560	1	168	512	6.05297
2560	2560	1	184	240	5.80383
2560	2560	1	218	360	4.88624
2048	2560	1	502	326	4.11492
2048	2560	1	258	482	2.94824
2048	2560	1	312	428	6.18838
2048	2560	1	0	440	3.97116
2048	2560	1	428	512	2.56486
2560	2560	1	354	272	5.81954
2560	2560	1	252	138	2.31622
2560	2560	1	426	118	0.67052
2560	2560	1	272	268	5.91105
2048	2560	1	108	310	1.10715
2048	2560	1	24	228	4.85906
2048	2560	1	100	410	3.68454
2560	2560	1	512	156	2.89661
2560	2560	1	198	40	1.93949
2560	2560	1	492	476	2.23184
2560	2560	1	374	46	6.06482
2560	2560	1	490	390	4.86630
2560	2560	1	482	276	2.43297
2048	2048	1	6	466	2.76451
2048	2560	1	0	116	3.70634
2048	2560	1	66	122	4.07407
2048	2560	1	376	114	4.25812
2048	2048	1	82	388	4.77815
2048	2048	1	100	480	2.67678
2048	2560	1	194	58	1.97002
2560	2048	1	24	392	3.09644
2048	2048	1	512	510	4.71864
2560	2048	1	270	432	4.04642
2048	2048	1	370	430	4.77723
2560	2048	1	412	402	1.73071
2048	2560	1	314	44	3.24017
2560	2560	2	456	336	0.00000
2048	2560	2	464	474	0.00000
2560	2560	2	512	18	0.00000
2048	2560	2	200	410	0.00000
2048	2560	2	314	204	0.00000
2048	2560	2	162	354	0.00000
2048	2560	2	162	150	0.00000
2048	2560	2	232	154	0.00000
2048	2560	2	444	314	0.00000
2048	2560	2	98	512	0.00000
2560	2560	2	18	472	0.00000
2048	2048	2	204	502	0.00000
2048	2048	2	262	500	0.00000
2048	2560	2	408	48	0.00000
2560	2560	2	288	2	0.00000
2560	2048	1	492	472	4.01781
2560	2048	1	512	332	0.00000
2560	2048	1	442	274	3.11161
2560	2048	1	512	118	3.87021
2560	2048	1	418	50	6.22625
2560	2048	1	350	18	0.03998
2560	2048	2	432	16	0.00000
2560	2048	1	302	102	0.21972
2560	2048	1	242	36	4.35698
2560	2048	1	166	196	5.84800
2560	2048	1	76	214	1.36206
2560	2048	1	84	100	3.98864
2048	2048	2	494	58	0.00000
2048	2048	1	408	252	3.77095
2048	2048	1	364	126	1.14572
2048	2048	2	408	8	0.00000
2048	2048	1	234	242	0.16515
2048	2048	1	50	270	6.13808
2048	2048	1	110	208	5.61346
2048	2048	1	112	0	6.24321
2048	2048	2	108	90	0.00000
2048	2048	1	176	130	5.63513
2048	2048	1	210	36	2.57828
2048	2048	2	12	0	0.00000
3072	2560	1	340	338	4.39599
3584	2560	1	446	370	3.00295
3584	2560	1	512	320	5.81675
3584	2560	1	496	496	1.82911
3584	2560	1	382	370	0.00000
3584	2560	1	298	426	0.00000
3584	2560	1	82	446	1.83705
3584	2560	1	240	504	5.96988
3584	2560	1	162	382	1.28854
3584	2560	1	92	512	1.43236
3584	2560	1	174	296	4.35794
3584	2560	1	314	238	1.60537
3584	2560	1	150	216	4.58419
3584	2560	1	298	296	1.59977
3584	2560	1	372	162	2.60927
3584	2560	1	418	102	5.84153
3584	2560	1	494	164	3.25647
3072	2560	1	458	484	2.90916
3072	2560	1	382	482	0.00000
3072	2560	1	180	498	1.52321
3072	2560	1	194	378	2.95963
3072	2560	1	94	292	2.47260
3072	2560	1	20	158	3.10214
3072	2560	1	386	390	1.24905
3072	2560	1	102	142	3.28998
3072	2560	1	190	176	3.07240
3072	2560	1	24	396	5.02896
3072	2560	1	254	272	1.67387
3584	2048	1	262	86	3.62992
3584	2560	1	24	188	6.04317
3584	2048	1	200	454	6.12154
3072	2560	1	400	254	1.59405
3584	2560	1	4	346	0.00000
3072	2560	1	438	30	5.92236
3584	2560	1	96	20	5.05985
3072	2560	1	378	128	5.80986
3584	2560	1	84	98	1.83013
3584	2560	1	252	162	1.95468
3584	2560	1	78	312	2.86714
3584	2560	1	272	46	2.92992
3584	2048	1	360	498	3.78576
3584	2048	1	446	438	2.41169
3584	2048	1	414	300	4.90303
3584	2048	1	102	470	4.99069
3584	2048	1	380	210	5.47551
3584	2048	1	156	114	0.00000
3072	2048	1	498	476	3.32720
3584	2048	1	44	314	3.27242
3584	2048	1	116	370	4.39981
3072	2048	1	464	354	3.35132
3584	2048	1	488	60	6.02537
3584	2048	1	222	0	0.00000
3072	2048	1	454	116	4.23008
3072	2048	1	396	210	4.66243
3584	2048	1	378	76	5.81954
3584	2048	1	238	232	4.46741
3072	2048	1	22	468	4.04453
3072	2048	1	0	332	0.00000
3072	2048	1	174	458	3.40220
3072	2048	1	278	428	3.45494
3072	2048	1	362	446	3.80134
3072	2560	1	212	60	1.28700
3072	2048	1	338	100	0.00000
3072	2048	1	282	194	5.88345
3072	2048	1	240	278	2.80230
3072	2048	1	164	304	2.15535
3072	2048	1	100	346	4.57599
3072	2048	1	44	218	4.38603
3072	2048	1	60	152	1.37340
3072	2048	1	56	56	5.34928
3072	2048	1	210	70	4.48252
3072	2048	1	2	96	4.63214
3072	2560	2	316	36	0.00000
3072	2560	2	434	126	0.00000
3072	2560	2	472	192	0.00000
3584	2560	2	352	446	0.00000
3584	2560	2	400	238	0.00000
3072	2048	1	368	312	3.47269
3072	3072	1	104	154	3.14656
3072	3072	1	168	216	3.14278
3072	3072	1	220	98	3.10717
3072	3072	1	328	98	4.69677
3072	3072	1	332	204	5.33425
3072	3072	1	312	286	2.00615
3072	3072	1	212	334	4.65546
3072	3072	1	26	232	5.08035
3072	3072	1	96	374	0.24215
3072	3072	1	448	168	3.63714
3584	3072	1	92	214	2.29060
3584	3072	1	60	102	5.27983
3072	3072	1	464	0	2.16816
3584	3072	1	94	18	1.45405
3584	3072	1	340	50	3.51458
3584	3072	1	492	72	2.40806
3584	3072	1	384	104	0.64659
3584	3072	1	182	158	2.90075
3584	3072	1	248	244	2.14870
3584	3072	1	296	186	2.94561
3584	3072	1	356	264	3.17969
3584	3072	1	432	252	1.25961
3584	3072	1	426	382	3.31378
3584	3072	1	506	310	3.54124
3072	3584	1	106	8	6.25135
3072	3584	1	42	96	2.18799
3072	3584	1	186	12	3.68201
3072	3584	1	318	20	2.08434
3072	3584	1	240	82	0.21665
3072	3584	1	136	182	3.90897
3072	3584	1	190	256	2.88259
3072	3584	1	116	310	6.13391
3072	3584	1	32	322	2.04321
3072	3584	1	130	426	1.40932
3072	3584	1	48	470	1.37458
3072	3584	1	270	236	3.14959
3072	3584	1	382	192	1.01220
3072	3584	1	376	296	0.98649
3072	3584	1	254	474	0.40265
3072	3584	1	304	372	5.78384
3072	3584	1	452	382	0.00000
3072	3072	1	316	410	5.61490
3072	3072	1	428	342	4.18999
3072	3072	1	486	408	1.51999
3584	3072	1	106	362	4.93468
3584	3072	1	218	320	1.93288
3584	3072	1	228	408	2.57155
3584	3072	1	344	422	3.71778
3584	3072	1	506	436	2.11463
3072	3584	1	416	54	5.95439
3072	3584	1	470	24	6.08579
3584	3072	1	78	466	1.25105
3584	3584	1	152	12	1.18594
3072	3584	1	488	190	0.00000
3584	3584	1	64	146	0.48492
3584	3584	1	168	170	5.93598
3584	3584	1	34	348	3.32250
3584	3584	1	12	512	0.00000
3584	3584	1	120	334	1.55787
3584	3584	1	92	240	0.42285
3584	3584	1	224	306	0.21867
3584	3584	1	258	82	3.52477
3584	3584	1	404	114	5.63428
3584	3584	1	492	10	3.61580
3584	3584	1	512	96	3.77288
3584	3584	1	362	184	6.02258
3584	3584	1	274	188	0.41822
3584	3584	1	314	284	0.46932
3584	3584	1	390	348	5.99513
3584	3584	1	474	280	5.08925
3584	3584	1	492	358	1.42541
3584	3584	1	494	418	1.55710
3584	3584	1	210	460	0.24282
3584	3584	1	74	486	3.68725
3584	3584	1	382	504	0.54240
3584	3584	1	306	374	5.02662
3072	3584	2	8	214	0.00000
3072	3072	2	434	256	0.00000
3584	3072	2	186	56	0.00000
3584	3072	2	258	32	0.00000
3584	3072	2	244	106	0.00000
3072	3072	2	24	114	0.00000
3072	3072	2	376	32	0.00000
3072	3072	2	32	378	0.00000
3072	3072	2	260	456	0.00000
3584	3584	1	490	512	5.62890
2048	3584	1	442	418	0.30461
2048	3584	1	60	70	3.65054
2048	3584	1	172	370	0.15445
2048	3584	1	62	184	1.41180
2048	3584	1	312	350	3.52122
2048	3584	1	200	476	5.05945
2048	3584	1	0	436	5.93999
2048	3584	1	260	106	3.11633
2560	3584	1	110	86	6.09605
2048	3584	1	506	262	0.80978
2048	3584	1	340	166	5.57707
2560	3072	1	500	450	6.20436
2560	3072	1	34	408	3.33493
2560	3072	1	164	326	5.72040
2560	3072	1	218	280	5.61944
2560	3584	1	132	210	1.68971
2560	3584	1	26	120	0.43925
2048	3584	1	430	28	3.13974
2560	3072	1	408	454	3.58160
2560	3584	1	208	136	2.25283
2560	3584	1	376	212	0.61720
2048	3584	1	344	34	6.09320
2560	3584	1	130	360	1.01276
2560	3584	1	512	462	1.86840
2560	3584	1	112	490	0.55497
2560	3584	1	162	6	5.32545
2560	3072	1	282	226	3.02137
2560	3584	1	284	86	5.31969
2560	3584	1	488	186	5.75164
2560	3072	1	354	390	6.20325
2560	3584	1	284	304	1.46284
2560	3584	1	512	306	1.92192
2560	3584	1	12	16	4.55232
2560	3072	1	286	482	6.01528
2560	3584	1	28	358	0.46566
2560	3584	1	370	392	4.67357
2560	3584	1	366	466	5.17510
2048	3584	1	80	418	6.15748
2048	3584	1	420	200	0.02911
2560	3584	1	222	462	5.84542
2560	3072	1	390	114	3.09523
2560	3072	1	98	332	5.94688
2560	3584	1	512	378	1.88050
2048	3584	2	242	332	0.00000
2560	3584	2	512	42	0.00000
2048	3584	2	186	236	0.00000
2048	3584	2	122	232	0.00000
2048	3584	2	132	118	0.00000
2560	3072	2	218	440	0.00000
2560	3072	2	100	438	0.00000
2048	3072	2	488	444	0.00000
2560	3072	2	434	92	0.00000
2560	3072	2	340	244	0.00000
2560	3072	1	512	214	4.98926
2560	3072	2	96	228	0.00000
2560	3072	2	138	74	0.00000
2560	3072	2	224	128	0.00000
2048	3072	1	206	438	2.76017
2048	3072	2	162	472	0.00000
2048	3072	2	290	272	0.00000
2048	3072	2	226	274	0.00000
2560	3072	1	230	0	0.44943
2560	3072	1	392	0	2.24980
2560	3072	1	120	134	2.47004
2560	3072	1	36	102	0.20003
2560	3072	2	72	2	0.00000
2048	3072	1	430	22	5.73034
2048	3072	1	472	170	2.44685
2048	3072	1	386	428	4.56291
2048	3072	1	270	348	4.81572
2048	3072	1	106	322	6.18870
2048	3072	2	48	368	0.00000
2048	3072	1	44	228	0.78328
2048	3072	1	208	152	0.17985
2048	3072	1	374	256	6.04146
2048	3072	2	458	274	0.00000
2048	3072	1	300	174	0.02824
2048	3072	1	384	136	5.43438
2048	3072	1	266	0	3.08015
2048	3072	2	138	118	0.00000
2048	3072	1	162	22	6.26145
2048	3072	2	202	12	0.00000
2048	3072	1	94	28	0.10333
2048	3072	2	66	110	0.00000
2560	3072	1	490	94	5.23053
2560	3584	2	116	294	0.00000
2560	3584	2	264	248	0.00000
2048	3584	1	490	512	0.69521
2048	3584	1	378	418	3.97929
