1024	2048	1	130	80	5.66858
1024	2048	1	62	112	6.13054
1024	2048	1	212	62	0.19414
1536	2048	1	4	28	0.00000
1536	2048	1	96	74	0.00000
1536	2048	1	220	58	5.72813
1536	2048	1	238	152	0.00000
1536	2048	1	360	48	5.01365
1536	2048	1	402	168	0.61485
1536	2048	1	504	244	0.86854
1024	2048	1	106	232	0.97075
1536	2048	1	192	286	3.96452
1024	2048	1	242	364	0.54173
1536	2048	1	70	364	5.01211
1024	2048	1	500	216	3.50145
1536	2048	1	282	340	4.24142
1536	2048	1	446	406	2.31211
1536	2048	1	482	338	5.29078
1024	2560	1	452	66	2.65469
1536	2048	1	88	508	0.90251
1536	2048	1	292	462	1.71269
1024	2560	1	258	34	1.10395
1536	2560	1	162	52	1.00696
1536	2560	1	396	54	3.23423
1024	2560	1	80	116	3.19122
1024	2560	1	132	214	1.08097
1024	2560	1	96	308	1.52558
1024	2560	1	358	320	4.22123
1024	2560	1	200	446	3.06419
1024	2560	1	94	494	4.55163
1024	2560	1	280	150	0.60243
1024	2560	1	36	400	4.22710
1536	2560	1	106	170	5.85325
1536	2560	1	136	334	0.48759
1536	2560	1	66	438	5.11263
1024	2560	1	386	396	1.55570
1536	2560	1	240	280	6.01416
1536	2560	1	374	312	2.80274
1536	2560	1	502	116	1.09198
1536	2560	1	302	96	2.77180
1536	2048	2	502	68	0.00000
1536	2560	1	504	294	0.01826
1024	2560	1	482	302	2.58022
1536	2560	1	398	424	2.04520
1536	2560	1	178	462	3.18382
1024	2560	1	298	474	5.49229
1024	2560	1	510	482	1.77496
1536	2560	1	220	132	0.41241
1536	2560	1	326	250	5.75154
1536	2560	1	446	230	0.62025
1536	2560	1	268	502	2.39370
1536	2560	1	2	220	1.06825
1024	2048	1	362	230	0.00000
1536	2560	2	480	412	0.00000
1024	2560	2	206	280	0.00000
1024	3584	1	172	100	0.00000
1024	3584	1	512	282	2.45241
1536	3584	1	388	396	5.36162
1536	3584	1	114	154	3.47320
1024	3584	1	96	126	0.35851
1536	3584	1	134	424	0.29913
1536	3584	1	480	454	5.96575
1536	3584	1	352	204	4.55256
1024	3584	1	296	330	1.25159
1024	3584	1	60	412	2.44324
1024	3584	1	60	288	0.00000
1024	3584	1	466	458	0.31582
1536	3584	1	48	472	0.24407
1536	3584	1	290	504	2.49863
1536	3584	1	340	442	2.56812
1024	3584	1	250	62	1.69482
1536	3584	2	242	264	0.00000
1536	3584	2	352	62	0.00000
1024	3584	1	334	126	1.38802
1024	3072	1	390	508	3.68293
1024	3584	1	346	194	1.17567
1024	3584	1	426	236	1.27556
1536	3584	1	46	118	4.04339
1536	3584	1	268	12	2.78180
1024	3072	1	158	212	0.06970
1536	3584	1	278	132	5.13618
1024	3584	1	486	44	3.48283
1024	3072	1	224	294	0.00000
1024	3072	1	328	136	0.00000
1536	3584	2	462	114	0.00000
1536	3584	1	60	8	2.02370
1024	3072	1	48	458	4.82581
1024	3072	1	268	496	2.38742
1536	3072	1	176	430	5.29057
1536	3072	1	394	386	5.70849
1536	3072	1	96	482	2.24237
1536	3584	1	194	48	0.16153
1536	3584	1	446	4	3.93805
1536	3072	1	4	388	0.39686
1024	3072	1	424	320	0.31984
1024	3072	1	316	290	0.33427
1024	3072	1	82	234	6.01914
1024	3072	2	28	362	0.00000
1536	3072	1	102	300	2.05786
1536	3584	2	52	204	0.00000
1536	3072	1	212	226	2.01608
1536	3072	1	470	264	4.07896
1536	3072	1	336	150	2.02201
1536	3072	2	192	354	0.00000
1536	3072	1	504	92	0.00000
1536	3072	1	386	24	5.46897
1536	3072	1	122	78	0.96850
1536	3072	1	120	170	0.95635
1024	3072	1	418	144	5.77292
1024	3072	1	458	74	2.34813
1024	3072	1	120	64	1.26362
1024	3072	1	296	92	5.23963
1536	3072	1	298	446	2.79211
1024	3072	2	504	294	0.00000
2560	2560	1	374	22	2.53495
2048	2048	1	214	334	3.26020
2048	2048	1	138	214	4.25200
2048	2048	1	98	106	0.74224
2048	2048	1	222	48	2.68573
2048	2048	1	320	152	0.00000
2048	2048	1	504	132	0.61562
2560	2048	1	116	240	5.57826
2048	2048	1	468	302	0.46365
2048	2048	1	504	426	4.06339
2560	2048	1	52	320	4.58556
2048	2048	1	376	452	4.97567
2048	2560	1	122	138	2.88236
2048	2560	1	72	208	3.03192
2560	2048	1	194	96	0.00000
2560	2048	1	76	130	3.74305
2560	2048	1	314	80	0.00000
2560	2048	1	412	170	1.13153
2560	2048	1	430	262	1.28274
2560	2048	1	498	136	5.90628
2560	2048	1	434	382	4.23936
2560	2048	2	292	396	0.00000
2048	2048	2	24	356	0.00000
2048	2048	2	190	448	0.00000
2048	2048	2	258	508	0.00000
2048	2560	1	490	92	0.00000
2048	2560	1	306	46	0.19740
2048	2560	2	406	58	0.00000
2048	2560	1	234	234	0.00000
2048	2560	2	322	194	0.00000
2560	2560	2	18	168	0.00000
2560	2560	1	106	198	5.05541
2560	2560	1	178	102	2.98046
2560	2560	1	460	26	3.60466
2560	2560	1	262	200	4.90705
2560	2560	1	382	180	2.62536
2560	2560	1	438	166	0.00000
2560	2560	1	394	310	5.83708
2560	2560	2	326	482	0.00000
2560	2560	2	28	494	0.00000
2048	2560	2	322	438	0.00000
2048	2560	2	222	158	0.00000
2048	2560	2	202	426	0.00000
2048	2560	2	78	474	0.00000
2560	2560	2	464	342	0.00000
2560	2560	1	8	268	1.23660
2048	2560	1	418	172	0.00000
2048	2048	1	316	276	5.77956
2560	2560	1	26	426	4.52601
2560	2560	1	136	370	4.05135
2048	2560	1	146	280	0.00000
2048	2560	1	82	360	3.36367
2048	2560	1	258	380	4.83301
2560	2560	1	196	486	3.59245
2560	2560	1	280	348	5.79379
2560	2048	1	200	260	2.42617
2048	2560	2	440	322	0.00000
3584	2560	1	190	498	2.38994
3584	2560	1	298	512	0.00000
3584	2560	1	116	492	2.56157
3072	2560	1	480	466	0.00000
3584	2560	1	490	468	5.40913
3072	2560	1	102	362	5.92618
3584	2560	1	356	200	0.00000
3584	2560	1	420	94	0.00000
3584	2560	1	300	266	2.69978
3072	2560	1	124	270	3.07788
3072	2560	1	88	512	2.70407
3072	2560	1	510	354	4.39278
3584	2560	1	178	280	3.87780
3584	2560	1	214	474	4.21332
3072	2560	1	154	384	5.94071
3072	2560	1	388	394	0.00000
3584	2560	1	434	512	5.48025
3584	2560	1	394	352	4.22300
3584	2560	1	250	362	5.96143
3584	2560	1	50	448	3.03552
3584	2560	1	512	366	2.77883
3584	2560	1	468	242	0.52392
3584	2560	2	350	442	0.00000
3584	2560	2	404	232	0.00000
3072	2560	1	322	484	0.90696
3072	2560	1	226	372	2.76205
3072	2560	1	358	372	1.34322
3072	2560	1	462	292	1.60698
3072	2560	1	326	268	5.82711
3072	2560	1	262	296	2.63956
3072	2560	1	344	154	5.87706
3584	2560	1	74	234	5.78290
3584	2560	1	180	178	3.34514
3072	2560	1	486	164	2.54359
3072	2560	1	406	172	2.75598
3584	2560	1	28	74	5.77368
3072	2560	1	228	180	0.70852
3072	2560	1	146	132	3.83268
3072	2560	1	30	118	5.79448
3072	2560	1	14	234	3.14677
3584	2560	1	130	84	0.55098
3584	2560	1	268	106	2.74319
3584	2048	1	364	470	3.38657
3584	2048	1	472	490	4.36792
3584	2560	1	512	54	4.24405
3072	2560	1	210	4	6.08579
3072	2560	2	262	16	0.00000
3072	2560	2	316	18	0.00000
3072	2560	1	390	72	1.53445
3072	2048	1	82	496	5.18701
3072	2048	1	98	396	2.15816
3072	2048	1	302	378	3.97566
3072	2048	1	498	500	5.07116
3072	2048	1	480	416	5.05414
3584	2048	1	82	410	5.70767
3584	2048	1	148	332	5.75864
3584	2048	1	390	322	6.13363
3584	2048	1	312	312	3.07584
3584	2048	1	466	54	0.00000
3584	2048	1	382	86	0.00000
3584	2048	1	300	162	0.44872
3584	2048	1	248	88	3.57254
3584	2048	1	160	106	0.24829
3584	2048	1	378	208	5.63276
3584	2048	1	12	196	3.10940
3072	2048	1	442	340	4.18330
3072	2048	1	140	286	0.00000
3072	2048	1	356	68	0.00000
3072	2048	1	398	214	6.08363
3072	2048	1	286	272	3.76041
3072	2048	1	230	206	0.59116
3072	2048	1	238	82	1.51730
3072	2048	1	32	42	5.41760
3072	2048	1	2	152	5.52962
3072	2048	1	74	166	4.64645
3072	2048	1	428	40	3.17230
3072	3072	1	34	142	0.00000
3072	3072	1	214	98	2.86117
3072	3072	1	134	154	3.22833
3072	3072	1	140	348	0.00000
3072	3072	1	42	288	3.59532
3072	3072	1	220	274	5.21725
3072	3072	1	320	270	0.00000
3072	3072	1	394	44	0.00000
3072	3072	1	488	24	0.00000
3584	3072	1	294	30	0.00000
3584	3072	1	380	114	0.00000
3072	3072	1	456	314	3.64811
3072	3072	1	396	146	1.25974
3072	3072	1	476	210	1.07610
3072	3584	1	36	76	5.83927
3072	3072	1	122	484	1.66488
3072	3072	1	262	494	4.19496
3072	3584	1	116	52	1.74933
3072	3584	1	182	140	2.08434
3072	3584	1	282	88	4.81727
3072	3584	1	84	276	4.24611
3584	3072	1	38	64	4.13723
3584	3072	1	38	290	3.64987
3584	3072	1	242	112	5.70500
3584	3072	1	88	176	5.17141
3584	3072	1	176	146	2.79669
3584	3072	1	462	28	5.55472
3584	3072	1	144	304	3.60786
3584	3072	1	454	206	5.27394
3584	3072	1	320	186	2.20766
3584	3072	1	262	294	0.00000
3584	3072	1	412	276	1.46469
3584	3072	1	502	308	4.04624
3072	3072	1	476	420	3.72173
3584	3072	2	340	370	0.00000
3072	3584	1	486	70	0.00000
3584	3072	1	36	488	0.00000
3584	3072	1	106	488	0.00000
3584	3072	1	188	438	5.14379
3584	3072	1	318	442	2.03444
3584	3072	1	482	436	0.00000
3584	3584	1	332	38	1.53000
3584	3584	1	208	44	5.89584
3584	3584	1	138	96	0.00000
3584	3584	1	22	166	1.31815
3072	3584	1	406	222	1.61930
3072	3584	1	208	288	0.00000
3072	3584	1	306	278	0.00000
3072	3584	1	46	428	3.00606
3072	3584	1	110	334	4.32816
3072	3584	1	326	424	0.00000
3072	3584	1	462	316	3.99830
3584	3584	1	58	276	2.77761
3584	3584	1	140	286	0.00000
3584	3584	1	28	434	0.00000
3072	3584	1	392	444	0.00000
3584	3584	1	234	474	0.00000
3584	3584	1	326	462	0.61181
3584	3584	1	214	336	0.66416
3584	3584	1	286	328	0.00000
3584	3584	1	350	312	0.00000
3584	3584	1	414	498	0.00000
3584	3584	1	460	438	1.95130
3584	3584	1	462	380	1.37901
3584	3584	1	460	312	4.64929
3584	3584	1	486	184	0.00000
3584	3584	1	212	218	3.29424
3584	3584	1	296	190	3.48005
3584	3584	1	358	154	3.40450
3584	3584	1	414	170	2.88099
3072	3072	1	334	512	0.93747
3072	3072	1	358	368	1.65593
3072	3584	1	164	402	1.04483
3072	3584	1	236	508	0.99371
2048	3072	1	150	20	0.00000
2048	3072	1	188	120	0.19776
2048	3072	1	10	304	4.45179
2048	3072	1	0	78	0.00000
2048	3072	1	398	28	0.00000
2048	3072	1	274	86	3.56893
2048	3072	1	204	324	0.37609
2048	3072	1	338	238	2.71497
2048	3072	1	386	140	5.09974
2560	3072	1	28	82	1.33395
2560	3072	1	244	74	4.94548
2560	3072	2	122	82	0.00000
2560	3072	2	214	132	0.00000
2560	3072	2	98	236	0.00000
2560	3072	2	354	240	0.00000
2560	3072	1	364	18	0.00000
2560	3072	1	476	66	0.00000
2560	3072	1	144	180	1.78373
2048	3072	1	496	224	1.07490
2048	3072	1	30	478	4.38758
2048	3072	2	34	370	0.00000
2048	3072	2	160	470	0.00000
2048	3072	1	290	372	4.79706
2048	3072	1	494	326	1.07712
2560	3072	1	280	204	4.12439
2560	3072	1	476	218	1.96547
2560	3072	1	436	344	0.00000
2560	3072	1	234	322	5.71247
2560	3072	1	338	348	5.53754
2560	3072	1	114	338	0.00000
2560	3072	2	90	436	0.00000
2048	3584	1	62	104	1.24117
2048	3584	1	218	38	5.63448
2048	3072	1	406	436	4.83329
2560	3072	2	22	418	0.00000
2048	3584	1	372	124	0.92730
2048	3584	2	372	20	0.00000
2048	3584	1	140	174	4.74874
2048	3584	1	134	284	1.61467
2048	3584	1	128	332	1.89255
2048	3584	1	86	382	2.05910
2048	3584	1	266	276	0.87785
2048	3584	1	218	402	0.16038
2048	3584	1	290	184	5.52080
2560	3072	1	12	510	0.64350
2560	3072	1	230	462	5.73863
2560	3072	1	124	494	4.05388
2048	3584	1	464	198	1.65127
2560	3584	1	190	56	5.31793
2560	3584	1	138	106	2.00350
2048	3584	1	506	104	5.02339
2560	3584	1	402	10	4.48224
2560	3584	1	468	90	0.00000
2560	3584	1	354	118	1.03340
2560	3584	1	498	328	2.17179
2560	3584	2	456	234	0.00000
2560	3584	1	84	202	3.92699
2048	3584	1	410	296	0.00000
2048	3584	1	504	466	0.44021
2048	3584	1	364	486	0.00000
2048	3584	1	348	376	5.31916
2048	3584	1	90	504	5.01985
2560	3584	1	110	398	5.77013
2560	3584	1	10	292	1.87990
2048	3584	1	512	372	0.52398
2560	3584	1	242	194	2.84960
2560	3584	1	144	230	3.45559
2560	3584	1	172	324	0.48345
2560	3584	1	328	272	2.41045
2560	3584	1	218	452	1.41815
2560	3584	1	260	354	4.53379
2560	3584	1	432	494	1.91635
2560	3584	1	444	364	5.31281
2560	3584	1	330	512	0.00000
2560	3584	1	340	192	5.18854
2560	3072	1	512	434	0.30507
