1024	2048	1	362	74	0.78726
1024	2048	1	204	86	0.63584
1024	2048	1	34	134	2.73863
1024	2048	1	86	220	1.50812
1024	2048	1	242	372	0.00000
1024	2048	1	508	232	2.92292
1536	2048	1	124	66	3.43024
1536	2048	2	20	22	0.00000
1536	2048	1	246	154	3.00182
1536	2048	1	118	410	0.00000
1536	2048	1	378	336	2.52839
1536	2048	1	330	156	5.14902
1536	2048	1	380	72	5.45131
1536	2048	1	254	38	5.42102
1536	2048	1	464	284	2.94980
1536	2048	2	512	58	0.00000
1536	2048	2	268	354	0.00000
1024	2560	1	492	56	1.95354
1024	2560	1	280	44	1.09387
1024	2560	1	150	92	3.16408
1024	2560	1	76	114	3.29369
1536	2048	1	202	484	3.06087
1536	2048	1	318	508	3.85166
1536	2560	1	426	20	3.30794
1536	2560	1	392	216	6.23405
1536	2048	1	508	456	2.48394
1536	2560	1	170	186	0.00000
1536	2560	1	96	98	0.61776
1536	2560	1	52	208	4.78103
1024	2560	1	474	244	2.05080
1024	2560	1	428	326	5.51415
1024	2560	1	326	338	5.90268
1536	2560	1	274	236	6.01746
1536	2560	1	378	344	5.18394
1536	2560	1	342	136	2.97288
1536	2560	1	82	346	2.26984
1536	2560	1	190	430	3.11296
1536	2560	1	262	378	5.50854
1536	2560	1	478	306	5.61204
1024	2560	1	256	374	2.22709
1024	2560	2	196	302	0.00000
1024	2560	1	126	306	3.34329
1024	2560	1	52	258	0.42976
1024	2560	1	192	418	2.64715
1024	2560	1	426	430	4.11344
1536	2560	1	74	420	5.11091
1024	2560	1	138	468	5.41750
1024	2560	1	368	512	4.66740
1024	2560	1	48	374	1.57944
1024	2560	1	80	492	4.82184
1536	2560	1	392	422	1.80960
1536	2560	1	264	490	1.66342
1536	2560	1	506	124	0.96875
1536	2560	2	502	492	0.00000
1024	3584	1	146	298	0.48738
1024	3584	1	282	402	0.29676
1024	3584	1	446	426	0.40939
1536	3584	1	54	434	0.22645
1536	3584	1	164	422	0.43233
1536	3584	1	260	394	0.68723
1024	3584	1	20	382	2.59358
1024	3584	1	96	126	0.65507
1024	3584	1	188	202	1.95963
1024	3584	1	208	132	4.83436
1024	3584	1	338	234	5.50654
1024	3584	1	468	296	1.06445
1536	3584	1	108	306	1.44758
1536	3584	2	36	206	0.00000
1536	3584	1	118	178	5.29678
1024	3584	1	440	174	4.32899
1024	3584	1	346	118	1.61160
1024	3584	1	34	24	5.46072
1024	3072	1	106	480	0.05867
1024	3072	1	284	480	0.66854
1024	3584	1	356	60	1.79694
1024	3584	1	474	70	3.69246
1536	3584	1	278	186	1.65485
1536	3584	1	468	400	1.47132
1536	3584	1	340	322	1.72198
1536	3584	1	376	254	4.75132
1536	3584	1	406	118	0.31209
1536	3584	2	466	106	0.00000
1536	3584	2	372	70	0.00000
1536	3584	1	394	14	4.87980
1536	3072	2	376	468	0.00000
1536	3584	1	276	4	2.64632
1536	3584	1	512	170	0.75264
1536	3072	1	148	432	5.25373
1024	3072	1	480	358	1.13865
1536	3072	1	32	428	3.53584
1024	3072	1	410	438	5.02726
1024	3072	1	224	246	0.16361
1024	3072	1	282	148	0.48144
1024	3072	1	134	314	3.56831
1024	3072	1	80	200	0.08975
1024	3072	1	170	170	3.07794
1024	3072	1	218	70	1.28434
1024	3072	1	40	38	5.45381
1024	3072	2	106	21	0.00000
1024	3072	1	174	410	3.34923
1024	3072	1	422	128	2.56497
1536	3072	1	2	206	1.60809
1536	3072	1	94	126	4.12450
1024	3072	1	508	118	3.13137
1024	3072	1	332	274	0.75802
1536	3072	1	226	254	5.25813
1536	3072	1	140	298	6.05893
1536	3072	1	252	164	2.81271
1536	3072	1	314	146	5.59498
1536	3072	2	412	147	0.00000
1536	3072	1	372	40	0.82874
1536	3072	1	400	336	0.88236
1536	3072	1	502	174	1.31223
1536	3072	1	484	8	0.50077
1536	3072	1	210	28	1.44037
1024	3072	2	474	27	0.00000
1024	3072	1	250	408	3.60608
1536	3072	1	308	426	2.91636
2048	2560	1	444	450	1.09004
2048	2560	1	152	278	0.47835
2048	2560	1	474	512	3.78081
2048	2560	1	234	464	3.72330
2048	2560	1	148	512	0.82142
2048	2560	1	56	220	0.30631
2560	2560	1	210	512	5.82494
2560	2560	1	114	366	4.79222
2560	2560	1	102	446	1.57676
2560	2560	1	348	244	0.45037
2048	2560	1	20	108	4.38099
2048	2560	1	414	240	1.81577
2560	2560	1	400	464	4.96471
2048	2560	1	302	340	1.68694
2048	2560	1	446	284	0.13299
2560	2560	2	318	478	0.00000
2560	2560	2	22	472	0.00000
2048	2560	2	194	416	0.00000
2048	2560	2	170	362	0.00000
2048	2560	2	318	430	0.00000
2048	2560	2	170	150	0.00000
2048	2560	2	234	152	0.00000
2048	2560	2	318	200	0.00000
2048	2560	1	510	284	3.70966
2560	2560	1	114	246	5.70907
2560	2560	1	428	344	2.55908
2560	2560	1	510	198	1.68726
2560	2560	1	294	170	3.52628
2560	2560	1	172	140	1.69739
2560	2560	2	14	164	0.00000
2048	2560	2	410	154	0.00000
2048	2560	2	414	50	0.00000
2048	2560	1	228	86	4.74464
2048	2560	1	160	12	4.17829
2048	2048	1	24	398	4.16705
2048	2048	1	122	400	3.28287
2048	2048	1	24	244	0.70863
2048	2048	1	218	336	0.20132
2048	2048	1	292	252	5.23206
2048	2048	1	358	436	4.51123
2560	2048	1	472	408	1.99949
2048	2048	1	454	346	6.11188
2560	2560	1	380	116	2.53675
2560	2048	1	110	246	5.92919
2560	2560	1	26	28	4.10890
2560	2048	1	52	368	4.78472
2560	2560	1	464	38	3.80803
2560	2048	1	276	300	1.99462
2048	2560	1	376	20	4.09798
2560	2048	1	256	434	1.39680
2560	2560	2	296	4	0.00000
2560	2048	2	440	458	0.00000
2560	2048	2	274	382	0.00000
2560	2048	1	512	266	5.59396
2560	2048	1	446	258	0.00000
2560	2048	1	376	312	3.36574
2560	2048	1	512	116	4.55844
2560	2048	1	476	32	2.09835
2560	2048	1	438	128	2.64143
2560	2048	1	318	80	0.00000
2560	2048	1	228	194	4.43810
2560	2048	1	198	84	0.00000
2560	2048	1	148	150	3.18971
2560	2048	1	64	136	3.59224
2048	2048	1	474	206	0.63324
2560	2048	1	46	52	0.49935
2048	2048	2	480	52	0.00000
2048	2048	1	358	134	3.26413
2048	2048	1	398	0	0.40279
2048	2048	1	184	86	4.82305
2560	2560	2	470	330	0.00000
3584	2560	1	6	352	1.81803
3584	2560	1	512	218	3.70019
3584	2560	1	446	142	5.16738
3072	2560	1	406	396	5.39471
3072	2560	1	508	460	0.87606
3584	2560	1	456	496	0.72594
3584	2560	1	342	276	1.59599
3584	2560	1	168	232	1.09632
3584	2560	1	178	330	0.36736
3072	2560	1	318	494	3.66316
3072	2560	1	336	294	5.01596
3584	2048	1	512	494	3.44885
3584	2560	1	512	354	3.00606
3584	2560	1	394	174	5.17007
3584	2560	1	280	104	0.65938
3584	2560	1	288	474	3.62742
3584	2560	1	78	492	3.32440
3072	2560	1	278	356	2.62705
3584	2560	1	382	36	2.16571
3584	2048	1	394	456	2.67511
3584	2560	1	452	362	3.02686
3584	2560	1	512	74	0.94089
3584	2560	1	388	406	2.86743
3584	2560	2	338	460	0.00000
3584	2560	2	230	450	0.00000
3584	2560	2	512	502	0.00000
3584	2560	2	230	346	0.00000
3072	2560	2	432	122	0.00000
3072	2560	2	170	400	0.00000
3072	2560	1	74	364	6.19625
3072	2560	1	234	162	6.06452
3072	2560	1	360	202	4.21223
3072	2560	1	504	196	3.09587
3584	2560	1	106	62	4.53425
3584	2560	1	212	32	3.52611
3584	2048	1	284	462	3.12708
3072	2560	1	226	486	0.00000
3072	2560	1	318	86	4.69496
3072	2560	1	170	306	2.57568
3072	2560	1	40	206	1.80389
3072	2560	1	152	158	3.00411
3072	2560	1	468	28	2.59241
3584	2560	1	64	128	4.46741
3584	2560	1	72	254	3.37455
3584	2048	1	50	352	4.67944
3072	2048	1	442	246	3.14758
3584	2048	1	118	94	6.26920
3584	2048	1	244	84	3.68507
3584	2048	1	470	60	0.00000
3584	2048	1	374	226	5.47563
3584	2048	1	320	286	2.69365
3584	2048	1	30	68	2.43602
3072	2048	1	352	238	3.14743
3072	2048	1	462	430	5.22245
3584	2048	1	112	486	0.94234
3584	2048	1	138	426	1.94805
3584	2048	1	512	114	0.21564
3584	2048	1	384	92	0.11404
3584	2048	1	238	0	0.06394
3584	2048	1	128	244	2.39130
3584	2048	1	46	280	1.60412
3584	2048	1	144	194	4.93026
3072	2048	1	206	496	0.00000
3072	2560	2	256	20	0.00000
3072	2560	2	166	78	0.00000
3072	2560	1	128	14	3.44863
3072	2560	1	50	30	0.01577
3072	2048	1	198	374	1.33459
3072	2048	1	222	300	4.86919
3072	2048	1	224	228	4.79257
3072	2048	1	310	140	4.58213
3072	2048	1	174	54	3.48430
3072	2048	1	280	66	1.51117
3072	2048	1	42	98	4.29497
3072	2048	2	104	12	0.00000
3072	2048	1	64	222	5.59330
3072	2048	1	38	288	5.77080
3072	2048	1	0	472	0.60817
3072	2560	2	312	22	0.00000
3584	2560	2	408	236	0.00000
3072	2560	2	460	186	0.00000
3072	2048	2	110	114	0.00000
3072	3584	1	342	70	3.76384
3072	3584	1	22	490	4.45091
3584	3584	1	246	394	4.82809
3072	3584	1	358	478	5.26856
3584	3584	1	192	480	0.64827
3584	3584	1	234	512	0.49570
3584	3584	1	214	226	2.50112
3584	3584	1	106	416	2.53605
3584	3584	1	78	512	4.83315
3072	3584	1	182	478	0.51055
3584	3584	1	18	408	5.95168
3584	3584	1	438	424	1.66201
3584	3584	1	360	512	0.10674
3584	3584	1	510	168	4.33548
3584	3584	1	510	512	5.62214
3072	3584	1	320	512	5.64740
3072	3584	1	484	494	3.25832
3584	3584	1	294	512	0.47167
3072	3584	1	116	454	0.82929
3072	3584	1	224	498	5.19474
3584	3584	1	462	368	2.08472
3584	3584	1	500	286	0.10359
3072	3584	1	46	378	5.76668
3584	3584	1	380	234	1.40549
3072	3584	1	116	368	2.53143
3072	3584	1	398	410	2.59061
3584	3584	1	108	330	2.51970
3584	3584	1	318	340	2.26774
3584	3584	1	412	300	4.37196
3584	3584	1	204	320	1.97066
3072	3584	1	268	360	0.00000
3072	3584	1	6	392	4.44857
3584	3584	1	34	292	0.62159
3072	3584	1	460	278	0.00000
3072	3584	1	202	44	1.53524
3072	3584	1	30	274	5.57594
3072	3584	1	112	242	3.24270
3072	3584	1	358	280	2.41560
3072	3584	1	194	246	5.96474
3584	3584	1	136	128	0.68326
3584	3584	1	348	130	3.62996
3584	3584	1	444	96	0.36325
3584	3584	1	28	174	0.28710
3584	3584	1	260	126	0.30619
3072	3584	1	174	114	2.01952
3072	3584	1	406	152	5.01449
3584	3584	1	342	12	1.39772
3072	3584	1	348	212	1.92575
3072	3584	2	122	154	0.00000
3584	3584	1	8	6	1.53806
3072	3072	1	20	380	0.51863
3072	3072	1	88	416	0.99270
3584	3584	1	196	6	1.72740
3072	3072	1	332	480	3.59589
3072	3072	1	102	496	1.06863
3072	3072	1	224	456	2.39895
3072	3072	1	262	354	2.24522
3584	3072	1	508	448	1.18584
3072	3072	1	460	470	3.79417
3584	3072	1	496	378	1.12426
3072	3072	1	434	394	3.78737
3584	3072	1	500	296	0.55020
3072	3072	1	102	258	4.13177
3584	3072	1	380	368	1.79607
3584	3072	1	366	322	1.64948
3584	3072	1	366	434	1.14559
3584	3072	1	272	402	0.61905
3584	3072	1	462	198	3.21129
3584	3072	1	512	8	0.70288
3584	3072	1	460	72	3.67701
3072	3072	2	432	256	0.00000
3584	3072	1	446	0	0.67739
3584	3072	1	276	216	0.50744
3584	3072	1	350	122	1.67388
3584	3072	1	376	196	4.11677
3584	3072	1	336	266	4.89224
3584	3072	1	324	50	4.66243
3584	3072	1	268	2	4.21202
3584	3072	1	166	74	2.73081
3584	3072	1	186	346	1.69547
3584	3072	1	138	248	3.63620
3584	3072	1	68	272	3.13357
3584	3072	1	100	384	4.63562
3584	3072	1	184	178	1.13933
3584	3072	1	60	18	3.22120
3072	3072	1	498	82	5.93738
3072	3072	1	482	0	0.00000
3072	3072	1	394	58	5.94851
3072	3072	1	472	218	5.73088
3072	3072	1	400	308	1.40829
3072	3072	1	360	190	0.00000
3072	3072	1	212	10	0.23810
3072	3072	1	64	54	5.95365
3072	3072	1	294	6	3.59239
3072	3072	1	312	100	0.62402
3072	3072	1	212	166	3.29048
3072	3072	1	140	132	3.44927
3072	3072	1	194	272	4.01292
2048	3072	1	132	52	0.75315
2048	3072	1	240	152	5.59113
2048	3072	1	300	80	6.15883
2048	3072	1	428	332	5.58200
2048	3072	1	482	246	3.37415
2048	3072	1	208	356	4.74001
2048	3072	1	298	272	4.26026
2048	3072	1	112	150	4.29190
2048	3072	1	58	238	4.18398
2048	3072	1	26	404	5.87629
2048	3584	1	46	42	5.02539
2048	3584	1	180	78	5.55393
2048	3584	1	314	94	4.24182
2560	3072	1	76	68	0.00000
2048	3072	1	398	48	0.57170
2048	3072	1	470	34	0.33117
2560	3072	1	8	132	0.00000
2560	3072	1	52	344	5.77521
2560	3072	1	262	240	5.28433
2560	3072	1	220	64	5.43232
2560	3072	1	340	66	5.21949
2560	3072	1	474	100	5.68133
2560	3072	1	388	174	2.93182
2560	3072	1	150	330	0.00000
2560	3072	2	100	232	0.00000
2048	3072	2	170	474	0.00000
2048	3584	2	382	20	0.00000
2048	3072	2	306	434	0.00000
2560	3072	1	432	310	1.24488
2560	3072	1	460	506	3.00938
2560	3072	1	302	410	2.19105
2560	3584	1	322	2	5.49433
2560	3072	1	232	470	0.00000
2560	3584	1	208	68	2.90399
2560	3072	1	52	458	2.21430
2560	3584	1	100	76	2.50757
2560	3584	1	490	136	0.46913
2560	3584	1	180	198	3.39618
2048	3584	1	332	192	0.92274
2048	3584	1	214	218	5.86606
2048	3584	1	66	218	4.05467
2048	3584	1	134	244	5.35096
2560	3584	1	38	168	0.38051
2048	3584	1	500	42	1.95912
2560	3072	2	228	130	0.00000
2560	3072	2	358	228	0.00000
2560	3584	1	382	176	0.36752
2560	3584	1	302	192	0.83234
2560	3584	1	268	98	0.00000
2560	3584	1	20	266	2.06722
2048	3584	1	414	264	5.10210
2560	3584	1	410	252	0.70226
2560	3584	1	494	374	2.69353
2048	3584	1	498	372	1.02555
2560	3584	1	208	336	4.25719
2048	3072	1	374	400	0.00000
2048	3584	1	366	392	5.83204
2048	3584	1	238	466	0.00000
2048	3584	1	62	304	1.37970
2048	3584	1	170	458	0.00000
2560	3584	1	122	440	0.00000
2560	3584	1	316	396	4.58404
2048	3584	1	508	460	1.15363
2560	3584	2	264	478	0.00000
2048	3584	1	460	154	0.85828
2560	3584	1	110	202	0.00000
2048	3584	2	190	24	0.00000
2560	3584	2	422	462	0.00000
2048	3584	2	274	302	0.00000
2560	3072	2	146	78	0.00000
2048	3072	2	406	170	0.00000
