1024	2048	1	38	128	1.38016
1024	2048	1	110	256	1.21516
1024	2048	1	238	352	0.58800
1024	2048	1	302	76	5.08930
1024	2048	2	202	82	0.00000
1024	2048	2	264	18	0.00000
1536	2048	2	12	40	0.00000
1024	2048	2	444	14	0.00000
1536	2048	1	10	238	2.92554
1024	2560	1	268	30	0.88313
1024	2560	1	472	60	2.22470
1536	2048	1	142	410	5.83029
1536	2048	1	428	508	3.02454
1536	2560	1	334	34	3.21637
1536	2048	1	324	230	3.82182
1536	2048	2	236	164	0.00000
1536	2048	1	90	64	0.00000
1536	2048	2	252	54	0.00000
1536	2048	1	354	76	5.57165
1536	2048	1	472	126	2.71225
1536	2048	2	500	62	0.00000
1536	2048	1	386	358	2.01168
1536	2048	1	460	270	3.26992
1536	2048	2	512	316	0.00000
1536	2048	2	512	424	0.00000
1536	2048	2	512	490	0.00000
1536	2048	1	246	480	2.21336
1024	2560	1	154	132	5.96210
1024	2560	2	80	130	0.00000
1024	2560	1	496	250	1.73884
1536	2560	1	102	76	0.81664
1536	2560	1	154	186	0.00000
1536	2560	1	248	218	5.94960
1536	2560	1	422	138	0.00000
1536	2560	2	484	184	0.00000
1536	2560	1	406	300	1.17158
1536	2560	1	344	216	3.55901
1024	2560	1	26	274	0.00000
1024	2560	1	216	440	2.74286
1024	2560	1	112	464	1.11140
1024	2560	2	158	500	0.00000
1024	2560	1	412	394	1.49640
1024	2560	1	282	280	4.71239
1024	2560	2	192	284	0.00000
1024	2560	1	106	356	3.55172
1024	2560	1	316	504	4.47929
1536	2560	1	40	430	5.24695
1536	2560	1	194	430	2.54994
1536	2560	1	226	310	5.56744
1536	2560	2	310	512	0.00000
1024	2560	1	484	324	1.92379
1536	2560	1	408	434	1.90033
1536	2560	2	512	356	0.00000
1536	2048	2	286	344	0.00000
1536	2560	1	98	380	2.59834
1536	2560	2	414	512	0.00000
1536	2560	2	362	512	0.00000
1536	2560	2	512	428	0.00000
1024	2560	1	0	160	2.27218
1024	2560	2	178	234	0.00000
1536	2560	2	232	512	0.00000
1536	2048	2	238	24	0.00000
1024	3072	1	186	72	1.11345
1024	3072	1	402	94	3.21045
1024	3072	1	302	162	0.00000
1536	3072	1	72	64	4.30597
1536	3072	1	452	138	4.07094
1536	3072	1	326	184	5.19156
1536	3072	1	216	234	2.22047
1536	3072	1	124	272	5.66294
1536	3072	1	70	310	5.55623
1024	3072	1	474	208	3.52882
1024	3072	1	326	288	0.38688
1024	3072	2	236	256	0.00000
1024	3072	1	66	238	0.00000
1024	3072	1	144	230	3.62338
1024	3072	1	110	356	4.16200
1024	3072	1	246	370	5.12245
1024	3072	1	490	368	0.84576
1536	3072	1	444	272	0.41146
1536	3072	1	352	322	2.81689
1536	3072	1	282	418	5.05016
1536	3072	2	366	462	0.00000
1536	3072	1	158	448	5.28983
1536	3072	1	42	456	3.17675
1024	3072	1	438	474	1.77232
1024	3072	1	288	482	0.82603
1024	3072	1	196	418	2.12510
1024	3072	1	76	472	1.35213
1024	3072	1	188	510	2.90474
1024	3584	1	106	140	0.50710
1024	3584	1	230	150	0.00000
1024	3584	1	380	28	1.42573
1024	3584	1	352	126	1.59472
1024	3584	1	494	58	3.46334
1024	3584	1	512	176	5.01089
1536	3584	1	126	176	5.21725
1536	3584	1	298	146	0.91607
1536	3584	1	268	26	2.64804
1536	3584	1	416	30	5.29547
1536	3584	1	384	150	0.42575
1536	3584	2	470	118	0.00000
1024	3584	1	348	242	5.79323
1024	3584	1	104	274	0.25128
1024	3584	1	462	298	0.65539
1536	3584	1	116	310	1.52321
1536	3584	1	306	312	2.68190
1536	3584	1	404	248	3.67789
1024	3584	1	260	264	2.42826
1024	3584	2	230	468	0.00000
1024	3584	1	68	386	2.64209
1024	3584	1	310	416	0.00000
1024	3584	1	446	436	0.34918
1536	3584	1	56	438	0.00000
1536	3584	1	154	436	0.37765
1536	3584	1	224	420	0.29392
1536	3584	1	402	424	2.83855
1536	3584	1	276	458	0.00000
2560	2048	2	294	508	0.00000
2560	2560	2	318	490	0.00000
2048	2560	2	328	212	0.00000
2048	2560	2	420	62	0.00000
2048	2560	2	166	358	0.00000
2048	2560	2	206	422	0.00000
2560	2048	2	294	394	0.00000
2048	2560	2	230	150	0.00000
2048	2560	2	180	140	0.00000
2560	2560	2	460	338	0.00000
2048	2560	1	452	450	1.03772
2560	2560	1	154	364	4.46826
2560	2560	1	120	458	1.69068
2560	2560	1	436	474	5.08243
2048	2560	1	246	492	3.31874
2560	2560	1	476	418	2.10538
2560	2560	1	8	58	3.51666
2560	2560	1	204	86	1.08241
2560	2560	1	296	164	3.21596
2560	2048	1	496	506	3.50787
2560	2048	2	448	466	0.00000
2048	2048	1	314	258	5.42324
2048	2048	1	212	320	3.14881
2048	2048	1	50	384	4.24662
2048	2048	1	438	118	5.71597
2048	2048	1	40	238	0.34393
2048	2048	1	184	96	4.48529
2048	2048	1	364	170	2.64993
2560	2048	1	122	260	5.81943
2048	2048	1	462	360	0.00000
2048	2048	1	376	436	4.90221
2560	2048	1	24	26	5.67940
2560	2048	1	198	234	4.05508
2560	2048	1	192	122	0.00000
2560	2048	1	470	48	4.22729
2048	2048	1	76	448	3.85709
2560	2048	1	412	142	4.98654
2560	2048	1	324	98	0.00000
2560	2048	1	74	120	3.76434
2048	2560	1	408	240	1.84032
2048	2560	1	72	374	1.76644
2560	2048	1	386	262	2.91185
2560	2048	1	288	308	1.98147
2560	2048	1	70	332	5.07800
2560	2560	1	368	240	0.00000
2560	2560	1	106	176	5.99672
2560	2560	1	18	254	3.07302
2048	2560	2	444	324	0.00000
2048	2560	2	320	428	0.00000
2048	2560	1	326	334	0.00000
2560	2560	1	422	122	1.98692
2560	2560	1	512	196	1.27444
2560	2048	1	490	380	1.29753
2048	2560	1	172	252	0.70261
2560	2560	1	6	490	0.47931
2048	2560	1	324	30	4.24908
2048	2560	1	92	44	4.56848
2048	2560	1	258	80	5.72832
2048	2560	1	110	170	0.25024
2560	2560	1	210	440	0.00000
3072	2048	1	34	124	0.00000
3072	2048	1	66	36	2.66683
3072	2048	1	172	74	3.29672
3072	2048	1	278	132	5.45612
3072	2048	1	292	56	2.37537
3072	2048	1	394	96	5.45280
3584	2048	1	26	70	2.90949
3584	2048	1	112	136	0.00000
3584	2048	1	226	94	3.89036
3584	2048	1	360	154	3.58805
3584	2048	1	468	62	0.00000
3584	2048	1	384	88	0.00000
3072	2048	1	38	264	0.28036
3072	2048	1	152	302	4.89007
3072	2048	1	170	216	4.95059
3072	2048	1	362	274	3.22224
3072	2048	1	440	266	3.05923
3072	2048	1	6	394	2.36277
3072	2560	1	160	2	1.95625
3072	2048	1	192	422	5.81704
3072	2048	1	378	418	1.64085
3072	2048	1	456	396	5.67918
3584	2048	1	10	366	5.52415
3584	2048	1	130	362	2.39372
3584	2048	1	208	344	2.73074
3584	2048	1	328	320	2.77890
3584	2048	1	370	224	5.45619
3584	2048	1	446	422	5.06957
3072	2560	1	316	84	3.83531
3072	2560	1	456	52	3.00729
3584	2048	1	112	470	1.30393
3584	2048	1	240	476	2.43589
3584	2048	1	350	466	2.75523
3584	2560	1	386	418	2.53274
3584	2560	1	42	102	5.81709
3072	2560	1	66	76	4.01425
3072	2560	1	234	84	0.00000
3072	2560	1	150	196	2.95176
3072	2560	1	344	174	4.98721
3584	2560	1	36	202	1.04062
3584	2560	1	156	92	3.96161
3584	2560	1	272	174	2.31738
3584	2048	1	458	510	1.64510
3584	2560	1	380	130	3.49097
3584	2560	1	440	148	3.32453
3584	2560	1	502	148	3.39690
3072	2560	1	100	322	3.15370
3072	2560	1	4	318	5.97857
3072	2560	1	38	188	1.35426
3072	2560	1	218	476	0.48719
3072	2560	1	274	362	2.37020
3072	2560	1	248	258	4.72897
3072	2560	1	396	338	5.66011
3584	2560	1	40	24	5.16514
3584	2560	1	58	356	1.21204
3584	2560	1	6	462	0.91338
3584	2560	1	74	508	4.22838
3072	2560	1	364	466	0.73934
3584	2560	1	328	86	0.00000
3584	2560	1	450	408	2.93744
3584	2560	1	510	376	2.63374
3584	2560	1	512	270	2.06433
3584	2560	1	162	264	2.28347
3584	2560	1	392	300	2.20878
3072	2560	2	460	181	0.00000
3072	2560	2	422	125	0.00000
3072	2560	1	158	392	0.00000
3584	2560	1	236	460	4.26004
3584	2560	1	198	196	5.09162
3584	2560	1	226	358	3.61515
3584	2560	1	354	466	2.58633
3072	3072	1	234	194	2.78830
3072	3072	1	322	178	5.23499
3072	3072	1	150	328	4.08658
3072	3072	1	78	260	4.11566
3072	3072	1	170	212	2.85892
3072	3072	1	38	50	3.81691
3072	3072	1	210	0	0.38277
3072	3072	1	246	54	3.76439
3072	3072	1	330	0	0.33174
3072	3072	1	400	66	5.79714
3584	3072	1	16	124	5.76927
3072	3072	1	474	184	5.05942
3584	3072	1	154	64	2.75428
3584	3072	1	254	22	3.62593
3584	3072	1	368	52	6.06614
3584	3072	1	334	140	2.91010
3584	3072	1	250	132	0.28388
3584	3072	1	422	114	3.54987
3584	3072	1	490	136	3.58216
3072	3072	1	402	312	1.42914
3584	3072	1	86	300	4.47311
3584	3584	1	40	154	0.00000
3072	3584	1	194	190	5.84270
3072	3584	1	140	272	2.50919
3584	3584	1	470	362	0.00000
3584	3584	1	372	484	0.40777
3072	3584	1	450	304	2.42160
3072	3584	1	406	420	2.32462
3072	3584	1	418	368	2.26207
3584	3584	1	196	364	5.62515
3584	3584	1	368	280	1.30446
3584	3584	1	370	340	4.21281
3584	3584	1	100	314	2.83311
3584	3584	1	296	394	3.21125
3072	3584	1	236	426	5.80877
3072	3584	1	88	332	2.57785
3072	3584	1	250	276	2.65268
3584	3584	1	28	466	0.00000
3584	3584	1	122	424	2.03941
3072	3584	1	100	446	4.10521
3072	3584	1	418	156	0.00000
3584	3584	1	116	174	0.40183
3584	3584	1	190	234	1.41482
3584	3584	1	378	206	4.44169
3584	3584	1	80	12	0.99737
3584	3584	1	474	122	1.21899
3584	3584	1	232	134	5.52926
3584	3584	1	388	90	0.99227
3584	3584	1	14	250	5.35747
3072	3584	1	288	224	2.52579
3072	3584	1	28	238	0.64315
3072	3072	1	454	512	3.60951
3072	3584	1	92	14	0.99439
3584	3584	1	278	36	2.14097
3072	3584	1	186	60	1.56384
3584	3584	1	414	16	1.94342
3072	3072	1	204	456	2.78420
3584	3072	1	56	432	4.07962
3072	3072	1	328	464	3.45025
3072	3584	1	342	80	3.23293
3584	3072	1	188	358	1.21943
3072	3072	1	272	362	1.98287
3072	3072	1	76	450	1.53993
3584	3072	1	500	424	0.97215
3584	3072	1	462	244	1.45542
3584	3072	1	268	258	4.54153
3584	3584	1	244	314	2.69027
3584	3072	1	334	462	1.31288
3584	3072	1	292	360	0.78963
3584	3072	1	396	354	0.00000
3072	3072	2	432	251	0.00000
3072	3584	2	130	159	0.00000
3072	3584	2	30	101	0.00000
3072	3584	1	200	512	2.76283
2048	3072	1	28	120	1.03972
2048	3072	1	112	44	0.75962
2048	3072	1	294	104	2.72681
2048	3072	1	216	42	3.01523
2048	3072	1	338	52	3.55311
2048	3072	1	454	56	3.79423
2560	3072	1	70	38	1.12735
2560	3072	1	138	64	5.42648
2560	3072	1	224	92	5.67961
2560	3072	1	270	2	5.87212
2560	3072	1	398	64	5.59714
2560	3072	1	392	170	3.19341
2560	3072	1	488	80	4.26628
2048	3072	1	72	188	1.23974
2048	3072	1	202	156	5.57477
2048	3072	1	56	246	4.57866
2048	3072	1	284	256	3.72552
2048	3072	1	406	160	5.52533
2560	3072	1	8	136	2.64455
2048	3072	1	468	228	5.75511
2048	3072	1	404	282	5.29029
2048	3072	1	210	350	4.21317
2048	3072	1	58	394	0.00000
2560	3072	1	110	218	2.61831
2560	3072	1	468	280	0.68598
2560	3072	1	308	328	5.57932
2560	3072	1	150	330	3.51458
2560	3072	1	66	346	3.08284
2048	3072	1	490	394	3.28371
2048	3072	1	338	406	5.90164
2048	3072	1	36	506	5.65004
2048	3072	1	160	480	3.16861
2048	3584	1	212	70	2.11935
2048	3584	1	354	28	4.37211
2560	3072	1	94	484	5.52410
2560	3072	1	208	394	3.92235
2560	3072	1	220	476	0.00000
2560	3072	1	334	488	5.69153
2560	3072	1	444	486	2.59112
2560	3072	1	512	444	0.00000
2048	3584	1	296	174	3.91285
2048	3584	1	26	142	3.32145
2048	3584	1	80	228	3.50770
2048	3584	1	166	254	4.60274
2048	3584	1	382	190	3.75369
2560	3584	1	4	52	0.49394
2560	3584	1	106	96	5.86231
2560	3584	1	178	78	0.00000
2560	3584	1	296	76	2.06023
2560	3584	1	386	152	0.73347
2560	3584	1	472	130	1.10492
2048	3584	1	502	150	0.43222
2560	3584	1	90	218	6.11349
2560	3584	1	148	222	0.00000
2560	3584	1	214	168	0.47008
2560	3584	1	260	222	0.67114
2560	3584	1	376	244	0.88886
2560	3584	1	454	278	0.51090
2560	3584	1	512	242	0.00000
2560	3584	1	474	344	0.50690
2048	3584	1	484	258	5.68437
2048	3584	1	360	258	4.40616
2048	3584	1	150	332	3.62978
2048	3584	1	292	346	2.96701
2048	3584	1	386	380	3.13193
2048	3584	1	474	378	1.23427
2560	3584	1	102	404	5.34295
2560	3584	1	212	348	4.29906
2560	3584	1	362	400	5.38713
2560	3584	1	390	472	4.07525
2560	3584	1	500	448	0.63584
2048	3584	1	490	512	1.76819
2048	3584	1	166	486	0.00000
2048	3584	1	236	458	5.94133
2048	3584	1	320	468	5.62831
2560	3584	1	230	440	5.73859
