1536	2560	1	402	416	2.02382
1536	2560	1	354	134	1.57893
1024	2560	1	316	342	1.18518
1536	2560	1	196	478	2.48811
1536	2560	1	320	496	3.82732
1536	2560	1	6	210	2.04702
1536	2560	1	66	440	5.09878
1536	2560	1	434	328	1.93362
1536	2560	1	434	248	3.50387
1536	2560	1	512	182	5.80200
1024	2560	1	484	466	2.10688
1024	2560	1	410	380	1.09899
1024	2560	1	186	438	2.99587
1024	2560	1	280	288	4.29497
1024	2560	1	108	284	5.67775
1024	2560	1	384	138	2.04520
1536	2048	1	170	302	3.94158
1024	2560	1	482	288	2.29421
1536	2560	1	110	50	1.36330
1536	2560	1	16	16	0.80718
1024	2560	1	18	268	2.96296
1024	2560	1	296	448	5.10718
1536	2048	1	64	440	4.37528
1536	2048	1	48	308	3.58390
1536	2048	1	332	432	2.53675
1536	2048	1	472	448	2.28998
1536	2048	1	256	340	4.44494
1536	2048	1	458	336	5.57679
1536	2560	1	196	162	5.84399
1024	2560	1	420	50	2.47387
1536	2560	1	88	150	5.81954
1536	2560	1	312	250	5.77233
1536	2560	1	346	74	4.54131
1536	2048	1	222	126	0.00000
1536	2048	1	322	210	0.00000
1024	2048	1	474	218	3.11327
1024	2048	1	242	372	0.38340
1024	2560	1	266	40	0.87295
1024	2560	1	72	150	2.90996
1536	2048	1	76	78	0.00000
1536	2048	1	366	88	2.05262
1536	2048	1	506	198	6.02940
1536	2048	2	486	52	0.00000
1024	2048	1	36	94	0.00000
1024	2048	1	96	58	5.29315
1024	2048	2	216	66	0.00000
1024	2048	1	98	234	0.60990
1536	2048	1	4	2	0.00000
1024	2560	1	112	512	3.94715
1536	3584	2	470	114	0.00000
1536	3584	2	350	76	0.00000
1536	3072	1	122	80	1.35970
1024	3072	1	144	82	1.15441
1024	3072	1	98	26	4.09471
1024	3072	2	8	114	0.00000
1024	3072	1	286	96	5.61490
1024	3072	1	366	98	5.66782
1024	3072	1	460	92	1.87620
1024	3072	2	480	24	0.00000
1024	3072	2	370	340	0.00000
1024	3584	2	166	32	0.00000
1024	3072	1	100	198	0.61460
1024	3072	1	160	218	0.26625
1024	3072	2	230	204	0.00000
1024	3072	1	304	286	0.00000
1024	3072	1	206	346	0.56192
1024	3072	1	36	318	5.53457
1024	3072	1	492	240	0.96921
1536	3072	1	186	160	0.81891
1536	3072	1	284	8	3.35996
1536	3072	1	382	64	1.37208
1536	3072	1	288	188	0.55911
1536	3072	1	414	148	1.39094
1024	3072	1	54	472	4.76474
1024	3584	1	0	24	1.99237
1024	3072	1	326	462	1.67550
1536	3072	1	20	382	0.49227
1536	3072	1	202	298	1.81003
1536	3072	1	378	232	4.84008
1536	3072	1	160	420	4.98156
1536	3072	1	116	482	5.20359
1024	3584	1	490	54	3.47954
1024	3584	1	294	50	3.79670
1024	3584	1	102	124	0.46365
1024	3584	1	230	124	2.46835
1024	3584	1	124	240	0.60836
1024	3584	1	354	132	1.51830
1024	3584	1	432	178	4.45507
1536	3072	1	482	270	0.00000
1536	3072	1	452	370	5.69714
1536	3072	1	386	382	5.49365
1536	3072	2	374	472	0.00000
1536	3072	1	276	408	0.63275
1536	3584	1	406	20	1.68849
1024	3072	2	386	190	0.00000
1024	3584	1	486	280	2.10456
1536	3584	2	38	208	0.00000
1536	3584	1	154	74	2.32062
1536	3584	1	110	140	5.11397
1536	3584	1	120	216	2.34499
1536	3584	1	264	42	2.67227
1536	3584	1	374	130	4.15379
1536	3584	1	286	208	5.47148
1536	3584	1	466	300	0.00000
1536	3584	1	380	338	5.30715
1536	3584	1	194	342	1.63875
1536	3584	1	54	390	1.72582
1024	3584	1	316	330	1.47976
1024	3584	1	184	422	0.00000
1024	3584	1	70	416	2.89721
1024	3584	1	36	516	2.45026
1024	3584	1	450	460	6.12639
1536	3584	1	48	492	0.41305
1536	3584	1	180	476	0.51123
1536	3584	1	358	474	0.28212
1536	3584	1	474	486	5.47235
1536	3584	2	244	258	0.00000
1024	3584	2	270	516	0.00000
1024	3584	2	344	516	0.00000
1536	3072	1	512	72	5.92382
2048	2048	2	266	512	0.00000
2560	2048	2	298	394	0.00000
2048	2560	2	436	324	0.00000
2048	2560	2	198	418	0.00000
2048	2560	2	170	362	0.00000
2048	2560	2	314	416	0.00000
2560	2560	2	14	478	0.00000
2560	2560	2	310	498	0.00000
2560	2560	2	464	330	0.00000
2048	2560	2	172	162	0.00000
2048	2560	2	316	200	0.00000
2560	2560	2	228	428	0.00000
2560	2560	2	512	12	0.00000
2048	2048	2	494	70	0.00000
2048	2048	2	472	14	0.00000
2048	2048	2	410	18	0.00000
2560	2048	1	192	132	0.00000
2048	2048	1	170	92	5.36055
2048	2048	1	274	72	2.49457
2048	2048	1	308	168	4.37561
2048	2048	1	392	324	6.03604
2560	2048	1	2	304	5.11782
2560	2048	1	122	264	5.70159
2560	2048	1	302	300	5.59246
2560	2048	1	380	194	0.44198
2560	2048	1	416	260	0.81797
2048	2048	1	102	334	3.87530
2048	2048	1	66	258	0.10004
2048	2048	1	0	192	6.04870
2048	2048	1	200	488	4.05857
2048	2048	1	386	466	5.26166
2560	2048	1	10	408	3.55194
2048	2048	1	314	348	0.00000
2048	2048	1	206	224	2.52295
2048	2048	1	180	342	0.61417
2048	2048	1	478	200	1.60144
2560	2048	1	74	126	3.67211
2560	2048	2	138	16	0.00000
2560	2048	1	188	270	2.77508
2560	2048	1	432	30	0.00000
2560	2048	1	318	98	0.00000
2048	2560	1	496	90	4.00121
2048	2560	2	408	56	0.00000
2560	2560	1	290	38	3.88776
2560	2560	1	410	8	4.23979
2560	2560	1	416	130	5.95704
2048	2560	1	26	34	3.86578
2048	2560	1	84	104	3.89290
2560	2560	1	174	110	3.25021
2560	2560	1	76	114	0.41538
2048	2560	1	488	250	1.34506
2560	2560	1	280	206	4.27859
2048	2560	1	290	80	5.18254
2048	2560	1	384	112	6.01849
2048	2560	1	240	198	0.14248
2048	2560	1	134	222	5.30535
2048	2560	2	16	246	0.00000
2560	2560	1	232	318	5.39702
2560	2560	1	512	196	1.72120
2560	2560	1	512	274	1.92357
2560	2560	1	118	364	5.28091
2560	2560	1	414	366	5.75773
2560	2560	1	362	476	0.00000
2560	2560	1	470	512	0.85559
2048	2560	1	20	428	4.04882
2048	2560	1	72	512	3.19439
2048	2560	1	166	512	0.00000
2048	2560	1	230	512	0.00000
2048	2560	1	316	512	3.30593
2048	2560	1	402	456	0.08827
2048	2560	1	478	454	3.85114
2560	2560	1	118	474	5.46480
2560	2560	1	260	512	2.88463
2048	2560	1	264	310	3.38084
2048	2560	1	102	306	2.14540
2560	2048	1	512	90	4.83882
3072	2048	1	28	157	2.55682
3072	2048	1	174	141	2.65295
3072	2048	1	238	93	2.53437
3072	2048	1	363	88	3.82713
3072	2048	1	479	49	2.80346
3072	2048	1	397	184	0.18962
3072	2048	1	489	182	3.76121
3584	2048	1	157	110	0.00000
3584	2048	1	261	82	3.88391
3584	2048	1	389	83	6.10945
3584	2048	1	462	64	0.00000
3072	2048	1	85	264	5.60770
3072	2048	1	130	207	2.40583
3072	2048	1	288	214	4.08777
3072	2048	1	113	367	0.98182
3072	2048	1	303	306	3.17901
3072	2048	1	385	353	4.02366
3584	2048	1	57	286	4.99238
3072	2048	1	499	354	4.31784
3584	2048	1	386	198	5.20278
3584	2048	1	296	202	1.95299
3584	2048	1	314	309	2.24500
3584	2048	1	445	310	1.31499
3072	2048	1	216	405	4.94977
3072	2048	1	63	473	4.87751
3072	2560	1	185	6	0.17755
3584	2048	1	100	429	3.93578
3584	2560	1	160	26	5.29201
3584	2048	1	432	446	5.57727
3584	2048	1	327	501	2.29324
3072	2560	1	361	9	5.60154
3072	2560	2	316	31	0.00000
3072	2560	1	223	109	3.58181
3072	2560	2	165	76	0.00000
3072	2560	1	45	79	4.82201
3072	2560	1	39	188	4.97533
3072	2560	1	253	191	4.36465
3072	2560	1	487	137	2.06478
3584	2560	1	92	104	6.02264
3584	2560	2	11	78	0.00000
3584	2560	1	178	142	2.15585
3584	2560	1	305	148	5.51250
3584	2560	1	421	53	3.92303
3584	2560	1	464	163	0.00000
3072	2560	1	151	300	2.96997
3072	2560	1	226	355	2.67537
3072	2560	1	287	313	2.73934
3072	2560	1	351	254	0.00000
3072	2560	1	452	284	2.65837
3584	2560	1	24	231	2.06477
3584	2560	1	298	239	2.57709
3584	2560	1	229	282	5.65294
3072	2560	1	71	382	5.05542
3072	2560	1	236	470	2.08509
3072	2560	1	365	457	3.58686
3072	2560	1	438	425	3.00125
3584	2560	1	69	369	4.35532
3584	2560	1	52	455	2.21903
3584	2560	1	182	346	3.06072
3584	2560	1	369	335	0.49597
3584	2560	2	168	486	0.00000
3584	2560	2	234	453	0.00000
3584	2560	1	408	471	5.95673
3584	2560	1	492	480	5.93685
3584	2560	1	505	339	5.87083
3584	2560	1	302	512	1.11990
3584	2560	2	330	447	0.00000
3584	2560	2	401	238	0.00000
3072	2560	1	103	512	2.04471
3072	3584	1	70	486	1.53072
3072	3584	1	404	468	0.29903
3584	3584	1	440	138	2.66997
3584	3584	1	322	202	0.76065
3584	3584	1	74	426	0.55169
3584	3584	1	422	278	3.03113
3584	3584	1	512	248	0.00000
3584	3584	1	498	72	5.86624
3072	3584	1	502	416	0.70524
3584	3584	1	48	258	2.59618
3072	3584	1	160	418	0.97984
3072	3584	1	206	306	6.15349
3072	3584	1	300	270	0.78281
3072	3584	1	70	338	2.57412
3072	3584	1	108	274	2.52317
3072	3584	1	28	394	2.62427
3584	3584	2	437	411	0.00000
3584	3584	2	351	499	0.00000
3584	3584	2	223	457	0.00000
3072	3584	2	165	497	0.00000
3584	3584	2	247	361	0.00000
3584	3584	2	198	334	0.00000
3584	3584	1	114	302	3.17388
3584	3584	1	234	162	0.00000
3072	3584	1	430	206	1.04430
3072	3584	1	464	292	4.63355
3072	3584	1	240	182	1.58614
3072	3584	1	438	110	5.59080
3072	3584	1	54	128	2.58105
3072	3584	1	126	70	1.96958
3072	3072	1	236	512	3.67122
3584	3584	1	44	124	2.38180
3072	3584	1	298	104	4.92032
3072	3072	1	116	498	0.79873
3584	3584	1	46	10	2.89093
3072	3072	1	44	368	4.18464
3072	3072	1	84	432	0.89634
3584	3584	1	194	30	0.32281
3584	3584	1	112	22	6.03462
3584	3584	1	276	70	6.02977
3584	3584	1	380	48	0.81781
3584	3072	1	272	396	0.00000
3584	3072	1	334	496	1.84252
3584	3072	1	400	442	5.12479
3584	3072	1	190	442	3.38690
3072	3072	1	430	510	5.37557
3072	3584	1	320	2	0.12261
3072	3072	1	250	360	2.26176
3072	3072	1	122	268	1.57813
3584	3072	2	40	359	0.00000
3072	3072	1	410	408	1.52664
3584	3072	2	388	367	0.00000
3584	3072	2	334	351	0.00000
3072	3072	1	98	134	2.90075
3072	3072	1	26	114	0.31633
3072	3072	1	260	158	6.00484
3072	3072	1	190	164	2.96930
3072	3072	1	356	290	5.54789
3072	3072	1	390	154	1.08526
3072	3072	1	448	206	0.99705
3072	3072	1	490	288	3.48053
3072	3072	1	396	52	0.00000
3072	3072	1	476	40	3.87081
3584	3072	1	16	86	4.38930
3584	3072	1	40	190	5.84716
3072	3072	1	146	40	2.25030
3584	3072	1	176	64	4.95406
3584	3072	1	124	212	3.59846
3584	3072	1	114	326	4.37021
3584	3072	1	224	186	4.25150
3584	3072	1	256	266	4.79818
3584	3072	1	386	104	0.00000
3584	3072	1	492	112	3.90136
3584	3072	2	296	15	0.00000
3584	3072	2	442	15	0.00000
3584	3072	1	386	186	5.71025
3584	3072	1	360	264	5.47275
3584	3072	1	466	252	3.54891
3584	3072	2	508	401	0.00000
3072	3584	2	314	433	0.00000
3584	3584	2	338	361	0.00000
2048	3072	1	230	60	0.38274
2048	3072	1	148	46	0.40204
2560	3072	1	54	74	1.29885
2560	3072	1	114	140	1.59871
2560	3072	2	148	68	0.00000
2560	3072	2	218	134	0.00000
2560	3072	2	342	244	0.00000
2048	3072	2	46	386	0.00000
2048	3072	2	168	484	0.00000
2048	3072	2	502	442	0.00000
2048	3072	2	300	432	0.00000
2560	3072	2	94	436	0.00000
2560	3584	2	388	70	0.00000
2048	3072	1	120	150	1.92563
2048	3072	1	316	198	0.00000
2048	3072	1	468	182	0.00000
2048	3072	1	238	178	3.53783
2048	3072	1	192	334	3.69014
2048	3072	1	276	376	4.67900
2048	3072	1	390	280	6.01402
2560	3072	1	40	222	4.08690
2560	3072	1	166	324	0.00000
2560	3072	1	440	158	0.54042
2560	3072	1	336	172	0.64621
2560	3072	1	258	340	4.07702
2560	3072	1	450	314	4.55471
2560	3072	1	394	454	4.72388
2560	3072	2	236	478	0.00000
2560	3072	1	148	506	2.31540
2560	3072	1	38	450	0.00000
2560	3072	1	76	334	2.08794
2048	3072	1	370	384	2.84852
2048	3072	1	352	504	1.20936
2048	3584	1	414	100	3.49390
2048	3584	2	246	52	0.00000
2048	3584	1	90	82	0.57889
2560	3584	1	254	36	0.54732
2560	3584	1	486	64	0.00000
2560	3584	1	80	54	5.33490
2560	3584	1	54	104	2.33660
2560	3584	1	380	144	4.48029
2048	3584	1	250	194	3.64869
2048	3584	1	80	228	1.92319
2048	3584	1	176	310	3.27344
2048	3584	1	376	284	1.57371
2048	3584	1	466	228	1.62314
2560	3584	1	88	190	4.98216
2560	3584	1	300	240	2.19897
2560	3584	1	426	262	2.60927
2560	3584	1	142	272	4.30827
2560	3584	1	22	328	0.91972
2048	3584	1	436	380	6.17253
2048	3584	1	300	384	5.10504
2048	3584	1	68	364	5.71987
2560	3584	1	24	418	1.01331
2560	3584	1	114	426	6.12573
2560	3584	1	222	316	0.30541
2560	3584	1	408	406	5.99647
2560	3584	1	240	386	4.46741
2560	3584	2	346	346	0.00000
2560	3584	1	324	40	3.60193
2048	3584	1	356	450	3.25702
2560	3584	1	510	230	1.88900
2560	3584	1	240	442	1.44154
