1024	2560	1	42	416	2.96400
1024	2560	1	170	498	1.15115
1024	2560	1	26	248	1.25142
1024	2560	1	126	364	1.23380
1024	2560	1	306	168	3.89888
1024	2560	1	46	150	1.97569
1024	2560	1	344	334	1.44830
1024	2560	1	326	288	4.70239
1536	2560	1	396	386	5.72199
1024	2560	1	298	46	0.54606
1536	2560	1	144	242	0.00000
1024	2560	1	462	114	5.34227
1536	2560	1	246	284	2.22762
1536	2560	1	52	246	2.65469
1536	2560	1	226	352	1.94211
1536	2560	1	314	260	5.41465
1536	2560	1	414	266	5.64192
1536	2048	1	30	488	0.00000
1536	2560	1	218	110	4.73997
1536	2560	1	340	138	2.38400
1536	2560	1	320	42	1.08913
1536	2560	1	438	20	2.65348
1536	2048	1	512	510	3.27242
1536	2048	1	100	460	0.00000
1536	2048	1	186	476	2.30267
1536	2048	1	430	354	2.56145
1536	2048	1	324	408	0.00000
1536	2560	1	332	448	5.08896
1536	2560	1	438	150	5.80749
1536	2560	1	178	482	2.09559
1536	2560	1	366	512	4.84066
1024	2560	1	412	454	0.34862
1536	2560	1	508	512	2.80216
1536	2560	1	30	482	1.01849
1024	2560	1	218	418	4.81403
1536	2560	1	2	354	0.00000
1024	2560	1	154	222	3.54317
1024	2048	1	512	398	0.83555
1024	2048	1	218	384	0.08018
1536	2048	1	232	372	0.32175
1536	2048	1	136	328	2.19959
1024	2048	1	502	306	4.09591
1024	2048	1	500	204	4.01831
1536	2048	1	270	242	1.13232
1536	2048	1	228	134	0.07922
1536	2048	1	512	160	0.82763
1536	2048	1	414	38	0.88313
1536	2048	1	276	84	5.35590
1536	2048	1	176	22	2.03991
1536	2048	1	12	12	0.00000
1024	2048	1	256	0	0.00000
1024	2048	1	42	22	4.05791
1024	2048	1	54	142	5.13902
1024	2048	1	96	290	4.71661
1024	2048	1	218	194	2.16930
1024	2048	1	462	140	0.78900
1536	2048	1	106	208	5.98912
1024	2048	2	204	75	0.00000
1536	2048	2	512	59	0.00000
1024	2560	2	198	288	0.00000
1536	2560	2	474	416	0.00000
1024	2560	2	358	440	0.00000
1024	3072	1	108	78	6.02019
1024	3072	1	228	54	4.08628
1024	3072	1	304	118	4.77202
1024	3072	1	116	232	6.07628
1024	3072	1	188	214	0.07677
1024	3072	1	504	18	4.02526
1024	3072	1	494	90	4.15423
1536	3072	1	110	112	0.44611
1536	3072	1	230	102	3.55740
1536	3072	1	346	12	4.56919
1536	3072	1	402	108	1.65880
1536	3072	1	502	38	2.88705
1536	3072	1	510	248	3.52363
1536	3072	1	366	222	0.69194
1536	3072	1	28	202	0.00000
1024	3072	1	448	206	5.67576
1024	3072	1	344	254	0.00000
1024	3072	1	268	234	3.81008
1024	3072	1	140	362	0.48218
1024	3072	1	56	444	3.06883
1024	3584	1	14	44	1.89770
1024	3584	1	82	134	0.33790
1024	3072	1	184	468	0.42969
1536	3072	1	248	260	2.68993
1536	3072	1	434	340	5.68403
1536	3072	1	354	362	1.70075
1536	3072	1	200	318	5.22942
1536	3072	1	182	376	4.67558
1536	3072	1	24	316	0.93284
1024	3072	1	268	412	6.10553
1024	3584	1	294	32	0.90852
1536	3072	1	2	446	0.00000
1024	3584	1	382	58	4.00265
1024	3584	1	208	134	1.15881
1024	3584	1	370	168	4.69110
1536	3072	1	88	464	3.43720
1536	3072	1	230	462	0.69699
1536	3072	1	496	476	1.84905
1536	3584	1	402	100	3.54255
1536	3584	1	124	66	3.48603
1536	3584	1	232	74	1.11425
1024	3584	1	320	258	1.23424
1536	3584	1	62	232	2.26269
1536	3584	1	392	254	4.81152
1536	3584	1	288	228	0.78966
1536	3584	1	178	180	4.68594
1024	3584	1	476	292	6.28109
1024	3584	1	78	308	0.99875
1024	3584	1	386	402	0.51306
1024	3584	1	202	350	4.73834
1024	3584	1	20	500	2.25813
1024	3584	1	92	462	5.57172
1536	3584	1	66	466	0.20144
1536	3584	1	20	396	0.45629
1536	3584	1	168	320	0.21973
1536	3584	1	192	446	0.33513
1536	3584	1	322	358	0.00000
1536	3584	1	378	354	0.00000
1536	3584	1	322	492	5.50988
1536	3584	1	486	454	5.04846
1536	3584	2	476	120	0.00000
1536	3584	2	16	46	0.00000
1536	3072	2	376	460	0.00000
1536	3584	2	512	328	0.00000
1536	3584	2	494	180	0.00000
2048	2560	2	164	362	0.00000
2048	2560	2	194	414	0.00000
2048	2560	2	170	150	0.00000
2048	2560	2	232	164	0.00000
2048	2560	2	316	208	0.00000
2048	2560	2	376	102	0.00000
2048	2560	2	400	52	0.00000
2560	2560	2	294	2	0.00000
2560	2560	2	466	332	0.00000
2560	2560	1	430	190	0.00000
2560	2560	1	512	128	0.38973
2560	2560	1	450	512	2.61248
2560	2560	1	358	438	5.97614
2560	2560	1	230	442	6.12135
2560	2560	1	512	414	5.97731
2560	2560	1	314	314	3.99713
2560	2560	1	512	256	1.60708
2560	2560	2	308	486	0.00000
2560	2048	1	282	446	4.05892
2560	2560	1	28	196	0.00000
2560	2048	1	458	338	1.16000
2048	2560	1	458	416	4.70845
2560	2560	1	268	188	0.24498
2560	2560	1	354	142	0.00000
2560	2048	1	370	488	0.55873
2560	2560	1	448	36	0.64377
2560	2560	1	158	332	0.07848
2560	2560	2	22	484	0.00000
2048	2560	2	478	480	0.00000
2048	2560	2	438	318	0.00000
2560	2560	1	16	320	2.55414
2048	2560	1	194	260	3.76293
2048	2560	1	32	512	4.97215
2048	2560	1	102	266	0.00000
2048	2560	1	478	130	6.00316
2048	2560	1	66	454	4.80279
2048	2560	1	226	86	5.12224
2560	2560	1	106	106	5.99066
2048	2560	1	310	366	4.33911
2048	2560	1	368	242	0.47761
2048	2560	1	312	464	4.55315
2560	2048	1	24	484	3.45571
2048	2560	1	72	134	3.77154
2048	2048	1	300	374	4.18042
2048	2048	1	88	490	6.10647
2048	2048	1	494	396	4.45338
2048	2048	1	18	510	3.08643
2048	2048	1	352	442	4.19324
2048	2048	1	404	510	1.78323
2560	2560	1	206	48	2.17958
2560	2560	1	196	140	2.84334
2048	2048	1	234	274	0.00000
2560	2048	1	82	258	6.17219
2048	2048	1	470	176	0.72470
2048	2048	1	374	130	5.04209
2048	2048	1	352	56	4.66365
2048	2048	1	96	320	4.32540
2048	2048	1	164	408	3.08534
2048	2048	2	266	508	0.00000
2048	2048	2	208	510	0.00000
2048	2048	1	136	168	2.40639
2048	2048	1	178	110	3.23367
2048	2048	1	52	0	5.56316
2048	2048	1	38	136	0.48503
2560	2048	1	70	112	5.79025
2048	2048	2	508	66	0.00000
2560	2048	1	176	148	5.71709
2560	2048	1	328	298	2.39132
2560	2048	1	478	256	1.57782
2560	2048	1	494	158	1.03038
2560	2048	1	428	62	5.98187
2560	2048	1	302	120	0.12996
2560	2048	1	272	0	0.46365
2560	2048	1	210	56	3.07647
2560	2048	1	376	192	3.27563
3584	2560	1	184	502	2.81591
3584	2560	1	478	336	0.83242
3584	2560	1	180	238	3.05914
3584	2560	1	218	340	5.84460
3584	2560	1	458	266	0.66104
3584	2560	1	236	460	4.94784
3584	2560	1	326	370	5.73050
3072	2560	1	508	480	2.38664
3584	2560	1	112	398	0.89157
3584	2560	1	432	448	6.04458
3584	2560	2	342	452	0.00000
3584	2560	1	412	192	4.47629
3584	2560	1	372	298	2.65787
3584	2560	1	294	36	0.23485
3584	2560	1	246	142	1.46014
3584	2560	1	262	216	3.87871
3584	2560	1	106	290	0.00000
3584	2560	1	506	62	2.58384
3584	2048	1	392	466	2.65776
3072	2560	1	404	358	2.66353
3072	2560	1	252	306	3.15340
3072	2560	1	386	490	0.00000
3072	2560	1	322	382	3.24896
3584	2560	1	12	326	3.76769
3072	2560	1	186	450	4.36303
3072	2560	2	462	190	0.00000
3072	2560	2	440	126	0.00000
3072	2560	2	164	86	0.00000
3072	2560	1	64	280	2.20745
3072	2560	1	100	122	0.00000
3072	2560	1	366	220	4.13722
3584	2560	1	22	178	5.80699
3072	2560	1	2	450	0.04851
3072	2560	1	92	402	3.30918
3072	2560	1	250	106	2.86417
3584	2048	1	330	262	2.32818
3584	2560	1	114	44	2.20966
3584	2048	1	384	92	6.07947
3072	2560	1	510	78	1.67084
3072	2048	1	60	486	2.51611
3072	2560	1	360	114	0.52925
3584	2560	1	114	154	2.96372
3584	2048	1	64	444	3.68222
3584	2048	1	158	474	0.00000
3584	2048	1	238	476	3.37773
3584	2048	1	266	90	3.58157
3584	2048	1	460	68	0.00000
3584	2048	1	390	222	5.44535
3584	2048	1	154	96	0.15608
3584	2048	1	180	310	4.09252
3072	2048	1	454	320	4.29058
3584	2048	1	8	398	3.74246
3072	2048	1	382	466	3.15670
3072	2048	1	310	384	1.02012
3072	2048	1	204	300	2.20517
3072	2048	1	146	368	5.10738
3072	2048	1	288	262	2.71216
3072	2048	1	348	216	5.81954
3072	2048	1	394	174	5.91257
3584	2048	1	26	270	5.20371
3072	2048	1	512	112	2.14936
3072	2048	1	352	40	2.89296
3072	2048	1	230	114	4.55595
3072	2048	1	202	50	4.28906
3072	2048	1	96	48	0.42285
3072	2048	1	0	292	0.74131
3072	2048	1	0	138	1.97537
3072	2048	2	16	64	0.00000
3072	2560	2	310	20	0.00000
3584	2048	1	210	0	6.08579
3584	2048	1	512	126	0.00000
3072	3584	1	34	116	4.80671
3072	3584	1	248	100	0.99286
3072	3584	1	422	498	3.49850
3584	3584	1	86	12	5.97386
3584	3584	1	14	148	5.92029
3584	3584	1	20	50	5.30039
3584	3584	1	180	202	0.88971
3584	3584	1	484	404	3.83454
3584	3584	1	106	468	2.95085
3072	3584	1	248	362	1.05165
3584	3584	1	292	378	0.66159
3072	3584	1	502	450	5.77280
3072	3584	1	212	498	0.58048
3584	3584	1	248	218	0.89004
3072	3584	1	186	328	3.56473
3584	3584	1	390	390	3.19207
3584	3584	1	268	308	4.67767
3584	3584	1	170	502	2.94007
3584	3584	1	30	406	2.21083
3072	3584	1	250	200	3.33559
3072	3584	1	346	440	1.19842
3072	3584	1	132	464	3.71353
3072	3584	1	40	372	2.32641
3072	3584	1	56	296	2.18394
3584	3584	1	384	262	0.36520
3584	3584	1	382	512	0.64615
3072	3584	1	96	254	2.24259
3072	3584	1	398	126	1.55764
3072	3584	1	416	208	1.19340
3072	3584	1	126	176	1.76300
3072	3584	1	352	328	0.00000
3072	3584	1	474	294	0.63674
3584	3584	1	70	344	5.32954
3584	3584	1	150	318	2.70084
3584	3584	1	104	216	0.46365
3584	3584	1	316	462	0.55184
3584	3584	1	238	404	5.90268
3072	3584	1	48	32	2.18051
3584	3584	1	458	228	3.48427
3584	3584	1	466	328	3.57873
3584	3584	1	340	208	4.24356
3584	3584	1	430	118	0.00000
3072	3072	1	384	498	2.54640
3584	3584	1	482	92	2.61235
3584	3584	1	340	100	3.28093
3584	3584	1	250	102	0.93195
3584	3584	1	212	70	4.24578
3584	3584	1	366	6	1.79260
3584	3072	1	302	342	0.47010
3584	3072	1	160	490	5.45176
3072	3072	1	210	310	6.18773
3584	3072	1	484	472	1.73695
3584	3072	1	458	356	0.88909
3584	3072	1	348	438	1.92912
3584	3072	1	224	384	3.89670
3584	3072	1	102	374	1.02041
3072	3072	1	406	422	2.44044
3072	3072	1	454	340	2.09929
3072	3584	1	146	8	3.08416
3584	3072	1	512	390	1.90189
3072	3584	1	214	2	2.94547
3072	3072	1	286	372	3.49723
3584	3072	1	484	128	2.77723
3584	3072	1	430	86	3.70832
3584	3072	1	458	258	4.00003
3584	3072	1	352	178	2.04649
3584	3072	1	334	114	4.40766
3584	3072	1	318	40	5.26788
3584	3072	1	188	50	1.76919
3584	3072	1	96	42	0.08314
3584	3072	1	242	136	3.73520
3584	3072	1	266	262	4.88778
3584	3072	1	182	254	0.36255
3584	3072	1	84	182	1.67714
3072	3072	1	484	150	3.92310
3072	3072	1	460	44	3.33899
3072	3072	1	386	2	0.00000
3072	3072	1	210	44	5.32801
3072	3072	1	150	130	2.11935
3072	3072	1	44	152	3.42135
3072	3072	1	38	352	0.00000
3072	3072	1	126	264	4.86456
3072	3072	1	290	166	3.40674
3072	3072	1	396	122	5.57979
3072	3072	2	430	249	0.00000
3584	3072	2	12	203	0.00000
3584	3072	2	368	333	0.00000
3072	3072	2	256	454	0.00000
3584	3072	2	252	420	0.00000
2048	3072	1	280	114	5.90681
2048	3072	1	142	106	0.17314
2048	3072	1	192	190	4.10073
2048	3072	1	426	42	5.26231
2048	3072	1	58	296	0.42291
2048	3072	1	38	214	0.56673
2560	3072	1	42	110	0.51895
2048	3072	1	232	350	1.42890
2560	3072	1	122	158	2.73670
2560	3072	1	220	232	0.30991
2560	3072	1	384	126	2.84960
2048	3072	1	510	336	0.32175
2560	3072	1	80	334	0.26212
2560	3072	1	144	388	0.00000
2048	3072	1	384	382	5.98284
2048	3584	1	138	26	0.55098
2048	3584	1	116	198	5.49779
2048	3584	1	314	6	0.51123
2560	3072	1	212	476	0.00000
2560	3072	1	252	404	5.69844
2560	3072	1	320	358	2.62345
2560	3072	1	426	300	1.24631
2560	3072	2	346	242	0.00000
2560	3072	2	232	128	0.00000
2560	3072	2	136	72	0.00000
2048	3072	2	222	272	0.00000
2048	3072	2	288	278	0.00000
2048	3072	2	460	286	0.00000
2048	3072	2	402	178	0.00000
2048	3072	2	44	376	0.00000
2048	3072	2	20	108	0.00000
2048	3584	1	222	50	5.49331
2048	3584	1	500	116	0.29835
2560	3584	1	36	176	0.32175
2560	3584	1	132	196	3.50270
2560	3584	1	248	92	0.30541
2560	3584	1	348	100	0.12435
2560	3584	1	434	90	0.12435
2560	3072	1	408	478	4.80684
2560	3072	1	460	400	1.97404
2560	3072	2	92	432	0.00000
2560	3584	1	138	6	4.31182
2048	3584	1	446	22	2.97618
2048	3584	1	370	104	0.00000
2048	3584	1	248	164	3.82270
2560	3584	1	468	252	0.00000
2560	3584	1	344	264	0.00000
2560	3584	1	222	234	2.73637
2560	3584	1	264	332	1.90359
2048	3584	1	430	394	0.15563
2560	3584	1	72	316	5.16392
2560	3584	1	52	378	5.19295
2560	3584	1	56	450	5.16123
2048	3584	1	198	408	6.15295
2048	3584	1	262	348	0.00000
2048	3584	1	404	194	0.38618
2048	3584	1	408	288	1.58868
2048	3584	1	52	220	2.02038
2048	3584	1	48	312	0.92165
2048	3584	1	6	466	4.71239
2048	3584	1	136	486	0.00000
2048	3584	1	324	492	0.00000
2560	3584	1	464	408	0.00000
2560	3584	1	398	436	5.65872
2560	3584	1	276	442	0.00000
2560	3072	1	468	12	2.46532
2560	3072	2	98	230	0.00000
2048	3584	1	0	136	3.85335
2560	3584	1	512	492	0.60554
2048	3072	2	498	438	0.00000
2048	3584	1	194	236	0.00000
