1024	2048	1	252	356	0.54546
1024	2048	1	90	230	1.08289
1024	2048	1	50	108	0.42020
1024	2048	1	254	130	3.85022
1024	2048	1	484	252	2.85870
1536	2048	1	124	380	5.81954
1536	2048	1	228	286	4.06761
1024	2048	2	188	78	0.00000
1024	2048	2	254	10	0.00000
1024	2048	2	440	12	0.00000
1024	2048	2	510	28	0.00000
1536	2048	2	488	64	0.00000
1536	2048	1	352	56	5.59583
1536	2048	2	230	158	0.00000
1536	2048	1	94	60	0.00000
1536	2048	2	252	60	0.00000
1024	2560	1	270	36	0.93972
1024	2560	1	470	64	2.39175
1536	2560	1	120	44	1.45425
1536	2048	1	266	480	1.81506
1536	2048	2	270	338	0.00000
1536	2048	1	458	268	3.13346
1536	2048	1	388	346	2.24554
1536	2048	1	430	490	0.24498
1536	2048	2	512	290	0.00000
1536	2048	2	512	502	0.00000
1536	2560	1	60	138	0.00000
1536	2560	1	166	168	0.00000
1536	2560	1	258	226	5.97614
1024	2560	1	146	294	2.89568
1024	2560	2	198	278	0.00000
1024	2560	1	82	132	2.97101
1024	2560	1	48	196	2.45522
1024	2560	1	30	290	5.51244
1024	2560	1	100	452	3.21657
1024	2560	1	314	512	4.36826
1024	2560	1	190	506	0.92725
1024	2560	1	264	310	4.04657
1024	2560	1	260	380	1.36249
1536	2560	1	412	434	1.93083
1536	2560	1	374	504	5.77229
1536	2560	1	202	448	2.81879
1536	2560	1	54	430	5.16855
1024	2560	1	386	342	5.67587
1024	2560	1	480	342	2.15924
1536	2560	1	96	376	2.44112
1536	2560	1	82	512	5.00557
1536	2560	1	170	322	5.23563
1536	2560	1	54	228	1.87632
1536	2560	1	420	126	0.00000
1536	2560	1	294	92	3.90834
1536	2560	1	474	278	0.84447
1536	2560	2	494	156	0.00000
1536	2560	1	338	222	3.19908
1536	2560	2	512	366	0.00000
1536	2560	2	258	454	0.00000
1536	3072	1	316	308	0.00000
1536	3072	1	406	32	5.64288
1536	3072	1	480	120	1.35113
1536	3072	1	336	102	3.81565
1536	3072	1	218	102	4.06890
1536	3072	1	226	208	3.46827
1536	3072	1	456	216	0.89496
1536	3072	1	432	344	0.60499
1536	3072	1	452	490	5.97945
1536	3072	2	370	460	0.00000
1536	3584	1	394	136	0.38434
1536	3584	2	470	104	0.00000
1536	3584	1	402	250	4.05924
1536	3584	2	496	268	0.00000
1536	3584	2	512	146	0.00000
1536	3072	1	62	98	3.87375
1536	3072	1	106	8	5.33209
1024	3072	1	410	112	2.90319
1024	3072	1	326	146	5.93818
1024	3072	1	238	108	0.26563
1024	3072	1	154	110	5.31626
1024	3072	1	150	10	0.82242
1024	3072	1	30	38	5.97219
1024	3072	1	30	200	5.94810
1024	3072	1	166	186	4.55974
1024	3072	1	184	320	5.16401
1024	3072	1	262	258	5.82357
1024	3072	1	312	306	0.27417
1024	3072	1	426	244	3.74253
1536	3072	1	32	266	5.69518
1536	3072	1	92	224	5.53693
1536	3072	1	150	438	4.98853
1536	3584	1	272	8	2.48921
1536	3584	1	418	444	5.37221
1536	3584	1	408	332	1.47913
1536	3584	1	314	232	3.60524
1536	3584	1	298	488	3.73931
1536	3584	1	258	398	3.88818
1024	3584	1	338	328	2.15956
1024	3584	1	54	384	2.62577
1024	3584	1	368	264	3.15125
1024	3584	1	300	442	0.00000
1024	3584	1	466	298	1.08276
1536	3584	1	116	298	1.91382
1536	3584	1	148	426	3.46334
1536	3584	1	148	206	5.45207
1024	3584	1	458	440	0.42460
1536	3584	1	64	450	3.31378
1024	3584	1	100	268	0.00000
1024	3584	1	10	482	5.41796
1536	3584	1	4	174	4.71340
1536	3072	1	66	502	3.00904
1024	3072	1	486	368	1.11657
1024	3072	1	456	450	1.36793
1024	3584	1	482	50	3.73429
1024	3584	1	342	128	1.39713
1024	3584	1	384	26	1.42265
1024	3584	1	240	150	0.03764
1024	3584	1	176	124	2.99519
1024	3584	1	82	130	0.73416
1024	3072	1	66	456	3.46334
1024	3072	1	198	506	2.41911
1024	3072	1	314	472	0.84198
1024	3072	1	214	426	1.40986
1024	3072	2	474	34	0.00000
1536	3584	2	332	68	0.00000
2048	2048	1	388	74	6.02232
2048	2048	1	382	436	5.06845
2560	2048	1	106	252	5.60100
2560	2048	1	156	186	5.78421
2560	2048	1	256	294	3.74117
2560	2048	1	410	344	2.05204
2048	2560	2	230	154	0.00000
2048	2560	2	174	152	0.00000
2048	2560	2	320	204	0.00000
2048	2560	2	404	160	0.00000
2560	2560	2	460	330	0.00000
2560	2560	2	292	6	0.00000
2048	2560	2	164	364	0.00000
2048	2560	2	198	414	0.00000
2048	2560	2	322	428	0.00000
2560	2560	2	16	478	0.00000
2560	2560	2	312	482	0.00000
2048	2560	2	410	50	0.00000
2560	2560	2	20	164	0.00000
2560	2048	2	292	386	0.00000
2560	2048	1	196	124	0.00000
2048	2048	1	460	198	1.56127
2048	2048	1	348	262	4.29343
2048	2048	1	466	354	0.00650
2560	2048	1	66	370	3.65638
2048	2560	1	328	12	4.29198
2048	2560	1	118	10	5.41353
2048	2048	1	222	330	3.17915
2048	2048	1	48	364	4.39572
2048	2048	1	36	254	0.36084
2048	2048	1	164	72	2.69738
2560	2048	1	316	82	0.10532
2560	2048	1	420	180	1.11633
2048	2048	1	42	38	2.59490
2048	2048	1	50	150	1.13324
2048	2048	1	476	36	1.92011
2560	2048	1	78	106	3.70253
2560	2048	1	446	28	5.76235
2560	2048	1	164	0	0.01459
2560	2048	1	4	0	5.06314
2560	2048	1	442	242	1.11552
2560	2560	1	10	52	4.06177
2048	2048	1	14	500	5.74948
2048	2560	1	274	108	4.92360
2048	2560	1	416	240	0.55410
2560	2048	1	234	440	1.82232
2560	2048	1	368	462	2.91704
2560	2048	1	470	500	3.54923
2560	2560	1	188	76	2.21237
2560	2560	1	408	108	2.18036
2560	2560	1	284	176	3.74085
2560	2560	1	382	248	0.49917
2048	2560	1	90	172	0.56887
2048	2560	1	0	82	4.80739
2048	2560	1	154	282	0.83773
2048	2560	1	16	400	6.04299
2048	2560	1	88	396	2.93044
2048	2560	1	318	330	4.84621
2560	2560	1	130	218	0.00000
2560	2560	1	512	174	0.72556
2048	2560	1	444	294	0.00000
2560	2560	1	8	258	2.70717
2560	2560	1	70	388	3.91717
2560	2560	1	288	382	0.37716
2048	2560	1	318	504	4.30100
2560	2560	1	512	398	4.14542
2560	2560	1	414	456	5.68700
2560	2560	1	164	448	1.89063
2048	2560	1	432	478	3.67195
2048	2560	1	144	512	3.72829
2560	2560	1	136	512	1.80386
2560	2048	1	512	288	0.99192
3072	2048	1	228	62	0.00000
3072	2048	1	106	0	0.00000
3072	2048	1	154	60	3.20461
3072	2048	1	48	38	2.63639
3584	2048	1	212	0	0.00000
3584	2048	1	472	58	0.00000
3584	2048	1	384	100	0.00000
3584	2048	1	248	80	3.98128
3584	2048	1	140	128	0.00000
3072	2048	1	340	84	5.35420
3584	2048	1	84	156	2.64346
3072	2048	1	490	214	5.54299
3072	2048	1	296	168	3.13248
3072	2048	1	46	252	0.40932
3072	2048	1	182	224	2.91408
3072	2048	1	358	242	3.45924
3072	2048	1	426	278	3.24460
3584	2048	1	314	296	3.08826
3584	2048	1	378	226	5.72790
3584	2048	1	424	356	5.80287
3072	2048	1	206	324	5.29883
3072	2048	1	112	358	5.71161
3072	2048	1	46	418	3.02303
3072	2048	1	366	380	4.64407
3072	2048	1	314	468	1.56235
3072	2048	1	478	394	0.50006
3584	2048	1	134	414	2.74577
3584	2048	1	254	400	2.82265
3584	2048	1	320	472	3.71676
3072	2560	1	68	46	4.58046
3072	2560	1	224	88	6.03730
3584	2048	1	54	474	5.83305
3072	2560	1	488	24	5.32641
3584	2560	1	122	4	2.70491
3584	2560	1	358	48	1.21879
3584	2560	1	504	70	5.23736
3072	2560	1	40	166	0.50177
3072	2560	1	108	174	0.49522
3072	2560	1	178	218	3.66694
3072	2560	1	330	114	3.51383
3072	2560	1	478	90	2.16823
3584	2560	1	106	100	4.73941
3584	2560	1	222	88	3.03269
3072	2560	1	348	196	3.95705
3072	2560	2	264	24	0.00000
3072	2560	2	308	24	0.00000
3072	2560	2	442	132	0.00000
3072	2560	2	470	188	0.00000
3584	2560	2	328	128	0.00000
3072	2560	2	158	72	0.00000
3584	2560	1	168	172	5.25347
3584	2560	1	390	154	2.84750
3584	2560	1	512	134	2.16929
3584	2560	1	494	198	2.23970
3072	2560	1	44	380	4.32183
3072	2560	1	142	348	3.70345
3072	2560	2	176	414	0.00000
3072	2560	1	278	324	2.66996
3072	2560	1	434	320	5.41121
3584	2560	1	56	230	1.59940
3584	2560	1	186	242	1.81227
3584	2560	1	280	220	3.05055
3072	2560	1	218	512	1.45375
3072	2560	1	396	428	1.22811
3584	2560	1	32	428	1.43301
3584	2560	1	96	330	1.21492
3584	2560	1	24	512	4.75786
3584	2560	1	298	464	5.64041
3584	2560	1	178	512	5.32009
3584	2560	1	372	350	1.50846
3584	2560	1	498	362	2.64961
3072	2560	1	412	512	0.00000
3584	2560	2	232	340	0.00000
3584	2560	2	222	440	0.00000
3584	2560	2	356	436	0.00000
3584	2560	1	400	280	1.69434
3584	2560	1	512	512	2.61406
3584	2560	1	428	512	0.00000
3072	2048	2	48	110	0.00000
3072	2560	1	76	506	2.40590
3072	2048	2	281	27	0.00000
3072	3072	1	222	358	2.88123
3072	3072	1	82	264	3.81171
3072	3072	1	170	90	6.06099
3072	3072	1	292	140	0.00000
3072	3072	1	238	228	2.44126
3072	3072	1	358	262	1.86033
3072	3072	2	440	248	0.00000
3584	3072	1	44	136	0.00000
3584	3072	2	2	214	0.00000
3072	3072	1	390	148	5.05414
3072	3072	1	384	58	0.00000
3072	3072	1	52	398	3.99670
3072	3072	1	130	428	3.45961
3072	3072	1	232	484	2.45667
3072	3584	1	110	28	0.82110
3072	3584	1	64	156	0.52981
3072	3584	1	226	80	0.90650
3072	3584	1	224	198	5.76986
3584	3072	1	416	52	3.79514
3584	3072	1	238	22	1.30117
3584	3072	1	306	138	0.00000
3584	3072	1	230	234	5.26277
3584	3072	1	50	290	1.55203
3584	3072	1	186	352	0.91563
3584	3072	1	294	358	0.64709
3584	3072	2	348	280	0.00000
3584	3072	1	442	178	2.89661
3584	3072	1	404	228	2.47562
3584	3072	1	496	102	0.00000
3072	3072	1	320	342	0.72990
3072	3072	1	392	386	3.78983
3072	3072	1	332	458	3.45130
3072	3072	1	466	432	3.74809
3584	3072	1	60	454	3.87418
3584	3072	1	150	480	2.07005
3584	3072	1	308	408	0.59616
3584	3072	1	416	472	1.83705
3584	3072	1	486	348	5.44865
3584	3072	2	426	400	0.00000
3584	3584	2	372	12	0.00000
3584	3584	1	440	62	4.38678
3584	3584	1	308	76	4.08896
3584	3584	1	200	94	5.92174
3584	3584	1	120	90	0.00000
3584	3584	1	50	122	0.00000
3072	3584	1	480	48	2.67074
3072	3584	1	380	112	4.97371
3072	3584	1	340	206	1.69971
3072	3584	1	500	244	5.12883
3584	3584	1	468	138	0.87334
3584	3584	1	342	212	3.38480
3584	3584	1	162	224	0.00000
3584	3584	1	242	220	0.00000
3584	3584	1	408	272	2.28226
3584	3072	1	136	110	3.22626
3072	3584	1	380	314	1.73674
3072	3584	1	134	236	2.06689
3072	3584	1	106	330	1.82731
3072	3584	1	78	384	1.45017
3072	3584	1	446	346	2.86267
3072	3584	1	396	440	2.46240
3072	3584	1	254	340	0.00000
3584	3584	1	264	332	0.00000
3584	3584	1	410	368	1.93478
3584	3584	1	88	396	2.81735
3584	3584	1	154	326	2.72709
3584	3584	1	352	448	2.41861
3072	3584	1	272	444	0.00000
3072	3584	1	132	444	1.11722
3584	3584	1	18	466	0.00000
3584	3584	1	276	468	0.00000
3584	3584	1	208	458	6.17866
3584	3584	2	482	484	0.00000
3584	3584	1	146	438	0.39061
3072	3072	1	28	72	3.62698
3072	3072	2	116	51	0.00000
2048	3072	1	136	56	0.29071
2048	3072	1	208	188	5.40410
2048	3072	1	60	184	4.96008
2048	3072	1	324	222	2.15845
2048	3072	1	294	126	5.26814
2048	3072	2	280	272	0.00000
2048	3072	1	212	352	4.24034
2048	3072	1	62	468	2.08499
2048	3072	1	488	230	1.78722
2048	3072	1	292	126	0.00000
2560	3072	1	36	164	1.73648
2048	3072	1	468	54	3.40665
2560	3072	2	134	76	0.00000
2560	3072	1	136	28	1.58547
2560	3072	1	284	90	5.11830
2560	3072	2	226	138	0.00000
2560	3072	2	102	234	0.00000
2560	3072	2	350	240	0.00000
2560	3072	1	396	54	4.96012
2560	3072	1	398	174	2.80369
2560	3072	1	466	276	0.74534
2560	3072	1	368	348	2.59267
2560	3072	1	258	324	0.00000
2560	3072	1	166	324	0.22153
2560	3072	1	88	334	0.49699
2560	3072	1	4	356	0.48891
2048	3072	1	386	320	4.80154
2048	3072	1	376	404	3.19585
2048	3072	2	316	432	0.00000
2048	3072	2	78	360	0.00000
2048	3072	2	162	474	0.00000
2048	3584	1	246	142	3.86310
2048	3584	2	320	286	0.00000
2560	3584	1	8	96	0.00000
2048	3584	2	376	30	0.00000
2560	3072	1	148	450	0.79786
2560	3072	2	104	416	0.00000
2560	3072	1	312	476	4.31039
2560	3072	1	428	460	3.20024
2560	3072	1	496	422	0.00000
2048	3584	1	332	166	0.70748
2048	3584	1	414	200	1.10277
2560	3584	1	14	270	2.15553
2048	3072	1	60	288	4.06314
2048	3584	1	114	256	4.16546
2048	3584	1	168	428	0.36502
2048	3584	1	112	386	3.48780
2560	3584	1	134	34	4.64053
2560	3072	2	220	472	0.00000
2560	3584	1	78	192	2.93657
2560	3584	1	134	148	2.44345
2560	3584	1	214	88	3.85687
2560	3584	1	308	68	3.76834
2560	3584	1	378	100	0.27174
2560	3584	1	478	70	0.99314
2560	3584	1	464	372	4.33936
2560	3584	1	388	248	2.79631
2560	3584	1	222	228	3.73335
2048	3584	1	292	386	6.05331
2048	3584	1	396	452	0.00000
2048	3584	2	200	48	0.00000
2048	3584	1	496	388	0.89310
2560	3584	1	4	476	0.68147
2560	3584	1	116	400	5.95201
2560	3584	1	156	304	3.11299
2560	3584	1	230	382	2.85748
2560	3584	1	294	326	0.00000
2560	3584	1	362	356	5.96652
2560	3584	1	512	234	0.00000
