1024	2048	1	84	128	0.95055
1024	2048	1	320	190	2.26831
1536	2048	1	296	222	0.00000
1536	2048	1	222	144	6.21973
1536	2048	1	290	92	5.22889
1536	2048	1	138	98	0.86931
1536	2048	1	242	0	3.52327
1536	2048	1	98	230	5.89631
1024	2048	2	214	74	0.00000
1536	2048	2	20	44	0.00000
1024	2048	2	448	16	0.00000
1024	2048	2	364	10	0.00000
1024	2048	2	258	14	0.00000
1536	2048	2	504	66	0.00000
1024	2048	1	72	298	0.30683
1024	2048	1	224	384	0.21501
1536	2048	1	28	290	2.60274
1024	2048	1	460	368	4.00465
1536	2048	1	130	362	2.91479
1536	2048	1	32	422	0.99018
1536	2048	1	392	290	2.85780
1536	2048	1	508	360	4.70229
1536	2048	1	436	432	5.63331
1536	2048	1	350	426	0.25007
1536	2048	1	244	380	0.00000
1536	2048	1	148	462	1.16692
1024	2560	1	300	46	0.86523
1536	2560	1	20	12	5.09608
1024	2560	1	440	102	4.05500
1536	2560	1	208	22	2.60117
1536	2560	1	310	50	0.74313
1536	2560	1	370	80	0.83112
1536	2560	1	418	124	0.91755
1536	2560	1	486	158	3.64495
1536	2560	1	512	24	2.15036
1024	2560	1	12	4	2.16862
1024	2560	1	18	120	5.35589
1024	2560	1	124	184	0.58014
1024	2560	1	214	216	4.10362
1024	2560	1	308	290	2.77442
1536	2560	1	184	136	4.69112
1536	2560	1	50	230	2.21913
1536	2560	1	312	250	5.41732
1536	2560	1	426	280	0.00000
1536	2560	1	224	260	0.00000
1024	2560	1	420	312	0.63724
1536	2560	1	8	350	5.68699
1536	2560	1	110	322	0.84415
1536	2560	1	202	406	6.20641
1536	2560	1	342	400	2.15128
1536	2560	2	478	416	0.00000
1024	2560	2	196	292	0.00000
1024	2560	1	106	330	0.00000
1024	2560	1	20	488	0.00000
1024	2560	1	82	480	0.00000
1024	2560	1	220	360	1.98321
1024	2560	1	218	434	4.82874
1024	2560	1	214	506	1.25780
1024	2560	1	442	420	0.92693
1536	2560	1	50	474	1.29858
1536	2560	1	334	510	4.94639
1536	2560	1	440	512	0.00000
1536	2560	1	98	512	1.27550
1536	3584	2	14	48	0.00000
1024	3072	1	72	128	1.10776
1024	3072	1	218	20	1.38175
1536	3072	1	88	32	1.26109
1536	3072	1	448	18	0.00000
1024	3072	1	188	118	0.15536
1024	3072	1	266	102	0.19036
1024	3072	1	60	264	0.00000
1024	3072	1	134	252	5.76817
1024	3072	1	254	244	0.00000
1024	3072	1	324	252	5.99531
1024	3072	1	358	120	1.31728
1536	3072	1	36	152	5.56988
1024	3072	1	488	196	5.03778
1536	3072	1	232	102	5.09660
1536	3072	1	368	4	4.73882
1536	3072	1	486	114	3.82430
1536	3072	1	34	306	0.96469
1536	3072	1	192	312	5.28503
1536	3072	1	248	210	1.63070
1536	3072	1	444	220	4.63763
1024	3072	1	130	362	5.19002
1024	3072	1	266	362	5.65452
1024	3072	1	78	462	4.58242
1024	3584	1	64	60	0.87891
1536	3072	1	450	404	1.80995
1536	3072	1	324	308	0.67001
1536	3072	1	372	456	0.00000
1536	3072	1	250	472	0.63603
1536	3072	1	104	458	3.17544
1024	3072	1	492	450	3.27669
1536	3584	2	84	34	0.00000
1536	3072	1	182	396	3.14712
1536	3584	1	502	4	0.86035
1024	3072	1	180	454	0.00000
1024	3584	1	96	142	0.50620
1024	3584	1	276	4	0.81585
1536	3584	1	282	30	1.11410
1024	3584	1	132	270	1.32683
1024	3584	1	322	76	4.29541
1024	3584	1	182	132	0.55542
1536	3584	1	22	412	0.75315
1536	3584	1	126	136	2.46832
1024	3584	1	304	186	5.20447
1536	3584	1	66	260	1.03038
1024	3584	1	366	288	5.62295
1024	3584	1	464	244	5.13963
1024	3584	1	496	144	5.63060
1024	3584	1	110	458	0.00000
1024	3584	1	148	382	4.63828
1024	3584	1	406	146	0.00000
1024	3584	1	418	418	0.69684
1536	3584	1	402	154	0.00000
1536	3584	1	278	238	5.51921
1536	3584	1	182	282	0.00000
1536	3584	1	338	366	0.00000
1536	3584	1	64	474	0.52656
1536	3584	1	276	132	1.08260
1536	3584	1	500	260	5.28939
1536	3584	1	500	424	5.99535
1536	3584	1	416	346	6.24337
1536	3584	1	318	490	5.13249
1536	3584	1	192	468	0.40587
1536	3584	1	490	92	0.68964
1024	3584	1	28	484	5.25906
2048	2048	1	154	262	0.17702
2048	2048	1	266	288	6.26394
2048	2048	1	68	84	2.61110
2048	2048	2	168	66	0.00000
2048	2048	1	242	78	3.81233
2048	2048	1	360	104	1.04052
2048	2048	1	474	152	0.70724
2048	2048	2	500	60	0.00000
2560	2048	1	194	158	5.81452
2560	2048	1	224	56	6.07523
2560	2048	1	294	82	0.00000
2560	2048	1	372	62	6.10737
2560	2048	1	436	54	6.15357
2560	2048	1	472	172	0.84067
2560	2048	1	178	266	2.00535
2560	2048	1	46	316	2.26769
2560	2048	1	316	212	4.04914
2560	2048	1	154	382	3.96162
2560	2048	2	292	394	0.00000
2560	2048	1	434	282	1.81384
2560	2048	1	504	344	1.29748
2048	2048	1	54	356	4.77951
2048	2048	1	156	416	4.11459
2048	2048	1	82	496	5.81895
2048	2048	1	334	438	4.07994
2048	2048	2	238	440	0.00000
2048	2048	2	203	501	0.00000
2048	2560	2	378	108	0.00000
2048	2560	2	404	56	0.00000
2048	2048	1	482	406	3.33222
2560	2048	1	24	506	3.30181
2560	2048	1	184	464	3.98360
2048	2560	1	206	74	4.39804
2048	2560	1	56	140	3.93716
2048	2560	1	54	266	0.00000
2048	2560	1	148	262	6.05385
2048	2560	1	456	72	3.54677
2560	2560	1	152	64	1.16507
2560	2560	1	244	48	0.03483
2560	2048	1	354	474	4.70949
2560	2560	1	98	174	1.58438
2048	2560	1	330	148	5.41878
2560	2048	1	504	456	2.19049
2560	2560	1	332	82	0.40959
2560	2560	1	386	116	0.23761
2560	2560	1	476	86	6.08485
2048	2560	1	434	246	1.85820
2048	2560	2	442	318	0.00000
2048	2560	2	28	36	0.00000
2048	2560	1	300	338	4.55676
2048	2560	1	50	414	6.03488
2048	2560	2	68	502	0.00000
2048	2560	2	166	358	0.00000
2048	2560	2	192	414	0.00000
2560	2560	1	248	188	2.20838
2560	2560	2	464	330	0.00000
2560	2560	1	176	262	2.09635
2560	2560	1	60	300	5.46488
2560	2560	1	16	424	2.52384
2560	2560	1	322	308	3.98685
2560	2560	1	134	422	5.47983
2560	2560	1	326	458	2.92199
2048	2560	2	166	150	0.00000
2048	2560	2	230	162	0.00000
2048	2560	1	260	452	4.37116
2048	2560	1	428	426	5.06483
2048	2560	2	460	488	0.00000
2560	2560	2	14	484	0.00000
2560	2560	2	16	160	0.00000
2048	2560	1	142	506	6.14020
2560	2560	1	462	506	2.38884
2560	2048	1	80	108	4.37710
2560	2048	2	512	68	0.00000
2048	2560	2	314	204	0.00000
2048	2048	2	258	504	0.00000
2048	2048	2	412	8	0.00000
3072	2560	1	376	470	0.00000
3584	2560	1	2	506	2.90319
3584	2560	1	512	480	5.62119
3584	2560	1	246	454	4.98375
3584	2560	1	512	352	6.02800
3072	2560	1	218	512	0.00000
3584	2560	1	136	404	1.13095
3584	2560	1	260	382	2.13529
3584	2560	1	454	476	6.02548
3584	2560	1	326	352	5.49779
3584	2560	1	52	474	5.89393
3584	2560	1	182	492	2.63885
3584	2560	1	402	512	5.72139
3584	2560	1	462	148	1.82431
3072	2560	1	116	486	3.52265
3584	2560	1	330	506	6.03569
3584	2560	1	440	352	2.96339
3072	2560	1	54	418	4.43409
3584	2560	1	238	88	6.06935
3584	2560	1	160	118	5.95191
3584	2560	1	280	184	4.07886
3584	2048	1	30	466	3.69045
3584	2048	1	134	512	2.00634
3584	2560	1	214	292	2.72828
3072	2560	1	46	280	0.37299
3584	2560	1	52	382	1.24200
3584	2560	1	356	280	2.38408
3584	2560	1	374	170	3.28749
3584	2560	1	462	224	5.32814
3584	2560	2	350	434	0.00000
3072	2560	2	438	132	0.00000
3072	2560	2	470	184	0.00000
3584	2560	2	408	246	0.00000
3072	2560	1	350	264	3.25288
3072	2560	1	324	178	3.98973
3072	2560	1	34	130	0.22585
3072	2560	1	292	394	3.64121
3072	2560	1	468	318	4.71701
3072	2560	1	170	274	4.03449
3584	2560	1	66	242	5.64644
3072	2560	1	258	130	3.41537
3072	2560	1	178	160	0.19740
3072	2560	1	194	16	1.92162
3584	2560	1	24	100	4.48375
3584	2560	1	8	38	1.65345
3072	2560	1	406	12	0.99665
3072	2048	1	500	430	3.75191
3072	2048	1	18	464	2.25462
3072	2560	2	20	22	0.00000
3072	2560	2	162	72	0.00000
3072	2048	1	262	380	2.89921
3072	2048	1	144	358	4.61237
3072	2048	1	200	466	2.23569
3072	2048	1	346	458	4.51086
3072	2560	2	320	22	0.00000
3072	2048	1	380	368	2.62158
3584	2560	1	314	6	1.75925
3584	2048	1	78	360	5.24605
3584	2048	1	418	498	2.62493
3584	2048	1	442	358	3.03486
3584	2048	1	224	392	4.86922
3584	2048	1	512	446	4.17434
3584	2048	1	468	54	0.00000
3072	2048	1	6	326	1.70036
3072	2048	1	84	260	2.39699
3584	2048	1	512	96	0.15394
3584	2048	1	224	4	6.11032
3584	2048	1	374	204	5.30746
3584	2048	1	394	78	5.99483
3584	2048	1	144	86	0.23861
3584	2048	1	256	98	3.73429
3584	2048	1	172	284	4.30658
3584	2048	1	4	56	6.10533
3072	2048	1	422	0	2.51790
3072	2048	1	472	336	3.62504
3584	2048	1	20	232	4.98020
3072	2048	1	416	90	2.37374
3072	2048	2	294	26	0.00000
3072	2048	1	92	38	0.00000
3072	2048	2	114	122	0.00000
3072	2048	1	6	168	0.82939
3072	2048	2	24	62	0.00000
3072	2048	1	188	50	4.30668
3072	2048	1	206	110	4.09744
3072	2048	1	336	138	0.64797
3072	2048	1	400	196	5.77609
3072	2048	1	304	218	2.14167
3584	3584	1	412	512	2.33913
3584	3584	1	512	386	3.16511
3584	3584	1	258	478	0.66403
3584	3584	1	386	434	1.36259
3584	3584	1	472	254	2.62655
3584	3584	1	366	370	1.89515
3584	3584	1	28	470	5.80163
3584	3584	1	128	274	2.08790
3584	3584	1	202	386	3.61275
3584	3584	1	64	392	5.88898
3584	3584	1	490	512	2.80220
3072	3072	2	234	456	0.00000
3584	3072	2	213	57	0.00000
3072	3584	2	119	151	0.00000
3584	3072	2	372	315	0.00000
3584	3584	1	416	338	2.28555
3584	3072	2	220	153	0.00000
3584	3584	1	138	504	3.45855
3584	3584	1	108	390	1.20627
3584	3584	1	276	302	1.42830
3584	3584	1	58	302	5.02842
3072	3584	1	66	304	2.25040
3072	3584	1	472	360	5.74375
3072	3584	1	0	208	1.14010
3072	3584	1	362	512	2.97924
3584	3072	2	334	126	0.00000
3584	3072	2	420	426	0.00000
3072	3584	1	142	512	2.98526
3072	3584	1	450	430	5.78774
3072	3584	1	248	428	2.15479
3072	3584	1	132	402	3.88853
3072	3584	1	12	382	3.10637
3072	3584	1	276	222	3.86185
3072	3584	1	314	398	2.16252
3072	3584	1	436	238	5.48359
3072	3584	1	300	294	0.48096
3072	3584	1	124	246	1.83837
3072	3584	1	512	226	1.91640
3584	3584	1	356	206	6.19610
3584	3584	1	456	144	2.00311
3584	3584	1	512	72	4.76561
3072	3584	1	382	314	0.17552
3584	3584	1	228	218	5.41606
3072	3584	1	504	134	5.57443
3072	3584	1	332	152	2.60660
3072	3584	1	412	120	2.62341
3584	3584	1	106	194	1.53939
3072	3584	1	256	28	2.22316
3584	3072	1	512	456	5.55970
3072	3584	1	348	22	5.32087
3072	3584	1	224	136	0.05933
3072	3072	1	470	512	3.56329
3584	3072	1	458	512	4.08291
3584	3584	1	58	82	5.53661
3584	3072	1	362	420	2.60674
3584	3072	1	278	406	3.27300
3584	3584	1	200	84	4.53977
3584	3072	2	246	422	0.00000
3584	3584	1	136	20	4.48898
3072	3584	1	0	48	1.68911
3072	3072	1	100	350	5.80811
3584	3072	1	108	470	4.47688
3072	3072	1	48	478	2.22012
3072	3072	1	0	368	5.49411
3072	3584	1	152	20	3.40178
3584	3072	1	438	316	3.22674
3072	3072	1	400	414	1.57837
3584	3072	1	512	330	2.46355
3584	3072	1	58	388	1.01815
3584	3072	1	198	368	0.52294
3584	3072	1	372	224	4.62934
3584	3072	2	264	270	0.00000
3584	3072	1	456	154	1.65277
3584	3072	1	272	112	0.00000
3584	3072	1	462	8	6.13793
3584	3072	1	402	40	5.78052
3584	3072	1	334	22	6.02164
3584	3072	1	192	206	1.48437
3072	3072	1	378	322	1.86909
3072	3072	1	118	222	5.42664
3072	3072	1	216	312	0.00000
3072	3072	1	0	162	5.72488
3072	3072	1	282	224	2.64934
3584	3072	1	46	284	4.67667
3072	3072	1	486	226	1.49860
3584	3072	1	62	160	0.83550
3072	3072	2	436	266	0.00000
3584	3072	1	74	4	5.72413
3584	3072	1	12	46	2.82947
3072	3072	1	0	30	1.87417
3072	3072	1	102	20	3.85210
3072	3072	1	220	44	6.18011
3072	3072	1	150	124	2.73058
3072	3072	1	370	0	6.10797
3072	3072	1	308	142	0.00000
3072	3072	1	416	88	4.30045
3072	3072	1	418	168	4.45559
2048	3072	2	228	274	0.00000
2048	3072	2	292	286	0.00000
2048	3072	2	450	286	0.00000
2560	3072	2	102	448	0.00000
2560	3072	2	100	238	0.00000
2560	3072	2	214	124	0.00000
2560	3072	2	344	248	0.00000
2560	3584	2	272	248	0.00000
2560	3584	2	216	344	0.00000
2560	3584	2	158	510	0.00000
2048	3072	1	68	2	5.43956
2048	3072	1	152	56	0.00000
2048	3072	1	56	152	0.69156
2048	3072	1	50	286	0.60588
2048	3072	1	242	178	4.47738
2048	3072	1	344	46	0.45430
2048	3072	1	422	60	5.77774
2048	3072	1	506	184	0.42795
2048	3072	1	390	144	5.63055
2560	3072	1	126	30	0.83594
2560	3072	1	130	160	2.57026
2560	3072	1	264	96	0.00000
2560	3072	1	394	110	3.76819
2560	3072	1	506	174	5.59164
2560	3072	1	464	260	5.40420
2560	3072	1	512	384	2.21966
2560	3072	1	248	338	0.00000
2560	3072	1	166	356	0.39701
2560	3072	1	54	322	4.59939
2560	3072	2	10	390	0.00000
2048	3072	2	512	442	0.00000
2048	3072	1	150	398	4.48667
2048	3072	1	30	480	0.58251
2048	3072	2	154	488	0.00000
2048	3584	1	236	44	5.82635
2048	3072	1	346	424	3.76466
2048	3584	1	314	36	3.02116
2048	3584	1	372	68	0.00000
2048	3584	1	440	18	3.17224
2048	3584	1	508	86	0.46103
2560	3584	1	24	200	0.34226
2048	3584	1	422	190	0.00000
2048	3584	1	356	250	6.04535
2048	3584	1	272	140	1.44007
2048	3584	1	38	130	5.67455
2048	3584	1	124	184	3.37583
2048	3584	1	216	200	5.34131
2048	3584	1	188	216	0.00000
2048	3584	1	36	266	1.98250
2048	3584	1	250	354	0.31576
2048	3584	1	198	424	5.95133
2048	3584	1	120	464	6.05639
2048	3584	1	6	448	5.68299
2048	3584	1	130	286	1.01709
2048	3584	1	366	376	5.85231
2048	3584	1	324	468	0.00000
2048	3584	1	504	498	0.00000
2560	3584	1	52	432	5.89762
2560	3072	1	210	468	0.00000
2560	3584	1	198	52	1.68459
2560	3584	1	150	128	5.64439
2560	3584	1	128	210	2.23557
2560	3584	1	66	312	4.45242
2560	3584	1	270	120	0.99150
2560	3584	1	358	36	5.56758
2560	3072	1	404	464	4.79976
2560	3584	1	506	26	2.08812
2560	3584	1	446	102	5.87829
2560	3584	1	356	176	1.48716
2560	3584	1	496	256	0.59562
2560	3584	1	340	304	0.69329
2560	3584	1	252	416	6.12879
2560	3584	1	202	480	5.84176
2560	3584	1	364	396	5.24146
2560	3584	1	500	476	2.16671
