1024	2048	1	234	378	0.28855
1024	2560	1	252	44	1.18555
1536	2048	1	280	448	1.80941
1024	2560	1	466	50	2.41818
1536	2048	1	6	210	3.43281
1536	2048	1	114	396	5.93838
1024	2048	1	86	246	0.78540
1024	2048	1	56	106	0.00000
1024	2048	1	148	102	5.99098
1024	2560	1	68	114	3.28880
1536	2560	1	82	28	1.31712
1536	2560	1	30	204	0.51445
1536	2560	1	128	192	0.00000
1536	2048	1	416	396	2.71705
1536	2048	1	190	278	4.22843
1536	2560	1	262	68	3.27515
1536	2560	1	374	56	3.43210
1024	2560	1	384	306	3.95328
1536	2048	1	384	182	0.00000
1536	2560	1	274	238	5.79528
1024	2560	2	204	284	0.00000
1536	2560	1	454	126	1.46014
1024	2560	1	188	414	3.19155
1536	2048	1	294	334	4.34431
1536	2048	2	228	168	0.00000
1536	2048	2	500	70	0.00000
1024	2560	1	280	228	0.00000
1536	2560	1	12	334	2.03444
1536	2560	1	148	78	1.32582
1536	2048	1	500	254	0.41241
1536	2048	1	90	82	0.00000
1024	2560	1	420	410	1.82022
1024	2560	1	64	232	1.87753
1024	2560	1	64	306	4.51658
1024	2560	1	298	478	4.85702
1536	2048	1	266	68	0.00000
1024	2560	1	90	400	4.01948
1024	2560	1	96	480	4.55101
1536	2560	1	64	438	5.14902
1536	2560	1	172	314	2.83742
1536	2560	1	144	430	2.90605
1536	2560	1	280	352	5.59999
1536	2560	1	432	236	0.42055
1536	2560	1	376	300	2.66015
1536	2560	1	496	306	0.00000
1536	2560	1	392	418	2.01551
1024	2048	2	204	78	0.00000
1536	2560	1	224	452	2.96987
1536	2560	1	290	458	0.00000
1536	2560	2	414	512	0.00000
1536	2048	1	370	48	5.87077
1536	3584	1	350	308	1.42802
1024	3584	1	468	462	0.00000
1024	3584	1	210	466	0.30560
1024	3584	1	0	502	5.38418
1024	3584	1	78	390	2.56982
1536	3584	1	404	222	1.65771
1536	3584	1	154	220	1.88343
1536	3584	1	274	374	1.98321
1024	3584	1	286	332	1.16413
1024	3584	1	506	270	2.48493
1536	3584	1	138	416	0.46265
1536	3584	1	274	454	1.97481
1536	3584	1	512	394	5.45062
1024	3584	1	62	294	5.14384
1536	3584	1	512	64	2.09407
1536	3584	1	512	312	1.53985
1536	3584	1	230	120	5.96878
1536	3584	1	368	162	5.01199
1536	3584	1	386	440	6.19414
1024	3584	1	398	262	5.13061
1536	3584	1	46	478	0.04345
1536	3584	2	44	202	0.00000
1536	3584	2	252	260	0.00000
1536	3584	1	410	54	5.87259
1536	3584	2	360	64	0.00000
1536	3584	2	460	114	0.00000
1536	3584	1	44	110	3.89638
1536	3584	1	148	106	2.72402
1536	3584	1	272	34	2.69485
1536	3072	1	308	466	2.76738
1536	3072	1	416	410	5.42102
1536	3072	2	370	452	0.00000
1536	3072	1	488	312	3.21126
1536	3072	1	512	480	5.04719
1024	3584	1	274	214	1.22375
1024	3584	1	182	162	6.14067
1024	3584	1	98	118	0.68232
1024	3072	1	74	484	5.77624
1024	3584	1	12	146	0.26212
1024	3584	1	260	70	1.86160
1024	3584	1	346	128	1.45778
1024	3584	1	482	66	3.59350
1024	3584	1	406	4	2.86594
1536	3072	1	156	440	5.01873
1536	3072	1	24	500	2.34459
1536	3072	1	120	496	2.13665
1536	3072	1	2	380	0.54042
1024	3584	1	320	8	2.48055
1024	3072	1	396	360	0.49055
1024	3072	1	312	300	0.36012
1024	3072	1	196	334	0.00000
1024	3072	2	246	232	0.00000
1024	3072	1	36	322	1.45328
1024	3072	1	174	204	0.60566
1536	3072	1	66	290	2.48055
1536	3072	1	178	256	3.25781
1536	3072	1	372	102	6.08239
1536	3072	1	426	42	2.85939
1536	3072	1	510	98	0.73111
1536	3072	1	142	90	0.58800
1536	3072	1	214	118	0.24749
1536	3072	1	272	4	5.80749
1536	3072	1	46	22	1.11746
1536	3072	1	78	198	1.58737
1024	3072	1	396	124	5.58845
1024	3072	1	454	72	1.97229
1024	3072	1	288	90	5.03414
1024	3072	1	130	78	1.08084
1024	3584	2	168	28	0.00000
1024	3584	2	16	80	0.00000
1024	3072	1	0	288	1.11401
1024	3072	2	0	118	0.00000
1024	3072	2	502	298	0.00000
1536	3072	2	192	358	0.00000
1536	3584	2	492	482	0.00000
1024	3072	2	24	386	0.00000
1024	3584	2	372	504	0.00000
2048	2560	2	408	56	0.00000
2048	2048	2	266	504	0.00000
2560	2048	1	196	136	0.00000
2048	2048	2	496	56	0.00000
2048	2048	1	308	314	5.81845
2048	2048	2	68	140	0.00000
2048	2048	2	162	130	0.00000
2560	2048	2	300	402	0.00000
2048	2560	2	172	160	0.00000
2048	2560	2	234	148	0.00000
2048	2560	2	326	204	0.00000
2560	2560	2	22	160	0.00000
2048	2048	2	402	24	0.00000
2048	2048	2	460	32	0.00000
2560	2560	2	292	12	0.00000
2048	2560	2	198	420	0.00000
2048	2560	2	316	430	0.00000
2048	2560	2	444	310	0.00000
2560	2560	2	18	486	0.00000
2560	2560	2	474	330	0.00000
2560	2560	2	308	494	0.00000
2048	2560	2	82	486	0.00000
2048	2048	1	208	200	4.46980
2048	2048	1	72	368	5.55077
2560	2048	1	36	436	3.71077
2560	2560	1	178	74	2.67795
2560	2048	1	118	238	5.78971
2048	2048	1	364	130	4.25205
2048	2048	1	160	54	1.95130
2560	2048	1	304	92	0.00000
2048	2560	1	294	72	0.60699
2048	2048	2	190	448	0.00000
2048	2560	1	118	58	2.81984
2048	2048	1	48	230	0.96299
2048	2048	1	216	342	6.13788
2048	2048	1	466	340	0.34594
2048	2048	1	486	210	1.50965
2560	2048	1	56	142	3.38090
2560	2048	1	426	60	0.60112
2560	2048	2	150	32	0.00000
2560	2048	1	210	252	2.51637
2048	2560	1	76	160	2.72709
2560	2560	1	136	208	4.90109
2048	2560	2	400	212	0.00000
2048	2560	2	340	282	0.00000
2048	2560	1	498	242	2.22613
2048	2560	1	252	286	0.00000
2048	2560	1	154	310	0.00000
2048	2048	1	408	468	5.01574
2560	2048	1	70	308	4.90552
2560	2048	1	402	164	1.82175
2560	2048	1	402	268	0.98653
2560	2048	1	342	470	1.50284
2560	2560	1	284	232	4.12779
2048	2560	1	500	88	3.84209
2560	2560	1	416	180	0.00000
2560	2560	1	344	90	3.00829
2560	2560	1	472	12	3.33278
2560	2048	2	440	382	0.00000
2560	2560	1	488	196	3.04192
2048	2560	1	78	344	2.86329
2048	2560	1	360	376	5.08930
2560	2560	1	88	452	5.72743
2560	2560	1	108	336	4.63038
2560	2560	1	282	354	5.31468
2560	2560	1	412	360	0.00000
2560	2560	1	224	476	3.27250
2048	2560	1	382	466	0.00000
2048	2560	1	166	468	0.00000
3072	2048	1	66	66	5.46652
3072	2048	1	136	152	1.46096
3072	2048	1	38	180	5.72296
3072	2048	1	30	290	5.76040
3072	2048	1	120	288	5.89773
3072	2048	1	208	246	0.51867
3072	2560	2	160	386	0.00000
3072	2048	1	220	82	2.08233
3072	2048	1	368	74	5.99099
3072	2048	1	488	148	2.67447
3072	2048	1	402	220	0.51419
3072	2048	1	282	266	3.56463
3072	2048	1	304	382	3.37999
3072	2048	1	438	0	3.10244
3584	2048	1	158	110	0.00000
3584	2048	1	244	92	3.81440
3584	2048	1	266	172	0.60874
3584	2048	1	378	92	6.18514
3584	2048	1	462	48	0.00000
3584	2048	1	372	212	5.43915
3584	2048	1	400	316	5.57280
3584	2048	1	310	314	3.01653
3584	2048	1	198	390	6.08316
3584	2048	1	102	420	5.78852
3072	2048	1	456	340	3.97044
3584	2560	2	350	456	0.00000
3584	2560	2	286	502	0.00000
3072	2560	2	312	18	0.00000
3584	2560	2	404	240	0.00000
3072	2048	1	204	490	0.50696
3072	2560	1	96	4	5.56838
3072	2048	1	0	376	2.09470
3072	2048	1	448	496	2.13352
3584	2048	1	32	462	5.79082
3584	2048	1	394	468	3.55466
3584	2560	1	236	10	4.61482
3584	2560	1	36	98	5.55224
3584	2560	1	122	50	2.92705
3072	2560	1	60	112	6.03330
3072	2560	1	136	188	3.28166
3072	2560	1	236	94	3.93128
3072	2560	1	328	152	5.87803
3072	2560	1	230	224	0.69685
3072	2560	1	96	356	0.00000
3072	2560	1	418	196	2.76515
3072	2560	1	288	320	2.51567
3584	2560	1	180	116	3.10820
3072	2560	1	490	150	2.32720
3584	2560	1	254	82	2.18918
3072	2560	1	354	280	5.24752
3072	2560	1	476	290	0.62520
3072	2560	1	398	400	1.38684
3072	2560	1	238	394	2.52748
3584	2560	1	468	28	4.11537
3584	2560	1	96	230	4.51425
3584	2560	1	288	184	4.34956
3584	2560	1	406	130	6.00986
3584	2560	1	386	352	3.65427
3584	2560	1	210	274	5.12332
3584	2560	1	456	296	0.00000
3584	2560	1	326	298	0.00000
3584	2560	1	512	90	4.22385
3584	2560	1	508	372	2.99250
3584	2560	1	492	480	5.53808
3584	2560	1	512	254	2.51139
3584	2560	1	50	344	4.01414
3072	2560	1	324	512	0.82029
3584	2560	1	144	364	3.40642
3072	2560	1	486	466	0.00000
3584	2560	1	60	436	3.11885
3584	2560	1	116	512	3.20659
3584	2560	1	184	486	2.72604
3584	2560	1	242	386	4.01366
3584	2560	1	280	436	1.08464
3072	3072	1	118	150	0.00000
3072	3072	1	216	218	3.72890
3072	3072	1	244	94	4.27181
3072	3072	1	42	276	4.00003
3072	3072	1	102	28	2.04915
3072	3072	1	284	20	4.20753
3072	3072	1	406	54	0.00000
3072	3072	1	492	2	0.37558
3584	3072	1	20	56	4.03298
3072	3072	1	430	190	0.87887
3584	3072	2	18	208	0.00000
3072	3072	1	310	264	0.00000
3072	3072	1	134	332	0.36019
3072	3072	1	58	328	0.61601
3072	3072	1	244	360	0.00000
3072	3072	1	350	386	2.25215
3584	3072	1	24	368	4.89449
3072	3072	1	446	300	3.62849
3072	3584	1	112	276	3.92915
3072	3584	1	114	62	1.87949
3072	3072	1	158	480	1.64974
3072	3584	1	176	144	2.03585
3072	3584	1	372	36	1.99578
3072	3072	1	334	480	4.67979
3072	3584	1	202	306	0.00000
3072	3584	1	320	350	5.88272
3072	3584	1	98	374	3.38013
3072	3584	1	4	336	2.58988
3072	3584	1	0	86	2.10808
3072	3584	1	38	474	5.65044
3072	3584	1	160	386	0.31994
3072	3584	1	158	462	1.24749
3072	3584	1	244	422	5.45434
3072	3584	1	378	474	0.11757
3072	3584	1	312	98	5.03536
3072	3584	2	350	260	0.00000
3072	3584	1	424	188	1.60914
3072	3584	1	450	110	1.54015
3072	3072	1	492	492	4.18299
3584	3584	1	12	26	4.21016
3584	3584	1	74	36	0.34392
3584	3584	1	140	114	0.00000
3584	3584	1	70	204	5.75184
3072	3584	1	508	512	2.23677
3584	3584	1	96	442	3.00280
3584	3584	1	50	454	2.77761
3072	3584	1	478	298	3.35871
3584	3584	1	6	254	2.46186
3584	3584	1	438	470	5.51112
3584	3584	1	478	428	2.01967
3584	3584	1	360	322	5.58093
3584	3584	1	442	304	2.71396
3584	3584	1	512	332	3.47731
3584	3584	1	466	220	5.23334
3584	3584	1	324	460	3.41803
3584	3584	2	204	508	0.00000
3584	3584	1	196	328	0.37667
3584	3584	1	240	354	3.72433
3584	3584	1	164	274	3.55521
3584	3584	1	206	124	3.48498
3584	3584	1	296	182	3.58234
3584	3584	1	392	104	3.73792
3584	3584	1	294	54	1.78486
3584	3072	1	178	472	5.46231
3584	3072	1	274	436	2.34630
3584	3072	1	478	490	0.00000
3584	3072	1	224	312	1.90996
3584	3072	1	468	82	0.00000
3584	3072	1	484	262	4.13774
3584	3072	2	410	374	0.00000
3584	3072	1	374	292	5.55508
3584	3072	1	304	222	0.68434
3584	3072	1	400	132	0.27249
3584	3072	1	272	140	4.05050
3584	3072	1	264	22	0.35564
3584	3072	1	176	192	5.90358
3584	3072	1	84	154	5.32019
3584	3072	1	130	16	2.99761
3584	3072	1	86	252	0.00000
3584	3072	1	344	330	0.40842
2048	3072	1	140	144	1.23045
2048	3072	1	146	26	0.35426
2048	3072	1	284	66	3.49467
2048	3072	1	378	26	6.00929
2048	3072	1	488	88	2.26090
2560	3072	1	218	90	4.27749
2560	3072	2	130	68	0.00000
2560	3072	2	234	132	0.00000
2560	3072	1	370	46	0.00000
2560	3072	1	458	72	0.00000
2560	3072	1	334	160	1.40095
2560	3072	1	504	210	1.16354
2560	3072	1	366	224	4.58726
2560	3072	1	76	176	1.59782
2560	3072	1	252	294	5.69891
2560	3072	1	152	336	5.69931
2560	3072	2	106	228	0.00000
2048	3072	1	386	144	5.30896
2048	3072	1	498	254	2.07723
2048	3072	1	420	316	2.33748
2048	3072	1	272	366	4.70629
2048	3072	1	172	340	3.70406
2048	3072	1	48	296	4.10646
2560	3072	1	26	392	3.70631
2560	3072	1	120	394	2.58961
2048	3072	1	364	210	4.39328
2560	3072	1	356	392	0.00000
2560	3072	1	434	352	0.00000
2048	3072	1	392	440	4.78916
2048	3584	2	374	26	0.00000
2048	3072	2	172	474	0.00000
2048	3072	1	34	364	5.52903
2048	3584	2	238	60	0.00000
2048	3584	1	44	2	5.10992
2048	3584	1	462	32	0.00000
2560	3584	1	92	40	2.97855
2560	3584	1	184	60	5.89957
2560	3584	1	304	14	2.78578
2560	3072	2	236	506	0.00000
2560	3072	1	444	510	3.86349
2560	3584	1	508	86	2.62318
2560	3584	1	508	190	5.99103
2560	3584	2	360	92	0.00000
2048	3584	1	374	150	0.97615
2048	3584	1	492	198	1.09244
2560	3584	1	28	106	4.15738
2560	3584	1	102	206	3.48275
2560	3584	1	156	218	3.36228
2560	3584	1	216	198	3.22155
2560	3584	1	312	246	2.51555
2560	3584	1	338	196	5.63002
2560	3584	2	418	228	0.00000
2048	3584	1	282	268	5.14385
2048	3584	1	118	188	0.00000
2048	3584	1	176	280	1.80070
2048	3584	1	508	276	2.05525
2560	3584	1	190	336	0.90736
2560	3584	1	438	358	5.80168
2560	3584	1	510	336	2.77123
2048	3584	1	500	372	0.92246
2048	3584	1	404	312	0.00000
2048	3584	1	174	366	1.80104
2048	3584	1	296	366	5.16215
2560	3584	1	110	408	0.00000
2560	3584	1	186	428	1.31824
2560	3584	1	328	424	0.89606
2560	3584	1	302	352	1.09162
2560	3584	2	416	462	0.00000
2048	3584	1	476	446	0.75533
2048	3584	1	382	458	0.00000
2048	3584	1	10	322	4.72444
2048	3584	2	146	508	0.00000
2048	3584	1	34	414	5.50104
