1024	2048	1	68	142	4.08363
1024	2048	1	202	76	0.60395
1024	2048	1	416	40	1.90735
1536	2048	1	150	64	5.77609
1536	2048	1	218	140	6.11341
1536	2048	1	248	44	5.81993
1536	2048	1	352	124	4.01899
1536	2048	1	338	38	3.93744
1536	2048	1	458	158	4.16281
1536	2048	2	512	110	0.00000
1024	2048	1	504	242	3.50091
1536	2048	2	244	364	0.00000
1536	2048	1	342	270	2.46541
1024	2048	1	30	334	5.63511
1024	2048	1	246	360	0.32304
1024	2048	1	126	400	3.29604
1536	2048	1	74	440	5.55552
1536	2048	1	430	512	3.28333
1024	2560	1	484	58	1.88553
1024	2560	1	264	38	0.94888
1536	2560	1	200	28	3.36665
1536	2048	1	318	468	3.74934
1024	2560	1	268	138	4.29147
1024	2560	1	190	204	2.03577
1536	2560	1	86	96	0.43376
1536	2560	1	434	242	3.03318
1024	2560	1	432	240	2.74351
1536	2560	1	130	188	0.00000
1024	2560	1	30	220	0.48247
1024	2560	1	94	208	2.76773
1536	2560	2	274	136	0.00000
1024	2560	1	282	290	5.15231
1024	2560	1	218	378	0.45474
1536	2560	1	266	244	5.80879
1536	2560	1	486	346	1.26667
1536	2560	1	50	228	2.17521
1536	2560	1	30	356	1.81653
1024	2560	1	90	296	2.01669
1536	2560	1	400	426	1.94193
1536	2560	1	182	304	3.62622
1024	2560	1	108	482	2.31917
1536	2560	1	298	380	0.67439
1536	2560	1	354	248	0.00000
1536	2560	1	42	430	5.11682
1536	2560	1	174	464	3.22294
1024	2560	1	468	462	2.47325
1024	2560	1	378	492	4.33486
1024	2560	1	202	504	3.72666
1024	3584	1	278	420	0.46365
1024	3584	1	128	382	1.60767
1536	3584	1	80	422	6.17617
1536	3584	1	144	412	0.00000
1536	3584	1	216	420	0.57396
1024	3584	1	466	470	0.62783
1024	3584	1	32	500	5.53503
1536	3584	1	296	480	0.00000
1024	3584	1	498	350	0.75099
1024	3584	1	222	266	5.81161
1536	3584	1	378	400	5.22988
1536	3584	1	508	402	2.68646
1536	3584	1	394	330	2.45350
1536	3584	1	450	274	3.87069
1024	3584	1	410	276	1.59279
1024	3584	1	110	226	0.42984
1536	3584	1	264	272	2.47706
1536	3584	1	126	240	4.34483
1536	3584	1	210	138	1.09060
1536	3584	1	412	144	0.00000
1024	3584	1	196	134	5.46079
1024	3584	1	326	122	1.48359
1024	3584	1	346	214	5.12916
1536	3584	1	70	74	3.55704
1024	3584	1	500	60	3.51443
1536	3584	2	487	99	0.00000
1024	3584	1	120	6	0.00000
1024	3072	1	44	460	0.00000
1536	3072	1	118	204	0.00000
1024	3072	1	298	506	0.39712
1536	3072	1	58	418	0.00000
1536	3072	1	182	442	5.34289
1536	3584	1	292	2	2.17013
1536	3072	1	474	494	3.46239
1536	3072	2	385	463	0.00000
1536	3072	1	314	422	6.01938
1536	3072	1	454	268	5.68350
1536	3072	1	372	358	2.76089
1024	3072	1	322	286	0.36448
1024	3072	1	254	238	0.74601
1024	3072	1	166	292	2.68610
1024	3072	1	244	398	4.25033
1024	3072	1	404	502	2.16877
1024	3072	1	434	438	2.06768
1536	3072	1	60	158	0.18558
1024	3072	1	38	220	0.00000
1024	3072	1	106	82	5.63207
1024	3072	1	472	364	1.72169
1024	3072	1	480	256	0.51365
1024	3072	1	106	216	3.46916
1024	3072	1	232	168	4.22664
1024	3072	1	254	48	3.40888
1536	3072	1	26	62	0.39539
1536	3072	1	260	80	3.13788
1536	3072	1	484	64	4.64467
1536	3072	1	340	96	3.75489
1536	3072	1	174	120	2.36882
1536	3072	1	214	222	4.34739
1536	3072	1	180	304	4.98821
1536	3072	1	312	266	0.69830
1536	3072	1	454	136	1.13338
1536	3072	1	48	284	0.62500
2560	2048	1	76	362	5.43122
2560	2560	1	454	268	2.06651
2048	2560	1	440	466	0.81936
2048	2560	1	362	312	0.14154
2560	2560	1	242	118	4.93853
2560	2048	1	168	436	0.00000
2560	2560	1	422	478	3.68838
2560	2560	1	184	432	5.19938
2560	2048	1	414	108	1.37056
2048	2560	1	264	228	2.90605
2560	2048	1	424	6	3.86971
2560	2048	1	308	96	0.00000
2560	2560	1	240	348	4.61924
2560	2560	1	46	324	5.54537
2560	2048	1	202	86	0.00000
2560	2560	1	340	176	1.29857
2048	2048	1	512	224	1.98736
2048	2560	1	492	110	1.29900
2048	2560	1	156	274	0.78540
2560	2560	1	170	512	2.29812
2560	2560	1	308	264	0.94710
2048	2048	1	322	58	0.39852
2048	2560	1	56	416	0.61759
2560	2560	1	504	214	1.85411
2560	2048	1	280	508	0.45555
2560	2560	1	368	406	4.03117
2560	2048	1	132	0	0.06594
2560	2560	1	148	170	1.78589
2560	2048	1	194	192	3.56896
2048	2048	1	422	108	5.09290
2048	2560	1	20	352	1.02696
2048	2560	1	152	506	0.69474
2560	2560	1	466	108	5.24232
2560	2048	1	488	506	2.95797
2560	2048	1	56	56	5.38435
2560	2560	1	374	18	3.17437
2560	2048	1	240	394	0.00000
2048	2560	1	322	96	5.65224
2560	2048	1	34	506	4.02737
2560	2048	1	458	284	0.00000
2560	2048	1	360	240	4.08720
2560	2048	1	116	256	5.85656
2048	2048	1	394	468	4.57415
2048	2560	1	138	74	3.19709
2048	2560	1	40	72	3.33388
2048	2048	1	82	422	1.58966
2048	2048	1	292	302	0.00000
2048	2048	1	202	330	2.97644
2048	2048	1	194	76	4.41852
2048	2048	1	94	52	0.90060
2048	2048	1	16	266	0.37382
2048	2048	1	488	388	6.04234
2048	2048	1	0	92	5.53011
2048	2560	2	416	51	0.00000
2048	2560	2	352	57	0.00000
2048	2560	2	164	147	0.00000
2048	2560	2	228	149	0.00000
2560	2048	2	292	391	0.00000
2048	2560	2	442	319	0.00000
2560	2560	2	458	337	0.00000
2048	2560	2	320	424	0.00000
2048	2560	2	192	418	0.00000
2048	2560	2	176	370	0.00000
2560	2560	2	20	486	0.00000
2560	2560	2	310	492	0.00000
3072	2048	1	38	86	5.90198
3072	2048	1	198	50	3.50839
3072	2048	1	264	124	4.38797
3072	2048	1	366	162	3.42655
3072	2048	1	470	190	2.28036
3584	2048	1	30	142	5.83960
3584	2048	1	122	108	0.00000
3584	2048	1	242	84	4.02194
3072	2048	1	348	0	5.22834
3584	2048	1	392	88	0.00000
3584	2048	1	470	56	0.00000
3584	2048	1	352	226	5.49779
3072	2048	1	132	332	3.40747
3072	2048	1	224	342	6.00218
3072	2048	1	262	258	5.43903
3072	2048	1	444	294	2.00407
3584	2048	1	78	290	1.81042
3584	2048	1	210	256	2.93644
3072	2048	1	122	456	2.23066
3072	2560	1	98	12	1.78371
3584	2048	1	52	392	1.77232
3072	2048	1	412	374	2.23510
3584	2048	1	232	382	1.21228
3584	2048	1	372	428	2.59082
3584	2048	1	62	476	5.41904
3584	2048	1	266	482	0.00000
3584	2560	1	418	74	2.89661
3072	2560	1	268	162	2.58276
3072	2560	1	80	100	0.95841
3072	2560	1	132	166	0.61141
3072	2560	1	352	108	0.00000
3072	2048	1	378	472	3.00519
3072	2560	1	460	78	2.42887
3072	2560	2	258	26	0.00000
3072	2048	1	146	188	3.51799
3072	2048	2	112	120	0.00000
3072	2560	2	176	70	0.00000
3072	2560	2	310	16	0.00000
3072	2560	2	436	122	0.00000
3072	2560	2	464	188	0.00000
3584	2560	2	402	250	0.00000
3072	2048	2	286	24	0.00000
3072	2048	1	500	28	2.59973
3584	2048	1	448	222	3.65614
3584	2560	1	274	122	2.23240
3584	2560	1	186	86	3.45752
3584	2560	1	84	114	0.68408
3072	2560	1	174	294	2.70943
3072	2560	1	364	210	4.14566
3584	2560	1	428	178	4.86991
3584	2560	1	280	260	2.66847
3584	2560	1	346	238	6.07779
3072	2560	1	432	262	1.64730
3072	2560	1	264	344	3.12196
3072	2560	1	354	374	2.66774
3072	2560	1	454	406	0.08209
3584	2560	1	34	230	0.00000
3584	2560	1	140	220	5.96083
3072	2560	1	96	380	5.99939
3072	2560	1	34	448	3.69044
3072	2560	1	30	214	2.41826
3072	2560	1	170	388	6.06864
3072	2560	1	302	446	2.25847
3072	2560	1	244	496	1.08685
3584	2560	1	48	504	2.01389
3584	2560	1	142	440	5.45120
3584	2560	1	206	388	2.00634
3584	2560	1	234	464	4.66103
3584	2560	1	238	328	3.78551
3584	2560	1	512	108	0.00000
3584	2560	2	342	448	0.00000
3584	2560	1	334	394	2.04756
3584	2560	1	438	376	3.18735
3584	2560	1	504	384	3.16068
3584	2560	1	360	512	1.13735
3584	2560	1	486	502	1.19153
3584	3584	1	300	402	5.63007
3584	3584	1	238	478	0.92678
3584	3584	1	400	458	5.22903
3072	3584	1	446	440	0.51555
3072	3584	1	458	346	1.53940
3072	3584	1	266	484	0.57297
3072	3584	1	216	396	0.39872
3072	3584	1	96	462	0.82108
3072	3584	1	318	322	2.83702
3072	3584	1	260	260	3.87101
3072	3584	1	56	208	1.28755
3072	3584	1	50	284	0.71597
3072	3584	1	162	302	6.04478
3072	3584	2	158	424	0.00000
3584	3584	1	464	320	0.90360
3584	3584	1	166	240	3.85784
3584	3584	1	414	126	2.24225
3584	3584	1	412	60	4.66778
3584	3584	1	134	146	0.29473
3584	3072	1	498	510	2.25869
3072	3072	1	500	500	4.79789
3072	3584	1	368	6	2.69336
3584	3072	1	220	486	4.60664
3072	3584	1	234	28	3.50493
3072	3072	1	104	512	2.40755
3072	3584	1	82	64	2.17450
3584	3584	1	26	204	0.98023
3072	3584	1	192	194	2.79015
3584	3584	1	72	66	1.49853
3072	3584	1	482	114	2.20209
3584	3584	1	346	232	0.68058
3584	3584	1	256	150	3.74865
3584	3584	1	302	174	0.70395
3072	3584	1	276	124	4.31531
3072	3584	1	44	150	1.54345
3584	3072	1	336	490	1.13139
3584	3584	2	54	402	0.00000
3584	3584	2	28	302	0.00000
3584	3584	2	84	348	0.00000
3584	3584	2	248	276	0.00000
3584	3072	2	414	354	0.00000
3584	3072	2	364	280	0.00000
3072	3072	1	452	384	2.94028
3072	3072	1	342	408	3.79800
3584	3072	1	472	254	6.01804
3584	3072	1	468	84	3.64065
3584	3072	1	280	416	2.84206
3584	3072	1	236	216	3.66102
3584	3072	1	498	356	3.50177
3584	3072	1	280	290	3.72890
3584	3072	1	378	54	4.59019
3584	3072	1	370	194	5.75029
3584	3072	1	142	338	2.29433
3584	3072	1	76	446	3.00716
3584	3072	1	172	410	1.65917
3584	3072	2	336	328	0.00000
3584	3072	1	62	236	1.43312
3584	3072	1	232	74	5.88222
3584	3072	1	126	160	1.46800
3584	3072	1	118	68	3.89007
3072	3072	1	502	156	0.80233
3072	3072	1	408	90	6.00375
3072	3072	1	358	294	1.57080
3072	3072	1	156	412	1.59654
3072	3072	1	196	358	1.75614
3072	3072	2	30	394	0.00000
3072	3072	1	228	186	6.11207
3072	3072	1	330	206	1.22702
3072	3072	1	296	62	4.56172
3072	3072	1	72	86	3.23452
3072	3072	1	128	178	0.77047
3072	3072	1	198	18	1.21802
2048	3584	1	14	442	2.81728
2560	3584	1	426	110	2.35200
2560	3584	1	400	220	1.99280
2560	3584	1	430	314	4.25346
2560	3584	1	94	28	1.49372
2560	3584	1	512	214	1.41535
2560	3584	1	496	382	1.87060
2560	3584	1	352	420	4.14438
2560	3584	1	250	468	0.15571
2560	3584	1	330	332	0.42322
2560	3584	1	162	502	3.18616
2560	3584	1	444	512	0.45724
2560	3584	1	512	326	1.12522
2560	3584	1	92	512	0.00000
2560	3584	1	22	370	0.79034
2560	3584	1	512	144	1.47113
2048	3584	1	490	494	1.04045
2560	3584	1	298	508	0.45836
2560	3584	1	512	484	3.47761
2048	3584	1	76	74	0.71509
2560	3584	1	404	468	3.99357
2048	3584	1	154	440	0.00000
2048	3584	1	478	294	0.00000
2048	3584	1	228	438	0.00000
2048	3584	1	418	380	0.00000
2560	3584	1	98	252	1.46625
2560	3584	1	268	234	2.31622
2048	3584	1	324	464	0.00000
2560	3584	1	202	102	2.73670
2560	3584	1	204	292	3.31022
2560	3584	1	334	150	1.55781
2048	3584	1	188	222	0.14326
2048	3584	1	344	334	1.19164
2048	3584	1	268	232	6.05016
2048	3584	1	378	216	0.80032
2560	3584	1	12	196	1.40813
2560	3584	1	128	158	2.48573
2048	3584	1	506	102	1.54449
2048	3584	1	376	108	3.81841
2048	3584	1	262	122	1.51468
2560	3584	1	272	70	3.53456
2048	3584	1	108	158	3.43474
2048	3072	1	422	458	2.77877
2048	3584	1	340	22	1.34400
2048	3072	1	34	482	3.37023
2048	3072	1	326	438	0.60157
2560	3072	1	454	372	3.85143
2560	3072	1	100	428	3.87112
2560	3072	1	224	470	6.08579
2560	3072	1	350	444	4.31595
2560	3072	1	512	394	0.70863
2560	3584	1	484	34	3.04741
2048	3072	1	476	416	5.78565
2560	3072	2	40	448	0.00000
2560	3072	1	342	190	1.05611
2560	3072	1	262	186	0.53445
2560	3072	1	44	358	3.24467
2560	3072	1	474	202	6.11456
2560	3072	1	366	60	5.73572
2560	3072	1	404	272	0.29850
2560	3072	1	238	334	0.98037
2560	3072	1	10	88	4.29486
2048	3072	1	294	356	3.38441
2560	3072	1	174	40	2.77986
2560	3072	1	280	78	5.50886
2048	3072	1	492	218	2.46100
2048	3072	2	164	478	0.00000
2048	3072	1	212	380	2.98616
2560	3072	1	122	166	4.94289
2048	3072	1	288	62	6.02772
2048	3072	1	360	226	5.70014
2048	3072	1	444	48	0.98551
2048	3072	1	378	146	5.74948
2048	3072	1	220	202	5.42759
2048	3072	1	186	90	0.71883
2048	3072	1	116	36	0.69346
2048	3072	1	12	66	5.20567
2048	3072	1	34	226	3.50663
2048	3072	1	70	342	4.03099
2048	3072	2	194	24	0.00000
2560	3072	2	100	226	0.00000
2560	3072	2	226	132	0.00000
2560	3072	2	134	84	0.00000
2560	3072	2	18	180	0.00000
2048	3072	1	402	0	0.58061
2560	3584	2	208	356	0.00000
2560	3584	2	120	302	0.00000
2560	3584	2	266	344	0.00000
