1024	2048	1	238	210	3.18010
1024	2048	1	246	374	0.42309
1024	2048	1	64	352	5.90446
1024	2048	1	474	240	3.30303
1536	2048	1	108	450	5.16899
1024	2560	1	260	42	0.94314
1024	2560	1	472	46	2.26815
1536	2048	1	314	256	2.07653
1536	2048	2	250	354	0.00000
1024	2048	2	200	82	0.00000
1024	2048	2	38	166	0.00000
1536	2048	2	228	152	0.00000
1536	2048	1	372	108	4.32857
1536	2048	2	490	70	0.00000
1536	2048	1	180	36	0.00000
1536	2048	1	248	32	0.00000
1024	2560	1	184	186	2.75175
1536	2048	1	350	446	3.42786
1536	2560	1	236	18	3.83690
1536	2560	1	88	116	0.36870
1536	2048	1	428	510	3.95419
1536	2560	1	146	210	0.33019
1024	2560	2	84	182	0.00000
1024	2560	1	340	222	2.98249
1536	2560	1	452	148	2.94273
1536	2560	1	326	118	4.64582
1536	2560	1	270	248	5.82019
1536	2560	1	386	290	0.37299
1536	2560	1	502	350	1.97880
1024	2560	1	134	292	2.77465
1024	2560	1	112	410	1.86816
1024	2560	1	118	496	1.72391
1024	2560	1	32	286	1.92702
1024	2560	1	220	336	3.58940
1536	2560	1	52	354	2.01260
1024	2560	1	458	264	1.97569
1536	2560	1	46	210	2.30212
1536	2560	1	268	392	5.99432
1536	2560	1	178	388	2.92877
1536	2560	1	406	434	1.82584
1536	2560	1	46	426	5.16517
1024	2560	1	324	338	4.96428
1024	2560	1	268	430	0.12435
1024	2560	1	418	450	3.61972
1536	2560	1	158	500	1.53657
1536	2048	1	338	14	3.59354
1024	3072	1	12	82	0.00000
1024	3072	1	98	76	3.40704
1024	3072	1	238	40	3.87401
1024	3072	1	200	126	4.57492
1024	3072	1	40	208	0.65570
1024	3072	1	138	224	4.02614
1024	3072	1	328	96	0.00000
1536	3072	1	252	102	3.16287
1536	3072	1	128	92	1.24255
1536	3072	1	26	208	0.00000
1024	3072	1	426	206	0.71481
1024	3072	1	290	206	4.39855
1024	3072	1	230	322	3.54367
1024	3072	1	336	308	0.00000
1024	3584	1	220	380	0.55617
1024	3584	1	110	28	0.55272
1024	3072	1	88	402	4.99452
1536	3584	2	474	112	0.00000
1536	3072	1	356	50	0.00000
1536	3072	2	474	46	0.00000
1536	3072	2	122	4	0.00000
1536	3072	1	164	168	3.91038
1536	3072	1	224	238	2.01522
1536	3072	1	380	252	2.77134
1536	3072	1	328	274	5.87259
1024	3072	1	432	422	2.09320
1024	3072	1	382	488	1.90559
1024	3072	1	100	322	4.97216
1024	3584	1	190	148	0.13640
1024	3584	1	326	136	1.15109
1024	3584	1	320	36	1.94883
1024	3584	1	144	298	1.12403
1024	3584	1	354	270	1.80942
1536	3072	1	32	418	0.10397
1536	3072	1	140	288	1.51961
1536	3072	1	474	330	0.00000
1536	3072	1	270	362	6.25115
1536	3072	1	440	490	3.82914
1536	3072	2	388	442	0.00000
1536	3072	1	308	468	5.29157
1536	3072	1	170	462	5.34471
1024	3584	1	476	44	3.48539
1536	3584	1	68	122	0.93954
1536	3584	1	196	108	0.30337
1536	3584	1	36	218	0.96130
1536	3584	1	414	114	0.00000
1536	3584	1	464	244	4.60040
1536	3584	1	224	188	1.14794
1536	3584	1	356	268	2.60428
1024	3584	1	466	342	1.20492
1024	3072	1	40	512	0.57638
1536	3584	1	284	10	2.06261
1536	3584	1	384	388	5.23119
1536	3584	1	238	294	2.40297
1536	3584	1	138	278	2.56397
1536	3584	1	52	422	0.47637
1536	3584	1	144	438	6.00489
1536	3584	1	202	470	0.27491
1536	3584	1	304	502	0.34192
1536	3584	1	470	486	5.72850
1024	3584	1	334	378	5.84718
1024	3584	1	472	426	0.89072
1024	3584	1	80	412	0.73078
1024	3072	2	424	330	0.00000
1536	3584	2	142	44	0.00000
1024	3584	2	20	492	0.00000
1536	3072	2	32	14	0.00000
1024	3072	2	436	332	0.00000
2560	2560	1	270	318	6.06187
2560	2560	1	88	496	2.69257
2560	2560	1	36	286	0.00000
2560	2560	1	272	194	4.60489
2560	2560	1	226	72	0.93044
2048	2560	1	348	314	0.44903
2560	2560	1	178	324	0.45728
2560	2560	1	10	58	0.16993
2560	2048	1	80	370	5.34971
2560	2560	1	484	132	5.32219
2560	2048	1	230	402	0.71883
2560	2048	1	506	308	0.18124
2560	2048	1	384	230	3.34591
2048	2560	1	4	360	1.34024
2048	2048	1	196	172	0.68052
2048	2048	1	74	228	0.00000
2560	2048	1	426	58	2.78984
2048	2560	1	468	446	1.15747
2048	2560	1	124	450	5.82571
2048	2560	1	132	290	0.69866
2048	2560	1	302	110	0.00000
2560	2560	1	360	106	2.75873
2560	2560	1	394	350	3.90327
2560	2048	1	240	180	5.25694
2560	2048	1	482	492	3.53340
2560	2048	1	390	470	2.78946
2560	2048	1	330	396	0.77889
2048	2560	1	152	52	2.97578
2560	2560	1	130	152	2.67795
2560	2048	1	66	510	4.10356
2560	2048	1	172	102	0.56016
2560	2560	1	422	440	3.86612
2560	2048	1	124	262	5.87546
2048	2048	1	494	188	2.19679
2560	2048	1	188	264	2.80427
2560	2048	1	62	104	3.29554
2048	2048	1	488	402	5.87771
2048	2048	1	330	14	0.65683
2048	2048	1	430	58	0.42663
2048	2560	1	244	54	4.10166
2048	2048	1	384	452	4.87230
2560	2048	1	314	98	0.00000
2048	2560	1	78	100	0.81424
2048	2048	1	196	326	3.17246
2048	2048	1	38	420	0.63129
2048	2048	1	308	282	0.00000
2560	2560	1	398	236	1.01273
2560	2560	2	320	502	0.00000
2048	2560	2	448	322	0.00000
2048	2560	2	174	156	0.00000
2560	2560	2	462	338	0.00000
2048	2560	2	324	424	0.00000
2048	2560	2	172	372	0.00000
2048	2560	2	230	144	0.00000
2048	2560	2	418	52	0.00000
2048	2560	2	368	52	0.00000
2560	2560	2	28	172	0.00000
2048	2560	2	198	408	0.00000
2048	2560	2	324	214	0.00000
2048	2560	2	200	512	0.00000
2048	2048	1	110	160	0.00000
2048	2048	1	164	88	3.95436
2048	2048	1	42	98	3.84880
3584	2048	1	462	60	0.00000
3584	2048	1	374	94	0.00000
3584	2048	1	370	236	5.38713
3584	2048	1	220	74	4.13253
3584	2048	1	122	96	5.96143
3584	2048	1	230	284	5.26974
3072	2048	1	446	56	4.34829
3072	2048	1	436	140	4.67388
3072	2048	1	60	100	6.13187
3072	2048	1	184	60	3.67842
3072	2048	1	298	74	3.74714
3072	2048	1	136	226	4.12738
3072	2048	1	296	292	2.34989
3072	2048	1	358	214	2.39066
3584	2048	1	332	466	5.40347
3584	2048	1	70	298	0.00000
3584	2048	1	70	184	4.33818
3072	2048	1	474	258	2.93518
3072	2048	1	164	310	4.36937
3072	2048	1	66	432	2.79236
3072	2048	1	238	422	5.40035
3072	2048	1	366	432	3.47633
3072	2048	1	460	380	2.10729
3584	2048	1	78	432	0.88650
3584	2560	1	422	84	3.70602
3072	2560	2	438	130	0.00000
3072	2560	2	468	190	0.00000
3584	2560	1	174	72	3.16813
3584	2560	1	264	92	2.33643
3584	2560	1	392	184	4.64144
3584	2560	1	62	32	5.50344
3072	2560	1	380	34	0.61732
3072	2560	1	496	16	2.36306
3072	2560	1	236	28	2.70559
3072	2560	1	122	138	1.45979
3072	2560	1	74	62	1.63245
3072	2560	1	358	176	5.84411
3072	2560	1	284	192	5.87412
3072	2560	1	178	280	2.98636
3072	2560	1	264	334	3.33899
3072	2560	1	364	310	3.70003
3584	2560	1	276	232	2.75593
3584	2560	1	426	296	3.39030
3584	2560	1	498	370	2.73909
3584	2560	1	410	422	5.84944
3584	2560	1	38	146	5.15223
3072	2560	1	470	328	0.78711
3584	2560	1	88	322	1.14054
3584	2560	1	136	392	1.39094
3584	2560	2	248	330	0.00000
3072	2560	2	30	256	0.00000
3072	2560	1	96	364	3.22142
3072	2560	2	174	408	0.00000
3072	2560	1	14	392	3.35565
3072	2560	1	274	478	5.00626
3072	2560	1	416	458	2.09838
3584	2560	1	46	438	5.29374
3584	2560	1	304	342	3.79146
3584	2560	2	334	448	0.00000
3584	2560	2	244	456	0.00000
3072	2048	2	100	14	0.00000
3072	2560	1	132	512	6.00921
3584	2560	2	226	512	0.00000
3584	2560	2	476	502	0.00000
3584	2560	1	36	512	1.47113
3584	2048	1	426	184	4.34522
3584	2560	2	512	198	0.00000
3584	2560	2	356	512	0.00000
3072	2560	2	22	146	0.00000
3072	3072	1	168	152	4.71613
3072	3072	1	64	76	3.49480
3072	3072	1	164	44	0.00000
3072	3072	1	274	68	5.14788
3072	3072	1	404	78	5.78721
3072	3072	1	340	210	1.38752
3072	3072	1	166	234	1.13438
3072	3072	1	70	292	4.21508
3072	3072	1	216	300	1.61492
3072	3072	1	494	162	0.68264
3584	3072	1	130	54	3.65698
3072	3072	1	498	34	1.75358
3072	3072	1	336	342	3.72750
3072	3072	1	108	390	1.90119
3584	3072	1	4	290	2.00156
3072	3072	2	430	260	0.00000
3584	3072	1	152	194	2.01785
3584	3072	2	24	218	0.00000
3584	3072	1	250	34	2.04129
3584	3072	1	184	98	0.65727
3584	3072	1	354	44	3.10425
3584	3072	1	416	76	2.80376
3584	3072	1	486	36	2.84666
3072	3584	1	262	22	2.28721
3072	3072	1	106	500	2.08418
3072	3584	1	98	64	1.40388
3072	3072	1	448	446	3.94761
3584	3072	1	158	286	1.71706
3584	3072	1	306	136	5.07667
3584	3072	1	272	192	5.21944
3584	3072	1	478	150	3.57644
3584	3072	1	380	196	3.24385
3584	3584	1	22	12	3.88814
3584	3072	1	144	338	1.90477
3584	3072	1	182	416	1.86822
3584	3072	1	274	276	5.85973
3584	3072	1	362	314	5.74220
3584	3072	1	466	288	0.00000
3072	3584	1	204	128	0.00000
3072	3584	1	298	142	5.64063
3072	3584	1	116	188	0.30707
3072	3584	1	440	158	0.00000
3584	3072	1	340	394	1.91545
3584	3072	1	158	480	5.20104
3584	3584	1	126	74	5.17999
3072	3584	1	512	118	0.54873
3584	3584	1	274	40	2.73713
3584	3072	1	310	460	4.75615
3584	3072	1	392	510	2.27408
3584	3584	1	380	86	5.35592
3584	3072	1	468	432	0.00000
3584	3584	1	38	226	1.20833
3584	3584	1	302	142	1.85977
3584	3584	1	174	200	5.43886
3584	3584	1	338	254	3.61882
3584	3584	1	470	204	2.50887
3584	3584	1	464	102	1.99149
3072	3584	1	300	322	3.23212
3072	3584	1	48	376	3.47545
3072	3584	1	164	270	0.00000
3072	3584	1	66	468	1.33975
3072	3584	1	252	440	4.65290
3072	3584	1	412	358	1.58647
3072	3584	1	422	432	1.38317
3584	3584	1	450	286	1.27118
3584	3584	1	80	442	0.52969
3584	3584	1	86	292	1.24492
3584	3584	1	240	428	0.78380
2560	3072	2	36	444	0.00000
2560	3072	2	228	132	0.00000
2560	3072	2	146	80	0.00000
2560	3072	2	16	178	0.00000
2560	3072	2	104	238	0.00000
2560	3072	2	346	246	0.00000
2048	3072	2	166	476	0.00000
2048	3584	2	108	242	0.00000
2048	3072	1	158	68	2.11707
2048	3072	1	60	98	5.49549
2048	3072	1	32	176	3.13951
2048	3072	1	52	318	0.63227
2048	3072	1	294	96	5.94633
2048	3072	1	270	198	5.36236
2048	3072	1	358	246	5.76278
2048	3072	1	384	156	5.71009
2048	3072	1	424	44	1.15130
2048	3072	1	468	164	2.93942
2560	3072	1	74	16	2.27305
2560	3072	1	260	46	5.19358
2560	3072	1	444	74	5.61028
2048	3072	1	220	298	3.90827
2048	3072	1	198	410	5.47553
2048	3072	1	290	362	3.58314
2048	3072	1	372	376	3.58770
2560	3072	1	64	124	4.52785
2560	3072	1	168	192	5.04973
2560	3072	1	374	172	4.62387
2560	3072	1	466	232	4.50455
2560	3072	1	434	344	2.99365
2560	3072	1	290	286	5.89275
2560	3072	1	12	304	0.98855
2560	3072	1	132	310	1.06808
2560	3072	1	348	382	0.27456
2560	3072	2	100	428	0.00000
2560	3072	1	230	458	6.09522
2560	3584	1	370	30	3.39389
2560	3584	1	264	54	3.66203
2560	3072	2	214	374	0.00000
2560	3584	1	144	36	2.82932
2048	3072	1	396	450	3.97453
2048	3072	1	458	488	0.54533
2048	3072	1	260	512	0.87903
2048	3584	1	120	56	1.13322
2048	3584	1	96	164	0.67192
2560	3584	1	470	54	1.08779
2560	3584	1	512	142	1.72938
2048	3584	1	446	100	2.27831
2048	3584	1	334	118	0.30507
2048	3584	2	280	90	0.00000
2048	3584	1	196	164	3.44932
2048	3584	1	190	302	4.62505
2048	3584	1	282	286	6.03215
2048	3584	1	344	266	0.00000
2048	3584	1	410	232	0.32693
2048	3584	1	472	298	0.37542
2560	3584	1	80	164	2.24597
2560	3584	1	48	216	2.21969
2560	3584	1	182	272	2.22940
2560	3584	1	262	210	2.99308
2560	3584	1	352	140	1.97569
2560	3584	1	476	212	1.48051
2560	3584	1	352	226	2.22006
2560	3584	1	292	368	0.81705
2560	3584	1	494	294	1.28029
2560	3584	1	460	366	2.53187
2560	3584	1	440	450	3.81222
2560	3584	1	374	384	1.24964
2560	3584	1	284	484	0.28492
2560	3584	1	176	450	2.11792
2560	3584	1	30	406	0.38832
2048	3584	1	436	446	1.49402
2048	3584	1	258	442	0.00000
2048	3584	1	130	452	0.00000
2048	3584	1	450	512	1.67834
