1024	2560	1	332	306	2.66407
1024	2560	1	156	410	3.77347
1536	2560	1	98	324	3.28554
1536	2560	1	138	166	1.37265
1536	2048	1	384	444	0.00000
1024	2560	1	64	148	2.57728
1024	2560	1	392	484	3.63383
1024	2560	1	274	346	2.36783
1024	2560	1	272	202	4.02127
1024	2560	1	66	390	0.00000
1536	2560	1	388	390	2.91561
1536	2560	1	422	258	2.76146
1536	2560	1	512	258	3.77345
1024	2560	1	460	126	6.07288
1536	2560	1	324	396	3.01167
1024	2048	1	318	340	0.00000
1536	2560	1	308	242	5.46265
1536	2560	1	204	314	0.58252
1536	2560	1	350	504	4.78423
1536	2560	1	472	512	2.47223
1536	2560	1	42	476	0.61694
1536	2560	1	232	440	0.17574
1024	2560	1	272	466	2.64492
1024	2560	1	158	206	0.66248
1024	2560	1	408	274	5.62896
1024	2560	1	508	414	0.39754
1536	2560	2	478	408	0.00000
1024	2560	2	198	288	0.00000
1024	2560	2	350	447	0.00000
1024	2048	1	200	76	0.60435
1024	2048	1	198	274	1.69712
1024	2048	1	228	380	0.41886
1024	2560	1	294	14	1.62329
1536	2560	1	24	26	5.88689
1024	2048	1	386	416	4.79631
1536	2048	1	52	388	0.69923
1024	2048	1	498	278	5.86076
1536	2048	1	90	186	0.52386
1536	2048	1	166	292	3.05316
1536	2048	1	188	500	0.89404
1536	2560	1	268	62	0.64439
1536	2560	1	360	96	2.79457
1536	2560	1	448	142	2.85389
1536	2560	1	512	54	0.99880
1536	2048	1	466	428	3.23937
1536	2048	1	340	332	3.51335
1536	2048	1	240	382	6.18091
1536	2048	1	276	318	3.04163
1536	2048	1	416	260	2.16648
1536	2048	2	502	67	0.00000
1536	2048	1	226	142	0.00000
1536	2048	1	266	88	5.57744
1024	2048	1	298	204	3.47791
1024	2048	1	282	92	1.68922
1024	2048	1	140	0	1.02081
1024	2048	1	378	36	0.00000
1536	2048	1	5	0	0.00000
1536	2048	1	84	30	3.82901
1536	2048	1	252	16	5.20082
1024	3584	1	136	106	4.69592
1024	3584	1	102	272	5.83409
1024	3584	1	96	476	5.91227
1024	3584	1	296	300	0.00000
1024	3584	1	438	344	0.00000
1536	3584	1	236	102	1.74962
1536	3584	1	352	206	2.45943
1024	3584	1	470	226	5.38790
1536	3584	1	180	450	0.00000
1536	3584	1	108	368	1.26042
1536	3584	1	186	216	0.00000
1536	3584	1	72	470	0.66325
1536	3584	1	324	490	5.66677
1536	3584	1	408	342	0.01302
1024	3584	1	478	92	5.57211
1024	3584	1	372	94	0.00000
1536	3584	1	110	230	0.00000
1536	3584	1	480	468	5.71161
1536	3584	1	274	364	2.57947
1536	3584	1	490	280	0.51427
1536	3584	1	492	174	0.99573
1536	3584	1	334	18	0.60397
1536	3584	1	490	4	2.30978
1536	3072	1	418	404	0.00000
1536	3072	1	242	476	0.00000
1536	3072	1	184	476	2.97908
1024	3072	1	278	500	0.97009
1024	3072	1	500	502	1.73952
1536	3584	2	384	127	0.00000
1536	3584	2	476	111	0.00000
1024	3072	1	54	502	0.00000
1024	3072	1	88	342	5.18427
1536	3072	1	98	482	3.12028
1536	3072	1	68	406	0.49865
1536	3072	1	164	342	5.67502
1536	3072	1	310	298	4.63276
1024	3072	1	330	402	1.90981
1024	3072	1	456	384	2.80046
1536	3072	1	30	314	0.42749
1024	3072	1	382	246	4.29332
1024	3072	1	226	264	2.26901
1024	3072	1	242	178	0.00000
1024	3072	1	168	198	0.32253
1024	3072	1	68	228	3.73049
1024	3072	1	14	174	4.09384
1024	3072	1	320	94	5.57634
1536	3072	1	2	182	0.00000
1024	3072	1	118	38	2.84967
1024	3072	1	450	112	1.17241
1536	3072	1	64	118	0.56207
1536	3072	1	152	224	2.23259
1536	3072	1	228	158	2.71956
1536	3072	1	282	102	5.86871
1536	3072	1	422	258	2.40531
1536	3072	1	438	156	2.43108
1536	3072	1	426	70	5.00216
2560	2048	1	416	50	0.00000
2048	2048	1	252	170	0.00000
2048	2048	1	146	238	0.35730
2560	2048	1	66	40	4.80998
2048	2048	1	356	222	5.87945
2048	2048	1	26	406	0.18357
2048	2048	1	188	60	3.38904
2560	2048	1	12	118	5.55893
2560	2048	1	314	86	0.00000
2048	2048	1	402	118	3.20771
2048	2048	1	44	36	0.26140
2048	2048	1	88	138	0.50182
2048	2048	1	58	270	6.11784
2048	2560	1	112	354	0.26540
2048	2560	1	294	448	3.33673
2048	2560	1	70	114	4.03946
2048	2560	1	28	204	3.58450
2048	2560	1	38	338	3.80270
2048	2048	1	250	258	0.00000
2048	2560	1	154	488	0.00000
2048	2048	1	122	358	4.42115
2048	2560	1	430	458	4.20399
2048	2560	1	306	10	4.15535
2048	2048	1	336	422	4.37524
2048	2048	1	222	408	4.25191
2048	2048	1	116	472	4.20833
2048	2560	1	284	118	5.15952
2560	2048	1	24	220	1.85196
2560	2048	1	188	178	5.91711
2560	2048	1	172	82	4.01776
2048	2048	1	510	504	4.79965
2560	2048	1	512	208	0.61777
2560	2048	1	344	246	3.03630
2560	2048	1	508	132	3.90314
2560	2048	1	512	306	1.03298
2560	2048	1	116	340	2.42302
2560	2048	1	70	450	1.36160
2560	2048	1	322	454	4.29336
2560	2048	1	214	448	3.99296
2048	2560	1	506	102	3.98221
2560	2560	1	444	104	3.13107
2560	2560	1	108	74	0.00000
2560	2560	1	202	62	2.19057
2048	2560	1	260	304	1.21551
2560	2560	1	378	10	0.60937
2560	2560	1	50	222	1.27290
2560	2560	1	384	132	5.54059
2560	2560	1	310	186	5.10729
2560	2560	1	216	212	5.74949
2048	2560	1	408	366	4.83939
2560	2560	1	92	306	4.04450
2048	2560	1	106	220	3.80080
2560	2560	1	484	248	5.55230
2560	2560	1	348	304	4.05986
2560	2560	1	172	348	3.45848
2560	2560	1	484	490	2.41725
2560	2560	1	102	458	5.45153
2560	2560	1	332	460	2.86389
2048	2048	2	406	16	0.00000
2560	2048	2	296	394	0.00000
2048	2048	2	200	510	0.00000
2048	2560	2	382	110	0.00000
2048	2560	2	420	40	0.00000
2048	2560	2	226	150	0.00000
2048	2560	2	182	150	0.00000
2048	2560	2	310	203	0.00000
2560	2560	2	16	163	0.00000
2560	2560	2	290	5	0.00000
2560	2560	2	466	337	0.00000
2048	2560	2	172	359	0.00000
2048	2560	2	204	415	0.00000
2560	2560	2	4	489	0.00000
2048	2560	2	82	503	0.00000
2560	2560	2	266	503	0.00000
2560	2560	2	194	503	0.00000
2560	2560	2	222	447	0.00000
2048	2560	2	434	305	0.00000
2560	2048	1	280	50	3.50274
3072	2048	2	18	22	0.00000
3072	2048	1	72	46	0.36289
3072	2048	1	0	132	4.09727
3072	2048	1	192	28	1.74449
3072	2048	1	162	170	5.15085
3072	2048	1	24	198	0.73782
3072	2048	1	306	206	4.16384
3072	2048	1	244	120	5.73440
3072	2048	1	324	70	5.44081
3072	2048	1	450	82	4.87711
3072	2048	1	420	192	4.14898
3072	2048	1	12	290	0.99289
3072	2048	1	138	352	4.60015
3072	2048	1	246	346	2.54567
3072	2048	1	362	330	1.60468
3072	2048	1	484	332	2.64225
3584	2048	1	14	234	1.16708
3584	2048	1	150	112	0.00000
3584	2048	1	258	98	3.78409
3584	2048	1	266	206	4.02346
3584	2048	1	386	218	5.55131
3584	2048	1	392	98	6.13486
3584	2048	1	222	0	6.22483
3584	2048	1	462	44	0.15394
3584	2048	1	512	106	0.08919
3584	2048	1	158	254	2.03022
3584	2048	1	512	344	5.18150
3584	2048	1	246	334	4.52617
3584	2048	1	46	322	2.97401
3584	2048	1	110	366	6.14281
3584	2048	1	258	444	5.20677
3584	2048	1	174	470	2.82270
3584	2048	1	46	502	0.00000
3072	2048	1	332	440	4.14989
3072	2048	1	468	424	2.20528
3584	2048	1	362	480	2.96811
3584	2048	1	460	470	3.25149
3072	2560	1	210	20	1.44644
3072	2560	2	162	82	0.00000
3072	2560	1	48	96	4.45871
3072	2560	2	6	16	0.00000
3072	2560	1	298	114	0.44149
3072	2560	1	408	10	1.87792
3072	2560	1	474	100	2.40232
3584	2560	1	80	106	1.72880
3584	2560	1	172	60	1.82224
3584	2560	1	282	48	2.91479
3584	2560	1	438	118	6.04458
3584	2560	1	510	156	3.22842
3584	2560	2	404	244	0.00000
3584	2560	1	290	176	4.60610
3584	2560	1	152	170	4.17697
3584	2560	1	168	244	1.72316
3072	2560	1	384	146	0.30130
3072	2560	2	460	192	0.00000
3072	2560	2	432	144	0.00000
3584	2560	1	22	218	0.36848
3584	2560	1	82	312	0.00000
3072	2560	1	8	238	5.63816
3072	2560	1	106	512	3.06286
3072	2560	1	198	490	5.36226
3072	2560	1	370	492	0.06496
3072	2560	1	504	512	3.13058
3584	2560	1	100	508	1.87916
3584	2560	1	192	500	2.99556
3584	2560	1	434	474	4.04410
3584	2560	2	478	512	0.00000
3584	2560	1	512	328	2.81004
3584	2560	1	440	352	2.91632
3584	2560	1	378	388	2.85593
3584	2560	1	294	376	0.33185
3584	2560	1	274	278	3.81633
3584	2560	1	190	340	5.20420
3584	2560	1	244	462	5.10718
3584	2560	2	342	452	0.00000
3072	2560	1	312	404	0.72165
3072	2560	1	232	226	6.18316
3584	2560	1	26	370	1.95523
3584	2560	1	160	398	1.37055
3072	2560	1	376	264	4.13808
3072	2560	1	426	380	2.48830
3072	2560	1	88	360	3.11584
3072	2560	1	186	326	2.91349
3072	2560	2	308	14	0.00000
3584	2560	1	512	460	5.23154
3072	3072	1	196	222	5.85264
3072	3072	1	248	90	4.87905
3072	3072	1	50	134	5.36524
3072	3072	1	30	378	2.99114
3072	3584	1	130	82	6.08579
3072	3584	1	48	106	0.00000
3072	3584	1	200	18	2.15174
3072	3072	1	246	402	1.32865
3072	3584	1	314	2	5.64968
3072	3072	1	386	500	2.67631
3072	3584	1	264	92	4.31174
3072	3584	1	304	156	1.55383
3072	3072	1	280	290	2.92964
3072	3072	1	370	296	2.73882
3072	3072	1	306	190	5.25362
3072	3584	1	348	236	0.82142
3072	3584	1	132	320	2.67349
3072	3584	1	184	300	2.93312
3072	3584	1	168	214	4.76333
3072	3584	1	116	438	4.24034
3072	3072	1	480	324	0.53884
3072	3072	1	396	180	5.53167
3072	3072	1	450	126	0.00000
3584	3072	1	86	200	5.15705
3584	3072	1	110	114	2.23534
3072	3072	1	512	66	0.00000
3584	3072	1	76	318	0.00000
3584	3072	1	186	256	0.88187
3584	3584	1	134	108	3.76913
3584	3072	1	228	422	4.47829
3584	3072	1	128	506	3.40395
3072	3584	1	498	120	3.70157
3072	3072	1	454	450	1.54754
3072	3584	1	464	22	4.13789
3584	3584	1	248	106	3.77879
3584	3584	1	316	184	5.07722
3584	3584	1	338	86	5.68778
3584	3072	1	334	464	1.06566
3584	3072	1	320	100	0.24128
3584	3072	1	386	108	0.16624
3584	3072	1	274	46	0.36968
3072	3584	1	356	454	1.73786
3072	3584	1	342	384	1.10888
3072	3584	1	510	442	1.39443
3584	3584	1	362	420	5.58388
3072	3584	1	470	318	0.00000
3584	3584	1	78	244	5.36278
3584	3072	1	390	246	1.11701
3584	3072	1	376	392	4.71239
3584	3584	1	396	12	0.36530
3584	3072	1	458	510	0.71718
3584	3072	1	476	300	4.07392
3584	3584	1	390	294	0.15660
3584	3584	1	428	142	4.10471
3072	3072	1	100	346	0.10488
3584	3584	1	464	378	5.30140
3584	3584	1	126	466	1.16643
3584	3584	1	184	198	5.43537
3584	3072	1	488	52	0.49394
3072	3584	1	42	310	1.63235
3584	3072	1	252	276	4.25491
3584	3072	1	240	150	3.83293
3072	3072	1	384	26	0.00000
3072	3072	1	102	32	3.08969
3072	3584	1	240	382	0.00000
3584	3584	1	430	488	5.30831
3072	3584	1	190	470	0.00000
3584	3072	1	468	170	5.12252
2048	3072	2	54	36	0.00000
2048	3072	2	132	114	0.00000
2048	3072	2	170	64	0.00000
2048	3072	1	248	120	0.00000
2048	3072	1	178	218	0.00000
2048	3072	1	64	204	0.00000
2048	3072	1	468	132	5.29975
2048	3072	1	324	200	3.41576
2048	3072	1	158	360	1.25852
2048	3072	2	42	378	0.00000
2048	3072	2	160	470	0.00000
2048	3072	2	294	284	0.00000
2048	3072	2	236	278	0.00000
2048	3072	1	464	50	2.25311
2560	3072	1	84	104	2.65844
2560	3072	2	140	82	0.00000
2048	3072	2	150	122	0.00000
2560	3072	2	182	34	0.00000
2560	3072	2	94	228	0.00000
2560	3072	1	268	202	2.46364
2560	3072	1	342	146	0.00000
2560	3072	1	436	126	0.55292
2560	3072	1	426	302	0.00000
2560	3072	1	358	378	5.80731
2560	3072	1	158	316	0.00000
2560	3072	1	224	288	0.00000
2048	3072	1	388	392	0.25255
2048	3072	1	318	342	3.86823
2048	3072	1	266	464	5.37716
2048	3072	1	476	356	0.31471
2560	3072	1	72	330	2.55062
2560	3072	1	152	470	0.11711
2560	3072	2	106	428	0.00000
2560	3072	2	352	238	0.00000
2048	3584	1	64	36	3.24796
2048	3584	2	218	10	0.00000
2048	3584	1	310	88	3.79328
2048	3584	1	216	158	2.15137
2048	3584	1	208	496	5.04499
2048	3584	2	190	276	0.00000
2048	3584	1	432	170	0.01936
2048	3584	1	442	18	3.40683
2560	3072	1	30	488	3.05093
2560	3584	1	88	76	0.00000
2560	3584	1	428	26	1.24268
2560	3584	1	466	90	4.21341
2560	3584	1	290	4	4.04292
2560	3072	2	222	492	0.00000
2560	3584	1	176	156	0.93934
2560	3584	1	312	228	5.54394
2560	3584	1	316	130	1.71751
2560	3584	1	468	188	1.89031
2048	3584	1	338	218	4.40449
2560	3584	1	62	238	2.13753
2048	3584	1	506	138	1.65748
2560	3072	1	270	56	3.28211
2560	3072	2	490	298	0.00000
2048	3584	1	76	308	6.10251
2048	3584	1	36	426	5.36978
2048	3584	1	282	392	0.39852
2048	3584	1	374	316	0.00000
2048	3584	1	452	384	0.05413
2560	3584	1	12	420	0.00000
2048	3584	1	510	290	5.22146
2560	3584	1	158	282	0.00000
2560	3584	1	362	386	5.46310
2560	3584	1	214	460	5.67914
2560	3584	1	128	482	5.78441
2048	3584	1	348	484	0.34302
2048	3584	1	112	204	1.59432
2560	3584	2	284	358	0.00000
2560	3584	2	338	472	0.00000
2048	3584	2	210	420	0.00000
2048	3584	2	252	346	0.00000
2048	3072	2	420	178	0.00000
2560	3584	2	512	286	0.00000
2560	3584	1	506	362	2.91462
