1024	2048	1	114	164	2.59254
1024	2048	1	224	188	2.44036
1536	2048	1	4	110	4.59861
1536	2048	1	154	186	2.03732
1024	2048	1	434	218	3.35244
1536	2048	1	130	80	5.26051
1024	2048	1	508	508	4.01509
1024	2048	1	240	344	0.00000
1024	2048	1	110	432	0.00000
1024	2048	1	328	460	4.27098
1024	2560	1	266	40	1.50423
1024	2560	1	122	122	1.75330
1536	2048	1	200	296	1.56111
1536	2048	1	334	316	0.00000
1536	2048	1	440	454	3.87619
1536	2048	1	330	188	2.54573
1536	2048	1	474	246	5.86840
1536	2048	1	430	66	0.22757
1536	2048	1	332	62	5.81612
1536	2560	1	188	34	2.16606
1536	2048	1	312	474	3.35269
1024	2560	1	512	112	0.61321
1536	2560	1	92	110	0.00000
1536	2560	1	32	356	4.66121
1024	2560	1	264	338	0.00000
1024	2560	1	130	380	0.00000
1024	2560	1	298	170	0.00000
1536	2560	1	380	130	4.62925
1536	2560	1	496	42	4.15817
1024	2560	1	154	252	1.02785
1024	2560	1	236	188	2.39598
1024	2560	1	456	238	4.80458
1536	2560	1	66	262	4.57314
1536	2560	1	474	272	0.62880
1536	2560	1	60	434	5.52042
1536	2560	1	216	426	2.85158
1024	2560	1	432	368	2.92638
1536	2560	1	412	430	2.10101
1536	2560	1	186	214	4.46504
1536	2560	1	190	324	0.72628
1536	2560	1	270	242	5.81569
1536	2560	1	276	366	5.45897
1536	2560	2	352	304	0.00000
1024	2560	2	354	444	0.00000
1536	2560	2	478	420	0.00000
1536	2048	2	508	362	0.00000
1536	2048	1	224	404	0.70226
1024	2560	1	216	446	3.11846
1024	2560	2	128	512	0.00000
1024	2560	2	504	512	0.00000
1536	2560	2	410	512	0.00000
1024	2560	2	24	476	0.00000
1536	2048	2	510	134	0.00000
1024	2560	1	416	70	1.88634
1024	3072	1	92	174	0.64248
1024	3072	1	130	248	0.83348
1024	3072	1	322	158	1.21347
1024	3072	2	256	90	0.00000
1024	3072	1	206	276	0.82387
1024	3072	1	276	332	0.28883
1024	3072	1	50	338	1.75513
1024	3072	2	134	418	0.00000
1024	3072	1	198	484	6.16384
1024	3072	1	42	468	0.68672
1024	3584	1	60	36	0.48427
1024	3584	1	124	92	6.15880
1024	3584	1	84	168	2.73553
1024	3584	2	20	176	0.00000
1024	3072	1	118	30	0.89135
1024	3072	1	386	314	5.74899
1024	3072	1	280	428	1.39885
1024	3584	1	196	150	0.18070
1024	3584	1	232	238	0.54887
1024	3584	1	346	218	3.21198
1024	3584	1	374	66	2.82148
1024	3072	2	452	122	0.00000
1536	3072	1	12	94	2.60289
1536	3072	1	106	118	0.62849
1536	3072	1	186	70	0.00000
1536	3072	1	242	86	3.14478
1536	3072	1	382	64	3.33206
1536	3072	1	312	182	4.11674
1536	3072	1	12	212	4.13035
1536	3072	1	78	268	1.59842
1536	3072	1	76	332	1.25562
1536	3072	1	240	308	5.37183
1536	3072	1	410	182	3.45357
1536	3072	1	476	216	0.58348
1536	3072	1	388	290	4.91953
1536	3072	1	494	394	2.65107
1536	3072	1	348	392	1.53580
1536	3072	1	176	426	5.65256
1536	3072	1	292	478	3.71800
1536	3072	2	32	460	0.00000
1536	3584	2	116	46	0.00000
1536	3584	1	288	82	4.64194
1536	3584	1	214	130	2.00751
1536	3584	1	86	132	1.32044
1024	3072	1	306	496	3.83931
1024	3584	1	490	210	5.51018
1536	3584	1	250	230	2.18319
1536	3584	1	424	392	5.45662
1536	3584	1	146	234	2.57920
1024	3584	1	450	290	4.84678
1536	3584	1	194	408	0.00000
1536	3584	1	82	338	0.00000
1024	3584	1	328	430	0.00000
1024	3584	1	226	396	0.55804
1024	3584	1	84	340	6.04321
1024	3584	1	134	506	0.50162
1024	3584	1	48	434	2.63073
1536	3584	2	454	130	0.00000
1536	3584	2	500	262	0.00000
1024	3584	2	30	505	0.00000
2048	2048	1	222	36	5.49937
2560	2048	1	166	126	2.98046
2560	2048	1	234	98	0.00000
2560	2048	1	310	84	0.00000
2048	2048	1	242	134	1.26442
2048	2048	1	132	108	0.38631
2048	2048	1	26	166	5.61122
2048	2048	1	126	228	0.51170
2048	2048	1	250	242	0.07929
2048	2048	1	158	300	3.60951
2560	2048	1	38	190	2.77441
2560	2048	1	44	28	3.46548
2048	2048	1	504	28	0.31597
2048	2048	1	68	314	2.98216
2048	2048	1	206	390	1.49486
2048	2048	1	390	444	2.25712
2048	2048	1	476	422	5.89321
2560	2048	1	36	290	1.52583
2560	2048	1	382	256	6.22064
2560	2048	1	506	154	1.22777
2560	2048	1	288	290	1.92224
2560	2048	1	242	414	6.22730
2560	2048	1	350	462	3.71488
2560	2048	1	74	390	4.78112
2048	2048	1	192	470	0.93737
2048	2048	1	28	406	2.43965
2048	2048	1	322	494	5.31922
2560	2048	2	168	510	0.00000
2560	2048	2	430	466	0.00000
2560	2048	2	512	474	0.00000
2048	2560	1	250	46	1.96989
2048	2560	1	68	116	3.61945
2048	2560	1	132	284	3.31953
2048	2560	1	42	348	0.60716
2048	2560	2	496	322	0.00000
2048	2560	2	438	304	0.00000
2560	2560	2	296	492	0.00000
2560	2560	1	412	56	5.96158
2560	2560	1	152	82	1.63903
2560	2560	1	126	176	1.24571
2048	2560	1	254	246	2.08092
2048	2560	1	348	134	2.66391
2048	2560	1	278	364	1.32438
2048	2560	1	384	374	6.07897
2560	2560	1	22	268	5.16288
2560	2560	1	60	390	0.85512
2048	2560	2	168	146	0.00000
2048	2560	2	230	150	0.00000
2560	2560	1	184	272	1.64964
2560	2560	1	282	54	1.87605
2048	2560	1	56	428	4.22958
2048	2560	1	410	232	2.97220
2560	2560	1	290	182	2.59545
2560	2560	1	320	308	4.08827
2560	2560	1	120	418	0.39852
2560	2560	1	404	404	1.10315
2560	2560	2	474	338	0.00000
2048	2560	2	310	422	0.00000
2560	2560	1	262	402	2.18396
2560	2560	1	492	176	5.32056
2560	2560	2	14	164	0.00000
2560	2560	1	378	500	5.52812
2560	2560	1	488	512	5.45964
2048	2560	1	406	512	5.64589
2048	2560	2	322	204	0.00000
2560	2560	1	512	66	1.53748
3072	2048	1	108	44	3.33741
3072	2048	1	402	30	4.87230
3584	2048	1	32	12	1.09871
3072	2048	1	464	228	5.68282
3072	2048	1	208	46	6.17886
3072	2048	1	194	118	1.05826
3072	2048	2	20	69	0.00000
3072	2048	2	294	9	0.00000
3072	2048	1	34	158	0.68573
3072	2048	1	162	202	4.81820
3072	2048	1	306	232	3.54790
3072	2048	1	306	374	5.42061
3584	2048	1	110	92	5.41744
3584	2048	1	232	66	3.76855
3584	2048	1	478	60	0.00000
3584	2048	2	366	111	0.00000
3072	2048	2	512	146	0.00000
3584	2048	1	146	234	5.05141
3584	2048	1	364	226	5.69870
3072	2048	1	418	356	2.80354
3584	2048	1	10	420	2.89897
3584	2048	2	70	308	0.00000
3584	2048	1	210	330	5.28244
3584	2048	1	136	380	5.08285
3584	2048	1	146	460	4.69749
3072	2048	1	114	474	3.11800
3072	2048	1	28	428	3.63553
3072	2048	2	196	414	0.00000
3584	2048	1	348	318	1.28237
3584	2048	2	490	292	0.00000
3584	2048	1	428	368	4.78772
3584	2048	1	386	464	5.47471
3584	2560	1	336	14	5.55143
3584	2048	1	504	470	5.61291
3072	2560	1	292	96	3.45830
3072	2560	1	230	278	3.02630
3072	2560	1	140	352	0.26182
3584	2560	1	170	28	4.26406
3072	2048	1	362	498	3.42826
3072	2560	1	438	14	3.13797
3584	2560	1	480	64	4.77682
3584	2560	1	270	70	0.00000
3584	2560	1	206	134	3.10521
3584	2560	1	38	146	3.43983
3584	2560	1	104	170	3.88127
3584	2560	1	364	214	5.62442
3584	2560	1	262	258	4.89224
3584	2560	1	246	474	0.00000
3072	2560	1	426	280	2.84484
3072	2560	1	328	262	2.52007
3072	2560	1	276	390	1.02732
3072	2560	1	36	438	0.00000
3072	2560	1	380	390	0.57790
3072	2560	1	474	482	5.10052
3072	2560	1	152	512	0.00000
3584	2560	1	108	410	3.70849
3072	2560	1	60	76	2.64990
3584	2560	1	316	436	5.98411
3584	2560	1	8	378	3.18559
3584	2560	1	58	298	2.00947
3584	2560	1	466	330	3.58567
3584	2560	1	508	492	5.76521
3072	2560	2	229	83	0.00000
3072	2560	2	124	187	0.00000
3072	2560	2	440	131	0.00000
3072	2560	2	470	187	0.00000
3072	2048	2	246	509	0.00000
3072	2560	2	168	75	0.00000
3584	2560	2	218	341	0.00000
3584	2560	2	150	275	0.00000
3584	2560	2	350	127	0.00000
3072	2560	1	512	82	0.00000
3584	2560	1	370	392	5.72612
3072	2560	1	368	138	0.00000
3072	3072	1	142	378	3.12016
3072	3072	1	168	224	3.37817
3072	3072	1	140	70	0.00000
3584	3584	1	50	222	0.00000
3584	3584	1	190	88	0.00000
3584	3584	1	110	70	0.00000
3072	3584	1	492	256	0.00000
3584	3072	1	150	334	0.00000
3584	3072	1	74	348	5.86737
3584	3072	1	14	388	0.00000
3072	3072	1	256	486	0.00000
3072	3072	1	330	384	0.00000
3072	3584	1	132	10	1.78012
3072	3072	1	68	422	5.77387
3072	3584	1	80	108	5.17458
3072	3584	1	72	192	2.27672
3072	3584	1	176	182	1.54331
3072	3584	1	234	114	4.83742
3072	3584	1	350	68	5.04777
3072	3072	1	244	306	3.99116
3072	3072	1	414	76	5.73571
3072	3072	1	442	204	4.75992
3072	3072	1	502	256	4.19946
3072	3072	1	438	398	5.93824
3072	3072	1	432	512	4.33845
3072	3072	1	84	248	0.00000
3072	3584	1	282	254	0.00000
3072	3584	1	156	282	0.41369
3072	3584	1	512	64	5.83877
3072	3584	1	402	174	5.08751
3072	3584	1	384	236	4.78370
3072	3584	1	360	300	5.25576
3584	3072	1	76	60	4.64415
3584	3072	1	176	170	0.00000
3584	3072	1	74	192	0.00000
3584	3072	1	292	184	5.14379
3584	3072	1	306	88	0.00000
3584	3072	1	450	128	0.00000
3584	3072	1	500	258	1.10715
3584	3072	1	252	322	5.89076
3584	3072	1	176	434	1.29183
3584	3072	1	286	508	1.03038
3584	3072	1	386	486	5.55806
3584	3072	1	426	376	1.07512
3584	3072	1	344	268	4.96683
3584	3584	1	372	124	0.00000
3584	3584	1	296	194	5.65855
3584	3584	1	326	84	0.00000
3584	3584	1	204	220	5.89631
3072	3584	1	50	384	0.00000
3584	3584	1	366	396	1.20540
3584	3584	1	2	474	5.00385
3072	3584	1	218	474	1.36462
3072	3584	1	150	392	1.22075
3072	3584	1	498	366	1.75327
2048	3072	1	134	102	3.01279
2048	3072	1	258	128	5.18102
2048	3072	1	118	256	0.96699
2048	3072	1	34	242	0.84949
2048	3072	1	512	188	2.17270
2560	3072	1	58	300	5.09443
2048	3072	1	334	218	1.59669
2048	3072	1	408	282	1.54415
2048	3072	1	218	458	0.00000
2048	3072	1	44	58	0.32791
2048	3072	1	426	58	5.97285
2048	3072	1	116	358	4.76754
2048	3072	2	72	422	0.00000
2560	3072	2	136	74	0.00000
2560	3072	2	222	128	0.00000
2048	3584	1	98	94	0.88413
2048	3584	1	306	20	0.44501
2048	3072	1	362	360	2.13829
2048	3072	1	500	362	4.77101
2048	3584	1	366	116	1.12281
2048	3584	2	194	194	0.00000
2048	3584	1	34	232	1.21340
2048	3584	1	258	240	0.43684
2048	3584	1	392	246	0.00000
2048	3072	1	460	494	5.00483
2048	3072	2	202	316	0.00000
2560	3584	1	46	156	0.33497
2560	3584	1	120	18	4.90000
2560	3072	1	88	426	0.82870
2560	3072	1	154	242	2.75955
2560	3584	1	214	104	1.80742
2560	3584	1	160	258	2.39800
2560	3584	1	320	172	0.80968
2560	3072	1	414	386	1.87009
2560	3072	2	248	490	0.00000
2560	3072	2	342	452	0.00000
2048	3584	2	140	228	0.00000
2560	3072	1	250	294	3.93799
2560	3072	1	280	150	4.19581
2560	3072	1	252	50	2.45692
2560	3072	1	396	50	0.00000
2560	3072	1	490	70	0.00000
2560	3072	1	362	282	0.75315
2560	3072	1	462	300	1.62365
2560	3584	1	414	2	0.00000
2560	3584	1	464	152	5.31139
2560	3584	1	342	294	5.49433
2048	3584	1	456	346	0.00000
2560	3584	1	52	294	0.00000
2048	3584	1	122	454	0.00000
2048	3584	1	370	402	0.00000
2560	3584	1	142	464	0.00000
2048	3584	1	472	470	0.42028
2048	3584	2	186	330	0.00000
2560	3584	1	332	422	0.59095
2560	3584	1	238	396	0.66562
2560	3584	1	474	392	2.48234
2560	3584	1	34	462	0.46700
2560	3584	1	376	214	6.10478
2560	3584	1	494	266	1.97366
