1024	2048	1	202	68	0.53341
1024	2048	2	256	14	0.00000
1024	2048	2	28	360	0.00000
1536	2048	2	14	10	0.00000
1024	2048	2	456	8	0.00000
1536	2048	2	486	68	0.00000
1024	2048	1	160	246	3.92699
1024	2048	1	472	240	2.76468
1536	2048	1	54	92	5.25097
1536	2048	1	218	134	0.00000
1536	2048	1	194	48	0.16023
1536	2048	1	374	42	4.48054
1536	2048	1	278	116	2.78414
1536	2048	1	292	200	0.00000
1536	2048	1	130	216	1.42617
1024	2048	1	238	358	0.47440
1024	2048	1	132	358	0.51987
1536	2048	1	496	236	5.96503
1536	2048	1	416	308	3.32923
1536	2048	1	288	336	2.15207
1536	2048	1	320	474	4.32651
1536	2048	1	184	432	4.59019
1536	2048	2	222	360	0.00000
1536	2560	1	4	24	3.68201
1024	2560	1	396	8	1.64955
1024	2560	1	254	38	1.12842
1024	2560	1	50	14	4.18793
1024	2560	1	58	122	4.13200
1024	2560	1	74	168	5.99315
1024	2560	1	226	226	5.02896
1024	2560	1	360	160	3.30331
1536	2560	1	72	110	0.70945
1536	2560	1	182	74	3.33263
1536	2560	1	294	108	1.22140
1536	2048	1	488	422	3.12852
1536	2560	1	506	58	0.00000
1536	2560	1	268	238	6.04126
1536	2560	1	334	294	3.84927
1536	2560	1	452	200	1.37639
1536	2560	1	382	356	4.46085
1536	2560	1	398	422	1.91822
1536	2560	1	380	492	2.09065
1536	2560	1	42	424	5.00013
1536	2560	1	68	300	0.51445
1024	2560	1	286	328	1.34534
1024	2560	1	50	434	1.85466
1024	2560	1	176	410	3.14938
1024	2560	1	248	486	4.12838
1024	2560	1	402	472	3.18388
1024	2560	1	494	474	2.65993
1536	2560	2	70	512	0.00000
1024	2560	1	110	512	3.57336
1024	2560	2	180	286	0.00000
1536	2560	1	258	480	2.56522
1536	2560	2	476	412	0.00000
1536	3584	2	390	128	0.00000
1536	3584	2	376	62	0.00000
1536	3584	2	468	122	0.00000
1536	3584	2	244	272	0.00000
1024	3072	2	512	300	0.00000
1536	3584	2	318	284	0.00000
1024	3072	1	300	300	0.06395
1536	3072	1	116	266	0.00000
1024	3072	1	48	286	0.00000
1024	3072	1	76	416	0.00000
1536	3584	1	206	416	0.00000
1536	3584	1	444	422	6.14129
1024	3584	1	288	388	5.71791
1024	3584	1	158	442	0.00000
1024	3584	1	190	282	1.48562
1024	3584	1	118	96	5.85510
1024	3584	1	266	48	0.35838
1024	3072	1	110	162	1.07582
1024	3072	1	222	112	5.67975
1024	3072	1	332	126	5.05111
1024	3072	1	146	272	2.34779
1024	3072	1	208	216	2.12276
1536	3072	1	24	494	5.83541
1536	3584	1	166	168	6.06727
1024	3584	1	422	290	5.73815
1024	3584	1	496	240	5.51597
1024	3584	1	346	182	3.08759
1024	3584	1	360	56	2.97206
1536	3584	1	220	72	5.79532
1536	3584	1	306	172	3.21891
1536	3584	1	418	226	3.24404
1024	3072	1	402	284	0.00000
1024	3072	1	244	374	5.70102
1024	3072	1	184	494	4.66659
1024	3072	1	482	98	4.13412
1536	3072	1	18	194	3.30828
1536	3072	1	192	72	0.00000
1536	3072	1	194	236	5.67969
1024	3072	1	510	364	4.75871
1024	3072	1	370	460	2.14510
1536	3072	1	194	444	5.38651
1536	3072	1	350	414	5.08281
1536	3072	1	302	498	3.28152
1024	3584	1	466	68	3.36839
1536	3584	1	38	164	1.60650
1536	3584	1	90	80	1.32082
1536	3072	1	286	290	4.13222
1536	3072	1	402	290	1.12735
1536	3072	1	400	202	1.61465
1536	3072	1	396	88	5.34347
1536	3072	1	126	92	3.33500
1536	3072	1	258	98	3.42213
1536	3072	1	98	434	1.92919
1024	3584	1	56	128	5.88401
1536	3584	1	116	330	1.25610
2560	2048	1	68	386	5.95818
2048	2048	1	110	122	5.21106
2048	2048	1	124	228	1.70002
2048	2048	1	250	312	0.09647
2048	2048	1	204	54	0.33301
2048	2048	1	308	58	0.51437
2048	2048	1	486	364	6.04981
2048	2048	1	476	170	1.64450
2048	2048	1	388	56	0.49642
2048	2048	2	476	54	0.00000
2560	2560	2	260	18	0.00000
2560	2048	1	68	106	3.14246
2560	2048	1	100	242	6.01316
2560	2048	1	212	122	0.00000
2560	2048	2	146	22	0.00000
2560	2048	1	304	88	0.00000
2560	2048	1	396	58	1.10877
2560	2048	1	512	142	1.60308
2560	2048	1	376	226	2.40763
2560	2048	1	480	264	0.00000
2048	2048	1	0	248	0.00000
2048	2048	1	80	446	3.32176
2048	2048	1	190	438	2.76072
2048	2560	1	196	52	4.15488
2048	2560	2	228	156	0.00000
2048	2560	2	324	206	0.00000
2048	2048	1	366	482	1.15899
2048	2560	1	70	106	3.70972
2560	2048	2	292	396	0.00000
2560	2048	2	346	392	0.00000
2560	2048	1	384	342	2.28400
2048	2560	1	330	94	4.59138
2560	2560	2	310	490	0.00000
2560	2560	2	460	326	0.00000
2048	2560	2	438	322	0.00000
2048	2560	2	504	324	0.00000
2560	2048	1	142	472	3.38020
2560	2048	1	234	400	0.19730
2560	2560	1	416	8	2.21723
2560	2048	1	508	440	3.62269
2048	2560	1	440	116	0.00000
2048	2560	1	146	202	2.80696
2560	2560	1	246	344	5.85761
2560	2560	1	90	400	0.00000
2048	2560	1	86	318	5.60744
2048	2560	1	0	120	3.14303
2560	2560	1	470	174	5.51218
2560	2560	1	302	84	3.75900
2560	2560	1	102	70	2.30053
2048	2560	1	276	308	5.54526
2048	2560	1	390	222	2.86117
2048	2560	1	510	248	2.47284
2560	2560	1	384	188	5.73237
2560	2560	1	82	222	2.54518
2560	2560	1	174	206	0.11066
2560	2560	1	296	230	1.98686
2048	2560	1	246	404	2.66998
2048	2560	2	162	362	0.00000
2048	2560	2	322	430	0.00000
2048	2560	1	132	472	4.72462
2560	2560	1	344	406	2.58991
2560	2560	1	434	424	5.54877
2048	2560	1	354	486	0.72577
2560	2560	1	116	512	4.06087
2048	2560	1	424	508	0.69620
2560	2560	1	228	500	3.03011
2560	2560	1	378	512	3.69411
3072	2048	1	122	40	2.09816
3072	2048	1	214	56	3.52357
3072	2048	1	40	128	1.86594
3072	2048	1	50	270	2.91134
3072	2048	1	128	214	3.12656
3072	2048	1	394	0	4.78343
3072	2048	1	334	76	4.58925
3072	2048	1	266	160	4.43822
3072	2048	1	384	168	4.05400
3072	2048	1	504	94	2.30172
3584	2048	1	46	12	0.31538
3584	2048	1	118	76	0.00000
3584	2048	1	222	102	3.90427
3584	2048	1	228	0	0.00000
3584	2048	1	384	112	5.72198
3584	2048	1	466	62	0.00000
3584	2048	1	376	236	5.55654
3584	2048	1	300	342	4.43252
3584	2560	1	510	28	2.64196
3072	2048	1	188	270	0.81802
3072	2048	1	272	270	0.39399
3072	2048	1	360	306	4.09132
3072	2048	1	452	270	3.82060
3584	2048	1	78	270	3.94746
3072	2048	1	116	410	0.00000
3072	2048	1	2	424	3.84345
3072	2048	1	204	388	3.01189
3072	2048	1	308	432	0.00000
3072	2048	1	424	400	5.28953
3584	2048	1	14	376	5.27010
3584	2048	1	138	408	5.77432
3072	2560	1	36	34	3.46507
3072	2560	1	144	14	0.82084
3072	2560	2	166	84	0.00000
3072	2560	1	94	132	1.29793
3072	2560	1	130	244	3.29021
3072	2560	1	244	100	0.12374
3072	2560	2	314	28	0.00000
3072	2048	1	390	512	3.91550
3584	2048	1	78	470	4.97207
3072	2048	1	470	510	4.86993
3072	2560	1	472	70	1.85312
3584	2560	1	386	62	5.12019
3584	2048	1	316	500	3.84463
3584	2560	1	224	34	2.79672
3072	2560	1	36	354	3.80054
3072	2560	1	358	140	0.00000
3072	2560	1	214	278	0.44103
3072	2560	1	72	512	3.09968
3072	2560	1	232	446	2.43808
3072	2560	1	326	458	2.57285
3072	2560	1	300	264	3.20366
3072	2560	1	408	248	3.56244
3584	2560	1	2	160	5.53978
3584	2560	1	82	116	2.34127
3072	2560	1	446	314	3.56025
3584	2560	1	162	94	5.48782
3584	2560	1	428	160	5.99312
3584	2560	1	318	190	0.00000
3072	2560	1	412	470	5.91726
3584	2560	1	58	368	2.39371
3584	2560	1	142	230	4.52430
3584	2560	1	42	474	2.01144
3584	2560	1	234	218	0.00000
3584	2560	1	134	302	1.70945
3584	2560	1	230	452	3.85405
3584	2560	2	236	338	0.00000
3584	2560	1	356	316	4.38758
3584	2560	2	346	430	0.00000
3584	2560	1	344	504	2.28150
3584	2560	1	412	446	3.03667
3584	2560	1	496	430	5.55329
3584	2560	1	512	306	5.41803
3584	2560	2	162	400	0.00000
3072	3584	1	412	472	5.92787
3584	3584	1	492	424	2.59431
3584	3584	1	436	456	2.47095
3584	3584	1	354	494	5.16182
3584	3584	1	222	492	3.07646
3584	3584	1	154	428	0.57986
3584	3584	1	60	432	2.74396
3072	3584	1	512	476	6.13054
3072	3584	1	264	466	0.92180
3072	3584	1	122	502	4.68914
3072	3584	1	48	352	1.98017
3072	3584	1	156	382	2.58459
3072	3584	1	232	388	5.83844
3072	3584	1	138	312	4.84879
3072	3584	1	430	390	4.88738
3072	3584	1	482	322	1.54471
3072	3584	1	266	252	4.06889
3072	3584	1	416	212	2.16527
3584	3584	1	464	302	5.67538
3072	3584	1	510	226	5.59464
3584	3584	1	98	198	0.72229
3584	3584	1	322	228	4.48848
3072	3584	1	58	398	1.77829
3584	3584	1	512	256	0.89590
3584	3584	1	290	104	2.20224
3584	3584	1	512	120	3.38971
3584	3584	1	436	26	2.59480
3584	3584	1	154	278	2.03444
3584	3584	1	258	388	6.03821
3584	3584	1	216	230	2.31917
3584	3584	1	376	376	1.61720
3584	3584	1	448	166	5.62768
3584	3584	1	368	306	5.21538
3584	3584	1	202	138	1.94804
3072	3584	1	84	236	4.18929
3072	3584	1	88	122	1.50253
3072	3584	1	178	184	1.50236
3072	3584	1	18	200	1.21054
3072	3584	1	290	154	1.40250
3072	3584	1	112	26	3.61894
3072	3072	1	34	484	1.53316
3072	3584	1	12	40	4.43409
3072	3584	1	226	18	1.21780
3072	3584	1	228	64	4.54950
3072	3072	1	462	440	4.70879
3584	3584	1	8	96	4.82494
3072	3584	1	374	90	5.56909
3072	3584	1	474	34	1.55781
3072	3072	1	358	484	2.11570
3584	3584	1	108	54	2.54154
3584	3072	1	174	512	2.97288
3584	3072	1	208	374	6.13969
3584	3072	1	122	412	4.72239
3584	3072	1	334	422	2.03445
3584	3584	1	294	12	1.54906
3584	3072	1	486	410	5.23327
3584	3072	1	512	510	2.16621
3584	3072	1	486	306	2.92076
3584	3072	1	294	318	3.52783
3584	3072	1	392	280	5.23718
3584	3072	1	458	198	4.70546
3584	3072	1	442	134	4.31387
3584	3072	1	380	82	4.41695
3584	3072	1	354	8	5.78622
3584	3072	1	54	476	1.71269
3584	3072	1	238	38	3.55519
3584	3072	1	188	100	2.43152
3584	3072	1	316	198	4.18080
3584	3072	1	194	254	2.42276
3584	3072	1	124	246	0.00000
3584	3072	1	64	326	5.76830
3072	3072	1	464	312	2.34170
3584	3072	1	66	176	0.00000
3072	3072	1	452	176	3.80263
3584	3072	1	302	62	0.00000
3072	3072	1	134	366	2.47331
3072	3072	1	222	340	2.67120
3072	3072	1	304	272	0.36255
3072	3072	1	372	334	3.31539
3072	3072	1	406	74	6.02800
3072	3072	1	60	378	4.62925
3072	3072	1	430	0	5.65211
3072	3072	1	246	50	0.74778
3072	3072	1	146	64	0.30805
3072	3072	1	84	48	3.33060
3072	3072	1	66	234	0.36520
3072	3072	1	162	212	3.30180
3584	3072	1	84	78	5.31468
3584	3072	2	10	208	0.00000
3584	3072	2	398	350	0.00000
2048	3584	1	60	472	0.00000
2048	3584	1	140	480	0.00000
2048	3584	1	112	384	1.75944
2048	3584	1	196	300	2.10997
2048	3584	1	376	452	0.00000
2048	3584	1	492	452	0.77453
2560	3584	1	384	254	3.14286
2560	3584	1	512	342	1.97878
2560	3584	1	502	238	0.42045
2560	3584	1	278	90	2.45279
2048	3584	1	458	364	0.45632
2560	3584	1	506	56	1.29832
2048	3584	1	116	62	1.12006
2560	3584	1	476	136	5.12689
2560	3584	1	284	240	5.70329
2560	3584	1	22	164	0.00000
2560	3584	1	180	142	4.04892
2560	3584	1	434	190	1.29074
2560	3584	1	314	458	0.30550
2560	3584	1	484	474	0.57275
2560	3584	1	58	38	5.67419
2048	3584	1	338	308	0.00000
2560	3584	1	364	90	1.03861
2560	3584	1	258	486	5.81895
2560	3584	1	458	350	0.00000
2560	3584	1	348	356	2.40600
2560	3584	1	368	482	3.84727
2560	3584	1	342	40	4.55733
2560	3584	1	196	282	2.33802
2560	3584	1	70	268	0.00000
2048	3584	1	438	308	4.31209
2048	3584	1	276	258	0.00000
2560	3584	1	74	414	0.00000
2560	3584	1	160	426	6.03797
2048	3584	1	362	176	2.29635
2048	3584	1	206	184	0.80690
2048	3584	1	66	178	1.36335
2048	3584	1	438	80	4.94785
2048	3584	1	142	118	4.05738
2048	3584	2	272	352	0.00000
2560	3584	1	132	42	5.89327
2560	3072	1	204	472	0.00000
2560	3072	1	300	456	2.24302
2560	3072	1	370	402	2.33527
2560	3072	1	478	318	0.23827
2560	3072	1	346	302	2.42599
2560	3072	1	512	216	2.93677
2560	3072	1	402	196	2.98720
2560	3072	2	356	236	0.00000
2560	3072	1	248	266	1.73638
2560	3072	1	214	350	1.83858
2560	3072	1	498	42	2.11354
2560	3072	1	384	32	4.00132
2560	3072	1	270	150	0.00000
2560	3072	1	252	6	2.71480
2560	3072	2	222	122	0.00000
2560	3072	2	136	78	0.00000
2560	3072	1	74	26	4.09656
2560	3072	1	58	272	1.70854
2560	3072	2	98	224	0.00000
2560	3072	2	18	184	0.00000
2560	3072	1	24	356	4.82776
2560	3072	1	98	434	0.00000
2048	3072	1	416	440	3.31595
2048	3584	1	272	96	0.49635
2048	3072	1	62	490	1.79829
2048	3072	2	166	474	0.00000
2048	3584	2	370	24	0.00000
2048	3072	1	204	406	5.62762
2048	3072	2	318	430	0.00000
2048	3072	1	54	408	3.60598
2048	3072	1	302	266	2.43466
2048	3072	1	416	24	3.33308
2048	3072	1	382	158	5.42465
2048	3072	1	332	0	0.00000
2048	3072	1	312	120	5.73862
2048	3072	1	162	102	0.00000
2048	3072	1	110	258	0.48966
2048	3072	1	20	236	4.00448
2048	3072	1	76	146	5.69423
2048	3072	1	62	34	1.06251
2048	3072	2	196	322	0.00000
