1024	2048	1	128	88	5.58175
1024	2048	1	102	244	0.83298
1024	2048	1	260	352	0.16978
1024	2560	1	272	24	1.19141
1024	2560	1	74	138	3.06363
1536	2048	1	46	350	4.71239
1024	2048	1	502	206	0.38051
1536	2048	1	80	64	0.00000
1536	2048	1	180	308	3.26222
1536	2048	1	306	328	1.16164
1536	2048	1	344	454	2.95747
1536	2048	1	196	466	5.30240
1536	2048	1	70	474	1.01877
1536	2560	1	104	32	1.07796
1024	2560	1	468	48	2.63999
1024	2560	1	378	82	1.24690
1536	2560	1	70	142	5.63968
1536	2560	1	220	76	0.69620
1536	2048	1	344	82	3.98649
1536	2048	1	430	138	0.93890
1536	2048	1	472	304	5.34413
1536	2048	1	450	466	2.62714
1536	2560	1	314	138	6.19261
1536	2560	1	386	80	3.44448
1024	2560	1	494	208	0.00000
1536	2560	1	292	240	5.92198
1024	2560	1	290	308	4.91543
1024	2560	1	122	236	6.19272
1024	2560	1	204	458	0.00000
1024	2560	1	170	368	0.00000
1024	2560	1	280	458	5.41343
1024	2560	1	418	402	1.49138
1024	2560	1	488	332	0.00000
1536	2560	1	38	430	5.13902
1024	2560	1	498	500	2.23576
1536	2560	1	144	264	0.23347
1536	2560	1	404	318	2.52734
1536	2560	1	452	232	0.04345
1536	2560	1	406	436	2.04587
1536	2560	1	322	490	4.50450
1024	2560	2	36	280	0.00000
1024	2560	2	30	384	0.00000
1024	2560	2	128	488	0.00000
1536	2048	2	230	174	0.00000
1536	2560	2	186	452	0.00000
1024	3072	1	364	90	5.78765
1536	3072	1	4	408	0.00000
1024	3072	1	170	216	0.54944
1024	3072	1	78	270	5.91921
1024	3072	1	124	84	1.16828
1024	3072	1	84	10	1.04140
1024	3072	1	280	88	5.41571
1024	3072	1	456	98	1.83996
1536	3072	1	122	102	0.58800
1536	3072	1	150	288	1.82918
1024	3072	1	462	248	0.69474
1024	3072	1	306	304	0.28605
1024	3072	2	248	228	0.00000
1024	3072	1	198	342	0.37549
1024	3072	1	6	462	4.52902
1024	3584	2	46	14	0.00000
1024	3584	1	82	136	0.45574
1024	3584	1	62	258	0.96007
1024	3584	1	0	188	3.89129
1536	3072	1	194	146	0.98019
1536	3072	1	354	58	1.75614
1536	3072	1	512	100	2.65541
1536	3072	1	362	142	1.42609
1536	3072	1	266	230	1.12888
1536	3072	1	468	200	2.13555
1536	3072	1	462	266	4.62937
1536	3072	1	170	426	5.06289
1024	3584	1	182	36	5.58503
1024	3072	1	252	484	1.89485
1024	3584	1	348	34	3.90937
1024	3584	1	266	70	3.30322
1536	3072	1	100	476	2.02898
1024	3584	1	480	56	3.27662
1536	3072	1	398	400	5.64468
1536	3072	1	478	460	6.14129
1536	3072	2	370	464	0.00000
1536	3072	1	322	498	2.34124
1536	3584	1	206	40	0.00000
1536	3584	1	274	32	2.86091
1536	3584	1	112	58	2.28675
1536	3584	1	420	52	0.42259
1536	3584	2	476	86	0.00000
1536	3584	2	240	156	0.00000
1024	3584	1	320	132	1.03275
1024	3584	1	370	204	0.89981
1536	3584	1	18	140	4.03411
1536	3584	1	110	214	2.62078
1536	3584	1	342	210	4.99069
1536	3584	1	396	378	5.36034
1536	3584	1	392	438	2.22936
1536	3584	1	486	404	5.98960
1024	3584	1	286	340	1.29050
1536	3584	1	8	350	1.38806
1024	3584	2	66	410	0.00000
1024	3584	1	190	446	0.27125
1024	3584	1	424	276	5.08265
1536	3584	1	144	476	3.50824
1024	3584	1	468	460	0.54042
1536	3584	1	40	476	0.40265
2048	2048	1	396	458	5.12178
2560	2048	1	58	318	5.42885
2048	2048	1	208	340	3.33309
2048	2560	1	320	62	0.00000
2560	2560	1	120	196	5.57505
2560	2048	1	276	368	2.19684
2560	2560	1	160	360	4.57998
2048	2560	1	502	262	1.00397
2560	2048	1	190	106	0.00000
2048	2048	1	424	304	0.00000
2048	2560	1	204	244	0.13126
2048	2048	1	302	320	0.00000
2048	2048	1	288	184	3.97847
2048	2560	1	510	404	4.44506
2560	2560	2	16	488	0.00000
2048	2048	1	86	114	2.12925
2048	2560	1	114	96	3.45695
2560	2048	1	394	168	0.87899
2560	2048	1	114	264	5.74931
2048	2048	1	498	158	1.24477
2048	2560	1	254	414	0.00000
2560	2560	1	446	160	0.00000
2560	2560	1	144	124	2.84468
2048	2048	1	144	272	3.74909
2048	2048	1	208	488	3.35751
2048	2560	1	296	294	4.02958
2048	2560	2	228	152	0.00000
2048	2560	2	322	198	0.00000
2048	2048	1	198	120	2.45081
2048	2560	1	74	238	2.73915
2048	2560	1	70	394	0.64024
2048	2560	2	188	426	0.00000
2048	2560	2	320	412	0.00000
2048	2560	1	386	448	0.00000
2048	2560	1	392	132	5.83556
2048	2560	1	496	82	4.13033
2560	2048	1	396	54	0.00000
2560	2560	1	296	330	5.84541
2560	2560	1	408	328	5.76954
2560	2560	2	316	490	0.00000
2560	2560	1	192	474	4.06837
2560	2560	1	222	210	4.45050
2560	2560	1	364	148	0.00000
2560	2560	2	296	24	0.00000
2560	2560	2	22	166	0.00000
2048	2560	2	420	52	0.00000
2048	2560	2	42	64	0.00000
2048	2048	2	30	202	0.00000
2048	2048	2	402	24	0.00000
2560	2048	1	406	254	0.71076
2560	2048	1	226	244	2.11332
2048	2048	2	502	62	0.00000
2560	2048	1	300	86	0.00000
2560	2048	1	420	386	4.49005
2560	2560	2	202	64	0.00000
2048	2560	2	444	326	0.00000
2048	2560	2	262	8	0.00000
2560	2560	1	494	10	3.40641
2560	2048	1	364	488	3.00881
2560	2048	2	442	460	0.00000
2560	2560	2	464	326	0.00000
2560	2048	1	84	126	3.83359
2048	2048	1	264	70	2.50991
2048	2560	2	442	212	0.00000
2560	2048	1	480	78	5.61463
2560	2048	1	16	410	4.00352
2560	2560	2	512	154	0.00000
2560	2560	2	512	280	0.00000
3072	2048	1	39	33	6.02286
3072	2048	1	18	136	6.00493
3072	2048	1	268	106	2.43166
3072	2048	1	394	91	4.63481
3072	2048	1	471	50	3.05667
3584	2048	1	16	194	3.17475
3072	2048	1	389	208	5.65348
3072	2048	1	216	193	0.00000
3072	2048	1	289	266	4.10152
3072	2048	1	137	190	2.22315
3072	2048	1	136	289	5.93208
3072	2048	1	415	306	4.69441
3584	2048	1	113	294	4.79523
3584	2048	1	160	106	0.16704
3584	2048	1	278	186	1.02887
3584	2048	1	243	94	3.77713
3584	2048	1	399	86	6.03254
3584	2048	1	460	50	0.00000
3584	2048	1	307	321	2.92401
3584	2048	1	409	320	0.82006
3584	2048	1	394	222	5.63502
3584	2560	1	492	466	5.53175
3584	2560	1	512	370	2.82784
3584	2560	1	454	240	0.06523
3072	2560	1	68	362	5.82921
3584	2560	1	423	484	5.63532
3584	2560	1	408	363	6.22287
3584	2560	1	320	292	2.66054
3584	2560	1	384	184	0.32766
3584	2048	1	438	479	5.31935
3584	2560	1	443	82	5.32665
3584	2048	1	328	504	3.16366
3584	2048	1	118	423	4.73268
3072	2048	1	479	382	3.96763
3072	2048	1	288	354	3.66862
3072	2048	1	163	394	1.43026
3072	2048	1	209	484	0.28505
3072	2048	1	94	480	5.31449
3072	2048	1	361	472	5.03474
3072	2560	2	167	75	0.00000
3072	2560	1	42	140	5.73565
3072	2560	1	105	234	3.78130
3072	2560	1	244	119	0.69428
3072	2560	2	313	24	0.00000
3072	2560	2	260	24	0.00000
3072	2560	1	125	512	1.75583
3072	2560	2	161	402	0.00000
3072	2560	1	148	297	3.27858
3072	2560	1	329	192	5.16148
3072	2560	1	387	95	0.29240
3584	2560	2	34	93	0.00000
3584	2560	1	152	63	5.89937
3072	2048	2	290	26	0.00000
3584	2560	1	66	168	0.50492
3584	2560	1	249	337	0.00000
3584	2560	1	273	144	2.79569
3584	2560	1	134	221	4.00963
3072	2560	1	500	164	2.40723
3072	2560	1	467	217	2.10655
3072	2560	1	279	322	2.45559
3072	2560	1	248	449	2.75317
3072	2560	1	438	370	2.09719
3072	2560	1	352	426	0.15551
3072	2560	1	334	266	5.19918
3072	2560	1	492	299	1.43148
3584	2560	1	68	330	4.21113
3584	2560	1	175	329	4.01155
3584	2560	1	51	459	3.09531
3072	2560	1	479	482	5.37603
3584	2560	1	178	487	1.91166
3584	2560	2	340	449	0.00000
3584	2560	2	249	447	0.00000
3072	2560	2	26	17	0.00000
3072	3072	1	28	86	0.00000
3072	3072	1	126	142	3.18004
3072	3072	1	214	106	3.16911
3072	3072	1	402	46	0.00000
3072	3072	1	408	152	1.24984
3072	3072	1	158	278	4.17197
3072	3072	1	26	334	3.68944
3072	3072	1	28	220	1.95710
3072	3072	1	290	222	5.85124
3072	3072	1	376	326	1.86083
3072	3072	1	466	200	1.06370
3072	3072	1	474	290	3.48929
3584	3072	1	38	90	4.27544
3072	3072	1	502	0	5.65969
3584	3072	1	162	58	2.45928
3584	3072	1	250	68	5.41713
3584	3072	1	308	26	2.24482
3584	3072	1	424	0	5.86288
3584	3072	1	512	110	3.73933
3584	3072	1	386	182	5.01002
3584	3072	1	298	186	3.88316
3584	3072	1	174	156	2.33239
3584	3072	1	84	198	5.78869
3072	3072	1	212	364	0.99930
3584	3072	1	260	276	5.27337
3584	3072	1	400	272	5.24915
3072	3072	1	502	400	3.95924
3584	3072	1	82	398	4.10117
3072	3072	1	366	390	2.05032
3584	3072	2	364	358	0.00000
3584	3072	2	410	360	0.00000
3072	3072	1	110	480	1.18515
3072	3072	1	74	396	0.78016
3072	3072	1	226	502	4.47265
3072	3584	1	128	58	1.88179
3072	3584	1	50	118	2.70918
3584	3584	1	32	22	0.06652
3584	3584	1	102	2	0.00000
3584	3072	1	170	470	0.00000
3584	3072	1	242	488	6.16893
3584	3072	1	160	284	3.73364
3584	3072	1	490	444	0.00000
3584	3072	1	356	460	1.41977
3584	3584	1	360	22	1.48406
3072	3584	1	498	80	6.13551
3072	3584	1	306	94	4.90783
3072	3584	1	232	166	1.79954
3072	3072	1	382	500	5.13259
3584	3072	1	512	290	3.92699
3072	3584	1	426	176	0.34833
3584	3584	1	134	118	0.64530
3584	3584	1	482	106	5.84219
3584	3584	1	430	174	3.08885
3584	3584	1	376	174	3.28614
3584	3584	1	300	140	4.19224
3584	3584	1	174	214	1.84595
3584	3584	1	46	276	2.50613
3584	3584	1	136	274	2.95313
3072	3584	1	62	246	2.23665
3072	3584	1	200	282	6.03102
3072	3584	1	298	270	0.77080
3072	3584	1	224	364	1.47748
3072	3584	1	94	364	2.63092
3072	3584	1	18	368	2.62137
3072	3584	1	172	412	1.01961
3072	3584	1	240	454	4.43332
3072	3584	1	480	298	4.15566
3584	3584	1	16	406	0.97075
3072	3584	1	400	470	0.00000
3584	3584	1	234	316	0.89073
3584	3584	1	334	302	0.81261
3584	3584	1	256	454	1.13162
3584	3584	1	84	466	0.00000
3584	3584	1	390	391	3.66334
3584	3584	1	505	319	0.11296
3584	3584	1	512	406	1.31015
3584	3584	1	238	400	1.16257
2048	3072	1	134	48	0.76269
2048	3072	2	20	98	0.00000
2048	3072	1	24	322	4.43253
2048	3584	1	78	78	1.54862
2048	3072	2	166	482	0.00000
2048	3072	1	200	96	0.78839
2048	3072	1	190	328	3.71488
2048	3072	1	296	390	4.74619
2048	3072	1	338	224	1.54914
2048	3072	1	380	6	0.00000
2048	3072	1	390	142	5.25694
2560	3072	1	22	82	0.84090
2560	3072	2	140	72	0.00000
2560	3072	2	102	222	0.00000
2560	3072	2	218	136	0.00000
2560	3072	2	348	240	0.00000
2560	3072	1	102	140	1.60128
2560	3072	1	374	38	0.00000
2560	3072	1	466	36	0.00000
2560	3072	1	266	64	5.29091
2560	3072	1	410	154	0.00000
2560	3072	1	512	224	1.45962
2560	3072	1	192	200	4.83409
2048	3072	1	488	212	0.00000
2048	3584	1	238	48	5.36874
2048	3072	1	492	332	1.71370
2048	3072	2	496	418	0.00000
2048	3072	1	374	456	4.21272
2560	3072	1	116	312	0.00000
2560	3072	1	204	312	5.61490
2560	3072	1	288	298	5.50789
2048	3072	1	288	100	3.65962
2048	3584	1	128	242	1.71083
2048	3584	1	66	174	3.59975
2048	3584	1	70	498	4.83959
2048	3584	1	158	314	1.77938
2048	3584	1	254	196	3.23507
2560	3072	1	406	460	4.86899
2048	3584	1	476	474	1.50627
2048	3584	1	282	340	0.83221
2048	3584	1	364	392	0.00000
2048	3584	1	448	346	0.00000
2560	3584	1	8	398	1.08605
2560	3584	1	112	406	0.00000
2560	3584	1	222	450	1.43771
2560	3584	1	334	512	0.00000
2560	3584	1	456	384	0.00000
2560	3584	1	352	292	2.74343
2560	3584	1	186	282	0.26355
2560	3584	1	250	358	4.03667
2560	3584	1	484	490	1.88035
2048	3584	1	410	228	1.50203
2560	3584	1	30	280	2.36075
2048	3584	1	386	18	1.42890
2048	3584	1	388	100	0.84938
2560	3072	1	44	476	1.73595
2560	3072	2	102	420	0.00000
2560	3072	1	228	482	2.78140
2560	3072	1	306	488	2.84162
2560	3584	1	24	28	1.48868
2048	3584	1	502	154	2.61063
2560	3584	1	148	30	4.70229
2560	3584	1	48	94	4.79553
2560	3584	1	170	82	1.73851
2560	3584	1	82	164	3.40965
2560	3584	1	134	206	3.46617
2560	3584	1	244	208	2.06568
2560	3584	1	294	160	5.65840
2560	3584	1	394	66	0.71965
2560	3584	1	492	58	0.00000
2560	3584	1	424	208	2.64425
2560	3584	2	510	342	0.00000
