1024	2048	1	466	222	5.75166
1024	2048	2	206	90	0.00000
1024	2048	1	162	196	4.00904
1024	2048	1	232	380	0.74591
1024	2048	1	150	366	0.52915
1536	2560	1	10	2	0.28567
1024	2560	1	250	44	1.05266
1024	2560	1	368	142	0.00000
1536	2560	1	188	50	0.00000
1536	2048	1	134	210	1.10590
1536	2048	1	94	92	5.23790
1536	2048	1	428	308	0.00000
1536	2048	1	306	190	0.00000
1536	2048	2	238	166	0.00000
1024	2048	2	40	354	0.00000
1024	2048	1	72	498	4.45835
1024	2560	1	110	110	4.55082
1536	2560	1	238	130	0.94625
1024	2560	1	412	4	1.06173
1536	2560	1	70	120	0.90097
1024	2560	1	272	242	5.03840
1536	2560	1	266	268	6.28233
1536	2048	1	282	320	5.25003
1536	2048	2	222	350	0.00000
1536	2048	1	194	432	4.62348
1536	2048	1	354	464	4.38839
1536	2560	1	506	112	0.00000
1536	2048	1	502	442	0.00000
1536	2048	1	510	238	0.00000
1536	2048	2	492	68	0.00000
1536	2048	1	414	40	4.72526
1536	2048	2	276	92	0.00000
1536	2560	1	66	316	0.65739
1024	2560	1	182	404	0.00000
1024	2560	1	66	440	1.79551
1024	2560	1	250	336	4.98927
1024	2560	1	400	462	0.00000
1536	2560	1	426	350	1.57837
1536	2560	1	428	210	1.45369
1536	2560	1	244	454	5.75712
1536	2560	1	94	438	5.14269
1024	2560	1	282	456	0.38328
1536	2560	1	352	282	0.83298
1536	2560	1	394	440	4.87474
1536	2560	1	362	498	5.15637
1536	3584	1	306	184	2.78123
1536	3584	1	134	318	1.24159
1024	3584	1	156	434	0.00000
1024	3584	1	260	492	0.71027
1024	3584	1	42	514	2.48293
1024	3584	1	268	364	5.19206
1536	3584	1	202	406	0.00000
1536	3584	1	436	402	5.77035
1024	3584	1	460	88	3.81370
1536	3584	1	98	82	0.98203
1024	3584	1	170	278	1.65421
1024	3584	1	332	202	3.21620
1024	3584	1	418	274	5.86464
1024	3584	1	488	228	5.62154
1536	3584	1	36	156	1.79282
1536	3584	1	162	178	5.92851
1536	3584	1	308	22	0.00000
1536	3584	1	206	66	5.87893
1536	3584	1	426	242	2.70643
1024	3584	1	356	80	2.88227
1024	3584	1	24	108	5.88766
1024	3584	1	104	84	5.65012
1024	3584	1	274	42	0.63886
1024	3072	1	378	474	2.54910
1536	3072	1	32	494	6.04658
1536	3072	1	108	448	2.25779
1024	3072	1	158	492	4.72878
1536	3072	1	168	428	5.15685
1536	3072	1	342	410	5.17073
1536	3584	1	512	186	1.67737
1536	3072	1	512	492	1.81587
1536	3584	2	466	120	0.00000
1536	3584	2	400	122	0.00000
1536	3584	2	372	58	0.00000
1024	3072	1	204	130	5.96478
1024	3072	1	40	320	0.14657
1024	3072	1	122	44	4.26089
1024	3072	1	128	276	2.24643
1024	3072	1	470	104	3.99849
1536	3072	1	410	182	1.07986
1536	3072	1	386	292	0.87377
1024	3072	1	88	436	0.00000
1024	3072	1	204	244	1.91572
1024	3072	1	86	154	0.93087
1024	3072	1	294	114	5.41283
1536	3072	1	278	292	3.90769
1536	3072	1	196	242	6.03926
1536	3072	1	4	362	4.31001
1536	3072	1	96	268	0.23188
1536	3072	1	26	188	3.20181
1024	3072	1	420	290	0.00000
1024	3072	1	308	300	0.00000
1024	3072	1	254	388	5.69031
1024	3072	2	490	310	0.00000
1536	3072	1	54	54	3.04722
1536	3072	1	124	98	3.22102
1536	3072	1	194	82	0.26680
1536	3072	1	244	112	3.35598
1536	3072	2	348	124	0.00000
1536	3072	1	406	64	5.49817
1536	3584	1	234	516	0.31614
1536	3584	1	340	510	0.69978
1536	3584	1	452	516	5.84547
1536	3072	1	512	248	3.74023
1024	3072	1	406	6	3.04959
1024	3072	2	146	376	0.00000
1024	3072	2	20	476	0.00000
2560	2048	1	80	372	6.03360
2560	2560	1	136	488	3.80578
2048	2560	1	420	490	0.12726
2560	2560	1	142	86	1.84335
2560	2560	1	240	322	5.78233
2560	2560	1	386	188	5.44028
2048	2560	1	110	476	4.77510
2560	2560	1	444	424	5.86055
2560	2560	1	352	396	3.13688
2048	2560	1	372	214	3.04921
2048	2560	1	344	480	0.63931
2560	2048	1	478	276	0.00000
2048	2048	1	466	324	0.14585
2560	2560	1	324	232	2.15597
2560	2560	1	382	512	3.88620
2560	2560	1	512	390	3.87506
2560	2560	1	234	494	3.00509
2560	2560	1	448	134	5.54550
2560	2560	1	82	208	2.78723
2048	2560	1	254	296	5.57928
2560	2560	1	16	262	2.33933
2560	2560	1	160	206	0.28442
2048	2560	1	224	372	2.57232
2048	2560	1	150	224	2.82244
2560	2560	1	292	112	3.71429
2048	2560	1	78	306	5.68746
2560	2560	1	90	384	5.90372
2048	2048	1	414	458	1.48051
2048	2560	1	10	122	3.18324
2048	2560	1	318	78	4.31398
2560	2560	1	266	2	1.49912
2048	2560	1	464	104	0.15486
2560	2048	1	378	344	2.37768
2560	2048	1	238	390	0.00000
2560	2048	1	512	438	3.69137
2560	2560	1	414	8	2.35265
2048	2560	1	70	116	3.85411
2048	2560	1	196	60	4.20702
2048	2048	1	70	456	3.32388
2048	2048	1	180	446	2.77633
2048	2048	1	240	292	0.00000
2048	2048	1	138	240	2.12065
2048	2048	1	0	450	3.11120
2048	2048	1	10	280	6.11509
2048	2048	1	484	170	2.39415
2048	2048	1	336	108	0.00000
2560	2048	1	104	224	5.80721
2048	2560	2	442	321	0.00000
2048	2560	2	508	315	0.00000
2560	2560	2	466	327	0.00000
2560	2048	1	148	452	3.43238
2048	2560	2	234	149	0.00000
2048	2560	2	174	149	0.00000
2048	2560	2	320	205	0.00000
2560	2048	2	352	397	0.00000
2560	2048	2	294	399	0.00000
2048	2048	2	498	52	0.00000
2048	2048	1	92	104	4.98638
2048	2048	1	168	96	3.46334
2048	2048	1	100	8	2.45730
2560	2048	1	70	110	3.15464
2048	2048	1	422	38	0.75967
2048	2048	1	322	42	0.37686
2560	2048	1	212	108	0.14357
2560	2048	2	152	8	0.00000
2560	2048	1	306	56	0.14034
2560	2048	1	512	132	1.59136
2560	2048	1	418	54	0.74251
2560	2048	1	392	212	2.09651
2560	2560	1	512	10	4.53880
2560	2560	2	314	488	0.00000
2048	2560	2	326	424	0.00000
2048	2560	2	196	416	0.00000
3072	2560	2	170	78	0.00000
3072	2560	2	432	126	0.00000
3072	2560	2	468	188	0.00000
3072	2048	1	44	138	1.95912
3072	2048	1	44	258	2.76109
3072	2048	1	132	192	3.46458
3072	2048	1	116	34	1.73595
3072	2048	1	398	164	3.55878
3072	2048	1	266	150	4.73223
3072	2048	1	216	54	3.40371
3072	2048	1	326	74	4.36534
3072	2048	1	478	68	5.15584
3072	2048	1	256	330	0.00000
3072	2048	1	180	276	0.78275
3072	2048	1	194	410	2.77804
3072	2048	1	510	340	5.36966
3072	2048	1	432	398	5.13855
3072	2048	1	332	446	0.26299
3072	2048	1	422	254	3.61087
3072	2048	1	334	268	3.26864
3072	2560	1	154	16	0.71262
3072	2560	1	28	26	3.29021
3072	2048	1	106	410	0.00000
3584	2048	1	238	92	3.81403
3584	2048	1	124	52	0.13083
3584	2048	1	354	222	5.60772
3584	2048	1	294	334	4.25003
3584	2048	1	88	262	3.58218
3584	2048	1	120	402	5.51452
3584	2048	1	318	506	3.81274
3584	2560	1	208	24	3.21797
3584	2560	1	66	96	2.63442
3584	2048	1	74	474	4.79378
3072	2560	1	366	132	5.92064
3072	2560	1	250	90	0.84415
3072	2560	1	64	144	4.29911
3584	2560	1	384	68	4.52628
3584	2048	1	372	100	5.82376
3584	2560	1	156	112	5.52952
3584	2560	1	22	182	2.17510
3072	2560	1	202	308	0.58557
3584	2048	1	474	54	0.00000
3584	2560	1	60	370	2.30055
3584	2560	1	308	162	6.03448
3072	2560	1	234	434	2.67193
3072	2560	1	312	264	3.11870
3072	2560	1	132	244	3.35157
3072	2560	1	50	344	3.72395
3584	2560	1	106	290	2.24163
3584	2560	1	506	302	5.46209
3072	2560	1	400	246	3.56466
3072	2560	1	444	314	3.66853
3072	2560	1	314	466	3.09733
3072	2560	1	406	462	5.55037
3584	2560	1	72	462	2.08070
3584	2560	1	252	426	3.46410
3584	2560	1	358	304	4.53764
3584	2560	1	404	442	2.99243
3072	2048	1	386	506	3.99521
3584	2560	1	254	204	0.13621
3584	2560	1	152	226	4.56574
3584	2560	1	330	498	1.81385
3584	2560	1	160	396	1.87796
3584	2560	1	512	38	2.84505
3072	2560	1	444	64	4.95161
3072	2560	1	476	2	4.99335
3584	2560	1	430	174	5.82896
3584	2560	1	502	432	5.25587
3584	2048	1	26	34	3.64951
3072	2048	1	144	138	0.00000
3584	2560	1	238	338	3.80646
3584	2560	2	332	430	0.00000
3072	2560	2	254	14	0.00000
3072	2048	1	16	416	3.68402
3584	2560	2	350	132	0.00000
3072	2560	1	70	512	3.04614
3072	3584	1	368	426	0.00000
3072	3584	1	52	334	2.08699
3072	3584	1	358	294	4.77688
3072	3584	1	456	316	2.87472
3584	3584	1	384	176	4.29054
3584	3584	1	406	332	5.48629
3072	3584	1	498	240	5.83429
3584	3584	1	198	124	2.32801
3584	3584	1	500	322	5.39943
3584	3584	1	102	200	0.75600
3584	3584	1	386	428	1.87568
3584	3584	1	252	404	6.04763
3584	3584	1	158	276	2.04395
3584	3584	1	232	222	2.56219
3072	3584	1	164	402	2.34936
3584	3584	1	318	332	2.98452
3584	3584	1	36	422	3.06954
3072	3584	1	246	424	0.00000
3072	3584	1	162	312	4.90026
3072	3584	1	374	218	2.03309
3584	3584	1	396	98	2.45981
3584	3584	1	260	86	2.43583
3072	3584	1	110	234	4.40908
3584	3584	1	28	90	4.83036
3584	3072	1	482	488	2.23743
3072	3584	1	478	26	1.47928
3072	3584	1	290	224	3.84075
3584	3584	1	418	20	2.41164
3584	3584	1	512	106	3.85467
3072	3584	1	366	114	5.38413
3072	3584	1	252	134	1.72162
3072	3584	1	110	126	1.59618
3584	3584	1	92	32	2.59825
3584	3072	1	154	508	2.53094
3072	3072	1	346	482	2.51050
3072	3584	1	114	4	3.29993
3072	3584	1	208	10	1.16535
3072	3584	1	250	40	4.31130
3584	3072	1	320	394	1.87942
3584	3072	1	504	408	5.23347
3584	3072	1	386	264	5.21635
3584	3072	1	490	292	2.64925
3584	3072	1	482	168	4.34714
3584	3072	1	438	108	1.22030
3584	3072	1	420	54	4.29323
3584	3072	1	286	300	3.61321
3584	3072	1	200	384	5.91728
3072	3072	1	476	418	4.41203
3584	3072	1	134	420	5.12638
3584	3072	1	32	458	1.45316
3584	3072	1	274	92	0.00000
3584	3072	1	312	188	4.01000
3584	3072	1	216	120	2.52569
3584	3072	1	90	88	5.30806
3584	3072	1	52	176	5.99216
3584	3072	1	202	236	2.44695
3584	3072	1	118	268	6.23507
3584	3072	1	58	330	5.51251
3072	3072	1	460	306	3.41783
3072	3072	1	366	340	3.14159
3072	3072	1	444	166	3.84842
3072	3072	1	398	92	5.85275
3072	3072	1	164	194	3.38075
3072	3072	1	302	252	0.00000
3072	3072	1	224	330	2.46957
3072	3072	1	110	344	2.35585
3072	3072	1	76	216	0.41500
3072	3072	1	78	398	5.27840
3072	3072	1	232	50	0.70698
3072	3072	1	146	58	0.00000
3072	3072	1	72	40	3.14989
2048	3072	1	156	102	5.70275
2048	3072	1	54	136	5.26890
2048	3072	1	324	14	0.11315
2048	3072	1	406	12	0.00000
2048	3072	1	38	26	1.54295
2048	3072	1	20	252	3.46516
2048	3072	1	94	276	0.47534
2048	3072	1	208	398	5.22133
2048	3072	1	302	130	5.69182
2048	3072	1	300	308	2.68274
2048	3072	1	28	492	1.70162
2048	3584	1	96	62	0.93299
2048	3584	1	44	182	1.28883
2048	3584	1	176	116	4.06346
2048	3584	1	184	204	4.12655
2048	3584	1	194	324	2.37683
2048	3584	1	124	390	1.72326
2048	3072	2	192	322	0.00000
2048	3072	2	72	410	0.00000
2560	3072	2	16	182	0.00000
2560	3072	2	136	78	0.00000
2560	3072	2	226	128	0.00000
2560	3072	2	96	230	0.00000
2560	3072	2	342	242	0.00000
2048	3072	1	376	148	5.49785
2560	3072	1	40	278	1.87562
2560	3072	1	112	20	4.02720
2560	3072	1	236	22	3.02620
2560	3072	1	358	48	3.67481
2560	3072	1	460	74	1.39047
2560	3072	1	262	178	0.47952
2560	3072	1	388	202	2.96238
2560	3072	1	486	202	3.63534
2560	3072	1	204	268	2.09367
2560	3072	1	352	328	2.12074
2560	3072	1	462	362	3.55540
2560	3072	1	358	404	5.54583
2560	3072	1	260	454	2.25852
2560	3072	1	202	346	1.78006
2560	3072	1	6	364	4.63845
2048	3072	1	420	466	3.16551
2048	3072	2	160	478	0.00000
2048	3072	2	308	428	0.00000
2048	3072	2	370	440	0.00000
2048	3584	2	376	26	0.00000
2048	3584	1	284	138	5.64816
2048	3584	1	348	138	2.22702
2048	3584	1	462	66	4.62964
2560	3072	1	76	454	0.57492
2560	3072	1	202	466	0.00000
2048	3584	1	254	264	0.00000
2560	3584	1	346	24	4.38364
2048	3072	2	430	226	0.00000
2560	3584	1	146	66	5.42102
2560	3584	1	84	140	6.06126
2048	3584	1	482	186	0.89546
2560	3584	1	248	102	2.53229
2560	3584	1	184	168	4.28384
2560	3584	1	350	94	4.12585
2560	3584	1	468	124	5.83365
2560	3584	1	496	78	2.01690
2048	3584	1	334	326	0.00000
2048	3584	1	454	354	0.70863
2048	3584	1	426	288	4.05011
2560	3584	1	160	282	2.65380
2560	3584	1	34	278	0.00000
2560	3584	1	278	260	5.59672
2560	3584	1	402	176	1.97170
2560	3584	1	392	254	1.95153
2560	3584	1	500	224	0.68543
2048	3584	1	78	474	0.00000
2048	3584	1	466	454	0.67307
2560	3584	1	72	434	0.00000
2560	3584	1	162	440	5.95980
2560	3584	1	346	340	2.57128
2560	3584	1	506	348	5.51213
2560	3584	1	460	358	0.00000
2560	3584	2	320	460	0.00000
2560	3584	2	406	472	0.00000
2560	3584	2	498	480	0.00000
