1024	2048	1	88	134	0.00000
1024	2048	1	202	82	0.37318
1536	2048	1	216	132	0.00000
1536	2048	1	266	80	5.49748
1536	2048	1	324	208	3.55028
1536	2048	1	240	298	5.24584
1024	2048	1	252	174	4.95589
1024	2048	1	198	268	1.66359
1024	2048	1	376	190	3.48000
1024	2048	1	362	0	0.00000
1024	2048	1	268	0	0.00000
1536	2048	1	2	0	0.20285
1536	2048	1	38	148	0.25615
1536	2048	1	118	20	4.86147
1536	2048	1	408	22	3.95735
1536	2048	1	342	0	0.75832
1536	2048	1	494	100	3.13523
1536	2048	1	460	200	0.85371
1024	2048	1	474	306	0.00000
1024	2048	1	232	370	0.54346
1024	2048	1	334	452	4.78050
1024	2048	1	468	494	0.79536
1536	2048	1	196	440	2.04217
1536	2048	1	380	360	0.31335
1536	2048	1	496	382	6.01058
1536	2048	1	370	508	0.83426
1024	2560	1	86	120	3.39580
1024	2560	1	302	18	1.15816
1536	2560	1	22	52	0.00000
1536	2560	1	102	10	2.99970
1536	2048	1	242	422	3.13002
1536	2560	1	168	38	3.96498
1536	2560	1	46	148	0.96851
1536	2560	1	194	138	1.58106
1536	2560	1	358	134	3.44628
1536	2560	1	498	90	2.91655
1024	2560	1	386	202	2.03284
1024	2560	1	264	144	1.14463
1536	2560	1	128	390	4.98045
1536	2560	1	80	254	0.49061
1536	2560	1	428	234	3.32084
1024	2560	1	484	418	0.00000
1024	2560	1	378	366	1.08570
1024	2560	1	132	248	4.21317
1024	2560	1	218	274	1.30846
1024	2560	1	68	374	4.78633
1024	2560	1	184	384	2.85982
1024	2560	1	276	386	2.83654
1024	2560	1	108	492	0.29601
1536	2560	1	36	488	3.88003
1024	2560	1	370	512	3.55809
1536	2560	1	182	236	0.72399
1536	2560	1	232	312	1.14546
1536	2560	1	472	340	2.02572
1536	2560	1	308	254	5.39105
1536	2560	1	280	368	0.95141
1536	2560	1	360	464	5.04548
1536	2560	1	354	406	3.70309
1536	2560	1	512	472	5.07457
1536	2560	1	344	512	5.14070
1536	2560	1	154	512	5.18528
1024	2560	1	286	512	0.00000
1024	3584	1	94	482	5.77028
1536	3584	1	178	462	0.17723
1536	3584	1	72	484	0.75315
1024	3584	1	364	516	0.00000
1536	3584	1	244	514	6.10063
1536	3584	1	324	504	5.96143
1536	3584	1	494	442	5.87077
1024	3584	1	426	356	0.00000
1024	3584	1	356	264	0.05172
1024	3584	1	498	214	0.25764
1536	3584	1	194	348	0.82142
1536	3584	2	324	386	0.00000
1536	3584	1	402	358	0.00000
1536	3584	1	472	268	0.53479
1536	3584	1	342	282	3.32494
1536	3584	1	244	222	4.90687
1536	3584	1	286	160	1.86033
1024	3584	1	54	138	3.58613
1024	3584	1	316	124	0.62316
1024	3584	1	432	130	1.47525
1536	3584	1	80	120	2.58150
1536	3584	1	100	298	0.15660
1536	3584	1	88	208	5.21712
1024	3072	1	40	484	0.00000
1024	3072	1	312	490	0.84191
1024	3584	1	424	20	1.92108
1024	3072	1	158	484	4.75584
1024	3072	1	48	362	4.35928
1024	3072	1	190	418	1.50384
1024	3072	1	320	306	0.37667
1024	3072	1	240	318	0.69150
1024	3072	1	428	374	1.11422
1536	3072	1	24	460	3.60082
1536	3072	1	96	490	3.43253
1536	3072	1	168	496	3.20274
1536	3072	1	224	462	0.00000
1536	3584	1	456	18	5.41527
1536	3584	2	400	114	0.00000
1536	3584	2	460	114	0.00000
1536	3072	1	316	446	5.41984
1536	3072	1	494	480	5.28631
1536	3072	1	444	382	3.93112
1536	3072	1	374	354	2.78992
1536	3072	1	408	220	5.99107
1536	3072	1	280	282	0.31574
1536	3072	1	60	292	2.75472
1024	3072	2	512	298	0.00000
1024	3072	1	180	234	0.52136
1024	3072	1	22	226	3.24387
1024	3072	1	112	178	3.21711
1024	3072	1	210	62	0.53621
1024	3072	1	302	162	5.26757
1024	3072	2	96	42	0.00000
1024	3072	1	284	52	0.00000
1024	3072	1	384	84	5.13635
1024	3072	2	468	36	0.00000
1536	3072	1	64	108	0.43535
1536	3072	1	222	200	0.40059
1536	3072	1	332	170	2.73903
1536	3072	1	422	98	2.45329
1536	3072	1	260	74	1.11055
1536	3072	1	152	36	5.30696
2048	2048	1	258	202	0.00000
2048	2048	1	504	96	5.97571
2048	2048	1	340	136	1.33058
2048	2048	1	128	238	6.02095
2048	2048	1	64	274	0.00000
2048	2048	2	88	104	0.00000
2048	2048	1	446	222	3.25509
2560	2048	1	28	228	0.85088
2560	2048	1	136	104	3.85813
2560	2048	1	176	198	5.71987
2560	2048	1	298	92	0.00000
2560	2048	1	412	62	0.00000
2560	2048	1	432	316	2.99628
2560	2048	1	8	374	3.89891
2048	2048	1	252	368	4.69940
2048	2048	1	96	388	4.37947
2048	2048	2	126	470	0.00000
2048	2048	2	212	498	0.00000
2048	2560	1	144	36	1.48529
2048	2560	1	308	44	3.41989
2048	2048	1	380	446	4.38415
2048	2560	1	60	120	3.98587
2048	2560	1	94	198	3.81226
2048	2560	1	96	296	3.47739
2048	2560	2	232	144	0.00000
2048	2560	2	172	148	0.00000
2048	2560	2	166	368	0.00000
2048	2560	2	202	412	0.00000
2048	2560	2	456	486	0.00000
2560	2560	2	26	484	0.00000
2048	2560	2	318	202	0.00000
2048	2560	2	448	326	0.00000
2048	2560	2	398	50	0.00000
2048	2560	1	506	4	4.84519
2560	2048	1	258	440	4.48559
2560	2048	1	368	456	0.00000
2560	2560	1	468	42	2.90982
2560	2560	1	320	60	1.36082
2560	2048	2	282	512	0.00000
2560	2560	1	134	26	1.25902
2048	2560	1	392	112	4.69259
2560	2560	1	6	110	3.74978
2560	2560	1	52	188	0.51038
2560	2560	1	314	128	1.47365
2560	2560	1	430	146	2.48977
2560	2560	1	304	204	0.95874
2560	2560	1	388	274	5.29161
2560	2560	2	476	336	0.00000
2560	2560	1	160	250	6.00906
2560	2560	1	34	298	4.27919
2560	2560	1	86	430	0.00000
2560	2560	1	254	380	3.62002
2560	2560	1	384	382	5.60611
2560	2560	1	330	446	2.51150
2048	2560	1	354	298	6.17544
2048	2560	1	276	330	5.96435
2048	2560	1	252	458	3.26222
2048	2560	1	390	470	3.00540
2048	2560	1	30	442	3.92699
2560	2048	1	486	154	4.28756
3584	2048	1	152	90	0.00000
3584	2048	1	262	92	3.66817
3584	2048	1	372	220	5.23797
3584	2048	1	242	220	4.16200
3584	2560	1	398	240	3.11353
3584	2048	1	440	316	4.77244
3584	2048	1	184	352	4.94529
3584	2048	1	58	304	2.72644
3584	2048	1	16	188	4.20682
3072	2048	1	448	128	3.91317
3072	2048	1	348	118	0.00000
3072	2048	1	178	132	4.19442
3072	2048	1	178	234	3.63617
3072	2048	1	228	358	3.59305
3072	2048	1	292	222	4.37850
3072	2048	1	36	326	0.66723
3072	2048	1	130	346	4.42917
3072	2048	1	40	416	0.45747
3072	2048	1	254	440	3.83159
3072	2048	1	402	376	3.39661
3072	2048	1	476	294	2.56062
3072	2048	1	502	432	4.12587
3584	2048	1	26	474	3.97586
3072	2048	1	374	476	4.61101
3072	2560	1	260	74	5.53447
3072	2560	1	72	80	4.03341
3072	2560	2	170	64	0.00000
3072	2560	2	158	392	0.00000
3072	2560	1	366	124	3.97552
3584	2048	1	128	480	3.89373
3584	2048	1	230	454	0.75502
3584	2560	1	300	26	3.59055
3584	2048	1	384	502	3.58453
3584	2560	1	436	78	5.83499
3584	2048	1	512	378	0.00000
3072	2560	1	180	198	3.08227
3072	2560	1	290	218	2.04810
3584	2560	1	4	174	5.58010
3072	2560	1	424	226	6.02484
3584	2560	1	200	58	4.08951
3072	2560	1	320	310	4.58170
3072	2560	1	80	244	2.10015
3072	2560	1	60	346	5.10232
3072	2560	1	114	494	2.33965
3072	2560	1	364	386	1.07775
3072	2560	1	376	478	0.00000
3584	2560	1	10	398	5.62595
3584	2560	1	150	194	1.90653
3584	2560	1	112	340	3.73456
3584	2560	1	70	256	0.75976
3584	2560	1	240	308	4.86309
3584	2560	1	218	142	1.87282
3584	2560	1	326	136	3.06877
3584	2560	1	492	332	5.72665
3584	2560	1	482	194	3.60814
3584	2560	1	248	458	2.55372
3584	2560	1	70	72	2.10031
3584	2560	1	424	360	1.99151
3072	2560	1	194	338	2.82983
3072	2560	1	470	468	2.66024
3584	2560	1	304	378	1.91891
3584	2560	1	440	494	5.54634
3584	2560	1	306	488	2.57066
3584	2560	2	348	456	0.00000
3072	2560	2	230	512	0.00000
3584	2048	1	472	64	0.45053
3584	2048	1	374	60	6.04563
3072	2048	1	70	170	0.00000
3072	2048	1	80	54	0.87095
3072	2048	1	194	36	4.14258
3072	2048	2	284	42	0.00000
3072	2048	2	22	248	0.00000
3584	2560	1	162	394	1.13187
3584	2560	1	68	512	0.65148
3584	2048	1	462	474	3.08803
3584	2560	1	314	240	2.16520
3584	2560	1	156	462	0.00000
3072	3072	2	432	254	0.00000
3072	3072	1	48	156	2.32350
3072	3072	1	108	120	3.05923
3072	3072	1	230	58	2.99570
3072	3072	1	160	214	3.42815
3072	3072	1	104	360	0.00000
3072	3072	1	22	254	5.76521
3072	3072	1	336	302	2.19583
3072	3072	1	342	224	5.13229
3584	3072	1	28	186	2.11664
3072	3072	1	324	130	5.34890
3072	3072	1	380	0	0.00000
3072	3072	1	488	0	3.26878
3072	3072	1	460	112	4.55017
3584	3072	1	74	44	0.51213
3584	3072	1	78	304	3.77953
3584	3072	1	194	180	2.96488
3584	3072	1	206	58	2.25311
3584	3072	1	356	234	2.28963
3584	3072	1	342	158	1.34537
3584	3072	1	346	78	2.25653
3584	3072	1	250	0	5.78676
3584	3072	1	410	54	2.36498
3584	3072	1	434	2	5.63034
3584	3072	1	458	192	0.87368
3584	3072	1	478	258	3.96001
3584	3072	1	396	392	3.89482
3584	3072	1	260	256	4.63562
3584	3072	1	280	330	2.11759
3072	3072	1	228	334	4.96728
3584	3072	1	136	454	1.83996
3584	3072	1	288	488	4.40871
3584	3072	1	456	474	4.77526
3584	3072	1	512	424	2.45981
3072	3072	1	346	444	5.58845
3072	3072	1	412	420	2.59877
3584	3072	1	12	446	6.05877
3072	3584	1	122	20	0.18168
3072	3072	2	260	446	0.00000
3072	3072	1	208	496	0.31327
3072	3584	1	48	90	2.43560
3072	3584	1	270	32	0.79968
3072	3584	1	416	42	1.32134
3072	3584	1	180	150	3.67311
3072	3584	1	508	92	1.65015
3584	3584	1	98	22	2.47182
3584	3584	1	202	40	1.40565
3072	3072	1	16	0	2.48993
3584	3584	1	464	66	5.13414
3584	3584	2	358	22	0.00000
3584	3584	1	316	126	0.00000
3072	3584	1	112	308	0.13820
3072	3584	1	2	186	5.66741
3072	3584	1	262	160	0.44894
3072	3584	1	380	156	5.59493
3072	3584	1	26	322	2.17784
3072	3584	1	0	408	2.01606
3584	3584	1	62	302	0.00000
3584	3584	1	456	268	5.23341
3584	3584	1	416	140	5.24610
3584	3584	1	356	266	0.55591
3584	3584	1	160	220	1.28135
3584	3584	1	212	270	0.93440
3584	3584	1	204	134	1.06103
3072	3584	1	500	170	5.89721
3072	3072	1	32	414	3.23524
3584	3584	1	326	426	0.98971
3072	3584	1	306	254	0.46365
3072	3584	1	394	292	0.59471
3072	3584	1	482	312	1.62444
3584	3584	1	42	422	0.89711
3584	3584	1	226	378	1.30132
3072	3584	1	180	274	3.38134
3072	3584	1	142	424	0.65140
3072	3584	1	284	396	0.82457
3072	3584	1	192	512	3.41920
3072	3584	1	418	378	1.13580
3072	3584	1	424	450	1.75076
3584	3584	1	126	420	0.46656
3584	3584	1	70	512	3.33129
3584	3584	1	430	332	4.48357
3584	3584	1	418	452	0.43576
3584	3584	1	494	448	1.14168
3584	3584	1	512	106	1.19910
3584	3584	1	512	174	2.19272
3584	3584	1	204	500	2.65430
3584	3584	1	326	512	2.58304
3072	3584	1	398	512	1.51930
3072	3584	1	320	486	0.65570
3072	3584	1	80	512	1.43144
3584	3072	1	236	154	3.51055
2560	3072	1	382	110	2.77845
2048	3072	1	50	84	0.54703
2048	3072	1	158	50	0.00000
2048	3072	1	46	266	0.36086
2048	3072	1	220	146	0.00000
2560	3072	1	486	430	0.00000
2560	3072	1	344	394	0.00000
2560	3072	1	74	114	2.17025
2560	3072	1	274	210	2.79769
2560	3072	1	226	272	5.72561
2560	3072	1	172	324	5.53111
2560	3072	1	116	346	5.59417
2560	3072	1	38	404	2.59722
2048	3072	1	484	430	2.69483
2048	3072	1	286	168	0.00000
2048	3072	1	460	104	0.00000
2560	3072	2	96	229	0.00000
2560	3072	2	142	75	0.00000
2560	3072	2	222	131	0.00000
2560	3072	2	156	183	0.00000
2560	3072	1	248	42	3.60015
2560	3072	1	482	108	4.42722
2560	3072	1	502	218	5.57351
2560	3072	1	428	342	3.28981
2048	3072	1	216	380	3.16034
2048	3072	1	130	358	5.75922
2048	3072	2	156	484	0.00000
2048	3072	2	46	372	0.00000
2048	3072	1	386	152	5.40401
2048	3072	1	334	14	5.58624
2048	3072	2	398	17	0.00000
2048	3072	1	368	252	6.05068
2560	3072	1	10	234	0.11044
2048	3072	1	344	380	5.59305
2048	3584	1	262	80	3.41842
2048	3584	1	352	98	0.20945
2048	3584	1	438	30	3.13420
2560	3584	1	48	34	4.59992
2560	3072	1	208	474	0.20775
2560	3584	1	294	18	4.24544
2560	3584	1	378	72	3.90134
2048	3584	2	244	341	0.00000
2048	3584	2	114	219	0.00000
2048	3584	1	138	112	0.25470
2048	3584	1	70	90	0.47987
2048	3072	1	32	506	5.35109
2048	3584	1	30	236	0.00000
2048	3584	1	448	192	5.93983
2560	3584	1	16	148	5.85947
2560	3584	1	108	112	5.82767
2560	3584	1	170	42	5.46878
2048	3072	2	298	273	0.00000
2048	3072	2	224	285	0.00000
2048	3072	2	460	292	0.00000
2560	3072	2	356	238	0.00000
2560	3072	2	314	288	0.00000
2048	3584	1	332	212	4.78020
2048	3584	1	146	330	5.03680
2560	3584	1	316	254	5.68829
2560	3584	1	70	250	1.95280
2560	3584	1	128	210	1.60738
2560	3584	1	90	328	2.08262
2560	3584	1	14	404	5.60556
2048	3584	1	442	434	6.15567
2048	3584	1	394	324	0.72391
2560	3584	1	222	144	2.57138
2560	3584	1	496	184	5.94592
2560	3584	1	512	72	5.60811
2048	3584	1	72	432	5.79735
2048	3584	1	34	472	5.50362
2048	3584	1	204	464	5.52283
2048	3584	1	176	234	0.00000
2048	3584	1	292	278	1.88273
2560	3584	1	100	494	0.82538
2560	3584	1	208	476	5.69671
2560	3584	1	384	394	5.38757
2560	3584	1	480	404	1.87089
2560	3584	1	390	244	5.80258
2560	3584	1	490	316	1.96713
2048	3584	2	350	458	0.00000
2560	3584	2	272	350	0.00000
2560	3584	2	210	356	0.00000
2560	3072	1	436	234	0.00000
2560	3072	2	64	280	0.00000
2048	3072	2	262	23	0.00000
2048	3584	2	142	512	0.00000
2048	3584	2	70	334	0.00000
2560	3584	1	394	508	5.12671
