1536	2560	1	344	74	0.77033
1536	2560	1	80	124	0.88225
1536	2560	1	20	62	3.97538
1024	2560	1	418	6	5.55846
1024	2560	1	202	222	5.07292
1536	2560	1	272	254	5.85696
1024	2560	1	332	286	1.16590
1024	2560	1	250	424	4.51499
1536	2560	1	70	318	0.48506
1024	2560	1	406	458	3.11275
1536	2560	1	224	448	1.91876
1536	2560	1	72	444	5.04190
1024	2560	1	172	348	1.86385
1024	2560	1	72	392	1.73544
1536	2560	1	268	370	4.82123
1536	2560	1	434	214	1.42483
1536	2560	1	404	428	1.93712
1024	2560	1	248	50	1.12157
1536	2048	1	314	378	2.06957
1024	2048	1	158	214	5.24837
1024	2560	1	54	8	4.43303
1024	2048	1	240	364	0.52883
1024	2048	1	110	342	1.18257
1024	2048	1	496	260	2.87930
1536	2048	1	130	438	4.70591
1536	2048	1	136	230	1.75065
1536	2048	1	68	126	5.16906
1536	2048	1	318	164	5.79729
1536	2048	1	414	302	3.25038
1536	2048	1	404	46	4.32470
1024	2560	1	342	150	3.74310
1536	2560	1	354	258	2.81075
1536	2560	1	188	90	3.28096
1536	2048	1	230	152	0.00000
1536	2048	1	494	262	5.82208
1536	2048	1	322	478	4.43364
1536	2560	2	480	307	0.00000
1536	2560	2	474	408	0.00000
1024	2560	2	208	501	0.00000
1536	2048	2	490	60	0.00000
1536	2048	1	460	430	3.51145
1536	2560	1	478	76	5.23823
1536	2048	1	252	48	5.71583
1024	3072	1	250	360	6.22420
1024	3072	1	60	430	0.00000
1024	3072	1	424	250	0.44046
1024	3072	1	318	290	0.19740
1024	3072	1	276	500	0.20153
1536	3584	1	82	46	0.88507
1536	3072	1	184	450	5.42859
1536	3584	1	224	68	6.13108
1024	3072	1	104	214	0.23837
1024	3072	1	30	180	0.15991
1024	3072	1	334	108	5.07493
1536	3072	1	94	284	0.05876
1536	3072	1	188	230	5.79323
1536	3584	1	306	222	3.04721
1536	3584	1	194	414	0.55324
1024	3584	1	278	392	5.85415
1024	3584	1	142	452	0.24049
1536	3584	1	404	236	3.05816
1024	3584	1	146	230	0.00000
1536	3584	1	450	430	2.92827
1536	3584	1	248	516	0.47849
1536	3072	1	384	434	0.41767
1024	3584	2	298	102	0.00000
1536	3584	2	394	134	0.00000
1536	3584	2	476	122	0.00000
1536	3584	2	512	180	0.00000
1536	3072	1	424	268	0.93092
1536	3072	1	422	200	1.08834
1536	3072	1	178	76	6.06761
1024	3072	1	224	160	0.90648
1024	3072	1	218	258	0.90673
1024	3072	1	166	348	2.50521
1024	3584	1	82	74	5.50301
1024	3072	1	176	486	4.34813
1024	3072	1	392	484	2.48052
1536	3072	1	4	472	4.95963
1024	3072	1	504	362	4.88493
1024	3072	1	468	108	3.95236
1536	3072	1	104	118	3.48449
1536	3072	1	24	218	3.05033
1024	3072	1	138	54	4.38551
1024	3072	1	238	32	0.00000
1536	3072	1	348	116	0.95050
1536	3072	1	282	356	3.30994
1536	3072	1	290	510	3.68945
1024	3584	1	408	294	5.84765
1024	3584	1	484	220	5.77634
1536	3584	1	126	322	1.33387
1536	3584	1	174	166	0.00000
1024	3584	1	476	118	1.27321
1024	3584	1	348	58	2.36480
1024	3584	1	342	192	3.54574
1536	3072	1	512	272	3.78225
1536	3072	1	40	72	3.90701
1536	3072	1	248	114	3.43233
1536	3072	1	280	252	3.52378
1024	3072	2	352	46	0.00000
1024	3584	2	32	160	0.00000
1536	3072	2	502	482	0.00000
2048	2048	1	124	262	5.49258
2048	2560	2	317	208	0.00000
2560	2560	2	24	163	0.00000
2048	2048	2	497	50	0.00000
2048	2560	2	175	152	0.00000
2048	2560	2	230	147	0.00000
2560	2560	2	277	1	0.00000
2560	2048	2	293	398	0.00000
2560	2048	2	354	402	0.00000
2560	2048	2	444	456	0.00000
2048	2048	1	72	139	4.73285
2048	2048	1	200	68	4.24033
2048	2048	1	311	53	0.34560
2048	2048	1	391	44	0.81736
2048	2048	2	100	44	0.00000
2048	2048	1	80	440	2.91477
2048	2560	1	68	105	3.76895
2048	2560	1	170	36	3.78721
2048	2048	1	184	445	2.76644
2048	2048	1	240	298	0.00000
2560	2048	1	213	114	0.00000
2560	2048	1	311	94	0.00000
2560	2048	1	399	51	1.22098
2560	2048	1	403	332	1.70947
2048	2048	1	461	160	1.31969
2560	2048	1	76	94	3.37988
2560	2048	1	134	252	5.89590
2048	2048	1	382	471	1.34536
2048	2048	1	472	354	0.00000
2560	2048	1	79	372	5.55508
2560	2048	2	232	422	0.00000
2560	2048	1	365	200	3.24029
2560	2048	1	471	224	0.76643
2560	2048	1	496	444	3.60013
2048	2560	2	155	365	0.00000
2048	2560	2	195	420	0.00000
2048	2560	2	328	430	0.00000
2560	2560	2	324	491	0.00000
2560	2560	2	475	334	0.00000
2048	2560	2	441	322	0.00000
2048	2560	2	504	317	0.00000
2048	2560	2	194	499	0.00000
2560	2560	2	512	22	0.00000
2048	2560	2	426	83	0.00000
2048	2560	1	108	457	5.08615
2048	2560	1	40	306	5.11417
2048	2560	1	142	234	3.26269
2048	2560	1	270	341	4.88889
2048	2560	1	270	462	2.65096
2560	2560	1	164	21	3.28515
2048	2560	1	417	444	1.04970
2048	2560	1	472	495	1.09454
2048	2560	1	298	80	4.27274
2048	2560	1	387	240	2.32001
2048	2560	1	508	242	2.26973
2560	2560	1	92	398	5.97365
2560	2560	1	105	196	2.88541
2560	2560	1	224	110	0.55209
2560	2560	1	325	72	3.25742
2560	2560	1	476	168	5.86852
2560	2560	1	392	178	6.12730
2560	2048	1	409	512	2.17456
2560	2560	1	288	224	2.94246
2560	2560	1	182	365	2.42305
2560	2560	1	238	317	5.34575
2560	2560	1	269	468	0.72982
2560	2560	1	336	357	3.64858
2560	2560	1	424	362	6.18276
3072	2048	1	86	102	1.14961
3072	2048	1	216	62	2.01644
3072	2048	1	230	148	4.17825
3072	2048	1	140	176	2.74254
3072	2048	1	56	262	3.09801
3072	2048	1	0	194	0.81309
3072	2048	1	344	170	0.27292
3072	2048	1	332	76	4.53394
3072	2048	1	352	6	4.83918
3584	2048	1	24	4	0.00000
3072	2048	1	448	108	4.32759
3584	2048	1	128	88	0.22647
3584	2048	1	236	92	3.91829
3584	2048	1	228	0	0.00000
3584	2048	1	374	86	0.18816
3584	2048	1	466	56	6.07257
3072	2048	1	432	266	5.27527
3072	2048	1	468	188	4.84568
3072	2048	1	442	334	5.11765
3072	2048	1	334	334	5.94513
3072	2048	1	264	346	0.13504
3072	2048	1	222	254	1.06122
3072	2048	1	94	410	0.01229
3072	2048	1	194	372	3.14621
3072	2560	1	140	30	0.66014
3072	2560	1	234	76	5.49289
3072	2560	1	48	22	3.02428
3072	2048	1	16	416	3.41544
3584	2048	1	52	308	3.61164
3584	2048	1	150	378	0.00000
3072	2048	1	468	432	4.93492
3584	2048	1	304	340	4.82131
3584	2048	1	356	226	5.54779
3072	2048	1	476	510	4.84735
3072	2048	1	368	482	3.41958
3072	2560	2	308	19	0.00000
3072	2560	2	250	15	0.00000
3072	2560	1	142	126	1.56574
3072	2560	1	212	212	0.36274
3072	2560	1	42	338	3.72750
3072	2560	1	136	360	2.36659
3072	2560	2	70	512	0.00000
3072	2560	1	346	464	1.50985
3072	2560	1	294	260	3.22947
3072	2560	1	360	150	0.19979
3072	2560	1	452	92	5.83972
3584	2560	1	40	106	3.09241
3584	2560	1	164	130	1.48099
3584	2048	1	100	478	4.96192
3584	2560	1	230	30	2.84224
3584	2048	1	314	502	4.29579
3584	2560	1	116	58	5.06599
3584	2560	1	270	190	1.18130
3584	2560	1	352	74	4.68610
3584	2560	1	508	30	2.57641
3584	2560	1	328	240	0.97325
3584	2560	1	438	196	5.40517
3072	2560	1	406	340	3.88702
3584	2560	1	22	326	0.45422
3072	2560	1	406	236	3.75904
3584	2560	1	274	450	5.60270
3584	2560	1	140	386	2.10178
3584	2560	1	24	476	3.02754
3584	2560	1	116	474	3.18275
3584	2560	1	198	474	3.37521
3584	2560	2	230	344	0.00000
3584	2560	1	152	294	1.71053
3584	2560	1	116	212	4.97331
3584	2560	1	312	334	3.99622
3584	2560	1	394	364	3.56138
3584	2560	1	478	304	5.02353
3584	2560	1	476	426	5.72803
3584	2560	2	342	454	0.00000
3584	2560	2	390	512	0.00000
3072	3072	1	58	172	0.67011
3072	3072	1	68	44	3.47312
3072	3072	1	156	56	0.35442
3072	3072	1	210	104	0.38719
3072	3072	1	122	220	3.61805
3072	3072	1	310	66	2.75435
3072	3072	1	392	66	5.97579
3072	3072	1	218	322	2.57146
3072	3072	1	154	362	2.96807
3072	3072	1	92	398	2.92144
3072	3072	1	422	194	5.02057
3072	3072	2	434	258	0.00000
3072	3072	1	316	248	0.37459
3072	3072	1	340	340	3.87435
3584	3072	1	70	96	5.01145
3584	3072	1	40	198	5.95567
3584	3072	1	244	112	1.44305
3584	3072	2	170	44	0.00000
3584	3072	1	372	64	3.61331
3584	3072	1	492	124	1.58772
3584	3072	1	54	318	5.69222
3072	3072	1	504	356	2.19852
3584	3072	1	186	366	5.76735
3584	3072	1	114	256	0.47366
3584	3072	1	144	166	4.92903
3584	3072	1	278	208	3.55826
3584	3072	1	212	274	2.56936
3584	3072	1	294	378	3.44462
3584	3072	1	382	262	5.25621
3584	3072	1	404	192	5.09123
3584	3072	1	512	330	2.70803
3584	3072	1	452	366	5.46256
3584	3584	1	172	32	3.76608
3584	3584	1	192	122	1.99947
3584	3584	1	458	114	3.14339
3584	3584	1	252	78	1.94378
3584	3584	1	392	142	3.35241
3584	3584	1	70	60	3.11687
3584	3072	1	106	414	4.67098
3584	3584	1	298	182	2.92897
3584	3584	1	432	288	5.01088
3584	3584	1	504	12	1.69004
3584	3072	1	412	472	1.67702
3584	3072	1	362	396	0.82663
3584	3072	1	128	474	1.58586
3584	3584	2	278	6	0.00000
3072	3584	1	306	296	2.74388
3072	3584	1	432	386	2.93519
3072	3584	1	390	220	3.23514
3584	3584	1	130	336	5.06037
3584	3584	1	206	222	2.31046
3584	3584	1	144	270	2.18905
3584	3584	1	102	190	0.62283
3584	3584	1	312	324	5.48106
3584	3584	1	426	374	5.04921
3584	3584	1	268	384	5.81567
3584	3584	1	68	428	5.02638
3584	3584	2	234	458	0.00000
3072	3584	1	192	390	2.72416
3072	3584	1	510	330	0.41402
3072	3584	1	498	88	5.11631
3072	3072	1	512	506	2.48924
3072	3072	1	426	420	4.88561
3072	3072	1	418	496	2.08269
3072	3584	1	388	96	5.39995
3072	3584	1	488	190	4.14158
3072	3584	1	250	348	5.63542
3072	3584	1	286	170	1.08367
3072	3584	1	42	338	4.76125
3072	3584	1	134	426	0.73495
3072	3072	1	194	498	2.03261
3072	3584	1	168	168	2.18331
3072	3584	1	258	60	1.23187
3072	3584	1	82	234	3.95321
3072	3584	1	42	178	0.79156
3072	3584	1	156	48	5.86372
3072	3584	1	54	32	3.84205
3072	3072	1	22	472	0.23602
3072	3584	1	328	444	2.10101
2048	3072	1	92	48	2.11900
2048	3072	1	44	118	5.34595
2048	3072	1	194	148	2.28033
2048	3072	1	294	100	5.76104
2048	3072	1	450	38	0.91167
2560	3072	1	42	70	4.42341
2560	3072	1	228	8	3.87104
2560	3072	1	268	152	0.03897
2560	3072	1	408	140	0.81281
2560	3072	1	484	52	2.54344
2560	3072	1	358	62	3.56246
2560	3072	2	144	80	0.00000
2560	3072	2	8	178	0.00000
2560	3072	2	98	230	0.00000
2048	3072	2	436	230	0.00000
2048	3072	1	364	130	5.60844
2048	3072	1	8	248	3.52043
2048	3072	1	92	302	1.60254
2048	3072	1	318	280	2.34309
2048	3072	2	200	326	0.00000
2048	3072	1	452	340	4.73738
2560	3072	1	98	290	1.27788
2560	3072	1	224	342	1.87240
2560	3072	1	324	288	1.66400
2560	3072	1	498	242	2.73729
2560	3072	1	482	338	2.64967
2560	3072	1	422	376	2.63703
2048	3072	2	74	420	0.00000
2048	3072	1	202	400	5.19783
2560	3072	1	78	458	0.68232
2560	3072	1	276	446	2.45160
2560	3072	1	400	448	2.32159
2560	3072	2	218	500	0.00000
2560	3584	2	512	4	0.00000
2048	3072	2	166	478	0.00000
2048	3072	1	38	500	1.94499
2048	3072	1	304	510	1.16421
2048	3584	1	414	20	3.49284
2048	3584	1	484	88	4.02429
2560	3584	1	154	30	5.76657
2560	3584	1	266	50	4.74828
2560	3584	1	400	66	1.40118
2048	3584	1	50	122	4.44810
2048	3584	1	208	116	4.64985
2048	3584	1	184	182	2.16268
2048	3584	1	40	200	2.21051
2048	3584	1	412	210	1.07437
2560	3584	1	90	140	0.56477
2560	3584	1	184	154	3.87065
2560	3584	1	288	136	2.04063
2560	3584	1	428	204	2.06522
2560	3584	1	456	126	4.48702
2048	3584	2	490	440	0.00000
2048	3584	1	190	310	1.75312
2048	3584	1	298	250	0.00000
2048	3584	1	496	304	0.29820
2560	3584	1	74	290	0.24944
2560	3584	1	180	286	2.27069
2560	3584	2	268	356	0.00000
2560	3584	1	270	236	5.53312
2560	3584	1	380	272	3.58246
2560	3584	1	418	352	0.19190
2048	3584	1	370	324	0.50262
2560	3584	2	510	416	0.00000
2048	3584	1	68	448	0.00000
2560	3584	1	80	418	0.24556
2560	3584	1	162	430	6.00141
2560	3584	1	354	402	2.34287
2048	3584	1	156	400	2.62303
2048	3584	1	414	398	3.45418
2560	3584	1	240	488	6.01371
2048	3072	2	196	12	0.00000
2048	3584	1	272	378	0.37805
