1024	2048	1	34	118	5.77501
1024	2048	1	166	154	5.03973
1024	2048	1	96	230	0.63592
1024	2048	1	246	368	0.38051
1536	2048	1	14	226	2.64808
1024	2048	2	196	80	0.00000
1536	2048	2	2	34	0.00000
1536	2048	2	234	166	0.00000
1536	2048	1	204	68	5.49779
1536	2048	1	82	70	0.00000
1536	2048	1	332	40	4.88851
1536	2048	2	490	66	0.00000
1536	2048	1	416	190	4.88264
1536	2048	1	144	400	5.78763
1536	2048	1	192	306	3.37784
1536	2048	1	282	346	4.24195
1536	2048	1	394	346	2.80301
1536	2048	1	498	264	0.58485
1024	2560	1	258	36	0.92635
1024	2560	1	448	52	2.56356
1536	2560	1	84	18	0.95501
1536	2048	1	250	468	1.91778
1536	2560	1	276	78	4.45949
1536	2048	1	414	500	3.85121
1024	2560	1	106	198	1.02094
1024	2560	1	228	230	4.74686
1024	2560	2	94	114	0.00000
1536	2560	1	120	74	1.36485
1536	2560	1	260	216	5.69476
1536	2560	1	154	190	0.00000
1536	2560	1	66	204	1.29817
1024	2560	1	344	310	1.43824
1536	2560	1	438	246	0.77121
1536	2560	2	440	152	0.00000
1536	2560	2	512	266	0.00000
1024	2560	1	54	358	3.64414
1024	2560	1	202	346	4.08259
1024	2560	2	178	266	0.00000
1024	2560	1	236	408	0.77774
1024	2560	1	332	400	0.78831
1024	2560	1	348	478	4.03033
1024	2560	1	476	314	3.00904
1536	2560	1	70	352	2.53605
1536	2560	1	62	440	5.14379
1536	2560	1	186	324	4.61611
1536	2560	1	192	428	2.47055
1536	2560	1	410	418	2.15369
1536	2560	1	346	486	1.33039
1536	2560	1	348	270	3.18004
1536	2560	2	478	394	0.00000
1536	3584	1	376	440	6.06461
1536	3584	1	276	384	4.02488
1024	3584	1	502	516	0.00000
1024	3584	1	432	516	0.00000
1024	3584	1	306	376	0.21338
1024	3584	1	220	510	0.36938
1024	3584	1	0	496	5.46299
1024	3584	1	44	390	2.63545
1024	3584	1	88	292	5.95286
1024	3584	1	82	136	0.49724
1024	3584	1	190	248	2.43845
1024	3584	1	246	224	5.59580
1024	3584	1	500	150	4.09037
1024	3584	2	390	233	0.00000
1024	3584	1	414	358	0.44205
1536	3584	1	2	306	0.72233
1536	3584	1	44	410	5.12589
1536	3584	1	70	348	1.29292
1536	3584	1	152	268	2.03919
1536	3584	1	348	258	4.32353
1536	3584	1	242	158	3.77708
1536	3584	1	142	136	3.51158
1536	3584	1	96	70	3.12839
1024	3584	1	486	70	3.86461
1536	3584	2	474	97	0.00000
1536	3584	1	394	132	0.25325
1024	3584	1	316	136	1.30520
1024	3584	1	254	98	1.40391
1024	3584	1	22	26	4.30307
1024	3072	1	176	378	5.85746
1024	3072	1	220	496	2.01295
1024	3072	1	306	430	0.88108
1024	3072	1	382	484	3.39119
1024	3072	1	468	496	1.50233
1024	3072	1	494	370	1.16557
1536	3072	1	20	428	1.47537
1536	3072	1	158	442	5.45250
1536	3584	1	274	16	2.57245
1536	3072	2	372	463	0.00000
1536	3072	1	470	460	5.99291
1024	3072	1	320	312	0.24913
1536	3072	1	316	276	6.15465
1536	3072	1	382	206	5.57545
1536	3072	2	502	231	0.00000
1536	3072	1	412	116	5.11079
1536	3072	1	444	32	1.27749
1536	3072	1	260	100	0.00000
1536	3072	1	84	8	1.08776
1536	3072	1	142	140	1.24827
1536	3072	1	238	252	3.14323
1536	3072	1	184	270	3.08206
1536	3072	2	130	255	0.00000
1024	3072	1	444	212	5.94620
1536	3072	1	34	220	2.63526
1024	3072	1	314	136	0.44671
1024	3072	1	164	208	1.25421
1024	3072	2	286	269	0.00000
1024	3072	1	70	286	4.94307
1024	3072	1	64	194	5.23639
1024	3072	1	82	114	4.58175
1024	3072	1	234	66	5.75887
1024	3072	1	410	56	2.31546
1024	3072	1	3	437	0.00000
2048	2048	1	50	112	0.53714
2048	2048	1	92	22	1.85740
2048	2048	1	148	128	0.68042
2048	2048	1	360	110	1.57420
2048	2048	1	512	124	4.20197
2048	2048	2	498	48	0.00000
2560	2048	1	78	116	3.94479
2560	2048	1	200	126	0.00000
2560	2048	1	316	94	0.00000
2560	2048	1	462	60	2.09085
2560	2048	1	414	158	1.37340
2048	2048	1	112	306	0.59307
2048	2048	1	18	236	0.96007
2048	2048	1	244	324	5.78040
2048	2048	1	338	294	3.95730
2048	2048	1	482	210	1.16068
2560	2048	1	120	244	5.56852
2560	2048	1	204	236	2.20664
2048	2048	1	148	442	3.14159
2048	2560	1	90	32	2.29777
2048	2560	1	60	108	1.78980
2048	2560	2	172	150	0.00000
2048	2560	2	232	166	0.00000
2048	2048	1	250	494	4.31569
2048	2560	1	280	68	5.54256
2048	2048	1	382	450	4.90487
2048	2560	2	408	50	0.00000
2048	2048	1	454	338	0.03377
2560	2048	1	72	436	2.46593
2560	2048	1	162	366	4.19928
2560	2048	1	446	372	1.38090
2560	2048	1	422	258	0.55445
2560	2048	1	512	290	5.39742
2048	2560	1	486	74	3.58099
2048	2560	2	408	170	0.00000
2048	2560	2	320	210	0.00000
2048	2560	2	440	326	0.00000
2560	2560	2	302	8	0.00000
2560	2048	2	288	390	0.00000
2560	2560	1	478	10	3.47731
2560	2048	2	440	470	0.00000
2560	2560	1	512	102	5.30513
2560	2560	1	460	138	2.62490
2560	2560	1	294	112	4.00908
2560	2560	1	180	64	3.05533
2560	2048	1	192	450	1.87364
2560	2560	2	26	154	0.00000
2048	2560	1	24	272	1.92345
2048	2560	1	156	298	0.37575
2048	2560	1	274	350	4.82320
2048	2560	1	372	290	5.66057
2560	2560	1	8	240	3.00544
2560	2560	1	130	226	6.12075
2560	2560	1	264	200	4.89164
2560	2560	1	390	214	5.94687
2560	2560	1	252	300	5.57110
2560	2560	2	464	332	0.00000
2048	2560	1	32	412	0.00000
2048	2560	1	66	499	3.57317
2048	2560	2	198	409	0.00000
2048	2560	2	174	363	0.00000
2048	2560	2	324	419	0.00000
2048	2560	1	176	512	0.28212
2048	2560	1	322	500	4.13347
2560	2560	1	16	420	4.51755
2048	2560	1	410	475	0.00000
2560	2560	2	12	482	0.00000
2560	2560	1	126	500	0.48562
2560	2560	1	228	462	3.52636
2560	2560	1	382	426	5.15084
2560	2560	1	442	512	4.98372
2560	2560	2	310	483	0.00000
3072	2560	2	154	412	0.00000
3072	2048	1	38	186	0.00000
3072	2048	1	232	264	2.78076
3072	2048	1	162	286	5.83708
3072	2048	1	164	162	1.68505
3072	2048	1	106	70	4.45520
3072	2048	1	264	118	1.98723
3072	2048	1	378	14	2.30861
3072	2048	2	378	124	0.00000
3584	2048	1	158	110	6.09265
3584	2048	1	242	80	3.96349
3584	2048	1	232	222	0.89388
3584	2048	1	390	84	0.00000
3584	2048	1	464	56	0.00000
3584	2048	1	312	292	2.94420
3584	2048	1	382	220	5.65062
3584	2048	1	402	336	5.53319
3072	2560	1	72	380	0.00000
3072	2560	1	48	146	5.71987
3072	2560	1	70	6	5.65661
3072	2560	2	156	70	0.00000
3072	2560	1	206	18	5.96143
3072	2560	2	262	18	0.00000
3072	2048	1	244	430	2.17350
3072	2048	1	32	298	5.35915
3072	2048	1	336	370	5.03555
3072	2048	1	306	246	3.03807
3072	2048	1	384	264	2.86484
3072	2048	1	476	314	3.00335
3584	2048	1	82	422	5.95303
3584	2048	1	18	494	5.95386
3072	2560	1	356	22	3.37101
3072	2560	1	432	40	3.50080
3072	2560	1	340	154	1.64132
3072	2560	1	226	200	1.79144
3072	2560	1	230	354	2.56529
3072	2560	1	286	348	2.98499
3072	2560	1	320	464	1.47584
3072	2560	1	496	488	5.66407
3072	2560	1	376	222	3.97699
3072	2560	2	472	186	0.00000
3072	2560	1	498	120	2.33075
3584	2048	1	242	456	2.40645
3584	2048	1	328	442	2.42816
3584	2560	1	204	32	2.79751
3584	2560	1	152	58	2.76388
3584	2560	1	118	134	5.48680
3072	2560	1	416	328	4.13793
3072	2560	1	468	382	1.11934
3584	2560	1	62	462	3.08111
3584	2560	1	44	224	1.07490
3584	2560	1	80	302	3.74640
3584	2560	1	162	370	3.69443
3584	2560	1	200	438	3.74604
3584	2560	2	246	454	0.00000
3584	2560	1	296	512	0.00000
3584	2560	2	348	458	0.00000
3584	2560	2	244	340	0.00000
3584	2560	1	230	210	3.28200
3584	2560	1	286	104	3.17801
3584	2560	1	438	4	1.44747
3584	2560	1	446	68	4.46542
3584	2560	1	368	146	2.37145
3584	2560	1	474	198	2.36826
3584	2560	1	314	300	3.11887
3584	2560	1	404	264	1.68278
3584	2560	1	380	360	0.84941
3584	2560	1	504	356	3.19709
3072	2560	2	130	136	0.00000
3072	3072	1	72	92	1.02471
3072	3072	1	204	28	1.56861
3072	3072	1	392	62	0.00000
3072	3072	1	272	112	5.40214
3072	3072	1	388	200	1.12118
3072	3072	1	140	106	4.03037
3072	3072	1	96	200	4.80077
3072	3072	1	56	288	4.24034
3072	3072	1	124	320	1.09345
3072	3072	1	194	362	0.80978
3072	3072	1	296	308	6.03063
3584	3072	1	32	134	0.00000
3584	3072	1	136	154	2.41360
3584	3072	1	146	42	4.36683
3584	3072	1	226	98	0.00000
3584	3072	1	414	210	0.00000
3584	3072	1	334	108	0.32175
3584	3072	1	472	88	1.84859
3584	3072	1	228	296	0.79123
3584	3072	1	130	270	1.07447
3584	3072	1	10	280	1.08913
3072	3072	2	420	260	0.00000
3584	3072	2	342	270	0.00000
3584	3072	2	408	386	0.00000
3072	3072	1	32	478	3.64886
3072	3072	1	272	428	2.64179
3072	3072	1	362	430	3.05845
3072	3072	1	478	386	4.62565
3072	3072	1	476	460	4.49918
3584	3072	2	24	512	0.00000
3584	3072	1	136	412	1.32209
3584	3072	1	150	484	4.53347
3584	3072	1	312	364	0.00000
3584	3072	1	264	496	3.50877
3584	3072	1	366	486	2.60849
3584	3584	1	474	10	5.07241
3584	3584	1	350	94	4.09687
3584	3584	1	442	136	0.41241
3584	3584	1	128	78	5.43177
3072	3584	1	486	76	5.09926
3072	3584	1	390	88	2.70326
3072	3584	1	314	62	5.03414
3072	3072	1	198	510	1.88370
3072	3584	1	168	56	2.17207
3072	3584	1	42	52	0.63869
3072	3584	1	86	128	1.49535
3072	3584	1	202	198	3.77474
3072	3584	1	348	158	1.80917
3584	3584	1	6	182	0.24735
3584	3584	1	100	170	5.95243
3584	3584	1	232	212	5.19998
3584	3584	1	324	198	3.09438
3072	3584	1	98	232	5.89320
3072	3584	1	324	304	3.28038
3072	3584	1	246	284	0.57896
3072	3584	1	428	282	2.93210
3584	3584	1	36	268	0.26625
3584	3584	1	102	306	0.00000
3584	3584	1	222	340	0.10629
3584	3584	1	448	300	3.50877
3584	3584	1	368	378	5.91954
3072	3584	1	446	384	4.59833
3584	3584	1	40	434	0.00000
3584	3584	2	318	498	0.00000
3584	3584	2	290	438	0.00000
3584	3584	1	402	482	0.68161
3072	3584	1	292	474	0.00000
3072	3584	1	180	436	1.46852
3072	3584	1	50	456	0.00000
2048	3072	1	150	30	0.42837
2048	3072	1	136	122	1.17209
2048	3072	1	38	286	4.08815
2048	3072	1	24	218	4.88596
2048	3072	1	198	318	3.63280
2048	3072	1	408	0	6.25823
2560	3072	1	124	18	0.88095
2048	3072	1	474	98	2.63812
2048	3072	1	272	366	4.51532
2048	3072	1	334	216	4.31505
2048	3072	1	372	136	5.49910
2560	3072	1	260	60	4.46056
2560	3072	1	454	26	4.73260
2560	3072	1	76	146	1.53572
2048	3072	1	496	244	2.03423
2048	3072	1	444	350	2.48153
2560	3072	1	272	176	0.55599
2560	3072	1	128	232	0.61492
2560	3072	2	104	217	0.00000
2560	3072	1	402	170	1.28856
2560	3072	1	474	258	1.18969
2560	3072	1	92	348	2.23326
2048	3072	1	78	418	5.62576
2048	3584	1	36	32	3.20078
2560	3584	1	110	394	6.14109
2048	3584	1	134	92	5.59036
2048	3584	1	392	98	0.50135
2048	3072	1	414	432	4.91902
2048	3584	2	360	19	0.00000
2048	3584	1	486	32	0.17890
2560	3072	1	28	386	0.00000
2560	3072	2	108	419	0.00000
2560	3072	1	114	482	4.27061
2560	3072	1	182	362	0.00000
2560	3072	1	258	318	6.11377
2560	3072	1	388	348	1.52851
2560	3072	1	224	462	0.00000
2560	3072	1	306	492	2.70085
2560	3584	1	54	74	4.46647
2560	3584	1	198	44	4.84974
2560	3072	1	408	468	0.55434
2560	3584	1	88	186	2.91193
2560	3584	1	156	192	3.02239
2048	3584	1	74	232	2.45517
2048	3584	1	168	232	2.58776
2560	3072	1	502	450	0.75773
2560	3584	1	418	50	4.01072
2560	3584	1	512	78	1.04526
2560	3584	1	382	140	1.97126
2560	3584	1	298	196	2.83829
2560	3584	1	232	246	3.29468
2048	3584	1	292	246	4.99918
2048	3584	1	284	344	4.78066
2048	3584	1	84	338	1.80613
2560	3584	1	142	342	2.59394
2048	3584	1	508	380	1.04688
2048	3584	1	478	190	1.97053
2048	3584	1	510	272	1.89885
2048	3584	1	394	320	0.00000
2560	3584	1	420	236	2.25101
2560	3584	1	512	252	2.97131
2560	3584	1	368	300	0.00000
2560	3584	1	456	374	5.86549
2048	3584	1	508	476	0.98082
2560	3584	1	226	484	3.08025
2048	3584	1	24	416	4.92673
2048	3584	1	158	512	4.24396
2560	3072	1	512	106	0.96529
2560	3584	1	414	462	2.81128
2560	3584	1	294	506	2.76740
2560	3584	1	308	340	5.85362
2048	3584	1	410	468	0.00000
2048	3584	1	318	470	0.00000
2048	3584	1	218	52	5.60452
2048	3072	2	160	473	0.00000
2560	3072	2	356	243	0.00000
2560	3072	2	236	145	0.00000
2560	3072	2	142	73	0.00000
