1024	2048	1	216	186	2.12374
1024	2048	1	52	148	5.26173
1024	2048	1	212	380	0.21051
1024	2048	1	98	290	4.90489
1024	2560	1	302	54	0.81119
1024	2048	1	464	226	3.84709
1024	2048	1	222	56	0.92394
1536	2048	1	498	76	0.00000
1536	2048	1	424	48	0.55795
1536	2048	1	184	24	2.16542
1536	2048	1	278	94	5.47862
1536	2048	1	220	158	2.95803
1024	2048	1	492	142	1.26900
1536	2048	1	98	212	5.90874
1536	2048	1	270	244	1.20746
1536	2048	1	432	350	2.25947
1536	2048	1	314	408	0.50662
1536	2048	1	230	388	0.57158
1536	2048	1	118	334	5.63866
1024	2048	1	504	314	4.12631
1536	2048	1	30	510	5.96663
1024	2560	1	450	104	5.17425
1024	2560	1	48	156	5.41473
1024	2560	1	292	190	4.11989
1536	2048	1	198	492	2.14771
1536	2048	1	22	52	2.75988
1536	2560	1	434	24	5.85130
1024	2048	1	498	392	0.76565
1536	2048	1	100	460	6.03445
1536	2560	1	512	18	0.03732
1536	2560	1	312	50	1.33976
1536	2560	1	174	128	4.63301
1536	2560	1	434	146	5.29403
1024	2560	1	140	226	3.99625
1024	2560	1	330	288	4.17853
1024	2560	1	426	434	0.57482
1536	2560	1	56	232	2.80342
1536	2560	1	342	448	5.07489
1536	2560	1	414	270	5.38754
1536	2560	1	312	262	5.53572
1536	2560	1	138	234	0.00000
1536	2560	1	246	282	2.23123
1024	2560	1	508	344	5.86425
1024	2560	1	154	366	1.13977
1024	2560	1	210	282	1.36895
1024	2560	1	376	358	1.25887
1536	2560	1	332	142	5.55445
1536	2560	1	248	358	1.71376
1024	2560	1	228	430	1.74399
1024	2560	1	38	444	2.87488
1024	2560	1	12	266	1.31140
1024	2560	1	158	504	1.38894
1536	2560	1	32	488	1.21866
1536	2560	1	504	476	0.00000
1536	2560	1	348	512	4.90123
1024	3072	1	98	82	2.84223
1024	3072	1	216	50	4.01009
1024	3072	1	306	126	5.13121
1024	3072	1	104	238	5.86833
1024	3072	1	168	192	0.00000
1024	3072	1	268	234	4.02994
1024	3072	1	340	256	0.00000
1024	3072	1	454	186	5.17946
1024	3072	1	500	76	3.51894
1536	3072	1	38	182	0.00000
1536	3072	1	112	108	0.00000
1536	3072	1	202	68	3.22744
1536	3072	1	258	146	3.70852
1536	3072	1	390	102	1.17017
1024	3072	1	280	394	6.19388
1024	3072	1	156	352	0.11512
1024	3072	1	74	448	3.37717
1024	3072	1	184	470	0.22144
1024	3584	1	292	24	1.06581
1536	3072	1	28	312	1.11764
1536	3072	1	244	256	2.41004
1536	3072	1	196	314	5.50331
1536	3072	1	184	384	4.88224
1536	3072	1	4	456	3.07878
1536	3072	1	100	484	3.65781
1536	3584	1	104	394	0.44274
1024	3584	1	204	128	1.05955
1024	3584	1	366	76	3.96835
1024	3584	1	372	176	4.11870
1536	3072	1	370	214	0.95826
1536	3072	1	348	370	2.33274
1536	3072	2	430	354	0.00000
1536	3584	1	398	120	3.11063
1536	3072	2	374	462	0.00000
1536	3584	2	482	118	0.00000
1536	3072	1	242	472	0.47044
1536	3584	1	240	84	0.93143
1536	3584	1	128	82	3.50468
1536	3584	1	64	256	1.97145
1024	3584	1	96	290	1.45435
1024	3584	1	106	472	5.67540
1024	3584	1	212	356	4.21970
1024	3584	1	354	272	0.90893
1024	3584	1	480	296	5.96428
1024	3584	1	384	408	0.52190
1536	3584	1	166	330	0.00000
1536	3584	1	282	218	0.58017
1536	3584	1	312	374	0.00000
1536	3584	1	390	358	0.00000
1536	3584	1	380	256	4.78145
1536	3584	1	188	456	0.54473
1024	3584	1	106	220	0.00000
1536	3584	1	14	382	0.70082
2048	2560	1	56	438	4.92191
2048	2560	1	426	408	5.13321
2048	2560	1	78	512	1.51128
2560	2560	1	158	332	0.00000
2048	2560	1	56	104	4.20272
2048	2560	1	298	342	4.90502
2560	2560	1	282	280	4.26945
2048	2560	1	106	246	0.00000
2560	2560	1	294	172	0.00000
2560	2560	1	186	478	6.12096
2560	2560	1	456	478	2.49470
2560	2560	1	512	370	0.00000
2560	2560	1	342	434	5.92180
2048	2560	1	26	10	2.99908
2048	2560	1	300	446	4.72655
2048	2048	1	80	474	0.00000
2048	2560	1	454	108	5.86420
2048	2048	1	204	486	4.56818
2560	2560	1	36	332	2.94509
2560	2048	1	368	190	3.41371
2560	2048	1	478	170	0.73843
2560	2048	1	454	56	0.00000
2560	2048	1	312	90	0.00000
2560	2048	1	228	74	3.34177
2560	2048	1	62	252	0.00000
2560	2048	1	72	118	5.64959
2048	2048	1	296	366	3.70458
2048	2048	1	90	312	4.74045
2560	2048	1	170	146	5.98514
2048	2560	1	208	252	4.18360
2048	2560	1	250	86	5.25955
2048	2560	1	368	256	0.00000
2560	2560	2	476	324	0.00000
2560	2560	2	304	498	0.00000
2560	2560	2	18	476	0.00000
2048	2560	2	469	467	0.00000
2048	2560	2	166	362	0.00000
2048	2560	2	186	408	0.00000
2048	2560	2	434	298	0.00000
2048	2560	2	318	210	0.00000
2048	2560	2	243	149	0.00000
2048	2560	2	190	162	0.00000
2048	2560	2	279	1	0.00000
2048	2560	2	374	102	0.00000
2048	2560	2	412	30	0.00000
2560	2560	1	32	152	0.00000
2048	2048	1	318	446	3.49003
2560	2560	1	194	138	3.01411
2560	2560	1	96	74	0.00000
2560	2048	1	22	478	3.28380
2048	2048	1	470	398	4.40247
2560	2560	1	200	6	1.91054
2560	2560	2	126	158	0.00000
2560	2560	2	308	8	0.00000
2560	2048	1	252	428	4.19947
2560	2048	1	362	480	0.00000
2560	2048	1	478	496	1.00493
2048	2048	1	400	486	1.97316
2560	2048	1	198	366	1.28234
2560	2048	1	328	318	2.47894
2560	2048	1	496	242	1.06419
2560	2048	1	498	330	0.95465
2048	2048	2	504	54	0.00000
2048	2048	1	458	164	0.25051
2048	2048	1	240	258	0.00000
2048	2048	1	162	408	3.48729
2048	2048	1	44	134	0.91462
2048	2048	1	148	160	1.80428
2048	2048	1	374	126	4.94722
2048	2048	1	338	58	4.10941
2048	2048	1	170	112	3.76684
2048	2048	1	66	0	3.64545
2048	2048	1	178	16	3.15871
2560	2560	1	512	114	0.00000
2560	2560	1	472	82	0.00000
2560	2560	1	372	142	5.94558
2048	2560	2	200	512	0.00000
3584	2048	1	156	108	0.09252
3584	2048	1	268	78	3.54183
3584	2048	1	388	90	6.19747
3584	2048	1	458	48	6.27925
3584	2048	1	512	104	0.14150
3072	2048	1	500	106	1.99713
3584	2048	1	224	0	6.25508
3072	2048	1	360	36	2.83602
3072	2048	1	410	182	5.82863
3072	2048	1	348	200	5.85428
3072	2048	1	292	248	2.58804
3072	2048	1	232	108	4.47039
3072	2048	1	196	50	4.27174
3072	2048	1	86	42	0.00000
3072	2048	2	114	120	0.00000
3072	2048	1	6	154	0.95000
3072	2048	1	0	256	1.73762
3072	2048	1	0	318	1.87127
3072	2048	1	148	356	5.02398
3072	2048	1	214	308	2.09972
3072	2048	1	300	372	0.94813
3072	2048	1	458	324	4.39064
3584	2048	1	30	262	5.38903
3584	2048	1	386	206	5.17743
3584	2048	1	364	280	2.15952
3584	2048	1	194	306	4.26447
3072	2048	2	22	62	0.00000
3584	2560	1	500	488	5.86033
3584	2560	1	412	442	5.88118
3584	2560	1	484	326	0.67311
3584	2560	1	396	276	3.17938
3584	2560	1	306	326	5.94542
3584	2560	1	512	396	5.58117
3584	2560	1	106	290	0.04758
3584	2560	1	218	378	2.13288
3584	2560	1	170	252	2.82162
3584	2560	1	92	410	1.04167
3584	2560	1	246	454	4.90125
3584	2560	1	502	60	2.70114
3584	2560	1	388	182	4.02926
3584	2560	1	256	206	3.98252
3584	2560	1	180	478	2.87706
3584	2560	1	466	240	0.46656
3584	2560	2	340	450	0.00000
3584	2560	2	346	132	0.00000
3072	2560	2	316	20	0.00000
3072	2560	1	510	164	5.80083
3584	2560	1	2	468	2.34374
3584	2560	1	14	320	3.85387
3584	2560	1	112	156	4.03908
3584	2560	1	240	132	1.47809
3072	2560	1	408	334	2.57313
3584	2560	1	114	510	0.00000
3072	2560	2	162	80	0.00000
3072	2560	2	462	180	0.00000
3584	2048	1	306	510	0.30911
3584	2048	1	388	468	3.12032
3584	2048	1	242	452	3.80480
3584	2048	1	142	432	6.12416
3584	2048	1	54	440	3.85766
3072	2048	1	496	418	3.62396
3584	2560	1	112	36	2.09166
3072	2048	1	384	458	3.34543
3072	2560	1	490	62	1.81650
3072	2560	1	320	360	3.30643
3072	2560	1	380	484	0.00000
3072	2560	1	190	446	4.43350
3072	2560	1	0	398	6.11804
3072	2560	1	70	268	2.16349
3072	2560	1	112	404	3.69752
3072	2560	1	238	288	3.01940
3072	2560	1	358	216	4.10367
3072	2560	2	440	128	0.00000
3072	2560	1	358	116	0.52480
3072	2560	1	256	106	2.71587
3072	2560	1	98	126	6.20641
3072	2560	1	10	118	0.20376
3072	2048	1	110	472	2.41612
3072	2048	1	0	500	0.77441
3072	2048	1	30	0	3.04614
3072	2560	2	458	512	0.00000
3584	3584	1	160	496	5.95490
3584	3584	1	110	434	0.00000
3072	3584	1	364	318	0.39608
3072	3584	1	174	334	3.30122
3072	3584	1	72	224	2.02561
3072	3584	1	46	374	2.02333
3072	3584	1	256	218	3.53147
3072	3584	1	50	300	2.00835
3072	3584	1	154	194	2.30179
3072	3584	1	22	134	4.64816
3072	3584	1	56	40	2.14673
3072	3584	1	494	246	0.96280
3584	3584	1	144	312	2.29082
3072	3584	1	406	196	1.35298
3072	3584	1	440	442	0.00000
3584	3584	1	242	294	5.23026
3584	3584	1	358	258	0.33895
3584	3584	1	260	394	0.00000
3072	3584	1	494	414	5.70652
3072	3584	1	150	512	2.68236
3072	3584	1	356	432	5.72816
3584	3584	1	44	312	4.93979
3072	3584	1	226	476	0.24315
3072	3584	1	48	450	3.97787
3072	3584	1	240	376	1.01756
3584	3584	1	348	198	4.06669
3584	3584	1	232	230	0.55143
3584	3584	1	66	410	3.08609
3584	3584	1	188	164	0.68061
3584	3584	1	92	186	0.00000
3072	3584	1	422	124	0.00000
3584	3584	1	484	384	4.19665
3584	3584	1	402	512	0.63256
3584	3584	1	426	236	3.85521
3584	3584	1	370	388	2.74135
3584	3584	1	330	474	1.11247
3584	3584	1	416	110	0.00000
3584	3584	1	482	88	2.27796
3584	3584	1	506	8	5.51253
3584	3584	1	334	88	3.63050
3584	3584	1	276	72	0.31965
3584	3584	1	174	80	4.31543
3072	3584	1	480	102	0.00000
3584	3584	1	44	58	5.70297
3072	3584	1	280	106	1.17050
3072	3584	1	152	30	3.24200
3072	3072	1	216	490	2.53313
3072	3072	1	410	484	1.42168
3072	3072	1	416	414	2.03956
3584	3072	1	74	444	0.00000
3584	3072	1	140	480	0.00000
3584	3072	1	362	496	1.82931
3584	3072	1	270	424	3.59260
3584	3072	1	366	412	1.65832
3584	3072	1	512	336	0.30086
3584	3072	1	504	438	2.07285
3584	3072	1	8	290	1.66646
3072	3072	1	270	388	3.23695
3072	3072	2	436	246	0.00000
3584	3072	1	210	360	1.49303
3584	3072	1	342	300	0.00000
3584	3072	1	440	266	2.81581
3584	3072	1	260	248	4.69015
3584	3072	1	168	206	0.00000
3584	3072	1	478	140	2.74639
3584	3072	1	432	82	3.26222
3584	3072	1	318	168	1.88715
3584	3072	1	310	98	4.61373
3584	3072	1	224	182	3.62356
3584	3072	1	338	44	5.54340
3584	3072	1	198	68	1.44581
3584	3072	1	92	36	0.00000
3584	3072	1	92	182	1.68445
3072	3072	2	498	212	0.00000
3072	3072	1	506	140	3.54238
3072	3072	1	468	62	3.86701
3072	3072	1	374	8	0.00000
3072	3072	1	368	118	5.28627
3072	3072	1	216	38	4.83670
3072	3072	1	300	208	2.51057
3072	3072	1	156	108	2.45912
3072	3072	1	170	266	1.71249
3072	3072	1	20	166	3.77094
3072	3072	1	50	332	6.07977
2048	3072	1	138	88	0.00000
2048	3072	1	180	202	4.36112
2048	3072	1	58	286	0.79986
2048	3072	1	172	370	4.06336
2048	3072	2	158	474	0.00000
2048	3072	2	308	430	0.00000
2048	3072	2	216	282	0.00000
2048	3072	2	444	278	0.00000
2048	3072	2	200	26	0.00000
2048	3072	2	282	280	0.00000
2048	3072	1	400	390	2.84554
2048	3584	1	446	50	3.26539
2048	3584	1	408	192	0.49935
2048	3072	1	300	74	0.00000
2048	3072	1	384	146	5.67218
2048	3072	1	422	52	5.18808
2560	3072	1	66	80	0.66748
2560	3072	1	134	174	2.49188
2560	3072	1	222	220	0.44595
2560	3072	2	96	232	0.00000
2560	3072	2	136	82	0.00000
2560	3072	2	222	130	0.00000
2560	3072	2	224	20	0.00000
2560	3072	1	374	140	2.77464
2560	3072	2	344	236	0.00000
2560	3072	1	384	290	4.56708
2560	3072	1	350	384	2.36694
2560	3072	1	240	368	6.05639
2560	3072	1	100	320	0.51915
2048	3072	1	510	326	0.56235
2560	3072	2	104	436	0.00000
2560	3072	2	12	438	0.00000
2560	3584	1	116	28	3.58115
2560	3072	1	154	364	0.24498
2560	3072	1	212	478	0.00000
2560	3584	1	40	154	0.57138
2560	3584	1	2	90	0.28379
2048	3584	1	368	34	0.00000
2048	3584	1	132	50	0.00000
2048	3584	1	34	92	3.87509
2048	3072	2	36	498	0.00000
2048	3072	2	32	374	0.00000
2048	3584	1	36	212	5.49291
2048	3584	1	100	166	5.64487
2048	3584	1	54	294	1.47113
2560	3072	1	468	34	2.46293
2560	3072	1	470	388	1.81577
2048	3072	1	32	226	0.50340
2048	3072	2	82	20	0.00000
2560	3072	1	376	482	4.19122
2560	3584	1	120	212	3.15072
2560	3584	1	450	74	0.44611
2560	3584	1	512	116	4.37234
2560	3584	1	468	248	0.17559
2560	3584	1	330	96	0.00000
2560	3584	1	248	86	0.57356
2048	3584	1	206	36	5.46762
2048	3584	1	230	172	4.10663
2048	3584	2	192	284	0.00000
2048	3584	1	130	460	5.98271
2048	3584	2	32	464	0.00000
2048	3584	1	346	276	5.44520
2048	3584	1	264	306	0.00000
2048	3584	1	180	392	5.93034
2048	3584	1	312	20	0.27766
2560	3584	1	344	236	0.26625
2560	3584	1	480	418	0.56079
2048	3584	1	444	378	0.34465
2048	3584	1	324	454	0.00000
2048	3584	1	504	488	6.09916
2560	3584	1	60	448	5.25037
2560	3584	1	32	380	5.15189
2560	3584	1	34	310	4.89704
2560	3584	1	270	340	1.42285
2560	3584	1	280	432	0.00000
2560	3584	1	366	418	5.69844
2560	3584	2	482	512	0.00000
2560	3584	1	214	222	5.81515
