1536	2560	1	496	286	2.12349
1536	2560	1	502	28	2.36675
1536	2560	1	382	32	4.03583
1536	2560	1	512	156	2.33294
1536	2560	1	370	182	0.57927
1536	2560	1	262	242	5.93203
1536	2560	1	148	204	2.27591
1536	2560	1	502	220	2.04598
1536	2560	1	464	338	2.27407
1536	2560	1	392	314	5.98469
1536	2560	1	222	82	0.19205
1536	2560	1	38	228	0.00000
1536	2560	1	342	494	1.00748
1024	2560	1	482	284	6.01018
1024	2560	1	420	344	2.36319
1536	2560	1	498	500	4.24328
1024	2560	1	286	512	3.07181
1536	2560	1	130	354	5.15793
1024	2560	1	116	484	1.36094
1536	2560	1	410	408	1.29135
1024	2560	1	172	380	0.84503
1024	2560	1	262	256	6.09673
1024	2560	1	84	138	4.08131
1536	2560	2	342	334	0.00000
1024	2560	2	188	274	0.00000
1024	2560	1	378	198	1.47835
1024	2560	1	270	42	0.97441
1536	2560	1	52	418	4.74121
1024	2048	1	104	446	0.00000
1024	2560	1	402	478	4.15533
1536	2560	1	32	492	1.58478
1024	2560	1	42	284	1.27024
1024	2048	1	232	350	0.00000
1024	2048	1	488	492	4.02207
1024	2560	2	432	76	0.00000
1536	2048	1	160	358	0.52607
1536	2048	1	322	490	3.54157
1536	2048	1	482	242	0.53804
1536	2048	1	286	390	3.42887
1536	2048	1	222	400	0.41241
1536	2048	1	318	282	1.90488
1536	2048	1	434	380	4.34763
1536	2048	1	460	140	0.88367
1536	2048	1	218	132	5.94990
1536	2048	1	16	266	5.96887
1024	2048	1	450	234	2.72900
1536	2048	1	146	250	1.98686
1536	2048	1	22	110	1.85474
1536	2048	1	18	20	0.00000
1024	2048	1	106	66	0.00000
1024	2048	1	206	204	2.82550
1536	2048	1	304	94	1.83068
1536	2048	1	402	44	5.29547
1024	2048	2	192	84	0.00000
1024	2048	2	262	12	0.00000
1536	2048	1	216	12	3.11166
1024	3584	1	48	392	0.23417
1024	3584	1	134	144	6.25638
1024	3584	1	30	264	5.15763
1536	3584	1	416	224	0.79702
1536	3584	1	408	388	5.60775
1536	3584	1	100	154	0.00000
1536	3584	1	464	82	0.14411
1024	3584	1	392	268	6.14283
1536	3584	2	254	264	0.00000
1024	3584	1	270	448	2.34178
1536	3584	1	40	284	3.83691
1024	3584	1	482	214	5.64904
1536	3584	1	30	412	0.63025
1536	3584	1	202	402	0.00000
1536	3584	2	488	282	0.00000
1024	3584	1	158	296	0.26405
1024	3584	1	326	146	0.95616
1024	3584	1	222	164	6.12009
1024	3072	1	96	438	0.44059
1024	3072	1	238	464	1.19909
1024	3584	1	36	22	2.43854
1536	3584	1	200	90	3.22909
1536	3584	2	374	62	0.00000
1536	3584	2	382	120	0.00000
1536	3584	1	136	20	3.09012
1536	3584	1	64	58	3.05508
1536	3072	1	8	460	0.20599
1024	3584	1	376	50	2.23638
1024	3584	1	458	30	2.68364
1024	3584	2	168	34	0.00000
1024	3584	2	300	92	0.00000
1024	3072	1	268	344	0.20660
1024	3072	1	360	424	3.69986
1536	3072	1	234	440	0.39340
1536	3072	1	388	336	5.55542
1536	3072	1	464	334	5.68543
1536	3072	1	344	416	2.77796
1024	3072	1	412	324	2.65179
1536	3072	1	94	316	4.98342
1536	3072	1	250	290	4.87056
1536	3072	1	354	216	1.36838
1536	3072	1	346	98	0.27251
1024	3072	2	502	304	0.00000
1024	3072	2	440	394	0.00000
1024	3072	2	376	182	0.00000
1024	3072	1	186	226	0.74445
1536	3072	1	196	186	5.29157
1536	3072	1	88	222	1.89598
1024	3072	1	462	216	4.66298
1536	3072	1	474	108	0.10389
1536	3072	1	246	94	3.08432
1536	3072	1	98	112	0.64343
1536	3072	1	4	72	3.77907
1536	3072	1	112	28	1.28568
1024	3072	1	306	98	3.83051
1024	3072	1	192	56	0.00000
1024	3072	1	120	106	0.12612
1024	3072	1	46	74	0.00000
1024	3072	2	28	372	0.00000
1536	3072	2	188	360	0.00000
2048	2048	1	84	128	0.43829
2560	2048	1	452	48	1.05829
2048	2560	2	198	416	0.00000
2048	2560	2	318	418	0.00000
2048	2560	1	276	476	5.58053
2048	2560	1	428	454	0.00000
2560	2560	1	54	416	0.32272
2560	2560	1	182	424	1.91072
2560	2560	2	306	486	0.00000
2560	2560	1	402	416	1.50914
2560	2560	2	456	340	0.00000
2560	2560	1	448	268	2.06337
2560	2560	1	430	500	1.83705
2048	2560	2	442	320	0.00000
2048	2560	2	190	512	0.00000
2048	2560	2	76	304	0.00000
2048	2560	2	170	154	0.00000
2560	2048	2	434	468	0.00000
2560	2560	2	512	18	0.00000
2048	2560	2	314	206	0.00000
2048	2560	2	354	56	0.00000
2560	2560	2	10	156	0.00000
2048	2048	1	28	20	2.14333
2048	2048	1	174	68	3.37615
2048	2048	1	258	110	1.87960
2048	2048	1	152	256	5.96792
2048	2048	1	230	210	4.45637
2048	2048	1	82	370	2.83354
2048	2048	1	286	410	1.40123
2048	2048	1	350	286	6.26350
2048	2048	1	458	82	3.24232
2048	2048	1	396	180	5.69629
2048	2048	1	484	288	5.67287
2048	2048	1	450	402	0.00437
2048	2048	1	368	482	5.34415
2560	2048	1	86	260	4.81508
2560	2048	1	162	30	4.15857
2560	2048	1	226	104	0.00000
2560	2048	1	316	66	0.00000
2560	2048	1	306	198	1.23837
2560	2048	1	382	252	1.49577
2560	2048	2	356	398	0.00000
2560	2048	1	160	422	3.46164
2560	2560	1	92	16	5.20413
2048	2560	1	308	66	2.92499
2048	2560	1	12	54	2.52714
2048	2560	1	38	176	2.11122
2048	2560	1	4	232	2.18204
2048	2560	1	66	414	5.98378
2048	2560	1	0	298	2.23431
2048	2560	2	510	314	0.00000
2048	2560	1	232	158	4.16042
2560	2048	1	252	434	0.57042
2560	2560	1	274	56	3.37076
2048	2560	2	14	480	0.00000
2048	2560	1	190	340	4.82305
2048	2560	1	168	258	1.81976
2048	2560	1	98	108	4.10231
2560	2048	1	436	384	2.49272
2048	2560	1	426	220	4.89816
2048	2560	1	406	96	3.72960
2048	2560	1	500	94	3.82575
2560	2560	1	84	146	0.00000
2560	2560	1	202	172	2.14192
2560	2560	1	334	160	4.84951
2560	2560	1	470	166	2.37945
2560	2560	1	182	288	4.88589
2560	2560	1	306	296	5.68601
2048	2048	1	234	308	0.62209
2048	2048	2	124	20	0.00000
2048	2048	2	228	10	0.00000
3072	2048	1	94	48	0.54880
3072	2048	1	204	66	0.19740
3072	2048	1	468	58	5.38405
3584	2048	1	28	22	1.18392
3584	2048	1	470	58	0.00000
3584	2048	1	240	100	4.06327
3072	2048	2	348	24	0.00000
3072	2048	2	278	46	0.00000
3072	2048	1	152	212	4.67907
3072	2048	2	236	126	0.00000
3072	2048	1	392	210	3.01327
3584	2048	1	98	162	0.66332
3584	2048	1	298	146	1.12296
3584	2048	2	232	20	0.00000
3584	2048	1	138	240	4.31280
3584	2048	1	364	222	5.41029
3584	2048	1	468	296	0.00000
3584	2048	1	356	328	2.11810
3584	2048	1	92	330	4.68616
3072	2048	1	428	354	4.26527
3072	2048	1	196	396	4.71077
3072	2048	1	62	410	4.21768
3072	2048	1	64	488	4.09773
3072	2048	1	498	422	0.52597
3584	2048	1	88	436	5.74495
3584	2048	1	254	394	5.06938
3584	2048	1	244	480	4.84190
3584	2048	1	160	490	3.12561
3072	2560	2	252	20	0.00000
3072	2560	2	166	72	0.00000
3072	2560	2	312	22	0.00000
3072	2048	1	362	482	3.68725
3072	2560	1	224	136	1.45107
3072	2560	1	62	238	3.98354
3072	2560	2	2	208	0.00000
3584	2560	1	36	62	3.21680
3072	2560	1	452	74	5.05362
3072	2560	1	366	142	0.00000
3072	2560	2	422	126	0.00000
3072	2560	2	378	42	0.00000
3584	2560	1	134	102	5.09453
3584	2560	1	264	28	4.39604
3584	2048	1	434	502	5.02752
3584	2560	1	396	94	5.68522
3584	2560	1	476	146	3.50468
3584	2560	1	290	146	2.91447
3584	2560	1	224	186	3.08480
3584	2560	1	104	174	4.80111
3072	2560	1	484	172	0.73654
3072	2560	1	154	286	3.00171
3584	2560	1	256	350	2.84092
3584	2560	1	512	286	1.81236
3584	2560	1	512	236	1.71530
3584	2560	2	436	510	0.00000
3072	2560	1	254	308	2.94420
3072	2560	1	330	302	2.82869
3072	2560	1	398	316	2.97335
3072	2560	1	484	304	0.34334
3584	2560	1	46	298	0.59694
3584	2560	1	512	328	0.36127
3584	2560	1	374	256	3.04097
3584	2560	1	410	378	0.06680
3584	2560	1	318	320	3.11323
3584	2560	1	138	246	5.13374
3072	2560	1	70	376	0.81800
3072	2560	1	28	512	3.99259
3072	2560	1	368	426	4.68175
3072	2560	1	168	408	5.50692
3072	2560	1	286	502	2.46413
3584	2560	1	24	462	1.04495
3584	2560	1	184	440	3.98232
3584	2560	1	338	488	3.50280
3584	2560	1	486	464	5.99683
3584	2048	2	394	130	0.00000
3584	2560	1	258	512	2.66600
3584	2560	2	188	512	0.00000
3072	3072	1	94	180	5.50294
3072	3072	1	94	42	0.55284
3072	3072	1	412	76	0.00000
3584	3072	1	24	50	0.28605
3584	3072	1	148	124	1.34350
3584	3072	1	66	200	2.38476
3584	3072	1	420	130	6.10154
3584	3072	1	498	174	0.00000
3072	3072	1	192	88	3.86634
3072	3072	1	188	234	4.21697
3072	3072	1	114	378	0.39547
3072	3072	1	74	264	3.05738
3072	3072	1	14	274	3.23711
3072	3072	1	228	470	0.00000
3072	3072	1	294	164	2.20673
3072	3072	2	426	256	0.00000
3072	3072	1	318	270	5.02233
3072	3072	1	230	322	2.08796
3072	3072	1	432	200	1.18870
3584	3072	1	154	42	3.86057
3584	3072	1	288	180	0.00000
3584	3072	2	368	318	0.00000
3584	3072	1	258	12	0.00000
3584	3072	1	220	276	2.67526
3584	3072	1	358	198	3.23339
3584	3072	1	428	304	5.87528
3584	3072	1	296	348	3.60976
3072	3072	1	496	270	3.56209
3072	3072	1	364	366	1.67047
3072	3072	1	126	468	3.27657
3072	3072	1	364	440	1.18698
3072	3072	1	384	506	1.16354
3072	3072	1	510	374	4.14135
3584	3072	1	176	374	1.89255
3584	3072	1	146	438	2.53526
3584	3584	1	98	14	0.00000
3584	3072	1	12	472	3.28349
3584	3072	1	360	434	0.00000
3584	3072	1	512	442	5.67159
3584	3584	1	418	44	0.00000
3584	3072	1	274	462	3.96749
3584	3584	1	480	52	0.58076
3072	3584	1	168	70	3.04728
3072	3584	1	244	96	3.21595
3072	3584	1	468	60	4.87587
3584	3584	1	328	20	3.79153
3072	3584	1	44	50	2.76109
3584	3584	1	200	20	2.30062
3072	3584	1	370	122	2.26060
3584	3584	1	26	192	4.91326
3584	3584	1	184	148	3.16845
3072	3584	1	372	270	0.00000
3584	3584	1	238	220	0.00000
3584	3584	1	310	194	3.37403
3584	3584	1	412	202	5.75712
3072	3584	1	104	164	2.74110
3072	3584	1	22	200	5.02689
3072	3584	1	228	252	4.27357
3072	3584	1	62	288	0.98279
3584	3584	1	274	360	0.00000
3584	3584	1	338	346	0.00000
3584	3584	1	404	320	0.00000
3584	3584	1	484	272	0.00000
3584	3584	1	186	310	0.00000
3584	3584	1	126	328	0.00000
3584	3584	1	2	254	5.25333
3072	3584	1	506	338	4.94475
3072	3584	1	132	370	5.72459
3072	3584	1	224	332	0.77759
3072	3584	1	38	438	0.00000
3072	3584	1	156	472	0.00000
3072	3584	1	338	378	0.00000
3072	3584	1	502	422	4.13367
3072	3584	1	258	406	1.05386
3584	3584	1	492	392	3.17540
3584	3584	1	464	492	5.43404
2560	3072	1	100	332	4.16550
2560	3072	2	252	484	0.00000
2560	3072	2	94	236	0.00000
2560	3072	2	352	248	0.00000
2560	3072	2	230	136	0.00000
2048	3072	2	318	442	0.00000
2048	3072	2	184	330	0.00000
2048	3584	2	362	12	0.00000
2048	3584	1	398	218	0.00000
2560	3584	1	26	294	6.16355
2048	3072	1	240	98	5.85286
2048	3072	1	264	246	2.86668
2048	3072	1	146	130	1.74460
2048	3072	1	120	242	3.49666
2048	3072	1	468	114	5.07362
2048	3072	1	292	12	5.61998
2048	3072	1	438	0	0.33439
2048	3072	1	200	388	4.58306
2048	3584	1	142	70	0.14277
2048	3584	2	210	184	0.00000
2048	3584	1	196	298	0.50926
2048	3584	1	28	142	0.67010
2048	3072	1	44	480	5.39390
2048	3072	2	162	482	0.00000
2048	3072	1	62	442	3.66200
2048	3072	1	362	328	2.81280
2560	3072	1	14	272	3.18747
2560	3072	1	128	144	2.95826
2560	3072	1	206	26	0.94895
2560	3072	1	296	104	5.22402
2560	3072	1	384	74	5.46421
2560	3072	1	470	206	0.00000
2560	3072	1	212	256	0.00000
2560	3072	1	334	186	4.63762
2560	3072	1	370	332	1.51059
2560	3584	1	138	36	5.60721
2048	3072	1	488	360	5.81954
2048	3072	1	372	140	5.32039
2048	3072	1	450	492	5.58808
2048	3584	1	266	10	2.80627
2048	3584	1	468	140	0.00000
2048	3584	1	352	94	4.24950
2560	3584	1	306	180	0.00000
2560	3584	1	316	352	2.82840
2560	3584	1	376	302	5.78613
2560	3072	1	414	432	0.68573
2560	3584	1	512	6	0.29850
2560	3584	1	382	34	1.31790
2560	3584	1	396	150	3.63671
2560	3584	1	246	176	3.22296
2560	3584	1	142	132	2.21480
2560	3584	1	130	224	1.57080
2560	3584	1	156	342	0.82218
2560	3584	1	224	392	3.81944
2560	3584	1	512	184	5.24046
2560	3584	1	466	296	0.80336
2048	3584	1	344	290	0.00000
2048	3584	1	66	256	2.68593
2048	3584	1	90	512	0.00000
2048	3584	1	428	356	0.62320
2048	3584	1	458	450	0.63040
2560	3584	1	26	468	3.79808
2048	3584	1	354	476	5.85656
2048	3584	1	290	478	0.00000
2048	3584	2	246	370	0.00000
2048	3584	1	208	494	1.07685
2048	3584	2	258	418	0.00000
2560	3584	1	160	512	0.00000
2560	3584	1	246	508	0.00000
2560	3584	1	438	386	2.06512
2560	3584	1	378	482	0.84533
2560	3584	2	458	488	0.00000
2048	3072	1	66	236	1.14650
