1024	2560	1	458	300	0.00000
1536	2560	1	196	196	0.41485
1536	2560	1	456	226	0.00000
1536	2560	1	490	102	4.32091
1536	2560	1	102	244	2.40640
1536	2560	1	376	196	3.11250
1536	2560	1	294	238	5.68742
1536	2560	1	340	512	5.36082
1536	2560	1	408	382	3.99412
1536	2560	1	52	424	5.35216
1536	2560	1	284	354	1.45552
1024	2560	1	280	434	5.78658
1536	2560	1	478	444	1.37155
1024	2560	1	166	482	0.90215
1024	2560	1	52	434	1.34400
1024	2560	1	60	354	4.82660
1024	2560	1	172	202	4.81324
1024	2560	1	114	282	2.26516
1024	2560	1	512	266	1.50445
1536	2560	1	40	334	4.70244
1024	2560	1	380	198	3.56423
1024	2560	1	292	308	4.54156
1024	2560	2	200	280	0.00000
1024	2560	1	420	404	3.53283
1024	2560	2	364	442	0.00000
1536	2560	1	402	76	3.70016
1536	2048	1	470	388	2.93620
1024	2560	1	496	74	0.38346
1536	2560	1	78	82	5.69518
1536	2560	1	188	70	1.03600
1536	2560	1	292	82	2.84562
1024	2560	1	306	44	0.68185
1024	2560	1	72	128	3.08901
1024	2048	1	118	512	0.77298
1536	2048	1	278	448	0.51210
1536	2048	1	380	358	2.88904
1536	2048	1	380	110	4.97120
1536	2048	1	216	124	0.00000
1024	2048	1	240	362	0.24085
1024	2048	1	120	262	1.72998
1536	2048	1	64	510	1.87839
1536	2048	1	104	396	3.20035
1536	2048	1	236	322	2.40340
1536	2048	1	336	218	3.77434
1536	2048	2	494	48	0.00000
1024	2048	1	102	44	3.16131
1024	2048	1	6	74	4.06889
1024	2048	1	296	116	1.01496
1024	2048	1	498	216	3.46875
1536	2048	1	108	180	5.74745
1536	2048	1	32	310	3.36692
1536	2048	1	28	0	0.00000
1024	2048	2	204	84	0.00000
1024	2048	2	270	18	0.00000
1024	2048	2	346	30	0.00000
1536	2048	2	280	86	0.00000
1536	2048	1	190	434	3.08609
1536	3072	1	182	74	0.53562
1536	3072	1	90	54	0.81413
1024	3072	1	392	28	2.49809
1024	3072	1	144	4	0.88109
1024	3072	1	142	76	1.13199
1024	3072	1	282	82	5.69308
1024	3072	2	500	292	0.00000
1024	3072	2	382	194	0.00000
1024	3072	1	376	142	4.36164
1024	3072	1	312	258	0.00000
1024	3072	1	242	214	2.80630
1024	3072	1	150	198	0.60866
1024	3072	1	66	326	3.14159
1024	3072	1	146	346	6.21206
1024	3072	1	206	322	6.07209
1024	3072	1	0	274	3.89302
1024	3072	1	402	300	5.48672
1536	3072	1	12	174	6.02877
1536	3072	1	236	180	3.75970
1536	3072	1	386	4	5.59318
1536	3072	1	430	122	3.61100
1024	3072	1	234	438	1.65734
1024	3584	1	78	4	0.86259
1024	3072	1	0	428	5.71810
1024	3584	1	416	22	2.97784
1024	3584	1	242	54	0.77981
1024	3584	1	86	104	0.79236
1024	3584	1	0	238	4.66801
1024	3584	1	266	256	2.33765
1024	3584	1	366	170	6.05568
1024	3584	1	70	308	0.95250
1024	3584	1	202	380	5.44905
1024	3584	1	376	296	0.36114
1024	3584	1	300	402	0.00000
1536	3072	1	132	280	0.58800
1536	3072	1	106	444	3.54317
1536	3072	1	186	450	0.32544
1536	3072	1	248	252	3.85090
1536	3072	1	354	190	5.47996
1536	3072	1	484	236	5.64166
1536	3072	1	462	354	0.48248
1536	3072	1	306	312	0.39479
1536	3072	1	398	324	0.50710
1536	3584	1	256	40	5.38435
1536	3584	1	416	4	4.68192
1536	3072	2	368	450	0.00000
1536	3584	1	478	34	4.00622
1536	3584	2	470	122	0.00000
1536	3584	1	90	96	0.00000
1536	3584	2	20	48	0.00000
1536	3584	1	46	200	2.79832
1536	3584	1	186	116	2.40687
1536	3584	1	214	214	5.02044
1536	3584	1	290	144	5.64057
1536	3584	1	346	116	1.75065
1536	3584	1	110	294	0.42119
1536	3584	1	168	324	0.00000
1536	3584	1	378	308	4.48749
1536	3584	1	464	420	5.58616
1024	3584	1	474	452	0.57430
1536	3584	1	158	498	0.00000
1536	3584	1	330	502	5.41105
1536	3584	1	50	486	0.40815
1024	3584	1	138	478	0.00000
1536	3584	2	342	12	0.00000
1536	3584	2	254	366	0.00000
1024	3584	1	484	270	2.22960
1024	3072	2	476	346	0.00000
2048	2560	1	336	502	5.20625
2560	2560	1	200	392	5.64852
2560	2560	1	406	512	2.33398
2560	2048	1	476	312	0.93050
2560	2560	1	262	502	3.24246
2048	2560	1	90	484	2.82125
2560	2560	1	48	302	4.70727
2560	2560	1	180	468	5.95748
2048	2560	1	24	344	0.00000
2048	2560	1	114	242	2.93176
2560	2560	1	358	2	5.17351
2560	2560	1	206	278	5.67671
2560	2560	1	338	88	2.25492
2560	2560	1	216	92	6.19950
2560	2560	1	336	244	4.91359
2560	2560	1	92	30	2.04910
2048	2560	1	328	278	0.34817
2560	2048	1	234	502	2.76087
2560	2048	1	362	408	4.79262
2048	2560	1	78	118	0.30944
2560	2560	1	104	454	5.82232
2560	2560	1	424	406	3.95557
2048	2560	1	470	390	0.00000
2048	2560	1	2	80	4.24201
2048	2560	1	382	324	0.51579
2048	2048	1	398	484	4.99309
2048	2560	1	496	228	1.75807
2048	2560	1	436	134	3.75297
2560	2560	1	506	94	2.39312
2048	2560	1	302	40	1.48678
2560	2048	1	26	476	4.36110
2560	2560	1	126	184	4.12547
2048	2048	1	504	366	5.64104
2560	2048	1	296	302	1.42951
2560	2048	1	448	44	0.00000
2560	2048	1	452	188	0.74705
2560	2560	1	342	160	2.17452
2560	2560	2	472	318	0.00000
2560	2560	2	318	478	0.00000
2560	2560	2	24	480	0.00000
2048	2560	2	460	490	0.00000
2048	2560	2	314	424	0.00000
2048	2560	2	174	360	0.00000
2048	2560	2	198	424	0.00000
2048	2560	2	175	507	0.00000
2048	2560	2	452	312	0.00000
2048	2560	2	166	154	0.00000
2048	2560	2	220	156	0.00000
2048	2560	2	314	198	0.00000
2560	2560	2	24	168	0.00000
2048	2560	2	378	94	0.00000
2048	2560	2	430	58	0.00000
2048	2048	2	213	502	0.00000
2048	2560	1	292	128	5.31272
2048	2048	1	404	340	2.38940
2048	2048	1	76	464	2.96877
2048	2048	1	164	400	3.43923
2048	2048	1	276	318	0.00000
2048	2048	1	164	262	5.72570
2560	2048	1	110	256	0.43697
2560	2048	1	236	228	5.58192
2560	2048	1	400	172	4.00851
2560	2048	1	324	96	0.00000
2560	2048	1	188	142	0.00000
2560	2048	1	190	16	3.48912
2560	2048	1	52	12	1.92128
2560	2048	1	74	104	0.83536
2560	2048	1	22	220	0.00000
2048	2048	1	452	164	1.34915
2048	2048	2	496	66	0.00000
2048	2048	2	408	10	0.00000
2048	2048	1	184	118	0.00000
2048	2048	1	100	68	0.00000
2048	2048	1	60	196	0.00000
3584	2048	1	134	126	0.00000
3584	2048	1	264	90	3.75010
3584	2048	1	392	90	5.90917
3584	2048	1	466	56	0.00000
3584	2048	1	220	0	0.00000
3584	2048	1	26	108	3.57871
3072	2048	1	368	66	4.90669
3072	2048	1	202	48	4.42331
3072	2048	1	238	106	4.75945
3072	2048	1	86	42	0.29005
3072	2048	1	84	184	5.61008
3072	2048	1	320	226	2.77705
3072	2048	1	426	228	3.78437
3584	2048	1	212	270	5.02476
3584	2048	1	390	220	5.39988
3584	2048	1	84	304	0.97125
3072	2048	1	504	326	3.01480
3072	2048	1	308	336	1.61940
3072	2048	1	56	306	2.41552
3072	2048	1	212	390	4.72492
3072	2048	1	442	438	2.54946
3584	2048	1	76	424	4.09115
3584	2048	1	384	442	2.93740
3072	2048	1	374	472	2.63432
3072	2048	1	182	464	1.59630
3072	2048	1	50	448	3.21764
3072	2560	1	202	18	1.45184
3072	2560	1	86	60	2.71143
3072	2560	1	260	82	4.73992
3584	2048	1	90	486	4.84555
3584	2560	1	134	108	3.06953
3584	2560	1	312	76	4.01457
3584	2560	1	434	66	3.62653
3584	2560	1	332	216	4.07776
3584	2560	1	492	202	2.95621
3584	2560	1	246	18	1.37573
3584	2560	1	184	134	0.20105
3072	2560	1	388	124	0.52607
3072	2560	2	470	186	0.00000
3072	2560	1	144	188	0.97053
3072	2560	1	252	200	0.94918
3584	2560	1	56	188	4.88853
3584	2560	1	156	260	3.29069
3584	2560	1	242	232	0.00000
3584	2560	1	306	286	1.64967
3584	2560	1	438	300	5.63027
3584	2560	1	310	370	4.39770
3584	2560	1	192	372	0.00000
3584	2560	1	4	314	5.93604
3584	2560	1	80	370	0.00000
3584	2560	1	184	500	2.29460
3584	2560	1	272	484	3.73644
3584	2560	1	416	408	0.00000
3584	2560	1	512	444	1.67456
3584	2560	1	512	306	0.00000
3584	2560	1	2	444	3.00980
3072	2560	1	428	286	2.81964
3072	2560	1	412	392	2.53644
3072	2560	1	336	252	3.42318
3072	2560	1	248	362	3.30708
3072	2560	1	164	410	0.11345
3072	2560	1	380	492	0.00000
3072	2560	1	504	64	3.46984
3584	2560	1	512	50	4.21400
3584	3584	1	138	404	2.07214
3584	3584	1	286	420	5.23281
3584	3584	1	210	500	0.06523
3584	3584	1	74	464	5.52564
3072	3584	1	468	444	0.96664
3072	3584	1	350	376	0.00000
3072	3584	1	298	470	0.00000
3584	3072	2	14	204	0.00000
3072	3072	2	250	460	0.00000
3584	3584	1	350	336	0.00000
3072	3584	1	258	386	0.20080
3072	3584	1	58	460	0.48573
3584	3584	1	466	382	4.60573
3072	3584	1	164	484	3.09454
3072	3584	1	14	282	2.34190
3072	3584	1	52	190	1.39861
3072	3584	1	148	286	0.76412
3072	3584	1	162	376	1.52055
3072	3584	2	24	408	0.00000
3584	3584	1	156	312	2.62714
3072	3584	1	510	250	1.04493
3584	3584	1	222	298	2.73047
3584	3584	1	34	328	1.66575
3584	3584	1	278	248	6.21590
3584	3584	1	372	220	1.01904
3072	3584	1	316	176	0.49476
3584	3584	1	106	212	0.48798
3072	3584	1	380	212	0.30182
3584	3584	1	472	300	2.48645
3072	3072	1	52	442	0.91199
3072	3584	1	102	82	2.36184
3072	3584	1	252	128	0.83414
3072	3584	1	236	44	1.31360
3072	3584	1	488	134	2.93878
3584	3584	1	202	184	0.86752
3584	3584	1	512	132	4.30309
3584	3584	1	368	150	3.44123
3584	3072	1	512	464	3.25389
3584	3584	1	430	34	0.00000
3584	3584	1	348	10	0.36030
3584	3584	1	172	76	2.74035
3584	3584	1	70	92	1.26605
3584	3584	1	256	60	0.29494
3584	3072	1	202	482	3.17364
3584	3072	1	336	384	4.82660
3584	3072	1	296	454	1.13983
3584	3072	1	434	340	3.02241
3584	3072	1	512	298	0.14280
3584	3072	1	450	90	6.10628
3584	3072	1	378	230	0.33689
3584	3072	1	512	46	5.76651
3072	3584	1	374	52	2.28331
3072	3072	1	180	396	2.78362
3584	3072	1	8	498	3.02040
3584	3072	1	130	480	4.36478
3584	3072	1	112	372	2.22547
3584	3072	1	232	282	5.84298
3072	3072	1	450	488	3.00323
3584	3072	1	54	438	3.21731
3072	3072	1	502	344	3.22008
3584	3072	1	98	266	1.79259
3584	3072	1	176	340	5.41354
3584	3072	1	282	202	1.09251
3584	3072	1	82	154	0.30195
3072	3072	1	476	160	0.00000
3072	3072	1	426	302	3.44735
3584	3072	1	178	176	2.70349
3584	3072	1	248	72	4.44884
3584	3072	1	366	56	2.04511
3584	3072	1	324	108	4.80960
3584	3072	2	248	138	0.00000
3584	3072	1	106	42	2.13800
3072	3072	1	338	420	3.66689
3072	3072	1	276	352	3.92444
3072	3072	1	276	240	3.70051
3072	3072	1	182	158	4.21586
3072	3072	1	0	378	1.09253
3072	3072	1	138	276	1.05688
3072	3072	1	388	0	0.00000
3072	3072	1	224	24	0.72386
3072	3072	1	58	84	3.21707
2560	3072	2	232	130	0.00000
2560	3072	2	100	228	0.00000
2048	3072	2	224	274	0.00000
2048	3072	2	280	274	0.00000
2560	3072	2	348	234	0.00000
2560	3072	2	94	438	0.00000
2048	3584	2	370	22	0.00000
2048	3072	2	162	478	0.00000
2048	3584	2	10	16	0.00000
2048	3072	2	76	4	0.00000
2048	3072	2	194	6	0.00000
2560	3072	2	126	76	0.00000
2048	3072	1	28	120	5.87892
2048	3072	1	122	108	1.28158
2048	3072	1	348	66	1.82717
2048	3072	1	460	92	6.09676
2560	3072	1	74	106	1.97895
2560	3072	1	176	14	0.00000
2560	3072	1	254	42	3.84819
2560	3072	1	416	152	5.31225
2560	3072	1	294	170	3.18761
2560	3072	1	422	306	3.80510
2560	3072	1	484	394	0.98815
2560	3072	1	168	276	4.31785
2560	3072	1	142	356	4.60811
2048	3072	1	478	248	4.96971
2048	3072	1	374	142	5.49779
2048	3072	1	238	186	4.93465
2048	3072	1	350	224	5.89524
2048	3072	1	458	326	5.32172
2048	3072	1	314	326	0.40751
2048	3072	1	178	334	1.18019
2048	3072	1	86	316	0.45279
2048	3072	1	226	440	5.55480
2048	3072	1	390	412	3.95921
2560	3072	1	10	454	0.68232
2560	3072	1	148	480	0.08372
2560	3072	1	230	464	6.08234
2560	3072	1	326	458	4.85496
2048	3584	1	62	106	1.00227
2048	3584	1	122	42	2.18285
2048	3584	1	136	188	1.68240
2048	3584	1	200	144	5.21449
2048	3584	1	216	50	5.16897
2048	3584	1	44	280	1.06323
2048	3584	1	394	190	1.24435
2560	3584	1	34	26	1.49468
2560	3584	1	24	112	1.11595
2560	3584	1	178	88	3.96697
2560	3584	1	296	46	3.68512
2560	3584	1	386	142	2.37409
2560	3584	1	466	132	5.74326
2048	3584	1	310	308	0.00000
2048	3584	1	186	238	0.00000
2048	3584	1	226	354	0.22390
2048	3584	1	2	386	5.33041
2048	3584	1	442	300	5.92227
2560	3584	1	20	202	0.60229
2560	3584	1	78	248	0.36220
2560	3584	1	274	160	4.94531
2560	3584	1	286	312	0.07677
2560	3584	1	178	210	1.99673
2560	3584	1	182	296	2.13952
2560	3584	1	344	248	0.21387
2560	3584	1	512	262	2.10926
2560	3584	1	52	378	5.07493
2560	3584	1	148	370	5.01476
2560	3584	1	256	462	0.24582
2560	3584	1	362	408	5.67672
2560	3584	1	422	308	4.57049
2560	3584	1	482	402	1.63603
2560	3584	1	162	512	3.58601
2560	3584	1	68	464	1.62359
2048	3584	1	296	424	5.10696
2048	3584	1	204	510	2.61779
2560	3584	1	418	512	0.00000
