1536	2048	1	62	288	0.00000
1024	2048	1	484	294	0.00000
1536	2048	1	152	202	5.17487
1024	2048	1	232	380	0.48119
1024	2048	1	54	300	0.22719
1024	2048	1	202	90	0.41654
1024	2048	1	188	14	0.00000
1024	2048	1	262	0	0.00000
1024	2048	1	382	28	0.00000
1024	2048	1	508	14	0.00000
1536	2048	1	220	130	0.00000
1536	2048	1	264	84	5.70776
1536	2048	1	84	38	3.61042
1536	2048	1	150	80	1.14832
1536	2048	1	270	4	5.46080
1024	2560	1	24	246	0.00000
1024	2560	1	126	158	4.55713
1024	2560	1	100	248	0.00000
1024	2560	1	160	390	4.39819
1024	2560	1	244	488	0.00000
1024	2560	1	138	504	4.25918
1024	2048	1	412	178	2.24115
1024	2048	1	188	272	1.71137
1024	2048	1	290	216	3.53252
1024	2048	1	348	406	4.84521
1024	2560	1	308	6	1.45369
1024	2560	1	314	194	5.80525
1024	2560	1	238	240	4.95737
1024	2560	1	264	354	2.87777
1024	2560	1	348	354	1.44776
1024	2560	1	416	474	3.57420
1024	2560	1	506	418	0.19321
1536	2560	1	52	490	0.47089
1536	2560	1	176	468	5.39224
1024	2560	1	406	80	1.06849
1536	2560	1	28	22	5.76404
1536	2048	1	112	434	3.39557
1536	2048	1	194	510	0.68573
1536	2048	1	272	302	4.70122
1536	2048	1	404	236	1.42890
1536	2048	1	510	312	0.00000
1536	2048	1	234	378	0.00000
1536	2048	1	348	402	0.49086
1024	2560	1	488	136	1.07437
1536	2560	1	298	44	1.08541
1536	2560	1	102	288	2.79857
1536	2560	1	152	156	0.84870
1536	2048	1	512	510	4.20773
1536	2560	1	440	54	2.59480
1536	2560	1	368	116	3.37445
1536	2560	1	482	178	2.30361
1536	2560	1	344	512	4.74841
1536	2560	1	276	356	6.23724
1536	2560	1	186	288	0.15225
1536	2560	1	312	260	5.35851
1536	2560	1	434	256	1.81577
1536	2560	1	444	410	3.27778
1536	2560	1	368	390	0.38419
1536	3584	2	372	66	0.00000
1024	3072	2	348	346	0.00000
1536	3584	2	252	264	0.00000
1024	3584	1	108	476	5.79646
1024	3584	1	0	496	5.47651
1024	3584	1	22	124	0.18413
1024	3072	1	58	502	1.49386
1024	3584	2	170	34	0.00000
1024	3584	1	132	104	5.77767
1024	3584	1	154	236	0.92730
1024	3072	1	134	212	1.08296
1024	3072	1	20	134	3.22514
1024	3072	1	48	340	3.87207
1024	3072	1	156	408	1.99411
1024	3072	1	240	310	1.00602
1024	3072	1	144	116	1.85923
1024	3072	1	114	18	4.46368
1024	3072	1	234	6	6.07959
1024	3072	1	310	88	0.00000
1024	3072	1	400	4	3.72073
1024	3072	1	436	122	0.75262
1024	3072	1	302	224	5.20042
1536	3072	1	24	232	1.06902
1536	3072	1	74	120	0.53739
1536	3072	1	22	82	0.60554
1536	3072	1	26	4	0.76967
1536	3072	1	216	50	5.03796
1536	3072	1	282	150	2.13595
1536	3072	1	430	42	0.26076
1536	3072	1	508	180	2.98499
1536	3072	1	408	198	2.99164
1536	3072	1	456	330	3.56190
1536	3072	1	370	408	6.03227
1536	3072	1	258	252	4.70824
1536	3072	1	146	348	3.50094
1536	3072	1	54	282	1.05879
1536	3072	1	38	448	0.38688
1024	3072	1	454	420	5.69869
1024	3072	1	302	456	0.65320
1024	3584	1	402	14	5.47892
1024	3584	1	304	56	0.56457
1024	3584	1	312	298	0.00529
1024	3584	1	482	218	5.49779
1536	3072	1	242	472	6.16608
1536	3072	1	236	366	1.61425
1536	3072	1	176	484	3.20503
1536	3072	1	104	492	3.43477
1536	3584	1	134	92	1.59139
1536	3584	1	166	166	5.41896
1536	3584	1	266	164	2.99630
1536	3072	1	512	468	1.61467
1536	3584	1	512	154	6.24949
1536	3584	1	440	262	5.86353
1536	3584	1	346	236	3.04562
1536	3584	1	90	376	1.01595
1024	3584	1	436	362	0.00000
1536	3584	1	172	458	0.26625
1536	3584	1	74	484	1.11357
1536	3584	1	320	486	5.77306
1536	3584	1	448	488	5.87077
1536	3584	1	504	434	5.75457
1536	3584	1	114	240	6.12935
1536	3584	2	42	210	0.00000
1536	3584	2	16	50	0.00000
1024	3584	1	344	516	0.40849
1024	3584	1	266	516	0.61797
1536	3584	1	238	516	0.00000
1536	3584	2	318	358	0.00000
1536	3584	1	392	348	0.00000
1536	3584	2	398	120	0.00000
1536	3584	2	470	116	0.00000
2048	2048	1	66	24	0.79051
2048	2048	1	92	116	0.00000
2048	2048	1	206	46	4.35911
2048	2048	1	140	238	0.00000
2048	2048	1	70	272	6.21322
2048	2048	1	248	296	5.98402
2048	2048	1	378	134	4.35457
2048	2048	1	486	14	3.83034
2560	2048	1	22	120	5.57248
2560	2048	1	150	76	3.98348
2560	2048	1	178	184	5.58918
2560	2048	1	22	218	1.43392
2048	2048	1	122	380	3.70514
2048	2048	1	360	408	4.35111
2560	2048	1	74	338	3.25921
2048	2048	1	6	316	0.36542
2560	2048	1	152	488	5.36889
2560	2048	1	292	426	4.54561
2560	2048	1	304	98	0.00000
2560	2048	1	270	28	3.55956
2560	2048	1	434	52	0.39966
2560	2048	1	390	230	2.38692
2560	2048	1	502	136	4.08196
2560	2048	1	510	212	0.85645
2560	2048	1	196	364	4.16676
2560	2048	1	506	314	0.62433
2048	2048	1	150	476	3.84029
2048	2048	2	266	510	0.00000
2048	2048	2	212	498	0.00000
2048	2048	1	28	498	4.12624
2048	2560	1	58	34	1.15096
2048	2560	2	230	148	0.00000
2048	2560	2	170	148	0.00000
2560	2048	1	4	506	4.82248
2560	2560	1	76	90	0.54410
2048	2560	1	340	86	3.06920
2048	2560	1	400	76	0.28813
2048	2560	1	490	102	4.07684
2048	2560	1	216	94	4.65880
2048	2560	1	62	124	3.93030
2048	2560	1	92	234	4.03090
2560	2560	1	306	50	1.96430
2560	2048	1	466	442	2.32339
2560	2560	1	448	18	5.30117
2560	2560	1	436	138	5.02339
2560	2560	1	302	146	5.65977
2560	2560	1	44	284	4.65377
2048	2560	1	414	240	1.01683
2048	2560	1	280	340	2.37868
2048	2560	2	164	358	0.00000
2048	2560	2	192	410	0.00000
2560	2560	2	22	476	0.00000
2048	2560	2	466	476	0.00000
2560	2560	2	464	332	0.00000
2560	2560	1	192	142	0.00000
2048	2560	1	388	348	5.83379
2048	2560	1	38	382	3.76869
2560	2560	1	200	244	1.81578
2560	2560	1	352	268	4.40948
2560	2560	1	164	340	4.47020
2560	2560	1	190	450	1.07639
2560	2560	1	310	408	3.24909
2560	2560	1	404	412	6.02890
2560	2560	1	502	256	0.00000
2048	2048	1	208	152	5.36326
2048	2560	1	280	458	3.52853
2048	2560	1	372	510	4.29062
2560	2560	1	500	478	2.67172
2560	2560	1	14	402	4.90157
2048	2560	1	150	474	5.85844
2048	2560	2	320	206	0.00000
3072	2048	1	168	54	1.47219
3072	2048	1	268	106	0.00000
3072	2048	1	352	104	0.38328
3072	2048	2	170	142	0.00000
3072	2048	1	60	56	0.34947
3072	2048	1	148	240	4.41862
3072	2048	1	144	350	4.75462
3072	2048	1	256	344	3.09401
3072	2048	1	348	212	4.52475
3072	2048	1	450	98	4.07980
3584	2048	1	6	194	2.82070
3072	2048	1	492	272	2.24818
3072	2048	1	436	340	1.63811
3072	2048	1	328	436	4.26587
3072	2048	1	472	452	3.14159
3072	2560	1	356	2	1.80373
3072	2560	1	178	22	1.40565
3072	2560	1	70	108	4.33911
3072	2560	1	312	112	5.46554
3072	2560	1	284	214	1.37918
3072	2560	1	118	298	3.81329
3072	2560	1	188	358	2.96863
3072	2560	1	98	454	4.90978
3072	2560	1	298	452	0.60074
3072	2560	1	382	476	6.03929
3072	2560	1	320	310	4.74068
3072	2560	1	436	392	3.05424
3072	2560	1	458	272	0.56367
3072	2560	1	464	140	4.27649
3072	2560	1	500	36	2.00320
3584	2048	1	146	110	0.00000
3584	2048	1	244	86	4.08724
3584	2048	1	348	80	0.00000
3584	2048	1	462	46	0.00000
3584	2048	1	398	224	5.30539
3584	2048	1	254	218	4.19064
3584	2048	1	132	278	4.09900
3584	2048	1	52	408	3.80829
3584	2048	1	184	366	5.21370
3584	2048	1	326	414	3.23660
3584	2048	1	490	356	5.14053
3584	2048	1	470	482	3.27069
3584	2048	1	372	508	3.67149
3584	2048	1	152	468	4.57177
3584	2560	1	220	12	1.98488
3584	2560	2	92	38	0.00000
3584	2560	1	172	92	0.83829
3584	2560	1	220	186	2.99596
3584	2560	2	302	124	0.00000
3584	2560	1	118	180	3.32193
3584	2560	1	144	262	3.26423
3584	2560	1	338	184	4.45983
3584	2560	1	440	164	5.73634
3584	2560	1	496	158	3.05200
3584	2560	1	362	310	3.44556
3584	2560	1	512	284	1.46700
3584	2560	1	512	376	4.88706
3584	2560	1	410	452	3.64869
3584	2560	1	302	478	5.91385
3584	2560	1	104	474	1.73939
3584	2560	1	82	374	4.09997
3584	2560	1	250	354	1.79474
3584	2560	2	178	410	0.00000
3072	3584	1	82	444	6.13148
3072	3584	1	76	300	0.71019
3072	3584	1	176	404	2.20909
3072	3584	1	190	264	3.63150
3072	3584	1	42	188	5.81379
3072	3584	1	312	454	0.38166
3072	3584	1	288	184	0.41139
3072	3584	1	336	296	0.18448
3072	3584	1	258	390	0.00000
3072	3584	1	420	402	2.83722
3072	3584	1	374	142	2.98312
3072	3584	1	442	318	5.71512
3584	3584	1	142	460	0.56229
3072	3584	1	466	252	4.56175
3584	3584	1	96	200	2.72718
3584	3584	1	82	326	2.62122
3584	3584	1	2	142	0.44127
3584	3584	1	186	322	6.15852
3584	3584	1	194	166	0.59265
3072	3584	1	436	90	0.69203
3584	3584	1	404	328	5.56998
3584	3584	1	416	158	5.42040
3584	3584	1	370	210	5.52184
3584	3584	1	26	378	5.79116
3584	3584	1	394	414	5.24880
3584	3584	1	342	474	5.96904
3584	3584	1	484	234	0.91982
3584	3584	1	248	466	6.17100
3584	3584	2	292	381	0.00000
3584	3584	2	320	247	0.00000
3584	3584	1	246	62	4.71949
3584	3584	1	110	12	4.50740
3584	3584	1	464	78	1.41472
3584	3584	1	430	8	4.60311
3584	3584	2	510	143	0.00000
3584	3072	1	38	424	2.30339
3584	3072	1	344	450	4.65621
3584	3072	1	200	344	4.15040
3584	3072	1	342	364	1.07842
3584	3072	1	440	370	3.53598
3072	3584	1	126	46	0.00000
3072	3072	1	36	512	0.00000
3072	3584	1	252	110	3.75697
3072	3584	1	212	10	3.48559
3072	3072	1	320	504	5.93359
3072	3072	1	396	432	2.09034
3072	3072	1	98	332	0.16771
3072	3072	2	36	375	0.00000
3072	3072	2	426	257	0.00000
3584	3072	2	498	429	0.00000
3584	3072	2	508	501	0.00000
3584	3072	1	506	310	5.77401
3072	3072	1	360	304	2.52206
3072	3072	1	278	324	2.80625
3072	3072	1	168	198	5.05446
3072	3072	1	310	198	5.05861
3072	3072	1	110	44	2.66488
3072	3072	1	38	122	5.64015
3072	3072	1	226	64	5.56933
3072	3072	1	338	120	5.57647
3072	3072	1	442	122	0.46865
3072	3072	2	374	33	0.00000
3072	3072	1	476	342	4.01561
3584	3072	1	14	204	1.18023
3584	3072	1	102	254	1.26927
3584	3072	2	266	273	0.00000
3584	3072	1	432	182	6.06037
3584	3072	2	508	173	0.00000
3584	3072	1	328	192	1.40762
3584	3072	2	224	149	0.00000
3072	3072	1	510	70	2.87549
3584	3072	1	110	142	2.35910
3584	3072	1	320	100	5.15559
3584	3072	1	460	56	5.65691
3584	3072	1	148	92	2.14060
3584	3072	2	178	47	0.00000
3584	3072	2	252	15	0.00000
3584	3072	2	316	21	0.00000
3584	3072	2	90	21	0.00000
2048	3072	1	190	404	5.43909
2048	3072	1	236	348	1.99969
2048	3072	1	74	232	0.34276
2048	3072	1	206	144	0.49157
2048	3072	1	274	174	0.38009
2048	3072	1	70	50	0.00598
2048	3072	1	152	18	6.22494
2560	3072	1	102	142	2.20732
2048	3072	1	422	58	4.89298
2560	3072	1	280	238	2.80947
2048	3072	1	432	268	2.43473
2048	3072	1	54	458	1.70203
2048	3584	1	130	50	5.29410
2048	3584	1	92	104	2.33772
2048	3072	1	346	414	3.02666
2048	3072	1	406	426	3.30025
2560	3072	1	78	318	3.24130
2048	3072	1	500	324	0.66625
2048	3072	1	490	186	4.50211
2560	3072	1	298	136	2.46953
2560	3072	1	364	68	0.58500
2560	3072	1	166	384	6.17985
2048	3584	1	194	166	4.73311
2048	3584	1	436	204	6.04122
2560	3072	1	176	304	5.54241
2560	3072	1	236	272	5.61451
2560	3072	1	436	112	0.00000
2560	3072	1	380	372	5.78061
2560	3584	1	116	60	0.13431
2048	3584	1	442	40	3.47599
2560	3584	1	50	40	2.55545
2560	3072	1	212	440	0.18644
2560	3072	1	280	502	4.17410
2560	3584	1	434	20	2.08210
2560	3584	1	418	82	5.09644
2048	3584	1	386	222	5.96326
2048	3584	1	504	196	6.23298
2560	3584	1	46	150	2.30032
2560	3584	1	182	152	1.51537
2048	3072	1	510	402	4.49405
2560	3584	1	330	126	5.19358
2560	3584	1	326	268	5.76876
2560	3584	1	178	256	5.62525
2560	3584	1	10	430	0.00000
2048	3584	1	466	392	0.00000
2560	3584	1	206	446	5.54530
2560	3584	1	362	376	5.43883
2560	3584	1	472	234	2.37852
2560	3584	1	490	374	2.59949
2048	3584	1	124	314	4.90950
2048	3584	1	66	402	5.90714
2048	3584	1	262	176	0.00000
2048	3584	1	346	380	0.96818
2048	3584	1	14	160	5.96566
2048	3072	2	287	283	0.00000
2048	3072	2	133	115	0.00000
2560	3072	2	353	229	0.00000
2560	3072	2	151	71	0.00000
2560	3072	2	223	129	0.00000
2560	3072	2	103	227	0.00000
2048	3072	2	153	481	0.00000
2048	3584	2	185	253	0.00000
2048	3584	2	119	223	0.00000
2560	3584	2	267	351	0.00000
2048	3584	2	235	337	0.00000
2560	3584	1	70	272	2.85248
2560	3584	2	341	505	0.00000
2048	3584	1	0	444	5.47368
