1024	2048	1	212	396	0.00000
1024	2048	1	264	350	5.33049
1024	2048	1	92	284	4.85249
1024	2048	1	78	130	1.62546
1024	2048	2	198	84	0.00000
1024	2048	1	216	178	2.35382
1024	2048	1	48	14	4.12297
1536	2048	1	6	96	1.07573
1536	2048	1	10	0	0.00000
1536	2048	1	154	12	2.12863
1536	2048	1	228	142	0.00000
1536	2048	1	274	80	5.45462
1536	2048	1	94	212	6.07186
1024	2048	1	490	210	3.56315
1024	2048	1	500	306	3.71213
1024	2048	1	502	392	0.66848
1536	2560	1	28	8	5.96620
1536	2048	1	90	472	5.91338
1536	2048	2	40	408	0.00000
1536	2048	1	122	344	2.47979
1536	2048	2	230	384	0.00000
1536	2048	1	294	220	1.13907
1536	2048	2	492	66	0.00000
1536	2048	1	452	0	0.29519
1536	2048	1	432	330	2.62692
1536	2048	1	320	410	0.35400
1536	2048	1	206	474	2.15288
1536	2560	1	400	240	5.52268
1536	2560	1	318	252	5.59426
1536	2560	1	342	142	2.18488
1536	2560	1	302	58	1.37269
1536	2048	1	430	512	2.60318
1536	2560	1	448	142	5.84685
1536	2560	1	512	4	0.00000
1536	2560	1	416	374	0.00000
1536	2560	1	348	446	5.28784
1536	2560	1	340	508	4.93412
1536	2560	1	268	368	1.44959
1536	2560	1	234	292	1.75344
1536	2560	1	148	262	3.75597
1536	2560	1	182	116	3.93250
1536	2560	1	60	230	2.82807
1024	2560	1	434	98	4.59223
1024	2560	1	308	48	0.90517
1024	2560	1	52	146	2.07609
1024	2560	1	286	200	3.74858
1024	2560	1	334	294	4.02863
1536	2560	1	12	352	5.66832
1024	2560	1	436	430	0.16478
1536	2560	1	36	490	1.07437
1024	2560	1	144	252	3.68788
1024	2560	1	20	264	0.99114
1024	2560	1	40	452	3.33658
1024	2560	1	178	496	1.43091
1024	2560	1	202	436	4.67476
1024	2560	1	146	364	1.37248
1024	2560	1	364	358	1.23835
1024	2560	2	360	446	0.00000
1024	2560	2	196	288	0.00000
1024	2048	2	252	10	0.00000
1024	3072	1	70	70	2.52668
1024	3072	1	194	50	4.34786
1024	3072	1	14	190	2.84158
1024	3072	1	100	226	5.54537
1024	3072	1	168	206	0.00000
1024	3072	1	320	118	5.08185
1024	3072	1	496	80	4.24533
1536	3072	1	204	66	3.11986
1536	3072	1	512	54	2.79880
1536	3072	1	366	4	4.37593
1536	3072	1	90	106	0.00000
1536	3072	1	42	194	0.00000
1024	3072	1	450	182	5.19238
1024	3072	1	342	270	0.00000
1024	3072	1	260	236	4.58186
1024	3072	1	276	384	6.00489
1024	3072	1	150	366	0.40372
1024	3072	1	200	456	0.47258
1024	3072	1	64	454	3.84385
1024	3072	2	28	370	0.00000
1024	3584	1	80	142	0.55645
1024	3584	1	218	134	1.62364
1024	3584	1	296	32	0.87606
1024	3584	1	354	76	3.90724
1024	3584	1	340	192	4.24351
1536	3072	1	2	468	3.72875
1536	3072	1	28	304	0.87713
1536	3072	1	294	170	4.78319
1536	3072	1	432	98	0.66796
1536	3072	1	388	230	0.58462
1536	3072	1	258	246	1.88563
1536	3072	1	190	300	5.05528
1536	3072	1	196	370	4.68631
1536	3072	1	332	338	5.35845
1536	3072	2	416	330	0.00000
1536	3072	2	372	466	0.00000
1536	3072	1	498	474	1.75315
1536	3072	1	244	472	0.67559
1536	3072	1	98	478	3.68465
1536	3584	1	132	60	3.82221
1536	3584	1	218	72	0.73309
1536	3584	2	480	110	0.00000
1536	3584	2	370	58	0.00000
1536	3584	1	402	152	2.70667
1536	3072	2	512	220	0.00000
1024	3584	1	102	298	1.45980
1024	3584	1	218	372	3.58426
1024	3584	1	96	470	5.88008
1024	3584	2	20	516	0.00000
1024	3584	1	490	302	5.85899
1024	3584	1	370	286	0.72417
1536	3584	1	60	236	2.54654
1024	3584	1	378	408	0.22348
1536	3584	1	68	468	0.43253
1536	3584	1	26	392	0.74605
1536	3584	1	192	470	0.00000
1536	3584	1	324	488	5.27053
1536	3584	1	180	318	0.22348
1536	3584	2	10	46	0.00000
1536	3584	2	236	368	0.00000
1536	3584	1	156	176	4.69572
1536	3584	1	276	182	0.84134
1536	3584	1	306	280	4.43019
1024	3584	2	178	36	0.00000
1536	3584	1	512	328	1.48678
1536	3584	1	486	468	5.00023
1536	3584	1	314	364	0.00000
1536	3584	1	410	352	0.00000
1536	3584	1	512	198	5.10099
1024	3072	2	458	34	0.00000
1536	3072	2	512	324	0.00000
2048	2560	1	320	456	4.55462
2048	2560	1	476	418	4.99776
2560	2560	1	512	344	5.80651
2048	2560	1	68	120	4.23981
2048	2560	1	46	442	5.00200
2560	2560	1	218	478	5.63419
2048	2560	1	82	266	5.60460
2560	2560	1	118	512	0.30469
2560	2560	1	148	314	0.35713
2560	2560	1	22	212	0.21529
2560	2560	1	334	404	5.30578
2560	2560	1	372	150	5.89382
2560	2560	1	284	282	4.29057
2048	2560	1	368	246	0.31263
2048	2560	1	302	358	4.46668
2560	2560	1	468	76	0.68215
2048	2560	1	14	6	3.07020
2048	2048	1	72	484	6.21518
2048	2560	1	200	236	4.23957
2048	2560	1	290	106	5.22684
2048	2560	2	468	484	0.00000
2560	2560	2	12	492	0.00000
2048	2560	2	438	320	0.00000
2560	2560	2	320	494	0.00000
2560	2560	2	458	338	0.00000
2048	2560	2	172	350	0.00000
2048	2560	2	206	416	0.00000
2048	2560	2	232	482	0.00000
2048	2560	2	172	150	0.00000
2048	2560	2	370	100	0.00000
2048	2560	2	412	48	0.00000
2048	2560	2	226	136	0.00000
2048	2560	2	316	208	0.00000
2560	2560	1	20	346	2.85610
2560	2560	1	264	176	0.45066
2560	2560	1	160	132	2.94317
2560	2560	1	214	46	1.71067
2048	2048	1	100	308	4.44954
2048	2048	1	170	396	3.06813
2048	2048	1	268	382	3.86662
2048	2048	2	206	504	0.00000
2048	2048	1	330	428	4.37134
2048	2048	1	482	402	4.22154
2048	2048	1	420	494	2.27612
2560	2048	1	26	476	3.29819
2048	2048	2	266	502	0.00000
2048	2560	1	498	122	5.91662
2560	2560	1	94	56	0.00000
2560	2048	1	258	436	4.38080
2560	2048	1	360	508	6.18352
2560	2048	1	472	480	1.45077
2560	2048	1	326	286	2.55810
2560	2048	1	106	260	0.63634
2048	2048	1	238	268	0.00000
2048	2048	1	178	190	1.72345
2048	2048	1	68	128	0.96569
2048	2048	1	290	78	4.21014
2048	2048	1	364	140	4.45274
2048	2048	2	482	58	0.00000
2048	2048	2	410	16	0.00000
2048	2048	2	182	70	0.00000
2048	2048	1	468	174	0.58606
2560	2048	1	88	130	5.12480
2560	2048	1	186	152	6.04703
2560	2048	1	432	64	0.00000
2560	2048	1	306	104	0.03789
2560	2048	1	216	72	3.09578
2560	2048	1	380	162	3.36626
2560	2048	1	472	166	1.24511
2560	2048	1	476	244	1.47768
2560	2048	1	496	346	1.48014
2560	2048	1	212	356	0.93175
2560	2560	1	458	502	2.81653
3072	2048	1	92	60	0.38382
3072	2048	1	210	36	4.27793
3072	2048	1	228	104	4.45983
3072	2048	1	364	38	2.55643
3072	2048	1	506	96	1.21169
3072	2048	1	430	188	5.75569
3072	2048	1	356	196	5.72459
3072	2048	1	282	234	2.73416
3072	2048	1	218	294	1.88846
3072	2048	1	160	358	5.20781
3072	2048	1	312	366	0.82463
3072	2048	1	472	308	3.95383
3584	2048	1	24	254	5.69518
3584	2048	1	148	126	0.00000
3584	2048	1	280	86	3.87941
3584	2048	1	218	18	0.00000
3584	2048	1	386	106	0.00000
3584	2048	1	466	60	0.00000
3584	2048	1	388	284	2.15447
3584	2048	1	512	110	0.00000
3584	2048	1	174	308	4.43211
3584	2048	1	384	480	2.74436
3584	2048	1	250	424	4.44396
3584	2048	1	118	438	5.71026
3072	2048	1	484	414	3.64940
3584	2048	1	30	464	3.84009
3072	2048	1	378	488	3.47235
3584	2560	1	110	26	1.73781
3584	2560	1	288	20	0.00000
3072	2048	1	102	476	2.34018
3072	2048	1	12	242	1.99742
3072	2048	1	4	308	1.75902
3072	2048	2	110	140	0.00000
3584	2560	1	512	52	2.36839
3584	2048	1	394	220	5.30039
3072	2560	1	242	90	2.03792
3072	2560	1	112	138	0.00000
3072	2560	1	32	144	0.31802
3072	2560	1	494	72	1.38769
3072	2560	1	356	124	0.52630
3072	2560	1	368	218	4.20151
3584	2560	1	12	182	5.29549
3072	2560	1	424	122	2.16546
3584	2560	1	90	144	4.65011
3584	2560	1	272	128	1.90119
3584	2560	1	260	182	4.64796
3584	2560	1	374	206	3.91444
3584	2560	1	482	224	0.32792
3584	2560	1	408	278	3.65254
3584	2560	1	478	316	0.81187
3584	2560	1	162	244	2.43567
3584	2560	1	300	302	5.48457
3072	2560	1	244	284	3.02917
3072	2560	1	62	248	2.26213
3072	2560	1	108	398	3.63099
3072	2560	1	12	376	0.00000
3072	2560	1	182	452	4.06889
3072	2560	1	420	366	2.95260
3072	2560	1	320	356	3.33263
3584	2560	1	4	326	4.12503
3584	2560	1	118	296	3.41576
3584	2560	1	216	370	1.74401
3072	2560	1	374	478	0.00000
3584	2560	1	82	412	1.72345
3584	2560	1	398	430	5.73153
3584	2560	1	482	476	5.72339
3584	2560	1	504	408	0.00000
3072	2560	1	506	492	2.10525
3584	2560	1	194	482	2.50208
3584	2560	1	254	446	1.63350
3584	2560	2	344	450	0.00000
3072	3072	1	232	308	0.00000
3072	3072	1	284	218	2.54839
3072	3072	1	166	138	2.83041
3584	3072	1	96	400	0.91848
3072	3072	1	294	384	2.78724
3072	3072	1	484	138	4.28688
3072	3072	1	46	152	4.22844
3072	3072	1	124	242	4.59932
3072	3584	1	156	16	3.02510
3072	3072	1	246	512	1.83705
3072	3584	1	82	94	2.25325
3072	3584	1	80	244	2.44543
3072	3584	1	138	196	2.59192
3072	3584	1	290	96	0.73928
3072	3584	1	46	306	2.60474
3072	3584	1	512	378	0.00000
3072	3072	1	216	62	5.26094
3072	3072	1	360	142	5.75034
3072	3072	1	484	226	1.11721
3072	3072	1	390	30	0.00000
3072	3072	1	452	82	3.74516
3584	3072	1	64	178	1.49097
3584	3072	1	36	16	2.30002
3584	3072	1	112	24	0.00000
3584	3072	1	176	182	0.00000
3072	3072	1	448	394	1.42890
3584	3072	2	194	56	0.00000
3584	3072	2	244	138	0.00000
3584	3072	1	352	42	5.22362
3584	3072	1	432	98	3.40075
3584	3072	1	354	174	2.57486
3584	3072	1	484	160	3.36026
3584	3072	2	256	252	0.00000
3584	3072	2	344	270	0.00000
3584	3072	1	438	334	2.79614
3584	3072	1	512	328	5.52424
3584	3072	1	238	372	2.01317
3584	3072	1	34	286	1.25154
3584	3072	1	382	406	2.15980
3584	3072	1	150	474	0.81351
3584	3072	1	246	490	4.00376
3584	3072	1	370	480	1.78984
3584	3584	1	482	14	5.46132
3584	3584	1	48	26	0.00000
3072	3584	1	400	86	0.00000
3072	3584	1	484	68	0.00000
3072	3584	1	240	218	3.44864
3072	3584	1	450	194	1.73595
3584	3584	1	90	158	5.50138
3584	3584	1	172	78	4.39064
3584	3584	1	284	78	0.57960
3584	3584	1	190	150	0.35877
3584	3584	1	350	76	3.34272
3584	3584	1	416	102	0.00000
3584	3584	1	508	112	2.47569
3584	3584	1	424	254	3.38523
3584	3584	1	230	216	0.65887
3584	3584	1	40	252	1.37023
3584	3584	1	358	248	0.87606
3584	3584	1	492	180	1.72036
3584	3584	1	478	412	5.07024
3584	3584	1	324	376	0.25502
3584	3584	1	392	428	2.61737
3584	3584	1	248	298	4.51851
3584	3584	1	248	418	0.00000
3584	3584	1	172	478	0.00000
3584	3584	1	140	324	2.53274
3584	3584	1	98	408	0.00000
3072	3584	1	482	382	5.40284
3072	3584	1	506	318	5.24198
3072	3584	1	424	440	5.76404
3584	3584	2	112	512	0.00000
3584	3584	2	30	512	0.00000
3584	3584	2	436	494	0.00000
3072	3584	1	320	450	2.44494
3072	3584	1	360	324	0.49320
3072	3584	1	252	358	0.48996
3072	3584	1	182	372	3.44009
3072	3584	1	32	382	2.21826
3072	3584	2	30	134	0.00000
3072	3072	1	36	312	5.88396
3072	3072	1	448	464	1.06120
3072	3584	2	118	468	0.00000
3072	3584	2	56	482	0.00000
2048	3072	1	56	162	0.55526
2048	3072	1	150	86	0.00000
2048	3072	1	198	200	4.10480
2048	3072	1	300	78	0.24401
2048	3072	1	434	48	5.57838
2560	3072	2	142	72	0.00000
2560	3072	1	136	180	2.85151
2560	3072	1	224	226	0.51751
2560	3072	2	228	126	0.00000
2560	3072	1	380	132	3.18255
2560	3072	2	346	242	0.00000
2048	3072	1	504	298	0.39850
2560	3072	1	72	326	0.00000
2560	3072	1	168	386	0.00000
2560	3072	1	264	374	6.18651
2048	3072	1	52	290	0.65280
2560	3072	1	414	284	4.48189
2560	3072	1	380	384	1.94467
2560	3584	1	458	258	0.54285
2048	3072	2	220	274	0.00000
2048	3072	2	288	280	0.00000
2048	3072	2	48	382	0.00000
2048	3072	1	184	364	3.94703
2048	3584	1	152	82	2.72307
2048	3584	1	220	42	5.40923
2048	3072	2	162	480	0.00000
2048	3072	2	310	428	0.00000
2048	3584	1	366	64	0.00000
2048	3584	1	512	92	0.48361
2560	3072	2	4	418	0.00000
2048	3584	1	108	204	5.54905
2560	3584	1	130	22	3.67349
2560	3072	2	96	228	0.00000
2560	3072	2	94	436	0.00000
2560	3072	1	406	486	4.63630
2560	3584	1	444	74	0.52669
2560	3584	1	328	98	0.00000
2560	3584	1	244	102	0.29682
2048	3584	2	196	262	0.00000
2048	3584	1	364	268	5.38092
2048	3584	1	418	192	0.00000
2560	3584	1	34	184	0.26903
2560	3584	1	132	202	2.79792
2560	3584	1	208	198	5.70344
2048	3584	1	264	336	0.00000
2048	3584	1	186	398	5.99296
2048	3584	1	128	456	0.00000
2048	3584	1	52	318	0.72427
2048	3584	1	322	480	0.00000
2048	3584	1	236	170	4.47428
2560	3584	1	54	320	4.88149
2048	3584	1	442	388	0.00000
2560	3584	1	74	448	5.15985
2560	3584	1	280	326	1.35763
2560	3584	1	354	222	0.27837
2560	3584	1	274	446	0.00000
2560	3584	1	366	420	5.49865
2048	3072	1	390	384	3.32771
2048	3072	1	376	136	6.02220
2048	3584	1	452	12	3.25553
