1024	2048	1	48	116	0.00000
1024	2048	1	206	68	0.31047
1024	2048	1	90	252	0.69335
1024	2048	1	236	376	0.33250
1024	2048	1	332	0	4.17673
1024	2560	1	254	46	0.78357
1024	2560	1	80	124	3.08360
1536	2048	1	102	138	0.00000
1024	2048	1	500	216	3.51785
1536	2048	1	344	12	5.10653
1536	2048	1	224	130	0.00000
1536	2048	1	356	108	0.54285
1024	2048	1	454	420	3.89338
1536	2048	1	42	304	3.74651
1536	2048	1	120	302	3.06293
1536	2048	1	468	130	4.34404
1536	2048	1	484	226	5.65222
1536	2048	1	344	232	5.47847
1536	2048	1	280	280	5.58788
1536	2048	1	262	376	1.97333
1536	2560	1	84	82	0.00000
1536	2048	1	38	450	0.41929
1536	2048	1	380	432	0.64242
1536	2048	1	486	474	5.48164
1536	2048	1	150	468	2.66641
1024	2560	1	64	268	6.11946
1024	2560	1	62	420	3.66538
1024	2560	1	138	352	2.55554
1024	2560	1	166	210	4.77409
1024	2560	1	472	80	1.31280
1536	2560	1	392	32	1.06847
1536	2560	1	298	112	6.02168
1536	2560	1	192	70	0.30865
1536	2560	1	10	182	1.54013
1024	2560	1	236	450	3.84342
1024	2560	1	364	512	1.54502
1024	2560	1	362	360	0.26534
1536	2560	1	222	220	6.06591
1536	2560	1	290	254	5.71460
1024	2560	1	504	304	1.90747
1024	2560	1	456	456	1.96049
1536	2560	1	56	426	5.23017
1536	2560	1	172	326	2.23043
1536	2560	1	310	484	1.88857
1536	2560	1	420	422	2.27839
1536	2560	1	410	304	2.88725
1536	2560	1	490	328	0.43870
1536	2560	1	512	122	4.23080
1536	2560	1	180	512	1.44687
1536	2048	2	40	24	0.00000
1536	2048	2	492	52	0.00000
1536	2048	2	512	394	0.00000
1024	2560	2	198	277	0.00000
1024	2560	2	10	313	0.00000
1024	2048	2	448	6	0.00000
1024	2048	1	50	0	2.14437
1024	2048	2	178	6	0.00000
1536	2048	2	512	10	0.00000
1536	3072	1	218	214	4.33944
1024	3072	1	64	48	4.12399
1024	3072	1	118	284	2.93246
1024	3072	1	172	184	0.00000
1024	3072	1	246	188	3.32263
1024	3072	1	296	88	5.50171
1024	3072	1	308	258	0.00000
1024	3072	1	446	198	2.69827
1536	3072	1	28	138	0.50356
1536	3072	1	150	126	4.40933
1536	3072	1	282	116	4.21928
1536	3072	1	394	196	4.59941
1536	3072	1	88	264	3.50591
1024	3072	1	494	384	4.40813
1024	3072	1	216	366	1.03038
1024	3072	1	84	450	0.00000
1024	3584	1	96	88	0.93878
1024	3584	1	344	116	1.57291
1024	3072	1	390	504	3.42522
1024	3584	1	482	38	3.28801
1536	3072	1	198	390	0.20246
1536	3072	1	116	504	5.67512
1536	3584	1	202	90	2.71973
1536	3584	1	252	8	2.78695
1536	3072	1	330	416	0.00000
1536	3072	2	390	468	0.00000
1536	3072	1	392	318	5.06353
1536	3072	1	494	426	2.98847
1536	3584	1	430	46	1.66458
1536	3584	1	380	106	4.73621
1536	3584	2	466	112	0.00000
1536	3584	1	286	226	0.23734
1536	3584	1	382	324	5.47495
1536	3584	1	138	282	1.36525
1536	3584	1	106	140	5.90024
1024	3584	1	232	98	0.84157
1024	3584	1	80	256	4.34222
1024	3584	1	304	242	5.85415
1536	3584	1	18	212	3.03343
1024	3584	1	466	284	2.22392
1024	3584	1	244	406	0.65738
1024	3584	1	72	412	1.91015
1024	3584	1	400	360	1.53420
1024	3584	1	502	62	0.00000
1536	3584	1	188	366	1.69441
1536	3584	1	298	418	0.00000
1024	3584	1	478	454	0.74908
1536	3584	1	54	472	0.71788
1536	3584	1	186	482	0.71178
1024	3072	1	140	80	1.18341
1536	3584	1	360	482	3.70984
2048	2048	1	452	46	4.47428
2048	2048	1	292	126	0.99101
2560	2560	1	86	448	6.19586
2048	2560	1	428	454	1.02495
2560	2560	1	424	454	4.83491
2560	2560	1	282	366	0.91259
2048	2560	1	56	384	1.71303
2048	2560	1	154	512	0.73848
2048	2560	1	254	400	0.70980
2048	2560	1	308	342	2.35619
2048	2560	1	92	512	3.48431
2048	2560	1	16	480	4.12439
2048	2560	1	482	234	1.62896
2048	2560	1	262	104	0.81872
2048	2560	1	80	316	1.54315
2560	2560	1	450	376	5.30883
2048	2560	1	480	96	4.32185
2560	2560	1	78	46	0.76019
2048	2560	1	84	216	4.98378
2560	2560	1	178	512	0.00000
2560	2560	2	310	480	0.00000
2048	2560	2	318	206	0.00000
2048	2560	2	174	134	0.00000
2048	2560	2	440	322	0.00000
2560	2560	2	302	4	0.00000
2560	2048	2	302	402	0.00000
2560	2048	2	454	466	0.00000
2560	2560	2	14	160	0.00000
2048	2560	2	318	436	0.00000
2560	2560	2	6	490	0.00000
2048	2560	2	458	490	0.00000
2048	2560	2	196	424	0.00000
2048	2560	2	182	364	0.00000
2560	2560	1	34	328	4.74116
2048	2560	2	402	46	0.00000
2048	2560	2	380	134	0.00000
2048	2048	1	390	464	5.06265
2048	2560	2	222	2	0.00000
2048	2560	2	148	86	0.00000
2048	2560	2	90	62	0.00000
2048	2048	2	36	384	0.00000
2048	2048	2	20	266	0.00000
2048	2048	2	26	132	0.00000
2048	2048	1	0	0	5.71494
2048	2048	1	98	240	6.22033
2048	2048	2	178	78	0.00000
2048	2048	1	192	388	3.19203
2048	2048	1	82	476	3.87726
2048	2560	1	36	126	4.48600
2048	2048	1	304	312	6.09154
2048	2048	1	364	254	5.80771
2048	2048	1	418	180	2.62245
2048	2048	1	498	240	0.83484
2560	2048	1	100	254	5.94273
2560	2048	1	6	442	4.19378
2560	2560	1	214	34	3.67828
2560	2560	1	124	164	3.78899
2560	2560	1	350	226	5.83833
2560	2560	1	240	194	0.00000
2560	2048	1	206	110	0.00000
2560	2048	1	314	108	0.00000
2560	2048	1	446	52	0.00000
2560	2048	1	388	18	0.00000
2560	2048	1	88	148	3.30139
2560	2048	1	352	244	3.94815
2560	2048	1	250	372	0.30827
2560	2048	1	152	330	3.78302
2560	2560	1	162	284	5.48680
2560	2560	1	460	128	4.17255
2560	2560	1	302	78	5.24989
2560	2560	1	408	6	3.80174
2560	2048	1	450	338	1.16067
2560	2048	1	140	0	0.00000
3072	2048	1	428	184	5.72149
3584	2048	1	308	318	5.62438
3584	2048	1	380	228	5.26656
3584	2048	1	260	94	0.62025
3072	2560	2	164	400	0.00000
3584	2048	1	164	136	0.00000
3584	2048	1	84	76	0.84549
3072	2048	1	512	134	0.04475
3072	2048	1	418	70	4.71750
3584	2048	1	394	90	6.20198
3584	2048	1	466	66	0.00000
3072	2048	1	100	110	5.95133
3072	2048	1	244	112	0.39543
3072	2048	1	312	142	2.42815
3072	2048	1	126	250	6.03821
3072	2048	1	226	294	5.90389
3072	2048	1	330	354	0.46738
3072	2048	1	338	246	5.26277
3072	2048	1	62	422	0.13508
3072	2048	1	24	266	0.51499
3072	2048	1	70	0	0.46943
3072	2048	1	192	20	0.65736
3072	2048	1	492	340	5.30380
3072	2048	1	402	400	3.84824
3584	2048	1	72	424	4.19885
3584	2048	1	386	478	2.62245
3584	2048	1	460	404	2.76844
3584	2048	2	512	210	0.00000
3584	2048	2	512	154	0.00000
3584	2048	2	222	28	0.00000
3072	2048	1	252	456	5.41081
3072	2048	1	120	500	1.10168
3072	2560	1	234	136	2.85488
3072	2560	1	302	102	2.85953
3072	2048	1	478	510	4.73311
3072	2560	1	508	86	2.11000
3584	2560	1	300	30	3.31094
3584	2560	1	126	34	4.31931
3584	2560	1	104	212	5.48844
3072	2560	1	370	98	0.00000
3072	2560	1	140	206	1.92221
3072	2560	1	54	208	5.46749
3584	2560	1	312	324	5.67200
3072	2560	1	464	260	4.06435
3584	2560	1	468	224	3.13839
3072	2560	1	34	502	2.59538
3072	2560	1	244	326	2.89302
3584	2560	1	52	262	2.67070
3584	2560	1	154	84	3.58943
3584	2560	1	286	138	4.79735
3584	2560	1	434	78	3.78218
3584	2560	1	196	200	5.56678
3584	2560	1	378	246	0.05833
3584	2560	1	460	424	5.90478
3584	2560	1	400	432	5.42349
3584	2560	1	512	344	2.98040
3072	2560	1	340	240	2.87280
3072	2560	2	430	132	0.00000
3072	2560	1	476	356	1.29807
3072	2560	1	462	464	3.14371
3584	2560	1	98	364	0.40252
3584	2560	1	58	494	2.56729
3584	2560	1	162	466	2.31519
3584	2560	1	196	414	2.71607
3584	2560	1	256	392	2.12740
3584	2560	1	338	460	2.83910
3072	2560	2	16	102	0.00000
3072	3072	2	248	460	0.00000
3584	3072	2	366	322	0.00000
3584	3072	2	284	58	0.00000
3584	3584	1	434	490	0.32674
3584	3584	1	302	506	2.14293
3584	3584	1	342	404	5.31163
3584	3584	1	458	338	5.46068
3584	3584	1	474	260	2.03714
3584	3584	1	294	232	5.84214
3584	3584	1	462	136	0.26780
3584	3584	1	224	238	2.87546
3584	3584	1	194	394	0.00000
3584	3584	1	362	238	3.19113
3584	3584	1	76	428	5.63826
3072	3584	1	484	450	5.63072
3072	3584	1	408	376	6.13244
3584	3584	1	74	488	5.55969
3584	3584	1	146	494	3.85630
3072	3584	1	332	486	4.66196
3584	3584	1	42	278	0.00000
3072	3584	1	342	370	5.86983
3072	3584	1	436	282	5.69468
3072	3584	1	494	244	3.19026
3584	3584	1	106	332	4.37647
3584	3584	1	150	274	1.55355
3584	3584	1	118	186	3.46596
3584	3584	1	60	132	0.21044
3072	3584	1	486	154	3.74826
3072	3584	1	360	146	4.98014
3072	3584	1	304	250	3.73436
3072	3584	1	200	358	1.25887
3072	3584	1	262	434	1.26067
3072	3584	1	80	452	1.17674
3072	3584	1	116	508	1.17025
3072	3584	1	244	66	6.13272
3072	3584	1	210	258	0.86487
3072	3584	1	112	80	1.63384
3072	3584	1	186	194	0.56696
3072	3584	1	58	200	5.29798
3072	3584	1	378	32	4.35507
3072	3584	1	70	154	1.86547
3072	3584	1	58	340	1.56771
3072	3584	1	38	262	1.76058
3584	3584	1	30	22	1.07083
3584	3584	1	178	66	5.04044
3584	3584	1	242	138	4.28654
3584	3584	1	336	50	0.56992
3584	3584	1	404	52	0.49014
3584	3072	1	286	420	2.68414
3584	3072	1	416	432	5.28937
3584	3584	1	238	40	2.30756
3584	3072	1	198	464	1.86299
3584	3072	1	440	308	6.27185
3584	3072	1	488	356	0.54936
3584	3072	1	266	320	1.51073
3584	3584	1	512	28	1.52313
3584	3072	1	502	470	1.56886
3072	3072	1	178	446	2.93903
3072	3584	1	96	4	1.96913
3072	3072	1	370	402	1.74992
3072	3072	1	468	464	1.64528
3584	3072	1	130	418	0.78235
3584	3072	1	256	144	3.98150
3584	3072	1	62	382	4.09824
3072	3072	1	232	372	5.66110
3584	3072	1	284	216	4.76331
3584	3072	1	500	118	1.62912
3584	3072	1	184	128	3.75981
3584	3072	1	332	140	5.58568
3584	3072	1	188	40	3.98606
3584	3072	1	376	66	6.18135
3584	3072	1	436	64	3.21957
3584	3072	1	182	250	1.87456
3584	3072	1	92	222	2.98396
3584	3072	1	36	300	3.81354
3584	3072	1	94	60	2.00905
3584	3072	1	42	154	0.40076
3072	3072	1	416	102	3.75157
3072	3072	1	438	246	1.89866
3072	3072	1	508	114	3.65790
3072	3072	1	326	120	0.83844
3072	3072	1	416	338	5.70868
3072	3072	1	322	308	5.51413
3072	3072	1	360	198	4.54038
3072	3072	1	240	132	6.12710
3072	3072	1	178	234	2.31954
3072	3072	1	48	292	2.10604
3072	3072	1	164	68	3.15180
3072	3072	1	20	106	5.45631
3072	3072	1	58	30	3.08545
3072	3072	1	28	406	0.00000
3072	3072	1	392	6	0.00000
3584	3072	1	512	12	0.00000
2560	3072	1	330	164	1.02155
2560	3072	1	442	176	3.83774
2560	3584	1	494	82	3.11255
2048	3072	1	462	42	1.10834
2560	3072	1	186	10	5.84051
2560	3072	1	286	364	0.44951
2560	3584	1	512	254	2.31690
2560	3072	1	364	494	6.11775
2560	3584	1	412	132	2.34655
2560	3584	1	280	16	6.11562
2560	3584	1	454	280	3.17340
2560	3072	1	338	62	4.24070
2560	3072	2	232	130	0.00000
2560	3072	2	136	80	0.00000
2560	3072	1	512	90	5.74127
2560	3072	2	348	242	0.00000
2560	3072	2	98	226	0.00000
2560	3072	1	74	164	4.37808
2560	3584	1	396	266	5.94118
2560	3072	1	412	304	3.96025
2560	3072	1	446	380	3.39774
2560	3584	1	252	116	1.46586
2560	3072	2	214	464	0.00000
2560	3584	1	182	26	5.43211
2560	3072	1	128	320	0.07119
2560	3072	2	98	442	0.00000
2560	3584	1	284	190	1.75717
2560	3584	1	282	294	3.92831
2560	3584	1	166	280	3.13772
2560	3584	1	512	428	2.67009
2560	3072	1	6	96	0.99875
2560	3584	1	388	512	0.55064
2560	3584	1	198	502	5.60929
2560	3584	1	310	396	0.22442
2560	3584	1	402	404	1.95867
2048	3072	2	486	436	0.00000
2048	3072	2	40	374	0.00000
2048	3072	2	164	480	0.00000
2048	3584	1	456	396	0.35889
2560	3584	1	226	420	2.24221
2560	3584	1	104	408	0.86562
2560	3584	1	86	512	0.00000
2048	3584	1	508	422	0.00000
2560	3584	2	276	252	0.00000
2560	3584	2	122	302	0.00000
2560	3584	2	512	348	0.00000
2048	3584	1	272	318	0.00000
2560	3584	1	24	114	1.39220
2048	3584	1	238	468	5.97645
2048	3584	1	64	402	0.00000
2048	3584	1	382	482	5.79211
2048	3584	1	206	508	5.35418
2048	3584	1	340	338	0.22917
2048	3584	1	436	310	0.59393
2048	3584	1	14	154	1.20292
2560	3584	1	100	226	3.61899
2048	3584	1	498	218	4.87766
2048	3584	2	190	244	0.00000
2048	3584	2	117	222	0.00000
2048	3072	1	434	452	0.00000
2048	3072	2	224	278	0.00000
2048	3072	2	202	230	0.00000
2048	3584	1	270	162	0.00000
2048	3584	1	208	36	5.39384
2048	3584	1	402	182	3.08031
2048	3584	1	334	182	3.23978
2048	3072	1	328	504	0.30661
2048	3584	2	374	22	0.00000
2560	3072	1	12	380	1.95913
2048	3072	1	466	286	4.53711
2048	3072	1	56	502	0.00000
2048	3072	1	436	220	4.20999
2048	3072	1	262	404	3.64090
2048	3072	1	356	370	0.00000
2048	3072	1	318	216	5.69590
2048	3072	1	364	126	5.70710
2048	3072	1	312	46	4.64404
2048	3072	1	138	348	0.36971
2048	3072	2	288	278	0.00000
2048	3072	1	60	248	2.05822
2048	3072	1	218	164	4.29727
2048	3072	1	144	126	0.61954
2048	3072	1	0	14	0.00000
2048	3072	1	148	14	0.74866
2048	3072	2	70	0	0.00000
2048	3072	2	200	18	0.00000
