1536	2048	2	24	32	0.00000
1024	2048	2	134	18	0.00000
1024	2048	1	58	110	0.00000
1024	2048	1	214	72	0.31010
1024	2048	2	310	22	0.00000
1536	2048	1	88	132	0.00000
1024	2048	1	494	222	3.41650
1024	2048	1	80	252	0.88237
1024	2048	1	228	378	0.44830
1024	2560	1	256	48	1.35912
1024	2560	1	84	118	0.00000
1536	2048	1	220	132	0.00000
1536	2048	1	386	146	0.91685
1536	2048	1	438	0	0.00000
1536	2048	2	496	74	0.00000
1536	2048	2	508	252	0.00000
1536	2048	1	408	308	5.24877
1536	2048	1	282	302	5.57341
1536	2048	1	112	302	3.05723
1536	2048	1	32	288	3.20164
1536	2048	1	224	394	2.56565
1536	2048	1	336	506	2.65771
1536	2048	1	512	410	1.37961
1536	2560	1	478	12	4.65811
1536	2048	1	16	432	5.13026
1536	2048	1	134	476	2.61828
1024	2560	1	458	10	1.29876
1024	2560	1	462	100	1.12962
1024	2560	1	172	226	4.94806
1024	2560	1	498	202	0.84727
1536	2560	1	78	126	0.00000
1536	2560	1	138	162	0.00000
1536	2560	1	246	76	0.00000
1536	2560	1	512	116	0.59383
1536	2560	1	374	172	4.88397
1536	2560	1	512	274	2.94958
1536	2560	1	454	262	3.00061
1536	2560	1	422	318	2.76981
1536	2560	1	314	276	2.78433
1536	2560	1	226	304	0.00000
1536	2560	1	110	294	2.48917
1536	2560	1	14	322	2.00040
1024	2560	1	120	320	2.14987
1024	2560	2	36	278	0.00000
1024	2560	1	52	406	2.93397
1536	2560	1	398	416	1.78254
1536	2560	1	224	450	1.60463
1536	2560	1	72	442	5.09139
1024	2560	1	358	382	0.30357
1024	2560	1	108	508	3.96345
1024	2560	1	218	460	3.84385
1024	2560	1	382	512	2.60187
1536	2560	1	506	512	2.49809
1024	2560	1	460	450	2.45978
1536	2560	2	144	512	0.00000
1024	3072	1	96	18	4.02102
1024	3072	1	136	88	1.11092
1024	3072	1	40	158	6.14664
1024	3072	1	90	250	0.63680
1024	3072	1	178	202	6.11554
1024	3072	1	242	202	3.43158
1536	3072	1	162	34	2.18665
1024	3072	1	384	12	2.30649
1024	3072	1	304	98	5.75146
1024	3072	1	318	264	0.00000
1024	3072	1	420	160	2.28410
1536	3072	1	40	212	0.08314
1536	3072	1	124	148	6.00265
1536	3072	1	240	132	4.41478
1536	3072	1	302	58	2.80519
1536	3072	1	504	22	0.00000
1536	3072	1	414	150	5.90628
1536	3072	1	332	224	3.75587
1536	3072	1	400	336	5.79324
1536	3072	2	508	224	0.00000
1536	3072	1	474	312	2.63743
1536	3072	2	374	456	0.00000
1536	3072	1	310	444	0.00000
1536	3072	1	148	296	1.10715
1536	3072	2	198	362	0.00000
1536	3072	1	150	428	5.54859
1536	3072	1	2	388	5.04051
1024	3072	1	224	352	0.52786
1024	3072	1	88	484	0.29850
1024	3072	1	0	454	5.68778
1536	3072	1	440	508	1.07353
1536	3584	1	240	2	2.88606
1536	3584	1	164	40	2.97965
1536	3584	2	474	112	0.00000
1536	3584	1	390	106	4.45611
1536	3584	1	420	238	0.00000
1024	3584	1	396	24	3.07900
1024	3584	1	482	60	3.34362
1024	3584	1	334	136	1.46908
1024	3584	1	230	166	0.22923
1024	3584	1	70	110	3.91329
1024	3584	1	116	164	4.25822
1536	3584	1	382	332	5.48035
1024	3584	2	20	502	0.00000
1024	3584	1	64	396	2.38058
1024	3584	1	246	408	0.69596
1024	3584	1	468	444	0.56332
1024	3584	1	392	358	1.68772
1024	3584	1	88	262	4.66481
1536	3584	1	116	184	0.81730
1024	3584	1	358	230	5.34279
1024	3584	2	508	142	0.00000
1024	3584	1	504	240	4.16945
1536	3584	1	264	214	0.79394
1536	3584	1	156	278	5.49087
1536	3584	1	140	372	1.72117
1536	3584	1	296	450	0.00000
1536	3584	1	192	460	0.72756
1536	3584	1	38	516	0.37327
1536	3584	2	392	516	0.00000
2048	2560	2	404	52	0.00000
2048	2560	2	390	126	0.00000
2048	2560	2	320	202	0.00000
2048	2560	2	174	152	0.00000
2048	2560	2	230	148	0.00000
2560	2048	2	288	394	0.00000
2560	2560	2	22	476	0.00000
2048	2560	2	466	494	0.00000
2560	2560	2	48	84	0.00000
2560	2560	2	314	486	0.00000
2048	2560	2	202	424	0.00000
2048	2560	2	182	360	0.00000
2048	2560	2	330	440	0.00000
2048	2560	2	444	324	0.00000
2048	2048	2	258	498	0.00000
2048	2048	2	504	80	0.00000
2048	2048	2	424	16	0.00000
2560	2560	2	512	16	0.00000
2048	2560	1	4	244	0.00000
2048	2560	1	86	100	0.00000
2048	2048	1	96	250	5.79357
2048	2048	1	44	38	5.98380
2048	2048	1	178	60	3.95920
2048	2048	1	76	102	4.66986
2048	2048	1	16	264	5.08026
2048	2048	1	306	144	0.59152
2048	2048	1	408	160	2.43189
2048	2048	1	404	290	0.00000
2048	2048	1	316	338	0.00000
2560	2048	1	108	260	5.57777
2560	2048	1	52	120	3.07376
2048	2048	1	504	220	1.24708
2560	2048	1	204	118	0.06014
2560	2048	1	112	70	5.71314
2560	2048	1	314	118	0.00000
2560	2048	1	436	74	0.41865
2560	2048	1	338	252	3.65520
2560	2048	1	216	302	4.07451
2048	2048	1	386	474	5.31398
2048	2048	1	510	446	4.98872
2560	2048	1	138	430	1.85885
2560	2048	1	468	234	0.96436
2560	2048	1	482	322	1.57625
2560	2560	1	250	40	4.46670
2560	2560	1	146	154	3.98692
2048	2560	1	476	120	3.79606
2048	2560	1	494	250	1.45407
2560	2560	1	52	302	5.00082
2560	2560	1	164	306	5.56017
2560	2560	1	342	132	5.46587
2560	2560	1	404	54	3.69325
2560	2560	1	344	254	0.00000
2560	2560	1	250	224	0.00000
2560	2560	1	474	382	5.49045
2560	2560	1	466	506	4.18217
2048	2560	1	440	432	0.62025
2048	2048	1	182	412	3.34815
2048	2048	1	116	482	5.02540
2560	2048	2	366	24	0.00000
2560	2560	1	86	448	0.00000
2560	2560	1	230	418	0.00000
2048	2560	2	92	510	0.00000
2048	2560	1	136	382	3.37534
2048	2560	1	110	228	5.59507
2048	2560	1	290	342	2.03844
2560	2560	1	476	134	3.61305
3584	2048	1	2	154	5.79073
3584	2048	1	160	130	0.02160
3072	2048	1	248	84	2.84294
3072	2048	1	162	98	2.39809
3072	2048	1	342	120	3.01364
3072	2048	1	410	98	3.20885
3584	2048	1	54	112	2.45722
3584	2048	1	254	90	0.44048
3584	2048	2	230	26	0.00000
3584	2048	1	396	108	0.00000
3584	2048	1	468	70	0.00000
3072	2048	1	142	310	5.58845
3072	2048	1	232	262	2.52400
3072	2048	1	342	232	2.31717
3072	2048	1	458	230	6.04118
3072	2048	2	94	22	0.00000
3072	2048	1	356	368	3.55230
3072	2048	1	238	460	0.42513
3072	2560	1	142	6	4.67805
3072	2048	1	390	446	0.90232
3072	2048	1	322	254	0.00000
3072	2048	1	502	350	5.35589
3584	2048	1	80	418	4.03679
3584	2048	1	318	346	0.88784
3584	2048	1	400	210	5.12130
3584	2048	1	398	434	2.97976
3584	2048	1	122	508	4.36937
3584	2560	1	294	36	1.38915
3584	2048	2	500	512	0.00000
3584	2048	2	512	158	0.00000
3072	2048	2	30	142	0.00000
3072	2560	2	40	102	0.00000
3072	2560	1	72	194	1.39263
3072	2560	1	90	270	4.31531
3072	2560	1	178	112	1.09345
3072	2560	1	296	164	0.00000
3072	2560	1	404	64	1.76819
3584	2560	1	24	70	5.62862
3584	2560	1	166	100	5.39668
3584	2560	1	78	180	2.36203
3584	2560	1	172	200	2.42817
3584	2560	1	254	234	3.11169
3584	2560	1	358	160	5.49779
3584	2560	1	488	234	2.83124
3584	2560	1	452	68	4.31280
3072	2560	1	414	190	0.00000
3584	2560	1	66	280	5.77609
3584	2560	1	268	450	0.26310
3584	2560	1	156	366	2.51286
3584	2560	1	226	346	2.97644
3584	2560	1	388	282	5.62749
3584	2560	1	318	330	3.58967
3584	2560	1	452	420	0.00000
3072	2560	1	464	248	3.90171
3072	2560	1	356	402	0.96211
3072	2560	1	500	360	1.14457
3072	2560	1	474	452	3.68201
3584	2560	2	6	498	0.00000
3584	2560	2	148	460	0.00000
3584	2560	2	358	450	0.00000
3072	2560	2	168	414	0.00000
3072	2560	1	248	278	2.78949
3072	2560	1	342	256	3.24928
3072	2560	2	18	472	0.00000
3584	2560	1	90	440	3.07245
3584	2560	2	302	512	0.00000
3072	3072	1	152	60	3.74778
3072	3072	1	14	148	4.04360
3072	3072	1	44	24	1.60698
3072	3072	1	394	26	0.17128
3072	3072	1	498	46	3.26128
3584	3072	1	92	28	4.48368
3584	3072	1	258	40	4.33272
3584	3072	1	402	80	5.96110
3584	3072	1	462	76	3.33799
3072	3072	1	250	136	5.74568
3072	3072	1	58	238	3.35246
3072	3072	1	196	226	3.16534
3072	3072	1	382	142	0.94155
3072	3072	1	478	142	4.20255
3584	3072	1	82	116	3.60000
3584	3072	1	144	108	3.63123
3072	3072	2	244	464	0.00000
3584	3072	1	254	130	3.70366
3584	3072	1	322	114	5.41929
3584	3072	1	512	158	1.10142
3072	3072	1	344	270	5.06586
3072	3072	1	414	228	1.30302
3584	3072	1	52	214	5.53348
3584	3072	1	158	224	3.70545
3584	3072	1	296	228	4.93536
3584	3072	2	342	310	0.00000
3584	3072	1	30	280	2.05191
3072	3072	1	130	324	5.51191
3072	3072	1	276	324	1.59498
3072	3072	1	390	380	4.44070
3072	3072	1	510	362	5.72324
3584	3072	1	198	302	1.72985
3584	3072	1	270	368	1.31340
3584	3072	1	410	334	0.73916
3584	3072	1	486	366	3.71514
3072	3072	1	152	444	2.52648
3072	3072	1	108	506	2.43286
3072	3072	1	22	392	0.32596
3072	3584	1	20	102	2.45208
3072	3584	1	156	110	1.75972
3072	3584	1	306	58	3.10324
3072	3072	1	296	424	5.37185
3072	3072	1	456	424	1.49177
3584	3072	1	98	386	3.63803
3584	3072	1	314	474	0.13555
3584	3072	1	398	436	0.00000
3584	3072	1	470	506	1.34062
3072	3584	1	464	70	1.58608
3584	3072	1	54	498	1.42158
3584	3072	1	200	472	1.65063
3584	3584	1	350	94	0.46311
3584	3584	1	470	124	6.12702
3584	3584	1	404	194	2.82813
3584	3584	1	512	254	5.06296
3584	3584	1	500	324	4.99633
3584	3584	1	504	448	5.50623
3584	3584	1	248	68	1.60384
3584	3584	1	124	50	1.22768
3072	3584	1	48	210	2.26646
3072	3584	1	168	204	5.02475
3072	3584	1	274	166	5.72915
3072	3584	1	470	164	3.88771
3584	3584	1	42	166	0.44956
3584	3584	1	106	162	0.12255
3584	3584	1	210	136	4.71129
3584	3584	1	214	198	4.45384
3072	3584	1	106	274	1.22297
3072	3584	1	40	410	0.41789
3072	3584	1	136	346	1.14436
3072	3584	1	232	312	0.06920
3072	3584	1	396	226	5.12060
3072	3584	1	354	390	0.08623
3072	3584	1	292	374	0.26030
3072	3584	1	106	446	1.16866
3584	3584	1	50	294	2.75377
3072	3584	1	426	368	3.87009
3584	3584	1	378	260	5.56204
3584	3584	1	268	260	4.64528
3584	3584	1	122	288	1.80033
3584	3584	1	282	378	0.52432
3584	3584	1	30	482	5.60145
3584	3584	1	130	418	5.88470
3072	3584	1	424	484	5.98834
3072	3584	1	256	494	1.97999
3584	3584	1	416	376	3.35402
3584	3584	1	354	410	0.13648
3584	3072	2	512	262	0.00000
3584	3584	1	426	496	1.62930
3584	3584	1	240	510	3.02453
2560	3072	2	348	244	0.00000
2560	3072	2	140	78	0.00000
2560	3072	2	96	230	0.00000
2560	3072	2	202	278	0.00000
2048	3584	2	372	20	0.00000
2560	3072	2	88	430	0.00000
2048	3584	2	128	230	0.00000
2048	3072	2	164	478	0.00000
2048	3072	1	138	36	0.76499
2048	3072	1	144	128	0.52826
2048	3072	1	38	206	0.77903
2048	3072	1	224	140	3.64351
2048	3072	1	332	30	3.82032
2048	3072	1	444	44	2.45849
2048	3072	1	108	402	0.47724
2048	3072	1	272	388	3.77706
2048	3072	1	316	212	6.12901
2048	3072	1	222	288	0.00000
2048	3072	1	410	328	5.43122
2048	3072	1	450	212	3.87475
2048	3072	1	388	160	3.04643
2560	3072	1	14	104	1.27593
2560	3072	1	188	32	0.00000
2560	3072	2	218	128	0.00000
2560	3072	1	340	60	4.67669
2560	3072	1	468	32	4.64108
2560	3072	1	12	240	3.79531
2560	3072	1	114	322	0.38533
2560	3072	1	200	184	5.24238
2560	3072	1	346	156	1.70880
2560	3072	1	498	164	4.24180
2560	3072	1	456	298	4.66198
2560	3072	1	242	346	5.10641
2048	3072	1	334	476	0.52483
2048	3584	1	470	32	5.43489
2560	3584	1	190	46	5.69971
2560	3072	1	212	494	5.66951
2560	3072	1	262	422	2.23927
2560	3072	1	442	380	3.75206
2048	3584	1	222	38	2.29761
2048	3584	1	50	102	0.81298
2048	3584	1	224	116	1.54373
2048	3584	1	222	236	2.40019
2048	3584	1	398	122	2.39974
2048	3584	1	508	180	0.65294
2560	3584	1	108	114	2.51280
2048	3072	1	496	362	2.51757
2560	3584	1	300	12	2.12908
2048	3584	1	328	190	1.80753
2560	3584	1	236	140	1.09473
2560	3584	1	264	202	1.89050
2560	3584	1	196	292	3.40324
2560	3584	2	128	298	0.00000
2560	3584	1	398	28	4.22901
2048	3584	1	320	320	0.00000
2048	3584	1	394	328	0.00000
2560	3584	1	28	318	5.50008
2560	3584	1	290	302	3.64961
2560	3584	1	416	332	5.59458
2560	3584	1	438	204	5.98540
2560	3584	1	402	112	1.95304
2560	3584	1	512	82	2.84521
2560	3584	1	512	180	2.48916
2048	3584	1	174	352	1.13457
2048	3072	2	508	444	0.00000
2048	3584	2	208	512	0.00000
2048	3584	1	76	444	0.98279
2560	3584	1	494	386	3.14920
2048	3584	1	432	438	2.21891
2560	3584	1	38	446	1.95354
2560	3584	1	148	394	2.09025
2560	3584	1	300	400	0.30588
2560	3584	1	380	416	2.44852
2560	3072	2	426	210	0.00000
2560	3584	1	202	474	1.91058
2560	3584	2	318	512	0.00000
2048	3584	1	274	468	2.66546
