1024	2048	1	200	72	0.33623
1024	2048	1	84	154	4.86766
1024	2048	1	164	320	0.56767
1024	2048	1	238	358	0.41188
1024	2048	1	60	460	0.25954
1024	2048	1	470	238	2.90010
1536	2048	1	68	130	0.17760
1024	2048	2	266	10	0.00000
1024	2048	2	458	18	0.00000
1536	2048	2	10	30	0.00000
1024	2560	1	270	34	1.01071
1024	2560	1	362	76	0.00000
1024	2560	1	464	26	4.99751
1536	2048	1	120	430	6.14129
1536	2048	1	20	472	2.28444
1536	2048	1	246	240	1.72655
1536	2048	1	340	356	3.99006
1536	2048	1	326	468	4.32088
1536	2560	1	94	108	0.49221
1536	2560	1	324	82	0.50710
1536	2048	2	238	344	0.00000
1024	2560	2	80	502	0.00000
1536	2048	1	182	38	5.80749
1536	2048	2	230	130	0.00000
1536	2048	1	360	56	4.16384
1536	2560	2	506	356	0.00000
1536	2048	2	498	52	0.00000
1536	2048	1	228	128	5.63872
1536	2048	2	238	360	0.00000
1024	2048	2	278	6	0.00000
1024	2048	2	472	24	0.00000
1536	2048	2	18	28	0.00000
1536	2048	2	228	132	0.00000
1536	2048	2	268	54	0.00000
1536	2560	1	264	258	6.03824
1536	2048	1	458	508	3.42158
1536	2048	1	438	268	2.72442
1536	2048	1	440	154	1.74859
1536	2560	1	494	174	0.00000
1536	2560	1	158	266	0.00000
1536	2560	1	70	264	0.47329
1024	2560	1	428	248	2.44052
1024	2560	1	304	202	4.66953
1024	2560	1	292	294	1.37514
1024	2560	1	314	364	3.58943
1024	2560	1	88	204	2.85463
1024	2560	1	28	250	0.48394
1024	2560	1	130	258	3.69053
1536	2560	1	70	440	4.65006
1536	2560	1	194	402	2.93465
1536	2560	1	376	170	4.06889
1024	2560	1	190	412	2.73083
1536	2560	1	312	370	4.11254
1024	2560	1	366	474	1.23412
1024	2560	1	96	418	0.14190
1536	2560	1	394	404	2.06233
1536	2560	1	44	486	3.75232
1024	2560	1	22	462	3.24126
1536	2560	1	372	492	1.10166
1536	2560	1	486	486	0.68232
1536	3584	1	440	252	5.72606
1536	3584	1	10	496	1.62666
1536	3584	1	386	342	5.26337
1536	3584	1	320	420	5.71310
1536	3584	1	508	192	5.12584
1536	3584	1	226	482	0.34877
1536	3584	1	152	424	0.54185
1024	3584	1	300	346	4.84617
1024	3584	1	134	424	0.30195
1024	3584	1	74	306	4.80921
1024	3584	1	380	516	2.75907
1024	3584	1	506	392	0.48089
1024	3584	1	168	212	1.80765
1536	3584	1	36	268	5.78206
1536	3584	1	466	426	0.00000
1024	3584	1	434	232	5.83852
1536	3072	1	462	492	3.28232
1024	3584	1	408	304	6.23844
1536	3584	1	364	162	0.46283
1024	3584	1	268	494	2.86106
1024	3584	1	438	98	2.82276
1024	3072	1	136	166	0.00000
1536	3584	1	228	114	2.88122
1536	3584	1	148	180	3.72279
1536	3584	1	38	168	4.31476
1536	3584	1	96	88	4.35940
1536	3584	1	302	234	1.87437
1536	3584	2	476	104	0.00000
1024	3584	1	338	200	0.00000
1024	3584	1	256	108	0.85587
1024	3584	1	122	44	0.77194
1024	3584	1	346	80	2.35619
1536	3072	1	376	446	3.05758
1024	3584	1	496	10	3.21836
1536	3072	1	104	498	0.16479
1536	3072	1	162	426	5.67501
1536	3072	1	280	490	2.98290
1536	3072	1	296	368	4.82339
1536	3072	1	78	338	0.50037
1024	3072	1	388	492	4.55974
1024	3584	1	274	6	0.00000
1024	3072	1	182	406	4.35675
1024	3072	1	50	498	4.47865
1024	3072	1	330	272	0.05449
1024	3072	1	264	254	0.20750
1024	3072	1	470	350	2.31512
1536	3072	1	202	92	0.00000
1024	3072	1	404	74	0.00000
1024	3072	1	174	284	2.55919
1024	3072	1	124	380	2.20338
1536	3072	1	178	260	1.28607
1536	3072	1	422	106	0.00000
1024	3072	1	320	72	2.87354
1024	3072	1	202	178	5.93441
1536	3072	1	104	48	0.35564
1024	3072	1	458	156	4.04265
1536	3072	1	254	94	3.32992
1536	3072	1	338	134	3.12502
1536	3072	1	470	264	1.54459
1024	3072	1	96	130	1.32248
1024	3072	1	296	400	1.54535
1024	3072	1	252	58	3.97695
1024	3072	1	62	40	4.16368
2560	2560	1	94	492	4.37844
2048	2560	1	52	362	4.62819
2560	2560	1	320	252	2.53704
2048	2560	1	130	440	5.37559
2560	2560	1	372	116	5.36005
2048	2560	1	48	112	3.91902
2048	2048	1	368	476	1.24277
2560	2560	1	496	80	2.55822
2560	2560	1	500	396	4.69836
2560	2560	1	200	76	4.78916
2560	2048	1	234	512	1.72740
2048	2560	1	212	94	4.70122
2048	2560	1	408	480	0.71966
2048	2560	1	288	360	4.67669
2560	2560	1	386	4	3.26493
2048	2560	1	2	274	4.63322
2048	2560	1	118	178	2.75320
2560	2560	1	192	248	2.96651
2560	2560	1	232	466	2.43820
2560	2560	1	122	350	2.46858
2560	2560	1	4	392	1.80701
2560	2560	1	340	172	5.51747
2560	2560	1	256	326	2.64681
2560	2560	1	358	400	4.10961
2560	2560	2	470	332	0.00000
2560	2560	2	316	488	0.00000
2048	2560	2	312	434	0.00000
2048	2560	2	194	424	0.00000
2048	2560	2	168	358	0.00000
2048	2560	2	320	206	0.00000
2048	2560	2	508	322	0.00000
2048	2560	2	446	330	0.00000
2560	2560	2	36	164	0.00000
2048	2560	2	330	58	0.00000
2048	2560	2	404	62	0.00000
2048	2560	2	170	256	0.00000
2048	2560	2	162	152	0.00000
2048	2560	2	236	164	0.00000
2048	2560	1	228	6	5.03414
2048	2048	1	116	478	0.94807
2048	2048	1	20	410	4.49662
2560	2048	1	512	438	3.59675
2560	2048	1	380	314	3.91961
2560	2048	1	78	360	4.59482
2048	2048	1	460	360	5.86648
2048	2048	1	260	292	0.00000
2048	2048	1	176	338	2.60844
2048	2048	1	8	266	0.00000
2048	2048	1	434	136	5.34715
2560	2048	1	110	256	5.63822
2560	2048	1	290	226	4.10504
2560	2048	1	398	84	0.00000
2560	2048	1	316	74	0.00000
2560	2048	1	204	108	0.00000
2560	2048	1	50	132	3.32841
2048	2048	1	314	48	0.54313
2048	2048	1	182	88	4.08230
2048	2048	2	488	70	0.00000
2560	2048	2	8	22	0.00000
2048	2048	2	424	24	0.00000
2560	2048	2	162	14	0.00000
2560	2048	2	292	378	0.00000
2048	2048	1	300	166	1.47036
2560	2048	1	484	196	4.88343
3072	2560	2	312	26	0.00000
3072	2560	2	170	86	0.00000
3072	2560	2	480	194	0.00000
3072	2048	2	120	112	0.00000
3072	2560	2	164	418	0.00000
3584	2560	2	236	312	0.00000
3584	2560	2	406	240	0.00000
3584	2048	1	476	66	0.00000
3584	2048	1	384	242	5.39471
3584	2048	1	340	194	4.58803
3584	2048	1	376	74	0.00000
3584	2048	1	256	94	3.57822
3584	2048	1	226	0	0.00000
3584	2048	1	146	118	0.00000
3584	2048	1	42	78	4.53087
3072	2048	1	490	24	4.15955
3072	2048	1	260	44	1.83554
3072	2048	1	200	98	0.12435
3072	2048	1	262	102	0.52288
3072	2048	1	374	136	0.00000
3072	2048	1	512	164	5.38353
3072	2048	1	8	182	4.57325
3072	2048	1	236	228	5.56436
3072	2048	1	368	234	2.07442
3584	2048	1	48	268	0.92730
3584	2048	1	290	334	4.30750
3584	2048	1	170	370	1.10715
3584	2048	1	4	382	4.17349
3072	2048	1	368	326	4.47554
3072	2048	1	144	262	2.06926
3072	2048	1	48	300	2.90185
3072	2048	1	224	352	2.29433
3072	2048	1	356	438	2.40615
3072	2048	1	466	468	4.33537
3584	2048	1	90	482	4.29788
3584	2560	1	100	38	4.12017
3072	2048	1	172	444	0.00000
3072	2560	1	106	100	2.84939
3072	2560	1	234	34	2.72918
3584	2048	1	326	466	4.72746
3584	2560	1	202	64	1.03038
3072	2560	1	372	48	0.00000
3072	2560	1	490	66	0.87929
3072	2560	1	310	148	4.29416
3584	2560	1	422	142	0.00000
3072	2560	2	22	26	0.00000
3072	2560	1	222	252	5.04803
3584	2560	1	88	126	5.15849
3584	2560	1	294	170	2.03444
3584	2560	1	490	206	4.10899
3072	2560	1	350	218	3.11443
3072	2560	1	440	260	3.11986
3584	2560	1	32	210	2.93050
3584	2560	1	228	224	1.67578
3584	2560	1	84	280	3.85507
3584	2560	1	180	310	3.54012
3584	2560	1	388	362	3.22206
3584	2560	1	502	328	4.35468
3584	2560	1	332	350	3.21836
3584	2560	1	270	340	3.23225
3072	2560	1	302	364	4.11207
3072	2560	1	36	350	3.89474
3072	2560	1	484	366	0.90975
3072	2560	1	118	204	3.75789
3072	2560	1	50	480	3.98898
3584	2560	1	208	440	0.00000
3072	2560	1	224	512	0.00000
3072	2560	1	338	462	1.06535
3072	2560	1	482	478	3.77039
3584	2560	1	112	460	2.49809
3584	2560	2	272	456	0.00000
3584	2560	1	468	472	2.69765
3584	2560	2	362	456	0.00000
3072	2048	1	20	26	4.26699
3072	2048	2	146	16	0.00000
3072	2048	2	22	418	0.00000
3072	3072	1	96	70	0.98758
3072	3072	1	8	90	3.14159
3072	3072	1	216	14	0.30431
3072	3072	1	140	128	0.85671
3072	3072	1	14	208	1.34558
3072	3072	1	400	70	5.85807
3072	3072	1	480	0	3.59930
3072	3072	1	370	200	4.90058
3072	3072	1	252	234	0.15836
3072	3072	1	178	242	3.37219
3072	3072	1	102	268	3.31724
3072	3072	1	0	384	3.69489
3072	3072	1	0	284	4.38964
3584	3072	1	32	126	0.00000
3584	3072	1	120	52	4.57274
3584	3072	1	312	20	4.90835
3072	3072	2	510	208	0.00000
3584	3072	1	162	152	0.57518
3584	3072	1	228	156	3.83261
3584	3072	1	274	74	5.33230
3584	3072	1	406	90	3.93705
3584	3072	1	490	0	3.14409
3584	3072	1	296	182	3.94517
3584	3072	1	454	152	0.78911
3584	3072	1	512	148	0.65218
3584	3072	1	358	272	3.61008
3584	3072	1	494	288	3.47697
3584	3072	1	76	254	1.03106
3072	3072	1	402	292	4.64446
3072	3072	1	398	366	1.36412
3584	3072	1	56	338	1.73524
3584	3072	1	186	370	2.40201
3584	3072	1	214	310	2.75195
3584	3072	1	272	366	3.09285
3072	3072	1	96	386	4.78047
3072	3072	1	118	486	2.18859
3072	3072	1	248	378	5.29341
3584	3072	1	334	432	0.00000
3584	3072	2	396	386	0.00000
3072	3584	1	0	58	3.80556
3072	3072	1	340	484	1.91918
3584	3072	1	22	420	5.81560
3072	3072	1	446	424	3.44594
3072	3584	1	460	6	0.82820
3584	3072	1	130	410	4.94591
3584	3072	1	144	470	2.06428
3584	3584	1	114	14	5.33753
3584	3584	1	148	112	2.42044
3584	3584	1	228	62	3.14858
3584	3584	1	354	48	3.16428
3584	3584	1	426	2	3.09475
3584	3072	1	504	448	3.09766
3584	3584	1	508	120	1.26054
3584	3584	1	54	118	0.00000
3072	3584	1	248	98	0.32258
3072	3584	1	212	34	3.48162
3072	3584	1	106	94	4.54551
3072	3584	1	118	156	4.80495
3072	3584	1	178	224	1.41606
3072	3584	1	36	202	2.53571
3072	3584	1	482	82	0.87707
3072	3584	1	358	86	4.48711
3072	3584	1	362	158	2.07931
3584	3584	1	32	232	2.25128
3584	3584	1	268	174	4.53861
3584	3584	1	442	188	2.20799
3584	3584	1	188	246	2.61489
3584	3584	1	294	254	3.52365
3584	3584	1	512	280	3.12347
3584	3584	1	404	294	3.33442
3584	3584	1	262	382	6.17763
3584	3584	1	324	366	0.00000
3584	3584	1	466	390	4.45021
3584	3584	1	490	456	0.92644
3584	3584	1	114	288	3.05970
3584	3584	2	106	396	0.00000
3584	3584	2	380	462	0.00000
3072	3584	1	418	242	1.01750
3072	3584	1	312	254	0.97856
3072	3584	1	200	284	0.93648
3072	3584	1	8	308	5.99175
3072	3584	1	84	406	3.05796
3072	3584	1	444	302	0.42996
3072	3584	1	510	340	0.23923
3072	3584	1	338	404	0.35415
3072	3584	1	260	392	3.46284
3072	3584	1	198	358	0.69862
3072	3584	1	154	468	0.00000
3072	3584	1	486	478	5.46561
3584	3584	1	38	468	5.01958
3584	3584	1	208	494	5.81096
2048	3072	1	132	60	1.62673
2048	3072	1	48	152	3.50663
2048	3072	1	152	164	0.24377
2048	3072	1	290	98	0.00000
2048	3072	1	406	50	2.24100
2048	3072	1	338	228	1.61674
2048	3072	1	512	114	3.89919
2560	3072	1	138	136	4.78254
2560	3072	2	16	192	0.00000
2560	3072	2	92	228	0.00000
2560	3072	1	150	246	0.00000
2560	3072	1	510	76	3.61675
2560	3072	1	252	232	4.23301
2560	3072	1	258	328	1.05410
2560	3072	1	402	124	1.35015
2560	3072	1	408	30	4.39046
2560	3072	1	312	154	2.57332
2560	3072	1	470	212	1.48918
2048	3072	1	462	286	1.72603
2048	3072	1	454	368	4.61617
2048	3072	1	334	336	3.13268
2048	3072	1	84	354	2.78844
2048	3072	1	36	460	2.31775
2560	3072	1	114	392	5.25863
2048	3072	1	402	434	5.32914
2048	3072	1	366	510	2.36164
2048	3072	1	500	484	4.85264
2048	3072	1	208	390	5.04906
2560	3072	1	380	314	3.99343
2560	3072	1	470	362	4.39064
2560	3072	1	424	440	4.78025
2560	3072	1	282	464	0.00000
2560	3072	1	220	460	0.00000
2560	3584	1	154	8	0.00000
2560	3584	1	404	24	1.50423
2048	3584	1	100	84	3.83943
2048	3584	1	212	126	3.97457
2048	3584	1	196	276	3.54867
2048	3584	1	366	196	0.46109
2560	3584	1	60	56	1.29730
2048	3584	1	506	168	6.00410
2560	3584	1	124	116	1.53906
2560	3584	1	96	208	5.68944
2560	3584	1	348	90	2.14528
2560	3584	1	192	180	4.04234
2048	3584	1	474	268	2.01309
2560	3584	1	340	208	2.63983
2560	3584	1	202	282	2.71045
2560	3584	1	294	244	5.56418
2048	3584	1	368	330	1.12416
2560	3584	1	478	68	3.54836
2560	3584	1	444	198	3.23471
2560	3584	1	356	344	0.94912
2560	3584	1	430	394	1.09963
2560	3584	1	66	416	0.20113
2048	3584	1	492	428	0.53116
2560	3584	1	166	368	2.65469
2048	3584	1	64	458	0.00000
2048	3584	1	154	482	0.00000
2048	3584	2	44	232	0.00000
2048	3584	2	36	46	0.00000
2048	3072	2	176	474	0.00000
2560	3584	1	472	440	1.42847
2560	3584	1	512	316	5.60141
2048	3584	2	128	232	0.00000
2048	3584	2	98	180	0.00000
2048	3072	2	200	324	0.00000
2560	3072	2	136	82	0.00000
2560	3072	2	224	140	0.00000
2560	3072	2	348	240	0.00000
2048	3072	2	194	230	0.00000
2048	3584	1	256	338	2.02910
2048	3584	2	286	262	0.00000
