1024	2048	1	104	78	0.41013
1024	2048	1	134	148	1.24600
1024	2048	1	402	166	2.44630
1536	2048	1	10	36	0.14660
1024	2048	1	354	28	0.13471
1024	2048	1	206	70	0.35085
1024	2048	1	140	254	1.24306
1024	2048	1	216	380	0.35329
1536	2048	1	340	22	5.80997
1536	2048	1	388	120	5.39812
1536	2048	1	492	78	2.26026
1536	2048	1	280	92	2.37524
1536	2048	1	224	132	0.23737
1536	2048	1	258	232	2.80107
1536	2048	1	322	204	6.10851
1536	2048	1	434	210	2.21329
1536	2048	1	440	318	2.41495
1536	2048	1	146	226	5.75252
1536	2048	1	30	278	5.41272
1536	2048	1	240	358	3.16377
1536	2048	1	360	396	5.74071
1536	2048	1	86	464	2.83919
1024	2048	1	438	386	4.25445
1024	2048	1	320	466	1.55945
1024	2560	1	304	36	1.17191
1024	2560	1	430	38	2.83742
1536	2560	1	12	10	5.76723
1536	2560	1	198	6	0.90457
1536	2560	1	332	22	2.34618
1536	2560	1	474	22	0.98238
1024	2560	1	458	222	0.78925
1536	2560	1	312	132	2.62245
1536	2560	1	206	180	0.00000
1536	2560	1	322	262	5.48331
1536	2560	1	426	338	4.49737
1024	2560	1	138	174	3.87886
1024	2560	1	248	162	0.79452
1024	2560	1	26	426	0.60879
1536	2560	1	16	142	4.79897
1536	2560	1	98	214	1.78198
1536	2560	1	20	290	2.13708
1024	2560	1	324	300	3.90914
1024	2048	1	34	510	2.26769
1024	2560	1	248	380	6.12819
1024	2560	1	180	410	3.06953
1024	2560	1	482	378	4.73240
1536	2560	1	128	336	0.42084
1536	2560	1	262	334	1.57563
1536	2560	1	206	446	1.23895
1536	2560	1	458	492	1.95301
1024	2560	1	446	472	3.87423
1536	2560	1	44	482	0.83386
1024	2560	1	384	308	3.39113
1024	2560	1	112	496	0.17467
1536	2560	1	364	512	1.96646
1024	2560	1	284	228	0.72990
1536	2560	1	458	174	0.81850
1024	3584	1	500	248	5.33069
1536	3584	1	204	142	2.10863
1024	3584	1	370	112	2.64425
1024	3584	1	452	104	2.59923
1536	3584	1	346	164	1.74751
1024	3072	1	206	330	0.00000
1024	3584	1	68	76	0.91210
1024	3584	1	352	316	0.00000
1024	3584	1	94	468	5.77545
1536	3584	1	68	472	0.45887
1536	3584	1	490	270	0.46656
1536	3584	1	420	362	6.18780
1024	3584	1	6	496	5.88973
1024	3584	1	192	110	4.48004
1024	3584	1	420	360	0.00000
1536	3584	1	322	470	5.71636
1536	3584	1	492	428	0.00000
1024	3584	1	120	288	5.75747
1024	3584	1	0	274	0.54577
1024	3584	1	102	172	5.52342
1024	3584	1	26	38	4.14079
1536	3584	1	390	44	2.26606
1536	3584	1	228	366	1.88245
1536	3584	1	208	228	1.58027
1536	3584	1	356	238	1.36247
1536	3584	1	102	240	0.36530
1536	3584	1	22	382	0.00000
1536	3584	1	162	464	0.00000
1536	3584	1	246	502	5.82658
1536	3584	2	466	106	0.00000
1536	3584	1	486	6	4.62968
1536	3584	2	10	48	0.00000
1536	3072	1	88	502	3.46985
1024	3584	2	168	36	0.00000
1024	3072	1	388	436	0.47647
1536	3072	1	20	446	0.57219
1024	3072	1	260	494	1.42273
1024	3072	1	12	372	6.06303
1024	3072	1	78	434	3.30770
1024	3072	1	164	410	0.36199
1024	3072	1	262	328	0.00000
1024	3072	1	50	346	4.55099
1024	3072	1	174	272	0.38957
1024	3072	1	0	174	5.17604
1024	3072	1	176	130	0.45101
1536	3072	1	268	474	0.21263
1536	3072	1	208	444	0.46365
1536	3072	1	364	426	3.36491
1536	3072	1	496	358	0.00000
1536	3072	1	412	326	5.91130
1536	3072	1	114	368	1.85320
1536	3072	1	188	310	5.20072
1536	3072	1	36	308	0.78995
1536	3072	1	190	210	5.75132
1536	3584	2	52	212	0.00000
1024	3072	1	0	84	1.26881
1024	3072	1	32	4	1.55516
1024	3072	1	114	4	0.00000
1024	3072	1	280	226	5.49779
1024	3072	1	340	210	5.81954
1024	3072	1	254	48	2.52461
1024	3072	1	362	54	2.82406
1536	3072	1	2	174	4.93881
1024	3072	1	484	4	3.74164
1536	3072	1	124	76	0.56137
1536	3072	1	248	120	2.77201
1536	3072	1	386	192	2.73578
1536	3072	1	474	210	5.46187
1536	3072	1	468	78	5.50454
1536	3072	1	364	6	1.90747
2560	2048	1	494	40	3.26368
2560	2048	1	422	30	0.00000
2560	2048	1	350	36	5.92317
2560	2048	1	306	94	0.38088
2560	2048	1	488	156	0.82437
2560	2048	1	326	218	4.24855
2560	2048	1	476	324	0.84761
2560	2048	1	198	174	6.12344
2048	2048	1	170	52	0.00000
2048	2048	1	24	48	3.17901
2048	2048	1	90	58	0.00000
2048	2048	1	472	24	0.95855
2560	2048	1	2	114	4.62764
2560	2048	1	88	50	2.97964
2048	2048	1	482	206	0.77578
2560	2048	1	126	256	3.46334
2048	2048	1	144	252	0.00000
2048	2048	1	76	296	5.94163
2048	2048	1	242	314	0.00000
2048	2048	1	150	410	4.21537
2048	2048	1	38	390	3.03880
2048	2048	1	350	396	4.55101
2048	2048	2	238	440	0.00000
2048	2560	2	228	148	0.00000
2048	2560	2	172	148	0.00000
2560	2560	2	292	4	0.00000
2560	2560	2	16	162	0.00000
2048	2560	2	378	100	0.00000
2048	2560	2	414	50	0.00000
2048	2560	2	442	308	0.00000
2560	2560	2	462	336	0.00000
2560	2048	1	420	492	3.48502
2560	2048	1	240	340	5.07412
2048	2560	1	74	4	0.49216
2048	2560	1	144	34	3.22960
2048	2560	1	260	92	5.51262
2048	2048	2	208	500	0.00000
2048	2048	2	264	500	0.00000
2048	2560	1	318	8	2.75784
2048	2048	1	454	464	4.09882
2560	2048	1	72	374	2.62245
2560	2560	1	68	88	4.39009
2560	2048	1	188	500	1.12036
2560	2560	1	232	82	1.16787
2560	2048	1	336	476	3.11078
2560	2048	2	294	396	0.00000
2048	2560	1	104	214	0.68212
2048	2560	1	126	324	4.47780
2048	2560	1	230	232	1.48354
2048	2560	1	76	134	4.22773
2048	2560	1	428	130	3.92393
2048	2560	1	512	282	2.76109
2560	2560	1	68	228	0.00000
2560	2560	1	144	222	3.29664
2560	2560	1	214	236	3.45968
2560	2560	1	310	272	5.45699
2560	2560	1	358	198	2.50333
2560	2560	1	392	106	5.25262
2560	2560	1	486	250	0.64059
2560	2560	1	494	490	2.20630
2560	2560	1	328	378	4.74137
2560	2560	1	300	464	1.63300
2560	2560	1	128	384	5.30296
2560	2560	1	102	476	5.31950
2560	2560	2	16	476	0.00000
2048	2560	2	466	472	0.00000
2048	2560	1	398	276	3.63756
2048	2560	1	272	318	3.93957
2048	2560	1	36	412	5.94389
2048	2560	1	146	500	0.00000
2048	2560	2	192	422	0.00000
2048	2560	2	172	372	0.00000
2048	2560	1	238	460	3.34948
2560	2048	1	198	396	4.90978
2560	2048	1	202	30	0.00000
2560	2048	1	260	8	6.01473
2048	2048	2	350	204	0.00000
2048	2560	2	322	204	0.00000
2560	2560	1	512	80	4.94985
3072	2560	1	56	432	4.87104
3072	2560	1	260	446	1.75509
3072	2560	2	122	504	0.00000
3072	2560	1	374	470	0.00000
3072	2560	1	478	430	4.41439
3072	2560	1	106	260	0.47404
3072	2560	1	308	348	0.00000
3072	2560	1	174	288	3.38747
3072	2560	1	256	176	1.57080
3584	2560	1	90	360	1.30258
3584	2560	1	310	460	5.49779
3584	2560	1	248	348	5.04157
3584	2560	1	150	256	1.91635
3584	2560	1	406	384	5.37040
3584	2560	2	512	476	0.00000
3584	2560	2	238	506	0.00000
3584	2560	2	174	476	0.00000
3584	2560	2	146	418	0.00000
3584	2560	2	488	334	0.00000
3584	2560	2	512	234	0.00000
3584	2560	1	362	192	2.86717
3584	2560	1	284	272	2.30573
3584	2560	1	236	182	4.48696
3584	2560	1	306	86	4.22853
3584	2560	1	448	78	0.98082
3584	2560	2	512	120	0.00000
3584	2048	1	472	450	2.27910
3584	2048	1	358	472	2.65981
3584	2048	1	262	490	5.79141
3584	2048	1	174	452	5.88546
3584	2560	1	78	162	2.11086
3072	2560	1	512	2	2.27674
3072	2560	1	484	60	2.26381
3072	2560	2	434	126	0.00000
3072	2560	2	466	186	0.00000
3584	2560	1	6	302	3.40411
3072	2560	1	368	226	3.16043
3072	2560	1	430	326	3.86162
3584	2560	2	166	116	0.00000
3584	2560	1	124	20	0.85790
3584	2048	1	92	440	3.46064
3072	2560	1	136	102	3.18928
3072	2560	2	50	128	0.00000
3072	2048	1	78	356	0.23681
3072	2048	1	10	314	0.82312
3072	2048	1	186	356	5.23154
3072	2048	1	334	438	4.74752
3072	2048	1	190	476	2.34185
3072	2560	1	334	78	1.48406
3072	2048	1	444	434	3.88728
3072	2048	1	322	336	4.02844
3072	2048	1	452	324	1.62032
3072	2048	1	396	228	4.00003
3072	2048	1	268	236	3.02755
3072	2048	1	166	264	2.22680
3072	2048	1	108	200	1.41666
3072	2048	1	90	56	0.45184
3072	2048	2	22	152	0.00000
3072	2048	1	224	106	4.58017
3072	2048	2	196	44	0.00000
3072	2048	1	364	48	4.21432
3072	2048	1	426	148	2.07356
3072	2048	1	500	78	4.49403
3584	2048	1	152	118	0.00000
3584	2048	1	264	88	3.80278
3584	2048	2	222	28	0.00000
3584	2048	1	384	92	0.00000
3584	2048	2	512	150	0.00000
3584	2048	1	472	66	0.38575
3584	2048	1	386	226	5.40626
3584	2048	1	178	252	4.14804
3584	2048	1	220	342	4.84699
3584	2048	1	66	266	3.49364
3072	2048	1	504	224	3.84751
3584	3072	1	172	410	3.59733
3072	3072	1	500	434	2.61371
3072	3072	1	494	190	0.00000
3584	3072	1	10	62	0.00000
3072	3584	1	350	98	6.08579
3072	3072	1	112	54	2.98308
3072	3072	1	192	100	3.56293
3072	3072	1	278	144	5.82367
3072	3072	1	388	92	4.65124
3072	3072	1	380	0	0.00000
3072	3072	1	394	198	5.26696
3072	3072	1	88	178	5.48148
3072	3072	1	246	268	3.16324
3072	3072	1	186	242	0.24027
3072	3072	1	340	306	2.20131
3584	3072	1	198	52	1.81305
3584	3072	1	230	142	3.57381
3584	3072	1	298	66	1.09650
3584	3072	1	468	56	0.00000
3584	3072	1	414	128	2.91419
3584	3072	2	342	114	0.00000
3584	3072	2	254	0	0.00000
3584	3072	2	334	0	0.00000
3072	3072	1	96	306	0.00000
3072	3584	1	122	66	6.12705
3072	3072	2	30	374	0.00000
3072	3072	1	132	392	1.00376
3072	3072	1	246	408	4.32517
3072	3072	1	176	502	2.93367
3072	3584	1	22	6	2.51091
3072	3072	1	404	472	3.13906
3072	3584	1	286	8	4.13010
3072	3584	1	224	128	4.56849
3584	3072	1	158	302	1.68588
3584	3072	1	340	290	0.94039
3584	3072	1	244	256	4.80708
3072	3072	2	432	262	0.00000
3584	3072	2	310	208	0.00000
3584	3072	1	494	128	0.80312
3584	3072	1	464	266	3.13058
3584	3072	1	334	378	1.47648
3584	3072	1	286	456	5.08682
3584	3072	1	406	456	1.86964
3584	3584	1	476	62	3.44477
3584	3072	1	130	510	1.69270
3584	3584	1	368	356	0.43657
3584	3584	1	400	12	4.66481
3584	3584	1	280	30	4.68608
3584	3072	1	512	448	5.14174
3072	3584	1	0	184	0.59918
3072	3584	1	76	220	1.66482
3072	3584	1	42	294	2.26124
3072	3584	1	174	274	3.10265
3072	3584	1	280	238	0.75151
3072	3584	1	436	120	1.92957
3072	3584	1	416	240	4.61708
3072	3584	1	350	310	4.58560
3072	3584	1	424	336	1.08990
3584	3584	1	62	206	1.52362
3584	3584	1	60	270	1.39645
3584	3584	1	286	146	0.51826
3584	3584	1	168	332	0.33992
3584	3584	1	252	266	0.47999
3584	3072	1	70	184	3.00904
3584	3584	1	404	128	5.79889
3584	3584	1	340	218	5.87829
3584	3584	1	444	248	1.99885
3584	3584	2	492	176	0.00000
3584	3584	1	466	336	1.18491
3072	3584	1	54	458	1.12986
3072	3584	1	346	426	1.46189
3584	3584	1	484	404	1.03038
3072	3584	1	474	420	1.18392
3072	3584	1	282	510	4.39556
3584	3584	1	178	476	0.24498
3584	3584	1	90	456	4.12621
3584	3584	2	254	378	0.00000
3584	3584	2	308	336	0.00000
3584	3584	2	420	492	0.00000
3072	3584	1	400	504	0.89403
3584	3584	1	30	352	1.24232
3072	3072	2	248	462	0.00000
3584	3584	1	138	106	4.27566
2560	3072	2	98	220	0.00000
2560	3072	2	222	130	0.00000
2560	3072	2	140	78	0.00000
2560	3072	2	356	234	0.00000
2560	3584	2	274	352	0.00000
2048	3584	2	134	292	0.00000
2048	3584	2	190	256	0.00000
2048	3072	2	278	272	0.00000
2048	3072	2	462	284	0.00000
2560	3072	2	100	428	0.00000
2048	3584	2	510	512	0.00000
2048	3072	2	164	470	0.00000
2048	3072	2	128	120	0.00000
2048	3072	1	148	34	0.00000
2048	3072	1	298	38	0.00000
2048	3072	1	478	84	0.66229
2048	3072	1	360	212	4.86509
2048	3072	1	380	142	5.34354
2048	3072	1	72	252	0.00000
2048	3072	1	190	216	0.00000
2048	3072	1	138	390	1.13745
2048	3072	1	102	460	0.65425
2048	3584	1	158	72	1.63068
2048	3072	1	246	510	5.73924
2048	3072	1	342	364	0.00000
2048	3072	1	464	372	1.84971
2560	3072	1	64	328	5.30114
2560	3072	1	154	354	6.03098
2560	3072	1	216	314	0.00000
2048	3072	1	468	214	0.98616
2560	3072	1	38	122	3.58945
2560	3072	1	144	14	5.68091
2560	3072	1	286	40	5.32479
2560	3072	1	434	74	5.63001
2560	3072	1	356	188	5.27953
2560	3072	1	470	354	0.00000
2560	3072	1	354	412	4.66245
2560	3072	1	306	512	4.04827
2560	3584	1	178	68	5.75500
2560	3072	2	210	472	0.00000
2560	3584	1	74	90	6.25470
2048	3584	1	498	96	0.25682
2048	3584	1	456	20	3.30991
2048	3584	1	382	16	3.43121
2048	3584	1	122	172	1.84946
2048	3584	1	326	126	1.16564
2048	3584	1	450	200	5.87383
2048	3584	1	400	244	5.84769
2048	3584	1	286	218	1.33568
2048	3584	1	232	338	0.00000
2048	3584	1	304	352	0.00000
2560	3584	1	142	204	0.79660
2560	3584	1	34	202	6.10189
2560	3584	1	188	312	0.00000
2560	3584	1	62	314	4.92961
2048	3584	1	436	394	0.35516
2560	3584	1	4	412	4.07109
2560	3584	1	410	54	0.66044
2560	3584	1	382	280	0.45626
2560	3584	1	256	222	3.28251
2560	3584	1	438	122	1.25697
2560	3584	1	504	198	0.64407
2560	3584	1	500	370	3.03443
2560	3584	1	364	406	5.51026
2560	3584	1	184	498	5.88778
2048	3584	1	340	472	0.13023
2048	3584	1	112	422	5.95333
2048	3584	1	190	434	5.85179
2560	3584	1	512	8	2.26580
2048	3584	1	36	336	1.17870
2048	3072	1	22	508	4.57037
2560	3584	1	374	480	5.92040
