1024	2560	1	426	386	0.00000
1024	2560	1	358	350	0.27025
1536	2560	1	500	442	3.56358
1024	2560	1	166	452	2.83964
1024	2560	1	46	366	3.83607
1024	2560	1	264	476	0.62788
1536	2560	1	464	254	0.00440
1536	2560	1	384	366	0.00000
1536	2560	1	58	460	1.07172
1536	2560	1	328	508	4.87512
1536	2560	1	186	370	5.16689
1024	2560	1	118	206	3.07077
1024	2560	1	246	328	6.21876
1536	2560	1	4	442	4.04176
1536	2560	1	302	252	5.58235
1536	2560	1	64	274	3.32177
1536	2560	1	188	240	0.60229
1536	2560	1	464	140	5.09394
1536	2560	1	372	194	2.95488
1024	2560	1	498	310	2.95776
1024	2560	1	416	192	1.48766
1536	2560	1	280	116	0.94633
1536	2560	1	218	18	1.48575
1536	2560	1	192	100	1.19279
1536	2560	1	502	50	3.06940
1536	2048	1	364	438	0.80010
1536	2048	1	266	432	4.08136
1536	2560	1	54	42	0.00000
1536	2048	1	480	396	2.87116
1024	2048	1	494	326	0.00000
1536	2048	1	100	424	1.65125
1536	2048	1	202	232	5.73823
1536	2048	1	122	304	4.29571
1536	2048	1	432	296	4.28398
1024	2560	1	312	20	1.36125
1536	2048	1	362	110	6.24749
1024	2048	1	314	416	5.61425
1536	2048	1	120	218	3.09543
1024	2048	1	224	372	0.57581
1024	2048	1	198	268	1.70513
1024	2048	1	244	202	4.65148
1536	2048	1	268	78	5.56725
1536	2048	1	128	46	4.81799
1024	2048	1	506	22	0.00000
1024	2048	1	376	0	0.21662
1024	2048	1	266	86	0.33112
1024	2048	1	204	72	0.39086
1536	2560	2	434	492	0.00000
1536	2560	2	512	344	0.00000
1536	2560	2	460	410	0.00000
1536	2560	2	200	508	0.00000
1024	2560	2	392	490	0.00000
1024	2560	2	364	438	0.00000
1024	2560	2	178	286	0.00000
1536	2048	2	214	398	0.00000
1536	2048	2	442	482	0.00000
1536	2048	2	230	152	0.00000
1024	2560	2	326	284	0.00000
1024	2048	2	116	22	0.00000
1024	3072	1	92	28	3.78251
1024	3072	1	44	240	3.56522
1024	3072	1	118	166	2.60647
1024	3072	1	200	124	5.33506
1024	3072	1	264	60	1.04155
1024	3072	1	310	138	0.00000
1024	3072	1	120	290	2.44212
1024	3072	1	208	266	0.96847
1024	3072	1	124	412	2.02452
1024	3072	1	226	360	0.98279
1024	3072	1	62	462	5.75439
1024	3072	1	236	508	0.00000
1024	3072	1	368	278	4.85305
1024	3072	1	410	26	5.68060
1024	3072	1	492	114	3.64019
1536	3072	1	56	124	0.27417
1536	3072	1	48	260	0.49935
1536	3072	1	196	26	2.65349
1536	3072	1	324	112	3.00579
1536	3072	1	482	190	3.27176
1536	3072	1	336	224	2.50235
1536	3072	1	232	250	4.47260
1536	3072	1	440	328	0.00000
1536	3072	1	62	434	3.84192
1536	3072	1	214	376	2.80556
1536	3072	2	114	308	0.00000
1536	3584	2	378	106	0.00000
1536	3584	2	480	102	0.00000
1024	3584	2	62	130	0.00000
1024	3584	1	424	38	1.30454
1024	3584	1	350	136	0.74870
1536	3072	1	282	490	5.90201
1536	3072	1	102	448	3.71681
1536	3072	1	182	498	2.78824
1024	3584	1	32	516	5.55329
1024	3584	1	108	492	5.91601
1536	3584	1	176	464	0.41831
1024	3584	1	260	254	5.79013
1024	3584	1	458	148	0.00000
1024	3584	1	426	382	0.68295
1536	3584	1	48	334	0.00000
1536	3584	1	78	466	0.50486
1024	3584	1	436	264	1.14103
1536	3584	1	76	144	4.29460
1536	3584	1	478	194	5.51979
1536	3584	1	458	268	2.15477
1536	3584	1	156	232	3.05221
1536	3584	1	322	494	5.80555
1536	3584	1	480	446	0.10801
1536	3584	1	380	446	5.43100
1536	3584	1	420	366	5.57720
1536	3584	1	226	346	0.54617
1536	3584	1	330	296	3.64175
1536	3072	1	312	360	5.77809
1536	3584	1	248	212	4.41902
1536	3072	2	380	362	0.00000
1536	3072	1	402	136	0.00000
1536	3072	1	444	28	0.00000
2560	2560	1	512	484	2.08933
2048	2560	1	60	310	4.22395
2560	2560	1	448	400	4.25710
2048	2560	1	160	494	0.00000
2560	2560	1	512	276	0.78899
2560	2560	1	292	290	3.45951
2048	2560	1	74	454	3.22859
2048	2560	1	18	420	3.90701
2560	2560	1	262	94	3.85843
2048	2560	1	282	358	5.06488
2560	2560	1	414	238	3.75529
2560	2560	1	338	512	3.10296
2560	2560	1	232	502	3.95422
2560	2560	1	274	404	4.17520
2048	2560	1	322	136	3.66472
2560	2560	1	512	48	0.75343
2560	2560	1	398	100	4.84919
2048	2560	1	344	480	4.57854
2048	2560	1	358	260	5.56388
2560	2560	1	260	198	4.31945
2048	2560	1	254	512	3.55866
2560	2560	1	154	406	0.33607
2560	2560	1	110	218	0.00000
2048	2560	1	494	104	3.54157
2560	2560	1	74	360	3.44437
2560	2560	1	2	250	2.53486
2560	2560	1	178	82	4.14685
2048	2048	1	86	510	3.32907
2048	2560	1	280	62	3.78540
2048	2560	1	332	314	5.48729
2048	2560	1	80	122	4.22225
2048	2560	1	416	182	0.00000
2048	2560	1	430	258	0.00000
2560	2048	1	8	496	4.18551
2560	2560	1	90	50	0.84270
2048	2560	1	20	60	3.51506
2048	2048	1	360	434	4.77220
2048	2560	1	162	32	3.38020
2048	2048	1	18	430	3.43452
2560	2048	1	68	388	2.59846
2560	2048	1	392	486	3.72875
2560	2560	2	456	318	0.00000
2560	2560	2	20	482	0.00000
2048	2560	2	468	482	0.00000
2048	2560	2	168	358	0.00000
2048	2560	2	198	416	0.00000
2560	2560	2	32	162	0.00000
2048	2560	2	166	136	0.00000
2048	2560	2	222	154	0.00000
2560	2560	2	292	8	0.00000
2048	2048	2	434	506	0.00000
2048	2560	2	418	48	0.00000
2048	2048	2	272	504	0.00000
2048	2048	2	214	498	0.00000
2560	2048	1	250	422	3.78756
2560	2048	1	496	298	0.00000
2560	2048	1	426	352	2.38827
2560	2048	1	206	330	3.94363
2560	2048	1	512	160	0.00000
2560	2048	1	424	30	0.00000
2560	2048	1	360	26	0.00000
2560	2048	1	304	100	0.00000
2560	2048	1	376	166	1.46630
2560	2048	1	228	178	5.80464
2560	2048	1	152	44	1.11926
2560	2048	1	174	200	5.87694
2560	2048	1	84	234	3.05353
2048	2048	1	428	260	2.34804
2560	2048	1	40	122	4.34662
2048	2048	2	488	60	0.00000
2048	2048	2	424	14	0.00000
2048	2048	1	368	120	1.45661
2048	2048	1	244	270	0.00000
2048	2048	1	62	282	5.86844
2048	2048	1	98	198	5.80501
2048	2048	1	242	70	3.90151
2048	2048	1	124	28	2.30696
2048	2048	1	40	80	0.40841
2048	2048	2	116	106	0.00000
3072	2560	1	62	480	2.27942
3072	2560	1	250	454	2.06497
3072	2560	1	380	480	0.00000
3584	2560	1	28	488	0.00000
3584	2560	1	108	512	0.00000
3584	2560	1	324	510	4.77754
3584	2560	1	442	512	0.00000
3584	2560	2	348	434	0.00000
3584	2560	1	246	456	0.71509
3072	2560	1	128	382	3.98869
3072	2560	1	286	356	0.53172
3072	2560	1	442	420	1.87865
3584	2560	1	86	434	3.22598
3584	2560	1	170	408	0.71317
3072	2560	1	478	288	0.00000
3584	2560	1	64	326	0.00000
3072	2560	1	46	240	0.79657
3072	2560	1	106	158	2.32644
3072	2560	1	262	200	2.48116
3072	2560	1	394	280	3.04789
3584	2560	1	174	328	5.58616
3584	2560	2	310	324	0.00000
3584	2560	1	426	418	1.73551
3584	2560	1	496	332	0.00000
3584	2560	1	404	330	5.77609
3584	2560	2	480	220	0.00000
3584	2560	2	410	242	0.00000
3584	2560	1	274	274	3.60050
3584	2560	1	194	234	4.05123
3584	2560	1	102	206	4.46674
3072	2560	2	466	184	0.00000
3072	2560	2	438	126	0.00000
3072	2560	2	174	78	0.00000
3072	2560	2	318	26	0.00000
3072	2560	1	54	50	1.24905
3072	2560	1	376	88	0.00000
3072	2560	1	262	34	0.00000
3072	2048	1	164	494	1.52508
3584	2560	1	26	128	2.05409
3584	2560	1	92	72	2.14836
3584	2560	1	264	142	2.04226
3584	2560	1	402	126	0.00000
3584	2560	1	486	168	3.28349
3072	2560	1	472	32	3.37335
3072	2048	1	122	324	5.00424
3072	2048	1	250	418	5.40006
3072	2048	1	422	476	5.02944
3072	2048	1	464	394	5.24607
3584	2560	1	74	20	5.45955
3584	2560	1	212	52	3.52368
3584	2048	1	320	512	4.33514
3584	2048	1	462	470	3.01724
3584	2048	1	122	448	4.99618
3584	2048	1	234	400	5.16313
3584	2048	1	328	298	4.38086
3584	2048	1	382	220	5.43803
3072	2048	1	80	196	2.02707
3072	2048	1	122	98	5.29347
3072	2048	1	206	54	2.56991
3072	2048	1	242	314	2.42062
3072	2048	1	268	264	2.59812
3072	2048	1	294	194	0.00000
3072	2048	1	356	88	5.54107
3072	2048	1	476	126	5.60179
3072	2048	1	368	316	3.66888
3072	2048	1	508	334	2.56415
3584	2048	1	86	298	2.75842
3584	2048	1	148	116	0.00000
3584	2048	1	232	222	4.17955
3584	2048	1	386	92	0.00000
3584	2048	1	488	60	0.00000
3584	2048	1	228	0	0.00000
3584	2048	1	258	98	3.70209
3584	3584	1	500	432	1.75569
3584	3584	1	456	506	5.39869
3584	3584	1	378	290	5.07080
3584	3584	1	62	352	1.26043
3584	3584	1	416	388	3.59848
3584	3584	1	488	266	1.61019
3584	3584	1	434	200	4.71871
3584	3584	1	308	390	5.32609
3584	3584	1	270	172	5.33506
3072	3584	1	460	358	0.90151
3072	3584	1	494	448	1.41626
3072	3584	1	256	358	1.30913
3584	3584	1	128	238	0.92649
3072	3584	1	458	214	0.15390
3072	3584	1	326	444	0.52398
3072	3584	1	108	322	0.05750
3584	3584	1	200	378	0.34065
3072	3584	1	194	482	1.10298
3072	3584	1	60	362	3.63636
3072	3584	1	24	458	1.99356
3072	3584	1	16	276	0.57411
3584	3584	1	198	490	3.47363
3584	3584	1	38	174	0.57639
3072	3584	1	132	54	3.95580
3072	3584	1	486	122	1.17449
3584	3584	1	70	28	3.51278
3584	3584	1	128	124	0.61983
3072	3072	1	102	494	0.74001
3072	3584	1	230	242	3.63486
3072	3584	1	40	114	2.41724
3072	3072	1	210	428	0.35395
3072	3584	1	148	206	2.69198
3072	3584	1	358	102	2.10078
3072	3584	1	236	56	4.17761
3072	3584	1	394	242	0.01654
3072	3584	1	324	234	0.37732
3072	3584	1	272	134	4.38574
3584	3584	1	332	78	3.49736
3584	3584	1	428	112	5.36320
3584	3584	1	238	4	3.23156
3584	3584	1	482	20	2.76340
3072	3584	1	384	36	0.75433
3072	3072	1	366	474	4.42728
3072	3072	1	286	374	5.51305
3072	3072	2	254	457	0.00000
3072	3072	1	100	390	0.67102
3072	3072	2	36	377	0.00000
3072	3072	1	126	246	3.93476
3072	3072	1	94	162	3.49834
3072	3072	1	230	146	3.02271
3072	3072	1	200	34	1.20954
3072	3072	2	40	253	0.00000
3072	3072	1	196	310	3.93359
3072	3072	1	314	288	2.54301
3072	3072	1	340	232	5.79930
3072	3072	2	436	241	0.00000
3072	3072	1	416	352	3.05822
3072	3584	1	486	8	3.61150
3584	3072	1	6	364	1.02539
3072	3072	1	498	280	0.74673
3072	3072	1	510	178	4.75050
3072	3072	1	398	144	4.06975
3072	3072	1	332	100	3.96929
3072	3072	2	408	31	0.00000
3584	3072	1	162	378	2.58347
3584	3072	1	86	396	2.00904
3584	3072	1	282	378	0.74841
3584	3072	1	330	426	3.88727
3584	3072	1	456	404	1.82155
3584	3072	1	430	286	2.66220
3584	3072	1	512	206	0.41916
3584	3072	1	440	154	2.70176
3584	3072	1	236	306	3.33126
3584	3072	1	110	282	1.61676
3584	3072	1	202	216	3.74870
3584	3072	1	110	184	3.11362
3072	3072	1	502	66	0.00000
3584	3072	2	46	33	0.00000
3584	3072	1	154	74	2.50201
3584	3072	1	284	66	2.37154
3584	3072	2	196	37	0.00000
3584	3072	2	246	117	0.00000
3584	3072	2	386	17	0.00000
3584	3072	1	374	198	0.00000
3584	3072	2	376	319	0.00000
3072	3072	2	8	97	0.00000
3584	3584	2	322	500	0.00000
2048	3072	1	62	102	4.43185
2048	3072	1	148	34	0.00000
2048	3072	1	218	52	3.49808
2048	3072	1	326	0	3.97381
2048	3072	1	32	264	0.19448
2048	3072	1	98	292	0.29863
2048	3072	1	276	186	0.54042
2048	3072	1	378	144	5.43549
2048	3072	1	472	120	5.96143
2560	3072	1	76	148	1.43406
2048	3072	1	364	266	6.05009
2048	3072	1	444	284	0.00000
2560	3072	1	66	334	2.89127
2560	3072	2	144	76	0.00000
2560	3072	2	222	132	0.00000
2560	3072	1	220	30	3.65876
2560	3072	1	322	48	3.42973
2560	3072	1	444	82	5.10052
2560	3072	2	100	236	0.00000
2560	3072	1	210	222	5.99148
2560	3072	1	284	234	2.73249
2560	3072	2	350	238	0.00000
2048	3072	1	62	426	4.47652
2048	3584	1	60	8	2.42909
2048	3584	1	56	136	2.38088
2048	3584	2	124	116	0.00000
2560	3072	1	418	222	2.35737
2560	3072	1	512	222	5.63039
2560	3072	1	180	296	5.12317
2048	3072	1	192	402	4.38141
2560	3072	1	486	384	6.14421
2560	3072	1	366	392	0.10110
2048	3584	1	122	224	0.74411
2048	3072	1	418	408	5.69518
2048	3072	2	460	26	0.00000
2560	3072	1	30	464	2.93769
2560	3072	2	94	440	0.00000
2560	3072	1	222	384	1.22061
2560	3072	1	208	460	0.39479
2560	3072	1	268	470	0.46109
2560	3584	1	356	12	5.22822
2048	3584	1	176	18	3.52331
2048	3584	1	276	38	2.26767
2048	3072	2	286	274	0.00000
2048	3584	1	350	30	5.88590
2048	3584	1	414	10	2.98130
2048	3584	1	498	40	5.94016
2560	3584	1	90	48	3.50060
2560	3584	1	162	52	0.71654
2560	3584	1	222	80	4.01474
2560	3584	1	512	72	5.75961
2560	3584	1	472	178	5.83061
2560	3584	1	378	186	0.49394
2560	3584	1	222	166	1.23087
2560	3584	1	70	222	1.02323
2560	3584	1	182	252	1.28293
2048	3584	1	224	174	2.55433
2048	3584	2	188	272	0.00000
2048	3584	2	320	184	0.00000
2048	3584	1	424	214	5.94467
2048	3584	1	54	288	5.51455
2560	3584	1	148	334	1.11130
2560	3584	1	26	396	6.14705
2560	3584	1	512	302	0.65398
2048	3584	2	224	330	0.00000
2048	3584	1	442	418	0.00000
2560	3584	1	380	382	5.41489
2560	3584	1	506	464	2.03358
2048	3584	1	204	472	6.08579
2048	3584	1	48	434	0.33068
2560	3584	1	232	480	6.00391
2048	3584	1	356	490	0.00000
2560	3584	1	392	474	5.49779
2048	3584	1	110	482	4.33130
2560	3584	1	138	470	0.55754
2048	3584	1	352	302	1.54050
