1024	2048	2	138	24	0.00000
1024	2048	2	202	72	0.00000
1024	2048	2	448	18	0.00000
1536	2048	2	30	22	0.00000
1536	2048	2	500	70	0.00000
1536	2048	2	438	20	0.00000
1024	2048	1	64	102	0.00000
1024	2048	1	96	234	0.65128
1024	2560	1	28	400	3.33090
1024	2560	1	110	328	2.00805
1024	2560	1	112	506	3.91394
1024	2560	1	226	460	4.14607
1024	2560	1	360	506	1.46301
1024	2560	1	492	466	2.48775
1536	2560	2	280	512	0.00000
1536	2560	1	152	510	2.00588
1536	2560	1	60	430	5.29207
1536	2560	1	248	460	1.68084
1536	2560	1	406	430	1.97012
1536	2560	1	218	322	0.23049
1024	2560	1	378	388	0.31845
1536	2560	1	320	254	5.53055
1536	2560	1	406	324	2.61279
1536	2560	1	512	284	3.14836
1536	2560	1	382	142	4.63033
1536	2560	1	10	320	1.85191
1536	2560	1	116	292	2.47798
1024	2560	1	40	244	0.73058
1024	2560	1	66	112	2.84822
1024	2048	1	242	358	0.24654
1024	2560	1	182	224	4.82445
1024	2560	1	262	44	1.00491
1536	2048	1	302	292	5.64200
1536	2560	1	78	132	0.00000
1536	2048	1	96	122	0.00000
1536	2560	1	136	182	0.00000
1024	2560	1	460	86	1.43605
1024	2048	1	504	202	3.20853
1024	2560	1	484	198	0.52045
1536	2048	1	380	142	0.78570
1536	2048	1	416	308	5.42811
1536	2048	1	512	222	5.22064
1536	2048	1	46	290	3.20535
1024	2048	1	482	490	2.15767
1536	2048	1	126	312	3.35827
1536	2048	1	236	394	2.79819
1536	2560	1	466	6	4.79289
1536	2048	1	340	494	2.82002
1536	2048	1	144	464	2.54931
1536	2048	1	48	450	5.65194
1536	2560	1	226	82	5.76078
1536	2048	2	230	138	0.00000
1024	2560	2	192	284	0.00000
1536	2048	1	512	422	0.95989
1536	2560	2	512	129	0.00000
1536	2560	1	452	230	0.25492
1024	2048	2	266	24	0.00000
1536	3584	1	416	504	3.67987
1536	3584	1	196	460	0.62674
1536	3584	1	300	418	0.00000
1024	3584	1	254	374	0.35877
1024	3584	1	74	416	2.52431
1024	3584	1	494	424	0.44009
1536	3584	1	44	486	0.70235
1024	3584	1	28	498	5.22912
1024	3584	1	404	354	1.60650
1536	3584	1	180	364	1.50639
1024	3584	1	66	244	4.63920
1536	3584	1	414	200	0.00000
1536	3584	1	368	304	5.46976
1536	3584	1	186	286	2.27360
1024	3584	1	138	140	4.14046
1024	3584	1	88	80	0.90975
1024	3072	1	102	464	0.33770
1024	3072	1	0	438	5.89905
1024	3072	1	28	194	0.00000
1024	3072	1	90	224	0.36914
1024	3072	1	178	188	0.03940
1024	3072	1	144	82	1.07292
1024	3072	1	238	322	0.73282
1024	3072	1	242	206	3.24735
1024	3072	1	76	24	3.89515
1024	3072	1	284	76	5.21306
1024	3072	1	390	4	2.18977
1024	3072	1	446	142	1.70176
1024	3072	1	312	240	6.20004
1536	3072	1	178	28	1.98530
1536	3072	1	304	62	2.45299
1536	3072	1	398	122	6.13611
1536	3072	1	512	40	6.15063
1536	3072	1	314	202	3.82941
1536	3072	1	234	130	4.70845
1536	3072	1	130	136	6.14308
1536	3072	1	50	186	0.46185
1024	3072	2	354	342	0.00000
1024	3072	2	506	292	0.00000
1024	3072	1	484	368	5.74859
1536	3072	1	170	302	1.41433
1536	3072	2	196	362	0.00000
1536	3072	1	126	388	5.49779
1536	3072	1	392	322	5.67709
1536	3072	1	488	320	2.87134
1536	3072	1	320	420	0.01790
1536	3072	2	378	454	0.00000
1536	3584	2	466	104	0.00000
1536	3072	1	452	490	0.64350
1536	3584	1	512	136	0.00000
1536	3584	1	376	114	4.18999
1536	3584	1	260	210	0.52862
1024	3584	1	236	152	0.23526
1024	3584	1	366	210	5.37941
1024	3584	1	350	126	1.54990
1024	3584	1	402	34	2.90512
1024	3584	1	472	70	3.60232
1024	3584	1	490	154	4.09518
1536	3584	1	12	196	4.07364
1536	3584	1	120	196	0.52888
1536	3584	1	158	54	3.14326
1536	3584	1	250	32	2.90903
2048	2048	1	114	108	1.74210
2048	2048	1	30	12	6.14698
2048	2048	1	190	46	3.63553
2048	2048	1	284	156	0.58584
2048	2048	1	98	234	0.00000
2048	2048	1	394	310	0.00000
2048	2048	1	400	136	3.19066
2560	2048	1	122	254	5.79629
2560	2048	1	12	222	1.57080
2560	2048	1	58	118	3.16333
2560	2048	1	186	120	0.00000
2560	2048	1	324	100	0.00000
2560	2048	1	284	84	0.00000
2560	2048	1	440	68	0.43911
2560	2048	1	326	270	3.29819
2560	2048	1	186	300	3.20167
2560	2048	1	186	422	1.82977
2048	2048	1	468	426	5.62685
2048	2048	1	392	472	5.50357
2048	2048	1	180	390	3.08781
2048	2048	1	82	472	4.92926
2048	2560	1	124	100	4.32978
2048	2560	1	32	68	3.61544
2048	2560	1	94	222	5.55921
2560	2048	1	460	246	1.11909
2560	2048	1	462	340	1.34853
2560	2048	1	512	432	0.00000
2560	2560	1	388	26	3.73471
2560	2560	1	248	54	4.71817
2560	2560	1	104	58	1.23008
2048	2560	1	470	122	3.63191
2048	2560	1	276	96	0.47425
2560	2560	1	144	154	3.70038
2560	2048	2	298	392	0.00000
2048	2048	2	226	508	0.00000
2048	2560	2	408	58	0.00000
2048	2560	2	380	120	0.00000
2048	2560	2	174	154	0.00000
2048	2560	2	318	206	0.00000
2560	2560	2	22	168	0.00000
2560	2048	2	512	148	0.00000
2560	2048	2	366	28	0.00000
2560	2048	1	180	30	2.24443
2048	2048	1	320	308	0.00000
2048	2048	2	32	264	0.00000
2048	2048	2	24	122	0.00000
2048	2048	1	24	404	1.04859
2560	2560	2	512	18	0.00000
2560	2560	1	480	106	4.22974
2560	2560	2	510	212	0.00000
2560	2560	1	328	144	5.27606
2560	2560	1	228	206	0.56021
2048	2560	1	490	246	1.40776
2048	2560	1	298	344	2.10297
2560	2560	1	338	254	0.00000
2560	2560	1	78	430	5.95974
2560	2560	1	438	378	4.98656
2560	2560	2	474	320	0.00000
2560	2560	2	298	488	0.00000
2560	2560	2	24	488	0.00000
2048	2560	2	472	492	0.00000
2048	2560	2	172	364	0.00000
2048	2560	2	196	414	0.00000
2048	2560	1	110	380	2.81650
2048	2560	1	64	348	3.88927
2048	2560	2	26	276	0.00000
2048	2560	2	88	486	0.00000
2048	2560	2	328	432	0.00000
2048	2560	1	456	428	1.00541
2048	2560	1	250	404	5.98470
2048	2560	2	440	320	0.00000
2560	2560	1	70	312	1.48808
2560	2560	1	162	308	5.97945
2560	2560	1	240	392	0.00000
2560	2560	1	480	486	4.33780
2560	2560	1	192	512	0.00000
2048	2560	1	168	506	0.64263
2048	2560	2	340	506	0.00000
2048	2560	2	412	512	0.00000
3072	2048	1	118	80	5.16596
3072	2048	1	238	82	2.55461
3072	2048	1	332	132	2.80412
3072	2048	1	418	68	3.54356
3072	2048	1	80	168	5.67291
3072	2048	1	154	324	5.07308
3072	2048	1	224	256	2.70240
3072	2048	1	312	216	2.47760
3072	2048	1	38	438	0.23730
3072	2048	1	160	476	5.13615
3072	2048	1	254	466	0.00000
3072	2048	1	338	342	3.63974
3072	2048	1	480	158	5.96143
3072	2048	1	450	256	5.54402
3584	2048	1	46	100	2.66834
3584	2048	1	166	150	0.00000
3584	2048	1	280	80	3.90820
3584	2048	1	214	44	0.00000
3584	2048	1	404	112	5.99838
3584	2048	1	470	86	0.00000
3072	2048	2	292	24	0.00000
3584	2048	1	408	218	5.19451
3584	2048	1	6	364	5.05667
3072	2048	1	400	410	3.61102
3584	2048	1	296	362	1.02212
3584	2048	1	456	298	2.93461
3584	2048	1	84	438	4.27576
3584	2048	1	132	484	4.28775
3584	2048	1	408	438	3.22802
3584	2048	1	512	424	4.89631
3584	2560	1	274	46	1.20199
3072	2560	1	400	62	1.79308
3072	2560	2	314	30	0.00000
3584	2560	1	440	40	3.96345
3584	2560	1	70	96	5.21399
3584	2560	1	214	110	5.14512
3072	2560	1	172	116	1.08313
3072	2560	1	422	196	0.00000
3072	2560	1	280	170	0.07947
3072	2560	1	354	196	3.53441
3584	2560	1	28	188	1.95123
3584	2560	1	148	174	2.81984
3584	2560	1	376	154	5.46409
3072	2560	1	476	254	3.73153
3072	2048	1	40	110	1.19553
3584	2560	1	454	220	2.55557
3584	2560	1	262	218	3.82350
3584	2560	1	368	284	5.62205
3584	2560	2	406	246	0.00000
3072	2560	1	110	246	4.03633
3072	2560	1	48	180	1.52012
3072	2560	1	0	102	4.54264
3072	2560	1	244	292	2.33283
3584	2560	1	78	298	5.46209
3584	2560	1	220	350	2.83655
3584	2560	1	460	406	6.00265
3072	2560	1	342	416	0.96510
3072	2560	1	480	362	1.05025
3584	2560	1	60	410	2.70028
3584	2560	1	296	320	3.24086
3072	2560	1	470	454	3.76699
3584	2560	1	288	454	3.93339
3584	2560	1	168	454	2.73439
3072	2560	1	510	512	3.85022
3072	2560	1	160	376	5.84248
3072	2560	1	52	508	1.63823
3072	2560	1	18	448	4.55974
3584	2560	1	346	490	3.40696
3584	2560	1	10	156	5.57831
3072	2560	2	248	48	0.00000
3584	2048	1	512	204	0.00000
3072	2560	2	160	46	0.00000
3072	3072	1	132	58	4.11713
3072	3072	1	44	32	1.02141
3072	3072	1	52	228	3.25247
3072	3072	1	12	164	4.06542
3072	3072	1	38	382	0.47258
3072	3072	1	256	134	5.45369
3072	3072	1	216	244	3.53638
3072	3072	1	396	26	0.01376
3072	3072	1	488	36	3.33982
3584	3072	1	88	30	4.73588
3584	3072	1	262	38	4.05975
3584	3072	1	402	86	6.19992
3584	3072	1	470	82	3.35007
3584	3072	1	512	160	1.26487
3584	3072	1	330	116	5.32200
3584	3072	1	240	134	3.82100
3584	3072	1	148	128	3.75163
3584	3072	1	70	110	3.85338
3072	3072	1	494	130	3.86693
3072	3072	1	392	146	1.10119
3584	3072	1	314	236	4.42016
3584	3072	1	170	226	4.43859
3584	3072	1	62	232	2.41847
3072	3072	1	448	214	1.30392
3072	3072	1	350	262	4.91020
3072	3072	1	208	394	2.37001
3072	3072	1	150	464	2.78319
3072	3072	1	90	506	3.00331
3072	3072	1	314	336	1.88840
3072	3072	1	436	350	5.05307
3584	3072	1	26	284	2.26942
3584	3072	1	150	302	1.79057
3072	3072	1	320	418	5.49123
3072	3072	1	446	426	1.33862
3584	3072	1	20	390	5.87920
3584	3072	1	102	408	3.19778
3584	3072	1	240	364	1.44051
3584	3072	1	380	360	0.89820
3584	3072	2	356	313	0.00000
3584	3072	1	468	400	3.09879
3584	3072	1	400	442	3.18959
3072	3584	1	154	102	2.00446
3072	3584	1	30	118	2.42147
3072	3584	1	38	200	1.99850
3072	3584	1	100	280	0.94353
3072	3584	1	174	188	4.54321
3072	3584	1	244	72	2.54369
3072	3584	1	212	294	0.36409
3072	3584	1	296	212	5.97486
3584	3584	1	26	10	1.34608
3584	3072	1	190	490	1.05920
3584	3072	1	326	500	0.16296
3584	3072	1	450	506	1.25515
3584	3584	1	94	60	0.73781
3584	3584	1	206	66	1.14351
3072	3584	1	472	98	1.29305
3072	3584	1	496	174	3.88855
3584	3584	1	120	176	6.05005
3584	3584	1	486	118	6.00596
3584	3584	1	368	92	1.01960
3584	3584	1	222	136	4.46890
3584	3584	1	240	204	4.61583
3584	3584	1	40	204	0.38765
3072	3584	1	414	250	4.80824
3584	3584	1	62	312	3.35123
3584	3584	1	160	296	1.90485
3584	3584	1	274	268	4.71049
3584	3584	1	414	196	2.03637
3584	3584	1	438	376	3.32060
3584	3584	1	388	280	6.15236
3584	3584	1	510	292	3.18326
3072	3584	1	458	360	4.12587
3072	3584	1	138	372	0.46318
3072	3584	1	42	430	0.53486
3072	3584	1	264	380	0.51680
3072	3584	1	368	380	5.93105
3584	3584	1	204	368	4.74175
3072	3584	1	120	478	1.14064
3584	3584	1	118	438	5.63322
3072	3584	1	454	464	0.34303
3584	3584	1	24	488	5.89890
3584	3584	1	332	402	0.61230
3584	3584	1	494	466	0.07598
3072	3584	1	248	496	4.68898
2560	3072	1	240	218	5.40540
2048	3072	1	112	396	0.54617
2560	3072	1	22	112	1.08934
2048	3072	1	150	132	0.80127
2048	3072	1	74	224	0.64676
2048	3584	1	468	56	5.74277
2560	3072	1	470	284	1.52517
2048	3072	1	302	190	0.00000
2048	3072	1	404	344	5.74277
2048	3072	1	350	474	0.64900
2560	3072	1	330	154	1.48963
2560	3072	1	366	56	4.92944
2560	3584	1	118	124	2.91561
2048	3072	2	162	478	0.00000
2048	3584	2	112	234	0.00000
2048	3584	2	240	254	0.00000
2560	3072	1	122	322	0.37929
2560	3584	1	202	50	5.40713
2560	3584	1	400	122	2.12623
2560	3072	1	412	384	3.82568
2560	3072	2	356	242	0.00000
2560	3072	2	142	76	0.00000
2560	3072	2	90	226	0.00000
2048	3072	1	430	46	2.39008
2048	3072	1	266	398	4.00002
2048	3584	1	378	110	2.35619
2048	3584	1	500	212	0.84090
2048	3584	1	366	322	0.00000
2048	3584	1	212	124	1.49573
2048	3584	1	32	134	0.00000
2560	3584	1	232	148	1.41955
2560	3584	1	404	18	3.97044
2560	3584	1	434	208	2.04649
2048	3584	1	186	362	0.81953
2560	3072	1	234	328	5.75406
2048	3584	1	312	186	4.57144
2560	3584	1	148	392	1.64166
2560	3584	1	428	348	5.84659
2048	3584	2	236	46	0.00000
2048	3072	2	124	58	0.00000
2048	3584	1	56	414	0.44014
2560	3072	1	500	158	3.81949
2560	3072	2	510	56	0.00000
2560	3072	2	196	74	0.00000
2048	3072	1	392	148	5.47113
2048	3072	1	500	360	1.89255
2560	3072	1	194	424	0.97185
2048	3072	2	480	446	0.00000
2560	3072	2	108	422	0.00000
2560	3584	1	196	292	3.45559
2560	3584	1	278	214	1.45988
2560	3584	1	298	316	3.24353
2048	3072	1	234	146	3.68394
2048	3584	1	264	458	0.00000
2560	3584	1	62	434	2.22649
2560	3584	1	304	436	0.00000
2048	3584	2	426	512	0.00000
2560	3584	2	388	512	0.00000
2560	3584	2	504	72	0.00000
2560	3584	2	512	178	0.00000
2048	3072	2	220	300	0.00000
2560	3072	2	512	436	0.00000
2560	3072	1	18	234	3.97714
2560	3584	2	320	22	0.00000
2560	3072	2	220	490	0.00000
2560	3072	2	222	124	0.00000
2048	3072	2	84	30	0.00000
2048	3584	1	504	328	4.70689
2048	3584	1	458	440	5.08964
2560	3584	1	512	388	3.74939
2560	3584	2	156	488	0.00000
2560	3584	1	388	396	2.45982
2560	3584	1	222	454	4.15808
2048	3584	1	316	322	0.00000
