1024	2048	2	202	82	0.00000
1024	2048	2	262	14	0.00000
1024	2048	2	498	16	0.00000
1536	2048	2	512	60	0.00000
1536	2048	2	218	348	0.00000
1024	2560	2	78	194	0.00000
1536	2560	2	14	512	0.00000
1536	2560	2	262	488	0.00000
1536	2048	2	224	150	0.00000
1024	2048	1	96	176	5.02307
1024	2048	1	108	370	3.90356
1024	2560	1	28	2	5.91463
1024	2048	1	228	372	0.36009
1024	2048	1	482	238	2.98168
1536	2048	1	72	110	5.10319
1536	2048	2	244	60	0.00000
1536	2048	1	378	22	4.62565
1536	2048	1	358	132	0.35134
1536	2048	1	474	124	5.08964
1536	2048	1	28	448	4.51022
1536	2048	1	138	240	1.92559
1536	2048	1	492	250	5.61490
1536	2048	1	400	312	3.55075
1536	2048	1	290	372	3.51335
1536	2048	1	494	390	3.57835
1536	2048	1	362	442	3.88535
1024	2560	1	256	50	0.70141
1024	2560	1	410	52	3.10882
1536	2560	1	16	44	3.75625
1536	2560	1	82	98	0.66926
1536	2560	1	194	104	2.91787
1536	2560	1	318	90	0.65820
1536	2560	1	56	292	0.27272
1536	2560	2	346	512	0.00000
1536	2560	1	496	118	0.14736
1536	2560	1	430	88	3.20035
1024	2560	1	164	208	3.69218
1024	2560	1	298	210	4.25817
1024	2560	1	366	278	0.94569
1024	2560	1	176	336	1.75844
1024	2560	1	64	370	2.42881
1536	2560	1	72	448	5.36496
1536	2560	1	284	270	5.84466
1536	2560	1	384	264	2.98938
1536	2560	1	498	288	5.18853
1024	2560	1	422	460	3.11691
1024	2560	1	62	440	1.44548
1536	2560	1	182	358	4.36009
1536	2560	1	384	446	2.14691
1024	2560	1	372	336	3.94230
1536	2048	2	162	74	0.00000
1024	2560	1	214	440	3.65450
1024	2560	1	68	512	1.24928
1024	3072	1	46	38	1.44775
1024	3072	1	256	68	2.03824
1024	3072	1	368	94	3.63434
1536	3072	1	86	74	4.56130
1536	3072	1	196	20	0.00000
1536	3072	1	394	10	2.24664
1536	3072	1	392	112	1.63443
1536	3072	1	512	200	1.90995
1536	3072	1	114	134	4.39053
1024	3072	1	506	126	3.38969
1024	3072	1	418	164	0.55640
1024	3072	1	164	144	0.02036
1024	3072	1	264	196	5.68147
1024	3072	1	88	160	3.07140
1536	3072	1	152	246	5.54726
1536	3072	1	254	106	3.25466
1536	3072	1	400	242	1.15875
1536	3072	1	260	260	3.68986
1024	3072	1	196	268	1.78327
1024	3072	1	0	318	5.00979
1024	3072	1	432	352	6.19462
1536	3072	1	120	292	2.10817
1536	3072	1	40	358	3.18330
1024	3072	1	322	308	0.45075
1536	3072	1	302	372	4.08818
1536	3072	1	400	402	0.62705
1536	3072	1	512	348	3.69663
1024	3072	1	110	340	5.58837
1024	3072	1	176	360	2.84905
1024	3072	1	246	378	5.85158
1024	3072	1	338	416	2.47805
1024	3072	1	116	492	4.80399
1536	3072	1	190	440	5.39041
1536	3072	1	282	508	3.42921
1536	3072	1	490	458	1.09469
1536	3072	1	2	484	0.00000
1536	3072	1	104	480	2.05443
1024	3072	1	254	512	0.00000
1024	3584	1	90	84	5.94544
1024	3584	1	32	146	5.95233
1024	3072	1	6	476	6.07415
1024	3584	1	380	46	1.26300
1536	3584	1	54	64	0.81127
1536	3584	1	222	82	5.29435
1536	3584	1	148	124	5.22752
1536	3584	2	392	127	0.00000
1536	3584	2	460	102	0.00000
1536	3584	1	500	62	5.81757
1536	3584	1	452	198	4.06187
1024	3584	1	332	198	3.10923
1536	3584	1	54	152	5.16194
1536	3584	1	244	200	1.13097
1024	3584	1	172	230	1.81210
1024	3584	1	476	224	5.87150
1024	3584	1	396	298	0.02957
1536	3584	1	302	278	3.50316
1536	3584	1	442	318	0.63670
1536	3584	1	126	358	0.42117
1536	3584	1	198	408	0.44084
1536	3584	1	468	458	2.34826
1024	3584	1	290	370	5.99650
1024	3584	1	142	450	0.00000
1024	3584	1	0	486	5.46351
1024	3584	1	358	450	1.03328
1024	3584	1	424	516	0.95622
1536	3584	1	240	508	0.49068
2560	2048	1	216	118	0.00000
2560	2048	1	120	260	5.69092
2048	2048	1	456	144	5.71021
2560	2048	1	68	118	3.22915
2560	2048	1	444	50	0.79222
2560	2048	1	320	86	0.00000
2048	2048	1	432	32	0.94278
2048	2048	1	316	56	0.44413
2048	2048	1	174	84	3.91290
2048	2048	2	94	46	0.00000
2048	2048	1	256	308	5.84090
2048	2048	1	160	314	2.44266
2048	2048	1	4	110	5.87970
2048	2048	1	468	352	0.00000
2560	2048	1	70	370	5.20525
2048	2048	1	388	476	1.24455
2560	2048	1	470	242	0.00000
2560	2048	1	340	482	0.00000
2560	2048	1	236	384	0.50142
2048	2048	1	78	432	2.75536
2048	2048	1	12	258	5.96884
2560	2560	1	210	110	2.33595
2560	2048	2	362	220	0.00000
2560	2048	2	294	394	0.00000
2560	2560	2	236	12	0.00000
2048	2560	2	238	162	0.00000
2048	2560	2	164	146	0.00000
2048	2560	2	320	206	0.00000
2048	2560	2	326	430	0.00000
2048	2560	2	508	326	0.00000
2048	2560	2	414	80	0.00000
2048	2560	2	446	336	0.00000
2048	2048	2	186	434	0.00000
2048	2560	1	2	90	0.41012
2048	2560	1	54	126	3.65677
2048	2560	1	306	94	5.20644
2048	2560	1	374	258	3.11878
2048	2560	1	154	54	3.54090
2560	2048	1	512	434	3.44377
2560	2048	2	452	458	0.00000
2048	2048	2	494	54	0.00000
2560	2048	2	144	22	0.00000
2048	2560	1	10	288	4.93106
2048	2560	1	128	296	3.62958
2048	2560	1	244	348	5.10353
2048	2560	1	118	428	5.43429
2560	2560	1	42	294	2.60138
2560	2560	1	78	170	1.18366
2048	2560	2	198	424	0.00000
2560	2560	2	466	340	0.00000
2560	2560	1	466	46	2.11717
2560	2560	1	328	112	4.70438
2560	2560	1	392	182	0.50829
2560	2560	1	496	216	4.79524
2560	2560	1	166	264	4.33242
2560	2560	1	308	272	3.11035
2560	2560	1	226	512	2.75261
2048	2560	1	300	480	2.30770
2560	2560	1	130	450	0.30254
2048	2560	1	416	512	0.00000
2560	2560	1	370	512	3.91318
2560	2560	2	304	494	0.00000
2048	2560	2	490	470	0.00000
2048	2560	2	200	512	0.00000
2560	2560	1	408	376	5.34765
2560	2560	1	500	500	2.27985
2560	2560	1	512	380	3.70781
2560	2048	2	350	386	0.00000
2048	2048	2	6	354	0.00000
3072	2048	1	296	442	0.53095
3072	2048	1	266	318	0.00000
3072	2048	1	170	290	5.62601
3072	2048	1	324	252	0.00000
3072	2048	1	388	248	0.00000
3072	2048	1	470	280	0.00000
3584	2048	1	40	182	5.05271
3072	2048	1	430	118	0.00000
3584	2048	1	244	98	4.14675
3584	2048	1	366	240	5.46825
3584	2048	1	348	86	0.17709
3584	2048	1	466	80	0.00000
3584	2048	1	124	78	0.00000
3072	2048	1	88	178	2.04926
3072	2048	1	222	190	0.06245
3072	2048	1	290	104	2.26006
3072	2048	1	136	0	0.00000
3072	2560	1	54	48	3.12503
3584	2048	1	320	344	4.66834
3584	2560	1	438	164	5.69500
3072	2048	1	186	114	0.00000
3072	2048	1	502	20	0.00000
3072	2048	1	350	0	0.00000
3584	2048	1	236	0	0.00000
3584	2048	1	142	338	5.99482
3584	2048	1	56	328	0.00000
3584	2048	1	332	480	4.13242
3584	2560	1	208	8	0.76255
3584	2048	1	98	480	4.96124
3584	2560	1	470	308	4.99165
3072	2048	1	42	262	0.00000
3072	2048	1	380	448	0.00000
3072	2048	1	472	394	4.91728
3072	2048	1	482	458	4.62945
3584	2560	1	304	84	4.87278
3584	2560	1	194	128	1.78345
3072	2560	1	482	42	0.00000
3072	2048	1	106	432	0.25781
3072	2048	1	176	454	3.42883
3072	2048	2	22	396	0.00000
3072	2560	1	224	94	4.10536
3072	2560	1	322	104	0.57938
3072	2560	1	42	224	5.15677
3072	2560	1	182	256	0.80794
3072	2560	1	298	262	2.77481
3072	2560	1	366	160	0.00000
3584	2560	1	50	86	4.37926
3072	2560	1	502	214	3.63149
3072	2560	1	418	256	3.35958
3584	2560	1	98	182	5.28602
3584	2560	1	202	244	0.55300
3584	2560	1	304	226	0.00000
3584	2560	1	60	292	1.43951
3072	2560	2	136	372	0.00000
3584	2560	2	238	320	0.00000
3584	2560	2	344	444	0.00000
3584	2560	2	376	252	0.00000
3072	2560	1	86	476	3.13804
3072	2560	1	294	376	4.55552
3584	2560	1	160	378	1.98506
3584	2560	2	250	470	0.00000
3584	2560	1	290	366	4.06630
3584	2560	1	390	406	2.52469
3584	2560	1	486	422	5.83469
3584	2560	1	96	470	3.57169
3072	2560	1	400	448	1.89831
3072	2560	1	184	486	0.40990
3584	2560	1	4	466	3.40804
3584	2560	1	474	512	0.00000
3584	2560	2	356	512	0.00000
3584	2560	2	264	512	0.00000
3072	3072	2	448	262	0.00000
3584	3072	2	302	326	0.00000
3072	3072	1	510	180	0.00000
3072	3072	1	78	158	0.72353
3072	3072	1	142	194	3.73581
3072	3072	1	222	196	3.63984
3072	3072	1	386	72	6.09291
3072	3072	1	310	230	5.95408
3072	3072	1	418	184	3.87796
3584	3072	1	104	168	4.11825
3584	3072	1	108	96	4.45841
3584	3072	1	210	96	2.59388
3072	3072	1	84	302	1.47804
3072	3072	1	248	308	1.44488
3072	3072	1	86	370	0.92154
3584	3072	1	20	304	5.38353
3584	3072	1	356	84	4.34512
3584	3072	1	388	178	4.69817
3584	3072	1	382	242	4.60270
3584	3072	1	392	316	4.54594
3584	3072	1	258	250	3.58156
3584	3072	1	168	272	3.22178
3584	3072	1	456	94	0.86845
3072	3072	1	74	466	4.09918
3072	3072	1	216	394	3.99972
3072	3072	1	378	406	5.15370
3072	3072	1	474	368	2.21789
3584	3072	1	86	444	4.58803
3584	3072	1	230	400	4.73836
3584	3072	1	210	474	1.91454
3072	3584	1	112	58	4.36131
3072	3072	1	178	502	2.47827
3072	3584	1	100	128	0.88760
3072	3584	1	190	170	2.87534
3072	3072	1	436	472	0.66656
3072	3584	1	304	6	0.65554
3072	3072	1	250	452	4.36433
3072	3584	1	438	172	0.51548
3584	3584	1	4	172	0.00000
3584	3584	1	84	180	0.00000
3072	3584	1	416	60	4.20000
3584	3584	1	48	60	4.69304
3584	3072	1	62	504	1.63875
3584	3072	1	398	488	1.36181
3584	3072	2	362	404	0.00000
3584	3584	1	208	40	4.58249
3584	3584	1	192	110	1.13346
3584	3584	1	352	40	2.03151
3584	3584	1	336	126	2.03871
3584	3584	1	274	188	5.17688
3584	3584	1	194	212	2.28894
3584	3584	1	164	266	2.36201
3072	3584	1	288	196	1.91927
3072	3584	1	126	260	5.76404
3072	3584	1	234	276	0.80865
3072	3584	1	64	442	0.57790
3072	3584	1	96	338	4.28428
3584	3584	1	18	302	3.92876
3072	3584	1	272	384	4.13569
3072	3584	1	212	370	4.11619
3584	3584	1	478	98	2.86006
3584	3584	1	464	258	2.14213
3584	3584	1	374	300	3.66330
3072	3584	1	458	302	3.79322
3584	3584	1	172	474	5.20324
3584	3584	1	54	360	4.83143
3584	3584	1	442	428	1.65932
2048	3072	1	172	154	1.73771
2048	3072	1	38	100	5.97765
2048	3072	1	294	106	0.00000
2048	3072	1	408	50	0.36619
2560	3072	1	16	60	3.93132
2048	3072	1	356	234	1.71778
2048	3072	1	224	278	1.42401
2048	3072	1	436	384	4.15804
2048	3584	1	64	240	3.60890
2048	3584	1	72	472	0.03742
2560	3584	1	166	284	1.91467
2048	3584	1	212	302	1.39953
2048	3584	1	374	328	0.29921
2560	3584	1	264	230	6.02115
2048	3072	1	48	206	5.34887
2560	3072	1	158	286	1.14338
2560	3072	1	194	116	3.95600
2560	3072	1	340	34	3.64572
2560	3072	1	280	196	0.00000
2560	3072	1	398	110	0.40598
2560	3072	1	486	102	2.65402
2560	3072	1	126	416	3.52743
2560	3072	1	286	330	0.92307
2048	3072	1	352	324	2.02110
2560	3072	1	444	244	1.44800
2560	3072	1	500	328	2.82077
2560	3072	1	54	510	5.11638
2560	3584	1	346	206	2.62558
2560	3072	1	322	436	2.80495
2560	3072	1	404	474	2.78583
2560	3072	1	478	456	2.76678
2560	3584	1	170	424	6.14427
2560	3584	1	80	270	0.11252
2048	3584	1	500	326	0.05396
2560	3584	1	340	382	1.15866
2560	3584	1	304	118	4.60894
2560	3584	1	292	432	4.89076
2560	3584	1	512	90	3.13839
2560	3584	1	350	298	4.19705
2560	3584	1	10	444	1.13312
2560	3584	1	96	420	0.00000
2560	3584	1	478	452	0.54811
2048	3584	2	184	505	0.00000
2048	3072	2	164	478	0.00000
2048	3072	2	74	416	0.00000
2560	3072	2	20	180	0.00000
2560	3072	2	126	86	0.00000
2560	3072	2	106	234	0.00000
2560	3072	2	342	240	0.00000
2048	3072	1	306	490	1.13779
2048	3072	1	222	408	5.42481
2048	3584	1	128	84	4.17938
2048	3584	1	162	210	2.19865
2048	3072	1	6	356	3.41019
2048	3584	1	438	98	2.16833
2048	3584	2	372	28	0.00000
2560	3584	1	68	116	5.41539
2560	3584	1	166	148	3.93837
2560	3072	1	202	468	6.19045
2560	3072	1	254	458	0.00000
2560	3584	1	210	52	4.60027
2048	3584	1	426	182	2.11725
2048	3584	1	300	216	5.22884
2560	3584	1	416	66	1.79001
2560	3072	2	30	438	0.00000
2048	3072	2	186	16	0.00000
2560	3584	1	466	278	0.00000
2048	3584	1	14	70	0.00000
2048	3584	2	286	394	0.00000
