2048	2560	2	316	204	0.00000
2048	2560	2	440	322	0.00000
2048	2560	2	512	314	0.00000
2048	2560	2	74	314	0.00000
2048	2560	2	188	416	0.00000
2048	2560	2	162	360	0.00000
2048	2560	2	314	424	0.00000
2560	2560	2	312	494	0.00000
2560	2560	2	14	158	0.00000
2048	2560	2	172	148	0.00000
2048	2560	2	354	54	0.00000
2048	2048	1	152	234	6.18587
2560	2560	1	294	150	4.35740
2048	2048	1	230	286	0.51670
2048	2048	1	52	300	3.02505
2048	2048	1	40	152	1.16117
2048	2048	1	292	378	1.18153
2048	2048	1	110	86	2.02590
2048	2048	2	190	54	0.00000
2048	2048	1	274	110	3.67145
2048	2048	1	434	126	1.50934
2048	2048	2	494	60	0.00000
2048	2048	1	448	236	0.99730
2560	2048	1	52	150	3.30343
2048	2048	1	434	400	5.95500
2048	2048	1	500	310	4.40311
2560	2048	1	146	226	4.43409
2560	2048	1	76	432	2.71785
2560	2048	1	240	244	0.91439
2560	2048	1	338	280	1.92830
2560	2048	1	224	96	0.00000
2560	2048	1	322	90	0.00000
2560	2048	1	454	46	0.95055
2048	2048	1	372	476	5.32039
2048	2560	1	246	144	0.00000
2048	2560	1	314	84	2.91390
2048	2560	1	80	224	0.82647
2560	2560	1	104	216	5.76798
2560	2560	1	10	26	3.03619
2560	2560	1	152	54	4.96299
2560	2560	1	140	140	2.45108
2560	2560	1	290	10	3.85481
2560	2048	1	230	434	0.00000
2560	2048	1	412	384	1.12031
2560	2560	1	478	154	3.42402
2560	2048	2	436	466	0.00000
2048	2560	1	404	86	4.15485
2560	2560	1	110	330	5.33041
2560	2560	1	420	296	3.01062
2048	2560	1	62	420	5.79664
2048	2560	1	266	346	4.48933
2048	2560	1	86	116	4.11647
2048	2560	1	12	26	4.50942
2048	2560	1	280	468	5.83238
2048	2560	1	408	472	0.17539
2560	2560	1	20	480	5.55329
2560	2560	1	166	458	1.50820
2560	2560	1	296	428	2.03444
2560	2560	1	436	438	2.37162
2560	2560	1	336	336	0.00000
2048	2560	1	42	508	2.22067
2560	2560	1	256	254	4.78521
2560	2560	1	512	390	0.00000
2560	2048	1	512	406	4.27255
3072	2560	2	436	120	0.00000
3072	2560	2	458	186	0.00000
3072	2560	2	256	14	0.00000
3072	2560	2	162	72	0.00000
3072	2560	2	164	392	0.00000
3584	2560	2	432	512	0.00000
3072	2048	1	22	38	0.00000
3072	2048	1	90	4	0.28413
3072	2048	1	180	68	0.41948
3072	2048	1	236	38	5.94016
3072	2048	1	348	2	5.94408
3584	2048	1	42	0	0.71883
3584	2048	1	2	74	4.90357
3072	2048	1	420	176	2.49117
3072	2048	1	180	218	5.14256
3584	2048	1	230	0	0.00000
3584	2048	1	244	88	4.32756
3584	2048	1	466	68	0.00000
3584	2048	1	464	306	0.13980
3584	2048	1	80	198	0.45728
3072	2048	1	504	306	2.90075
3584	2048	1	234	168	1.02589
3584	2048	1	356	216	5.77080
3584	2048	1	156	264	5.07645
3072	2048	1	14	390	4.58630
3072	2048	1	216	426	5.40018
3584	2048	1	152	346	4.87352
3584	2048	1	338	310	1.68791
3584	2048	1	288	386	4.53289
3072	2048	1	416	468	2.87445
3584	2048	1	80	446	5.90575
3584	2048	1	4	438	2.28600
3072	2048	1	98	508	3.30674
3584	2048	1	158	468	3.29297
3584	2048	1	456	506	5.80879
3584	2048	1	330	472	5.07931
3584	2560	1	272	12	5.42732
3584	2560	1	44	40	4.70481
3072	2560	1	310	60	3.44650
3584	2560	1	512	82	3.62472
3584	2048	1	404	144	5.41103
3072	2560	1	128	136	1.83705
3072	2560	1	272	204	3.00606
3072	2560	1	348	154	0.32175
3072	2560	1	438	70	5.24734
3584	2560	1	74	130	4.69469
3072	2560	1	506	182	2.88099
3072	2560	1	82	206	4.77114
3072	2560	1	12	404	0.00000
3072	2560	2	16	316	0.00000
3072	2560	1	154	314	0.41146
3072	2560	1	74	482	0.79560
3072	2560	1	250	414	2.76285
3072	2560	1	304	382	5.93441
3072	2560	1	374	286	3.18572
3072	2560	1	458	346	0.28843
3584	2560	1	50	466	2.20825
3584	2560	1	54	322	1.44644
3584	2560	1	408	94	5.70391
3584	2560	1	306	126	2.30567
3584	2560	1	236	134	2.26754
3584	2560	1	200	196	5.28259
3584	2560	1	512	234	2.32050
3584	2560	1	134	250	5.29463
3584	2560	1	154	364	0.82538
3584	2560	1	164	512	3.85317
3584	2560	1	356	214	3.96401
3584	2560	1	474	454	5.92198
3584	2560	1	232	428	4.43002
3584	2560	1	334	472	4.51007
3584	2560	1	294	310	2.85780
3584	2560	1	404	374	5.84950
3584	2560	1	434	274	1.86448
3584	2560	1	492	366	2.26875
3072	2560	2	200	170	0.00000
3584	3072	1	494	172	0.31473
3584	3072	1	418	406	0.33809
3584	3584	1	408	48	0.43811
3584	3072	1	284	158	0.00000
3584	3072	1	140	138	5.73447
3584	3584	1	252	224	0.00000
3072	3072	1	486	226	0.00000
3584	3072	1	392	222	4.17697
3584	3072	1	466	292	5.10325
3072	3072	1	384	450	0.68380
3072	3584	1	368	264	0.00000
3072	3072	1	106	48	0.68023
3072	3072	1	222	58	3.03890
3072	3072	1	406	68	5.93696
3584	3072	1	20	68	3.35235
3072	3072	1	256	330	2.16946
3072	3072	1	298	90	3.57704
3072	3072	1	132	164	0.00000
3072	3072	1	78	234	3.08221
3072	3072	1	22	250	2.79250
3072	3072	1	226	228	4.09442
3584	3072	1	238	72	0.00000
3072	3072	1	48	446	5.71480
3072	3072	1	130	426	3.36340
3584	3072	1	220	256	5.72702
3584	3072	2	348	180	0.00000
3072	3072	2	432	258	0.00000
3584	3072	1	76	194	5.98942
3072	3072	1	380	208	1.03038
3072	3072	1	362	304	5.00237
3584	3072	1	2	386	3.83225
3584	3072	1	178	354	1.61589
3072	3584	1	470	32	3.04473
3072	3072	1	230	440	0.00000
3072	3072	1	322	386	1.06572
3584	3072	1	292	422	2.11122
3584	3072	2	346	314	0.00000
3584	3072	2	362	376	0.00000
3584	3072	2	492	400	0.00000
3584	3072	1	118	446	2.84165
3072	3584	1	56	82	3.09730
3072	3584	1	150	38	3.95401
3072	3584	1	316	24	2.30600
3584	3072	1	206	500	3.10080
3072	3584	1	242	94	2.91269
3072	3584	1	170	166	2.68542
3584	3584	1	116	84	0.97048
3584	3072	1	62	506	5.84081
3072	3584	1	374	150	5.02073
3072	3584	1	292	236	0.00000
3072	3584	1	32	188	5.29304
3072	3584	1	144	272	1.64636
3584	3584	1	116	204	0.00000
3584	3584	1	10	196	0.00000
3584	3584	1	320	26	3.78247
3584	3584	1	222	122	4.17231
3584	3584	1	456	122	0.90303
3584	3584	1	340	146	3.12381
3584	3584	1	462	318	0.78540
3584	3584	1	500	190	0.84053
3584	3584	1	46	280	1.18119
3584	3584	1	250	332	0.76010
3584	3584	1	182	270	0.00000
3072	3584	1	232	386	0.19811
3072	3584	1	50	450	0.89120
3072	3584	1	142	362	5.23445
3584	3584	1	224	464	0.00000
3584	3584	1	446	438	0.00000
3072	3584	1	480	402	2.98878
3584	3584	1	326	468	5.69730
3584	3584	1	348	386	1.82500
3072	3584	1	336	394	0.53626
3584	3584	1	126	364	5.91921
3584	3584	1	54	480	0.82335
2560	3072	1	62	184	4.82958
2560	3072	1	82	108	1.70290
2560	3072	1	396	182	4.37843
2048	3072	1	380	304	5.55449
2048	3072	1	128	106	0.51485
2048	3072	1	260	364	3.90551
2560	3072	1	218	346	0.21797
2560	3584	1	122	48	3.96046
2048	3584	1	490	20	5.82508
2048	3072	1	452	410	5.25990
2560	3072	1	94	324	4.27427
2560	3072	1	14	302	3.72782
2048	3584	1	220	40	4.39259
2048	3072	1	114	468	4.16434
2048	3072	1	96	250	2.88148
2560	3072	1	308	114	5.00037
2560	3072	1	410	486	5.93441
2560	3584	1	352	30	2.56024
2048	3072	1	240	92	5.85815
2048	3584	1	392	202	6.10954
2048	3072	2	192	328	0.00000
2048	3072	2	192	220	0.00000
2048	3072	2	436	234	0.00000
2048	3072	2	310	426	0.00000
2560	3072	2	251	491	0.00000
2560	3072	2	340	452	0.00000
2048	3584	2	370	22	0.00000
2560	3584	2	274	254	0.00000
2560	3584	2	118	300	0.00000
2560	3072	2	350	240	0.00000
2560	3072	2	224	130	0.00000
2048	3584	2	128	236	0.00000
2048	3072	2	74	416	0.00000
2048	3072	1	374	138	5.61033
2560	3072	1	216	38	1.07711
2560	3072	1	400	52	5.54441
2048	3584	1	260	156	5.90334
2560	3584	1	23	265	0.00000
2560	3072	1	450	302	5.92963
2560	3072	1	318	302	4.98212
2048	3072	1	278	276	3.01548
2048	3584	1	468	186	0.00000
2560	3584	1	366	280	5.57094
2048	3072	1	38	2	5.53806
2048	3072	1	302	0	5.78501
2048	3072	1	408	0	0.09623
2048	3072	1	24	272	2.55815
2048	3584	1	358	84	1.23356
2560	3584	1	160	152	1.72801
2048	3584	1	66	258	0.00000
2048	3584	1	212	180	1.21099
2048	3584	1	306	318	4.33174
2048	3584	1	444	334	0.22615
2560	3584	1	170	346	0.36410
2048	3584	1	354	448	6.17542
2560	3584	1	46	442	0.18439
2048	3584	1	220	388	0.00000
2560	3584	1	496	2	0.07440
2560	3584	1	134	208	1.71891
2560	3584	1	266	154	2.99609
2560	3072	1	78	440	0.57367
2560	3584	1	346	156	6.03617
2560	3584	1	328	372	2.79136
2560	3584	1	246	340	0.48828
2560	3584	1	438	296	0.00000
2560	3584	1	438	132	4.56519
2560	3584	1	508	364	0.27153
2560	3584	1	404	446	0.00000
2560	3584	1	252	494	0.00000
2560	3584	1	492	230	5.35488
2560	3584	1	512	180	5.30090
1024	2048	1	70	188	0.16273
1024	2048	2	196	86	0.00000
1024	2048	1	226	184	2.94677
1024	2048	1	94	460	0.00000
1024	2048	1	232	360	0.34465
1024	2048	1	440	224	2.89340
1024	2048	1	446	78	1.53549
1536	2048	1	28	4	0.00000
1536	2048	1	6	326	6.27549
1536	2048	1	140	264	2.12969
1024	2560	1	238	56	1.07365
1024	2560	1	106	142	3.99492
1024	2560	1	0	172	1.62915
1024	2560	1	70	300	0.54566
1024	2560	1	146	382	6.00366
1024	2560	1	94	494	1.65880
1024	2560	1	254	372	6.15929
1024	2560	2	194	284	0.00000
1024	2560	1	298	204	1.84622
1024	2560	1	328	352	3.81234
1024	2048	1	498	486	4.26587
1024	2560	2	424	64	0.00000
1024	2560	1	404	372	3.55876
1024	2560	1	462	444	4.27247
1536	2560	1	24	354	4.78916
1536	2560	1	88	440	4.92086
1536	2560	1	28	496	1.62826
1536	2560	1	50	232	0.00000
1536	2560	1	130	320	5.94221
1536	2560	1	166	224	2.04456
1536	2560	1	214	118	1.49801
1536	2560	1	274	256	5.93627
1536	2560	2	318	332	0.00000
1536	2560	1	320	500	1.65345
1536	2560	1	376	424	1.87437
1536	2560	1	418	370	1.74361
1536	2560	1	416	302	1.58752
1536	2560	1	472	244	1.32808
1536	2560	1	332	186	2.38541
1536	2560	1	404	166	2.45691
1536	2560	1	486	122	2.48951
1536	2048	1	148	420	0.44697
1536	2048	1	220	394	0.28806
1536	2048	1	268	394	3.65861
1536	2048	1	308	488	3.69156
1536	2048	1	440	492	4.43953
1536	2560	1	482	30	1.17028
1536	2048	1	394	376	4.60008
1536	2048	1	226	128	6.05291
1536	2048	1	310	94	2.20193
1536	2048	1	288	228	0.36920
1536	2048	1	388	220	0.95953
1536	2048	1	460	272	0.47483
1536	2048	1	456	94	5.51597
1024	3072	1	250	354	0.09901
1024	3072	1	508	424	0.49394
1024	3072	1	388	372	3.72644
1024	3072	1	236	42	0.00000
1024	3072	1	316	58	3.62937
1024	3072	1	508	92	3.70531
1024	3072	1	64	494	5.84907
1024	3072	1	106	132	1.13744
1024	3072	1	190	230	0.72664
1024	3584	1	112	156	0.00000
1024	3072	1	236	452	1.66299
1024	3584	1	308	24	1.67345
1024	3584	1	246	198	6.03937
1024	3072	1	352	252	2.20477
1024	3072	1	446	192	5.78143
1536	3072	1	30	200	2.09638
1024	3584	1	354	142	0.74526
1024	3584	1	464	168	5.99693
1024	3072	1	422	480	2.38228
1536	3584	1	82	108	4.30706
1536	3584	1	64	18	2.78596
1536	3072	1	106	306	4.54767
1536	3072	1	136	30	1.08390
1536	3072	1	92	124	0.96780
1536	3072	1	248	90	3.21923
1536	3072	1	366	116	0.42704
1536	3072	1	228	218	4.34719
1536	3072	1	446	120	0.34986
1536	3072	1	252	258	1.28666
1536	3072	1	490	226	2.21342
1536	3072	1	288	342	5.04248
1536	3072	1	238	486	0.18947
1536	3072	1	338	456	2.89369
1536	3072	1	486	388	5.84983
1536	3072	1	412	424	5.82093
1536	3072	1	120	420	3.32677
1536	3584	1	458	154	0.48468
1536	3584	1	396	258	1.84047
1536	3584	1	512	176	0.53248
1536	3584	1	42	250	4.33442
1024	3584	1	8	170	4.26867
1024	3584	1	40	252	4.24874
1024	3584	1	422	246	5.52247
1536	3584	1	186	26	2.81195
1536	3584	1	406	386	5.71823
1536	3584	1	200	388	0.00000
1024	3584	1	168	294	0.31848
1024	3584	1	510	414	1.06391
1024	3584	1	238	446	3.52991
1024	3584	1	34	368	4.36883
1536	3584	1	346	516	5.98318
1024	3584	1	152	480	0.24547
1536	3584	2	366	66	0.00000
1024	3072	2	24	388	0.00000
1024	3072	2	490	300	0.00000
1536	3584	2	244	264	0.00000
1536	3584	2	408	118	0.00000
1536	3584	2	488	274	0.00000
1024	3584	2	304	92	0.00000
1024	3072	2	374	94	0.00000
