1024	2048	1	480	246	2.64996
1536	2048	1	84	222	0.00000
1536	2048	1	78	86	0.00000
1024	2048	1	156	186	6.14267
1024	2048	1	240	374	0.41753
1024	2048	2	194	98	0.00000
1024	2048	1	84	438	0.38051
1024	2560	1	266	30	1.25246
1024	2560	1	400	26	3.20212
1536	2560	1	98	104	0.88507
1536	2048	1	218	496	3.67467
1536	2048	1	370	124	3.39612
1536	2048	2	240	176	0.00000
1536	2048	2	488	52	0.00000
1536	2048	2	252	72	0.00000
1024	2048	2	506	24	0.00000
1536	2048	2	234	324	0.00000
1024	2560	2	436	432	0.00000
1024	2560	1	296	202	4.49008
1024	2560	1	122	280	3.51884
1024	2560	2	90	214	0.00000
1536	2048	1	288	238	1.67405
1536	2048	1	324	360	0.00000
1536	2048	1	444	350	3.10457
1536	2048	1	382	476	0.95942
1536	2560	1	434	12	3.61167
1536	2560	1	484	122	0.17414
1536	2560	2	386	194	0.00000
1536	2560	1	258	234	6.02095
1536	2560	1	476	266	5.67981
1536	2560	1	56	274	0.51239
1536	2560	1	38	424	5.12925
1536	2560	2	30	26	0.00000
1024	2560	2	418	132	0.00000
1536	2560	2	506	504	0.00000
1536	2048	2	504	250	0.00000
1024	2560	1	290	328	5.64219
1024	2048	2	94	166	0.00000
1536	2048	2	170	96	0.00000
1536	2048	2	512	308	0.00000
1024	2048	2	268	18	0.00000
1536	2560	1	214	374	3.09245
1024	2560	1	292	450	5.53876
1024	2560	1	194	362	2.89207
1536	2560	1	298	434	3.04529
1024	2560	1	54	418	0.00995
1024	2560	1	156	446	5.84143
1536	2560	1	128	338	3.01358
1536	2560	1	408	442	2.00800
1536	2560	1	474	358	4.82245
1024	2560	1	454	236	1.71165
1024	2560	1	432	330	1.75793
1024	3072	1	78	68	0.84089
1024	3072	1	228	114	5.81674
1024	3072	1	326	158	3.68696
1024	3072	1	358	36	4.57898
1024	3072	1	324	294	0.31494
1024	3072	1	248	290	0.00559
1024	3072	1	178	224	0.00000
1024	3072	1	118	186	0.41013
1024	3072	1	110	346	2.36418
1024	3072	1	30	226	0.00000
1024	3072	1	208	394	2.77166
1024	3072	1	336	410	1.73955
1024	3072	1	468	358	1.64601
1536	3072	1	166	272	0.93792
1024	3072	1	438	482	0.20132
1024	3584	1	340	18	3.84021
1024	3584	1	244	20	0.76455
1024	3072	1	80	476	4.50843
1024	3584	1	128	32	0.84753
1024	3584	1	232	94	2.09033
1024	3584	1	382	112	3.72699
1536	3072	1	82	50	1.95676
1536	3072	1	180	22	5.77210
1536	3072	1	252	112	3.26961
1536	3072	1	368	26	0.30682
1536	3072	1	502	90	1.92729
1536	3072	1	386	254	2.38244
1536	3072	1	512	284	2.18468
1536	3072	1	302	394	5.44570
1536	3072	1	372	380	2.35547
1536	3072	1	36	402	0.33411
1536	3072	1	176	440	5.61941
1536	3072	1	124	480	5.84171
1024	3584	1	512	84	5.70129
1536	3584	1	268	8	2.86011
1536	3072	1	398	470	5.33043
1024	3584	1	158	194	3.88994
1024	3584	1	104	298	4.17001
1024	3584	1	220	314	0.99282
1024	3584	1	290	198	5.47013
1024	3072	1	426	124	2.02441
1536	3584	1	234	110	2.34845
1536	3584	1	82	238	2.97596
1536	3584	1	216	230	2.24825
1536	3584	1	152	276	2.76152
1024	3584	1	368	364	0.00000
1024	3584	2	498	232	0.00000
1536	3584	1	488	10	4.00209
1536	3584	2	466	106	0.00000
1536	3584	1	336	154	1.07074
1536	3584	1	370	250	5.25903
1536	3584	1	48	430	0.00000
1024	3584	1	462	408	0.00000
1536	3584	1	172	434	0.24246
1536	3584	1	306	442	0.00000
1536	3584	1	462	426	0.00000
1024	3584	1	138	466	0.00000
1024	3584	1	244	382	4.35274
1024	3584	1	20	474	5.51773
1536	3584	1	350	350	5.69010
1536	3584	1	226	484	0.42549
1536	3584	1	496	212	4.94188
1536	3584	1	512	322	2.12885
2048	2048	2	494	56	0.00000
2048	2560	2	414	42	0.00000
2048	2560	2	350	60	0.00000
2560	2560	2	14	168	0.00000
2048	2560	2	316	204	0.00000
2048	2560	2	236	148	0.00000
2048	2560	2	166	150	0.00000
2048	2560	2	504	308	0.00000
2048	2560	2	452	320	0.00000
2560	2560	2	470	334	0.00000
2560	2560	2	312	478	0.00000
2560	2560	2	18	472	0.00000
2048	2560	2	326	424	0.00000
2048	2560	2	198	412	0.00000
2048	2560	2	174	366	0.00000
2048	2048	1	410	140	5.75852
2560	2048	1	212	264	3.60716
2560	2048	1	108	254	5.60376
2560	2048	1	64	116	3.64749
2048	2048	1	304	40	0.57038
2048	2048	1	176	66	3.75965
2048	2048	1	76	124	1.56561
2048	2048	1	90	18	2.34609
2048	2048	1	20	240	0.47835
2048	2048	1	182	318	2.67056
2048	2048	1	86	386	0.00000
2048	2048	1	390	256	1.72537
2048	2048	1	466	370	5.98482
2048	2048	1	292	302	5.76462
2048	2048	1	282	446	2.58785
2560	2048	1	204	112	0.28300
2560	2048	1	308	90	0.00000
2560	2048	1	384	70	6.00288
2560	2048	1	424	202	4.32635
2560	2048	1	84	360	5.17286
2560	2048	2	302	396	0.00000
2560	2048	1	230	366	0.62083
2048	2048	1	386	466	0.64900
2048	2048	1	168	484	3.96764
2048	2560	1	284	94	2.75299
2048	2560	1	74	108	3.81996
2048	2560	1	120	230	2.80135
2560	2048	1	386	460	2.78450
2560	2560	1	100	70	5.56679
2560	2048	1	236	480	4.28196
2560	2560	1	314	34	1.69867
2560	2048	1	502	422	3.34138
2560	2560	1	396	130	5.20302
2560	2560	1	230	136	3.94661
2560	2560	1	388	224	1.52760
2560	2560	1	504	94	1.89508
2560	2560	1	134	302	0.35731
2048	2560	1	116	470	5.87851
2560	2560	1	124	458	3.68183
2560	2560	1	272	390	4.09172
2560	2560	1	384	364	3.86092
2560	2560	1	470	458	4.23654
2048	2560	1	410	472	1.17972
2048	2560	1	310	350	3.86046
2048	2560	1	26	360	1.92624
3072	2048	1	26	32	1.03131
3072	2048	1	134	52	1.72440
3072	2048	1	248	32	3.73520
3072	2048	1	314	72	0.99442
3072	2048	1	420	30	2.44457
3584	2048	1	36	54	3.89796
3584	2048	1	142	0	3.10066
3584	2048	1	226	0	0.00000
3584	2048	1	376	66	0.70863
3584	2048	1	456	62	0.00000
3584	2048	1	128	114	0.20363
3584	2048	1	220	88	4.10422
3584	2048	1	274	202	5.68701
3584	2048	1	370	222	5.39994
3072	2048	1	490	174	3.13367
3072	2048	1	378	150	1.38179
3072	2048	1	304	112	0.58014
3072	2048	1	54	156	1.98080
3072	2048	1	186	186	5.69747
3072	2048	1	68	266	1.82891
3072	2048	1	222	290	1.16192
3072	2048	1	386	254	1.17153
3072	2048	1	454	308	4.77825
3584	2048	1	298	304	5.43986
3584	2048	2	250	274	0.00000
3072	2048	1	322	340	4.38345
3072	2048	1	94	386	0.73454
3072	2048	1	184	410	4.27420
3072	2048	1	486	394	4.75047
3584	2048	1	314	464	4.86671
3072	2048	1	352	450	1.93321
3072	2048	1	452	504	3.72492
3584	2048	1	82	484	4.29998
3584	2560	1	306	48	2.31628
3584	2560	1	420	126	5.96143
3584	2560	1	116	46	3.86672
3584	2560	1	206	86	1.32877
3072	2560	1	362	36	0.39001
3072	2560	2	312	26	0.00000
3072	2560	2	264	14	0.00000
3072	2560	1	222	54	2.35041
3072	2560	2	86	20	0.00000
3072	2560	1	106	68	3.09207
3072	2560	1	306	186	2.02088
3584	2560	1	20	84	2.27320
3072	2560	1	48	196	4.45306
3072	2560	1	426	172	0.41534
3584	2560	1	128	146	4.60571
3072	2560	1	158	276	3.60658
3584	2560	1	336	254	3.59833
3584	2560	1	480	222	3.72059
3584	2560	2	336	134	0.00000
3072	2560	1	324	338	3.28001
3072	2560	1	496	252	4.18311
3584	2560	1	224	232	1.90256
3584	2560	1	430	334	3.99677
3584	2560	2	400	254	0.00000
3072	2560	1	164	394	0.00000
3072	2560	1	254	400	2.85932
3072	2560	1	26	338	3.51118
3584	2560	1	40	352	3.51245
3584	2560	1	238	338	3.49776
3584	2560	1	178	342	0.46288
3584	2560	1	90	396	3.50036
3584	2560	1	174	434	4.23986
3584	2560	1	322	382	4.30051
3584	2560	1	464	412	3.69495
3584	2560	1	420	472	2.56038
3072	2560	1	366	438	1.30392
3072	2560	1	224	512	5.63547
3072	2560	1	472	444	2.86517
3072	2560	1	442	350	4.16313
3584	2560	1	88	506	4.66388
3584	2560	1	262	470	4.45642
3584	2560	1	314	512	4.59657
3072	3072	2	238	454	0.00000
3072	3072	2	436	260	0.00000
3072	3072	1	152	94	1.11152
3072	3072	1	62	18	2.31734
3072	3072	1	110	184	5.36524
3072	3072	1	12	164	3.28349
3072	3072	1	238	30	5.73863
3072	3072	1	388	54	6.03523
3072	3072	1	240	168	4.80734
3072	3072	1	380	222	0.52328
3072	3072	1	68	300	3.67444
3072	3072	1	290	298	2.27941
3072	3072	1	214	330	5.37120
3072	3072	1	148	386	4.96891
3072	3584	1	86	88	0.52782
3072	3072	1	158	490	3.67492
3072	3072	1	284	448	3.41781
3072	3584	1	196	140	0.54655
3072	3584	1	152	86	3.61809
3072	3072	1	376	504	2.79267
3072	3584	1	308	76	3.41602
3072	3072	1	510	62	1.39094
3072	3072	1	470	178	6.08752
3072	3072	1	452	398	3.79898
3584	3072	1	82	152	0.86128
3072	3072	1	510	286	1.32582
3584	3072	1	64	342	1.55609
3584	3072	1	134	200	0.49236
3584	3072	1	264	70	1.10840
3584	3072	1	172	256	0.46116
3584	3072	1	150	438	0.17467
3584	3072	1	218	458	0.23485
3072	3584	1	474	22	1.75098
3584	3072	1	20	462	1.42295
3584	3584	1	8	192	1.42598
3584	3072	1	416	484	1.34549
3584	3072	1	422	392	5.53226
3584	3072	1	318	414	3.97082
3584	3072	1	272	344	1.16242
3584	3072	1	268	270	4.49462
3584	3072	1	418	206	5.56489
3584	3072	1	484	94	3.18633
3584	3072	1	370	90	4.75113
3584	3584	1	128	50	2.45730
3584	3584	1	122	128	2.21558
3584	3584	1	218	118	2.90951
3584	3584	1	288	18	2.26000
3584	3584	1	308	130	2.69183
3584	3584	1	408	50	4.09609
3584	3584	1	492	56	0.48018
3584	3072	1	134	46	4.43822
3584	3072	1	340	6	5.05693
3584	3072	1	464	304	4.04642
3584	3584	1	380	212	3.17538
3584	3584	1	500	240	3.04728
3072	3584	1	56	238	0.56260
3072	3584	1	152	250	1.60039
3072	3584	1	332	292	1.94591
3072	3584	1	398	216	1.63194
3072	3584	1	110	358	3.08807
3584	3584	1	188	238	4.65887
3584	3584	1	118	428	5.54795
3584	3584	1	176	380	1.68145
3584	3584	1	242	326	1.64806
3584	3584	1	404	350	2.36376
3584	3584	1	312	376	4.71239
3584	3584	1	482	352	2.75491
3072	3584	1	250	426	3.31609
3072	3584	1	216	328	1.66146
3072	3584	1	382	380	1.69428
3072	3584	1	432	438	1.11230
3072	3584	1	178	428	1.04191
3072	3584	1	58	482	5.27767
3072	3584	1	472	320	4.80305
3584	3584	1	74	292	0.00000
3584	3584	1	354	470	5.30509
3072	3584	1	484	92	4.07152
3072	3584	1	326	510	3.41420
2048	3072	1	186	118	0.63965
2048	3072	1	296	208	1.85685
2560	3072	1	84	142	4.69913
2560	3072	1	430	62	5.21206
2560	3072	1	416	154	2.42775
2048	3072	1	294	72	0.00000
2048	3072	1	482	116	3.23225
2560	3072	1	274	138	0.35774
2048	3072	1	56	434	4.00376
2048	3072	1	324	380	2.11991
2560	3072	1	36	310	2.89945
2048	3072	1	438	364	3.60524
2560	3072	1	256	356	0.00000
2560	3072	1	432	280	3.20769
2560	3072	1	334	212	0.39664
2048	3072	1	436	36	0.94099
2560	3072	1	324	74	2.50206
2560	3072	1	206	78	3.05715
2560	3072	1	162	488	0.00000
2048	3072	1	184	416	5.39180
2048	3072	1	286	286	4.52806
2560	3072	1	324	460	5.76695
2560	3072	1	472	458	4.12189
2560	3072	1	418	382	3.15708
2560	3072	1	358	342	2.93089
2048	3072	1	326	502	3.70530
2048	3072	1	468	446	5.14902
2560	3584	1	62	26	1.29517
2560	3584	1	342	224	3.70500
2560	3584	1	302	70	3.13479
2048	3584	1	100	6	2.41455
2048	3072	1	46	182	3.84059
2048	3072	1	366	152	5.72279
2048	3584	1	412	18	4.40968
2560	3072	1	146	310	0.49031
2048	3584	1	58	334	2.24246
2048	3584	1	392	308	5.93795
2048	3584	1	310	294	6.17697
2560	3584	1	18	378	0.36933
2560	3584	1	462	414	0.91160
2560	3584	1	424	358	1.36850
2560	3584	1	124	454	2.42714
2560	3584	1	208	472	3.32650
2560	3584	1	290	490	0.00000
2048	3584	1	66	490	0.42528
2048	3584	1	190	464	5.86566
2048	3584	1	384	468	0.93248
2048	3584	1	486	264	1.13959
2048	3584	1	448	184	1.48961
2048	3584	1	328	154	1.09726
2560	3584	1	318	342	2.49873
2048	3584	1	166	274	4.56817
2048	3584	1	156	196	1.37655
2048	3584	1	170	118	5.01660
2048	3584	1	154	350	4.68501
2560	3584	1	172	288	2.62770
2048	3584	1	512	502	0.80550
2560	3584	1	270	152	2.30038
2048	3584	1	34	84	2.78212
2560	3584	1	128	108	5.20155
2560	3584	1	458	134	1.60264
2560	3584	1	404	30	1.77267
2560	3584	1	510	236	0.38570
2560	3584	1	222	214	6.08299
2560	3584	1	86	150	5.14435
2560	3584	1	408	238	0.50160
2048	3072	2	62	328	0.00000
2560	3072	2	96	240	0.00000
2048	3072	2	432	232	0.00000
2048	3072	2	160	480	0.00000
2560	3072	2	28	452	0.00000
2560	3072	2	502	308	0.00000
2560	3072	2	504	164	0.00000
2048	3072	2	54	30	0.00000
2048	3072	2	190	26	0.00000
2560	3072	2	158	78	0.00000
2560	3072	2	216	510	0.00000
2048	3072	2	194	340	0.00000
2048	3072	2	190	222	0.00000
2048	3584	2	38	224	0.00000
2048	3584	2	308	512	0.00000
2560	3584	2	414	496	0.00000
2560	3584	2	512	492	0.00000
2048	3584	2	446	408	0.00000
2560	3584	2	120	294	0.00000
2048	3584	2	102	76	0.00000
2048	3072	2	24	330	0.00000
2048	3072	2	42	274	0.00000
