1024	2048	1	220	212	1.96066
1024	2048	1	120	198	2.71711
1024	2048	1	326	70	5.64927
1024	2048	1	466	244	3.09062
1024	2048	1	234	338	0.67991
1536	2048	1	160	296	1.65822
1536	2048	1	170	214	2.24993
1536	2048	1	124	54	5.32741
1024	2048	1	480	510	3.77760
1024	2048	1	88	438	0.00000
1536	2048	1	380	242	2.35250
1536	2048	1	244	30	3.62326
1536	2048	1	448	110	5.94164
1536	2048	1	458	230	5.82591
1536	2048	1	420	372	3.93960
1024	2560	1	264	50	0.97877
1024	2560	1	230	240	1.90143
1536	2560	1	48	54	1.30069
1536	2560	1	216	12	1.45654
1536	2048	1	340	478	4.29074
1536	2560	1	190	154	3.98028
1536	2560	1	90	120	0.70863
1024	2560	1	372	182	0.26299
1024	2560	1	410	76	2.07420
1024	2560	1	400	376	4.19380
1536	2048	1	502	436	3.56776
1024	2048	1	302	458	4.57295
1536	2560	1	264	230	6.13054
1536	2560	1	58	268	5.52871
1024	2560	1	458	230	0.00000
1536	2560	1	184	284	0.54829
1024	2560	1	274	164	2.81530
1536	2560	1	256	70	4.42881
1536	2560	1	470	230	1.18564
1536	2560	1	38	430	5.27736
1536	2560	1	420	430	2.03444
1024	2560	1	138	368	1.05835
1024	2560	1	92	196	2.86083
1024	2560	1	232	468	2.68747
1536	2560	1	208	410	2.98727
1536	2560	1	382	502	1.74575
1536	2048	1	314	64	0.00000
1536	2048	1	220	380	0.66891
1024	2048	1	192	72	0.50224
1536	3584	1	432	400	0.13866
1536	3584	2	446	516	0.00000
1536	3584	1	380	462	0.06389
1536	3584	1	258	500	0.63598
1536	3584	1	196	410	0.36481
1024	3584	2	375	516	0.00000
1024	3584	1	8	488	5.54163
1024	3584	1	154	474	0.00000
1024	3584	1	298	430	4.97575
1536	3584	1	70	326	0.00000
1536	3584	1	148	270	3.25953
1536	3584	1	324	270	1.91087
1536	3584	1	512	140	1.92166
1536	3584	2	416	118	0.00000
1536	3584	2	382	58	0.00000
1536	3584	1	306	148	1.05538
1536	3584	1	222	68	5.60365
1024	3584	1	400	308	3.39697
1024	3584	1	232	346	0.76095
1024	3584	1	236	244	0.34899
1024	3584	1	120	232	2.97182
1024	3584	1	46	214	0.00000
1536	3584	1	78	160	2.80037
1024	3584	1	496	218	5.40165
1024	3584	1	334	218	3.41779
1024	3584	1	372	60	2.61730
1536	3584	1	82	38	5.27298
1536	3072	1	294	488	3.66312
1536	3072	1	512	476	1.84845
1536	3072	1	494	332	4.83098
1536	3072	1	474	254	1.67415
1536	3072	1	374	408	1.71060
1536	3072	1	320	328	1.54376
1536	3072	1	264	264	4.26344
1536	3072	1	234	206	4.12867
1536	3072	1	382	116	2.70957
1536	3072	1	494	54	0.92285
1536	3072	1	246	86	3.22444
1536	3072	1	184	416	5.21837
1536	3072	1	90	466	1.95544
1024	3584	1	218	54	0.41892
1024	3584	1	122	88	0.00000
1024	3584	1	10	34	0.00000
1024	3072	1	68	480	5.84991
1024	3072	2	142	446	0.00000
1024	3072	1	194	436	0.00000
1024	3072	1	288	464	5.57299
1024	3072	1	346	422	2.24337
1024	3072	1	476	436	3.38069
1536	3072	1	146	276	2.32634
1536	3072	1	146	172	0.90523
1536	3072	1	172	54	5.44569
1536	3072	1	82	94	0.36033
1536	3072	1	38	56	0.90298
1024	3072	1	460	104	0.77901
1024	3072	1	510	210	2.12710
1536	3072	1	50	308	1.22846
1024	3072	1	416	276	4.69935
1024	3072	1	306	304	0.36952
1024	3072	1	258	256	0.48815
1024	3072	1	112	332	1.17584
1024	3072	1	128	266	0.83023
1024	3072	1	104	210	1.08061
1024	3072	1	80	62	2.05892
1024	3072	1	176	44	0.00000
1024	3072	1	220	176	4.31191
1536	3584	1	506	448	3.03833
2048	2048	1	78	94	5.49318
2048	2048	1	198	126	0.00000
2048	2048	1	82	294	4.57049
2048	2048	1	90	390	2.58299
2048	2048	1	372	128	0.89309
2048	2048	1	314	50	3.90510
2048	2048	1	480	114	0.26625
2560	2048	1	68	48	3.53465
2560	2048	1	164	86	1.94943
2560	2048	1	240	116	0.00000
2560	2048	1	322	102	0.00000
2560	2048	2	426	28	0.00000
2560	2048	1	26	202	2.89661
2048	2048	1	250	274	5.90268
2048	2048	1	162	478	1.16590
2048	2048	1	274	504	2.64243
2048	2048	1	356	510	5.87829
2048	2560	1	432	12	3.01724
2048	2048	1	340	392	1.73071
2560	2048	1	74	376	4.89550
2048	2048	1	496	426	5.92441
2560	2048	1	202	220	1.23030
2560	2048	1	394	250	6.03615
2560	2048	1	482	178	1.65351
2560	2048	2	506	74	0.00000
2560	2048	1	280	308	4.58147
2560	2560	1	144	8	0.93726
2560	2048	1	216	412	0.00000
2560	2048	2	294	394	0.00000
2560	2048	2	356	396	0.00000
2048	2560	1	62	104	3.56403
2048	2560	2	170	154	0.00000
2048	2560	2	242	158	0.00000
2048	2560	1	282	92	2.56403
2048	2560	1	392	138	4.01706
2560	2048	1	294	470	4.00376
2560	2560	1	284	52	0.99649
2560	2560	1	414	38	5.77325
2560	2048	2	440	464	0.00000
2560	2048	1	512	464	3.74321
2560	2560	1	512	46	0.00000
2560	2560	1	166	174	1.05784
2560	2560	1	342	130	1.06652
2560	2560	1	490	178	5.71314
2560	2560	1	372	180	0.93632
2560	2560	1	414	254	0.96099
2560	2560	1	272	302	4.39286
2560	2560	1	12	242	5.37615
2048	2560	1	394	232	1.17735
2560	2560	1	152	370	3.18918
2560	2560	2	34	167	0.00000
2560	2560	2	462	333	0.00000
2560	2560	2	316	487	0.00000
2048	2560	1	54	282	0.52807
2048	2560	1	118	344	3.79414
2048	2560	1	214	348	3.03380
2048	2560	1	282	316	0.05413
2048	2560	1	394	372	5.62095
2048	2560	2	442	321	0.00000
2560	2560	2	4	329	0.00000
2048	2560	1	238	494	5.26013
2048	2560	2	322	429	0.00000
2048	2560	1	58	452	3.19467
2560	2560	1	280	394	1.04223
2560	2560	1	398	398	3.36451
2048	2560	1	424	498	1.72480
2560	2560	1	122	464	0.78068
2560	2560	1	214	476	6.05946
2560	2560	1	494	512	6.04620
2560	2560	1	512	374	0.00000
2560	2560	1	396	512	4.48443
3072	2560	1	114	130	0.00000
3584	2560	1	22	500	0.86896
3072	2560	1	0	202	5.37626
3584	2560	1	38	236	3.97242
3072	2560	1	162	394	4.28202
3072	2560	1	26	386	0.00000
3072	2560	1	340	130	0.00000
3584	2560	1	212	356	3.07494
3584	2560	1	408	216	0.00000
3072	2560	1	172	250	0.00000
3584	2560	1	154	350	2.28154
3584	2560	1	120	280	4.73853
3584	2560	1	26	148	4.01994
3584	2560	1	176	200	4.64149
3584	2560	1	326	192	5.95226
3584	2560	1	462	132	4.77732
3584	2560	1	346	6	5.55189
3072	2560	1	402	398	5.58094
3584	2560	1	444	338	3.95150
3584	2560	1	296	298	5.63867
3584	2048	1	428	456	5.44078
3072	2560	1	278	202	2.88787
3072	2560	1	502	402	0.00000
3584	2048	1	502	422	0.00000
3072	2560	1	348	482	0.00000
3072	2560	1	276	404	0.00000
3584	2560	1	362	452	2.60102
3584	2560	1	292	434	0.00000
3584	2560	1	48	370	3.26745
3584	2560	1	184	462	5.99505
3584	2560	1	144	512	2.84362
3584	2560	1	486	462	5.88245
3584	2560	1	512	310	3.72899
3584	2048	1	346	370	4.34840
3072	2560	1	416	252	3.38944
3584	2560	1	156	118	4.42518
3072	2048	1	366	486	3.31804
3072	2560	2	432	128	0.00000
3072	2560	2	460	184	0.00000
3072	2560	1	512	2	0.00000
3072	2560	1	434	44	2.81450
3072	2560	1	258	104	4.18734
3072	2048	1	260	504	1.06226
3072	2048	1	24	422	3.76313
3072	2048	1	104	484	3.36979
3072	2048	1	180	440	3.38340
3072	2048	1	198	342	5.59763
3072	2048	1	320	334	2.78462
3072	2048	1	390	346	2.80711
3072	2048	1	488	444	2.92924
3584	2048	1	4	348	5.01772
3584	2048	1	84	400	4.25038
3584	2048	1	68	474	4.40427
3584	2560	1	78	46	4.31646
3584	2048	1	206	498	6.15598
3584	2048	1	180	290	4.31340
3584	2048	1	372	202	5.45771
3584	2048	1	424	326	2.17477
3584	2048	1	512	294	5.59012
3584	2048	1	480	52	0.00000
3584	2048	1	266	78	3.97500
3584	2048	1	154	174	2.20062
3584	2048	1	134	90	4.52444
3584	2048	1	56	168	5.31682
3072	2048	1	508	246	4.58582
3072	2048	1	410	192	4.91135
3072	2048	1	208	134	0.00000
3072	2048	1	154	246	5.40600
3072	2048	1	72	78	3.53181
3584	2048	1	84	22	1.31784
3072	2048	1	392	36	5.04359
3072	2048	2	298	34	0.00000
3072	2048	1	178	16	0.00000
3072	2048	1	20	164	1.76122
3072	2560	1	34	96	2.61736
3584	2560	2	354	140	0.00000
3072	2560	1	164	510	0.00000
3072	3072	1	246	184	1.24276
3584	3584	1	390	126	6.18651
3072	3072	1	174	376	2.51065
3584	3072	1	12	396	0.20660
3072	3584	1	508	152	5.83398
3584	3584	1	64	138	0.00000
3072	3072	1	398	80	5.97389
3072	3072	1	152	64	0.00000
3072	3072	1	52	242	3.57390
3072	3072	1	486	250	4.03532
3072	3584	1	170	4	1.93100
3584	3072	1	138	200	2.49540
3584	3072	1	152	328	5.47440
3072	3072	1	250	492	6.15204
3072	3072	1	332	470	2.86366
3072	3584	1	418	4	2.48078
3584	3584	1	188	20	1.29424
3584	3072	1	298	388	0.77957
3584	3072	1	334	450	0.59006
3584	3072	1	384	464	0.64690
3072	3072	1	56	406	5.04378
3584	3072	1	20	150	1.37453
3072	3584	1	190	152	0.96412
3072	3584	1	350	162	4.72829
3584	3072	1	128	24	5.31228
3584	3072	1	254	252	2.84457
3584	3584	1	264	56	0.74655
3584	3584	1	146	132	5.48606
3584	3584	1	6	4	5.39022
3584	3072	1	88	424	5.51316
3072	3072	1	430	368	2.62513
3072	3072	1	158	250	5.57534
3072	3584	1	164	94	4.54913
3072	3584	1	340	88	4.63170
3584	3584	1	346	426	2.39753
3584	3072	1	300	228	0.00000
3584	3072	1	404	196	3.51124
3584	3072	1	404	320	3.48670
3584	3072	1	402	108	1.88358
3072	3584	1	58	112	3.77211
3584	3072	1	50	306	0.00000
3072	3584	1	428	360	4.87511
3072	3584	1	172	288	0.50190
3072	3584	1	56	244	2.38719
3072	3584	1	118	196	5.59736
3584	3072	1	66	92	1.96661
3584	3584	1	324	104	4.02826
3584	3584	1	490	102	0.00000
3584	3584	1	362	302	1.10224
3072	3584	1	380	264	5.01567
3584	3072	1	262	58	2.08102
3584	3072	1	166	454	2.08406
3072	3584	1	210	486	1.39504
3584	3584	1	32	286	6.19585
3584	3584	1	156	396	5.81805
3072	3584	1	304	370	2.86489
3072	3584	1	64	392	5.33586
3584	3584	1	190	328	5.25512
3072	3584	1	258	318	0.00000
3584	3072	1	222	156	0.00000
3584	3072	1	440	46	4.95666
3584	3584	1	30	464	5.53848
2048	3584	1	454	480	0.43224
2048	3584	1	380	462	0.36339
2048	3584	1	48	376	0.78860
2560	3584	1	34	494	0.00000
2560	3584	1	118	436	0.00000
2560	3584	1	202	424	3.25145
2048	3584	1	92	456	0.28068
2560	3584	1	328	426	5.07966
2048	3584	1	180	510	5.47557
2048	3584	1	288	470	0.00000
2048	3584	1	278	390	0.60774
2048	3584	1	16	264	0.96032
2048	3584	1	182	290	1.87762
2048	3584	1	364	346	0.23727
2048	3584	1	456	352	0.10002
2560	3584	1	472	394	3.80144
2560	3584	1	446	332	0.75335
2560	3584	1	404	244	2.29107
2560	3584	1	444	156	5.87259
2560	3584	1	320	268	5.55985
2560	3584	1	308	328	2.29797
2560	3584	1	512	124	4.21477
2048	3584	1	424	212	1.70238
2560	3584	1	52	296	6.08828
2560	3584	1	162	244	2.28805
2560	3584	1	178	174	4.51673
2048	3584	1	276	234	0.51057
2560	3584	1	322	148	1.46675
2048	3584	1	90	84	0.53802
2560	3584	2	454	512	0.00000
2560	3584	1	260	86	1.44644
2560	3584	1	110	80	0.99236
2048	3584	1	494	112	0.90607
2048	3584	1	380	118	0.92044
2048	3584	1	194	204	1.14576
2048	3584	1	272	102	4.24807
2048	3072	1	32	342	4.63562
2048	3072	1	88	278	4.94176
2560	3072	1	512	500	5.99841
2560	3072	1	402	500	0.00000
2560	3072	1	194	452	1.31802
2048	3584	2	368	24	0.00000
2048	3072	2	168	480	0.00000
2048	3072	2	74	432	0.00000
2560	3072	2	342	448	0.00000
2560	3072	2	260	486	0.00000
2560	3072	1	90	432	0.74274
2048	3072	1	502	492	2.45291
2048	3072	1	382	460	5.85894
2048	3072	1	220	424	5.49779
2048	3072	2	202	318	0.00000
2048	3072	1	66	158	0.13529
2560	3072	2	146	72	0.00000
2048	3072	1	490	74	6.21686
2048	3072	1	296	138	5.74650
2048	3072	1	276	8	5.04076
2048	3072	2	198	28	0.00000
2048	3072	1	380	14	4.50655
2560	3072	1	226	14	3.02275
2560	3072	1	390	64	5.94927
2560	3072	1	480	56	5.81453
2048	3072	1	280	272	2.52024
2048	3072	2	200	230	0.00000
2048	3072	1	0	56	4.04691
2560	3072	1	306	138	2.66081
2560	3072	1	398	208	0.59384
2560	3072	1	512	212	4.34773
2560	3072	1	490	306	2.45586
2560	3072	1	412	382	1.85840
2560	3072	1	218	296	4.80839
2560	3072	2	222	134	0.00000
2560	3072	1	164	210	1.29387
2048	3072	1	486	232	1.73991
2560	3072	2	112	232	0.00000
2560	3072	1	60	318	4.83830
2048	3072	1	492	370	2.31122
2048	3072	1	422	376	2.58162
2048	3072	1	28	494	2.16186
2048	3072	2	320	440	0.00000
