1024	2048	2	120	20	0.00000
1024	2048	2	196	92	0.00000
1024	2048	2	260	10	0.00000
1024	2048	2	370	38	0.00000
1536	2048	2	8	40	0.00000
1536	2048	2	290	104	0.00000
1536	2048	2	226	158	0.00000
1536	2048	2	274	28	0.00000
1536	2048	2	492	62	0.00000
1024	2048	1	316	104	1.57843
1024	2048	1	300	230	3.47662
1024	2048	1	208	272	1.91871
1024	2048	1	218	364	0.44910
1024	2048	1	494	272	5.71568
1536	2048	1	104	166	0.88022
1536	2048	1	90	24	3.78222
1536	2048	1	160	278	3.03079
1024	2048	1	376	404	5.07305
1536	2048	1	32	396	1.14973
1536	2048	1	400	264	1.93604
1536	2048	1	270	316	3.07180
1536	2048	1	322	356	3.31959
1536	2048	2	244	406	0.00000
1024	2560	1	312	22	1.53798
1536	2560	1	16	10	5.90882
1536	2048	1	218	502	0.81920
1536	2048	1	396	412	0.27886
1536	2048	1	472	402	3.08360
1536	2560	2	512	64	0.00000
1536	2560	1	282	38	0.34372
1536	2560	1	360	110	2.98493
1536	2560	1	444	138	2.84378
1024	2560	1	74	174	2.53495
1024	2560	1	170	226	0.73971
1024	2560	1	454	116	5.97188
1024	2560	1	390	174	2.90797
1024	2560	1	258	210	3.96374
1536	2560	1	170	148	1.22988
1024	2560	1	70	402	0.16978
1024	2560	2	30	336	0.00000
1536	2560	2	476	420	0.00000
1536	2560	2	512	368	0.00000
1024	2560	1	394	266	5.15236
1024	2560	1	322	318	2.77949
1024	2560	1	146	418	3.57479
1024	2560	1	280	360	2.52134
1024	2560	1	510	392	0.56149
1024	2560	1	274	482	2.66918
1024	2560	2	398	486	0.00000
1536	2560	1	68	448	0.99649
1536	2560	1	236	434	0.22884
1536	2560	1	326	410	2.92945
1536	2560	1	86	348	3.34725
1536	2560	1	212	282	0.80627
1536	2560	1	296	238	5.63485
1536	2560	1	414	288	2.39377
1536	2560	2	396	416	0.00000
1536	2560	2	452	480	0.00000
1536	2560	1	318	512	4.73529
1536	2560	2	472	298	0.00000
1536	2048	2	512	494	0.00000
1024	2048	2	8	502	0.00000
1024	2560	2	342	444	0.00000
1536	2560	2	90	120	0.00000
1024	2560	2	130	512	0.00000
1024	3072	1	0	56	2.64713
1024	3072	1	128	48	3.23339
1024	3072	1	0	176	4.24727
1024	3072	2	86	192	0.00000
1024	3072	1	152	186	0.33341
1024	3072	1	302	86	5.28681
1024	3072	1	268	190	5.84334
1024	3072	1	228	256	2.67793
1024	3072	1	442	128	1.30454
1536	3072	1	54	144	0.53814
1536	3072	1	142	194	3.37101
1536	3072	1	242	136	2.80230
1536	3072	1	290	116	5.82073
1536	3072	1	432	80	4.95448
1536	3072	1	408	148	2.07193
1536	3072	1	428	236	2.17213
1536	3072	1	340	292	5.08672
1536	3072	1	186	344	5.18081
1024	3072	1	402	240	4.29680
1024	3072	1	94	380	5.30941
1024	3072	1	266	382	1.80941
1024	3072	1	412	378	2.28850
1536	3072	1	24	338	0.36558
1536	3072	1	62	418	0.52569
1536	3072	1	102	486	3.42563
1536	3072	1	174	456	3.00783
1536	3072	1	238	474	0.00000
1536	3072	1	424	426	0.00000
1536	3584	1	336	26	1.17022
1024	3072	1	466	506	1.57365
1024	3072	1	252	508	0.73616
1024	3072	1	58	500	6.20164
1024	3584	1	140	94	4.64854
1024	3584	1	376	112	0.16876
1536	3584	1	216	104	1.54390
1536	3584	1	482	12	1.67912
1536	3584	2	460	114	0.00000
1536	3584	2	386	122	0.00000
1536	3584	1	358	198	2.35619
1536	3584	1	470	198	0.88541
1536	3584	1	492	284	0.91226
1536	3584	1	204	248	0.00000
1536	3584	1	102	274	0.28177
1024	3584	1	480	226	5.36600
1024	3584	1	286	316	0.00000
1024	3584	1	124	296	6.10759
1024	3584	1	430	372	0.00000
1536	3584	1	402	360	0.24556
1024	3584	1	102	498	5.89584
1536	3584	1	174	486	0.00000
1536	3584	1	96	382	1.32517
1536	3584	1	62	492	0.75623
1536	3584	1	274	358	2.47839
1536	3584	1	336	506	5.84068
1536	3584	1	486	496	5.78192
2048	2048	1	52	44	0.00000
2048	2048	1	172	52	2.62307
2048	2048	1	102	144	1.20853
2048	2048	1	46	258	6.15963
2048	2048	1	152	224	0.43726
2048	2048	1	240	242	0.17712
2048	2048	1	360	256	5.44028
2048	2048	1	404	140	3.44009
2560	2048	1	4	106	5.34384
2560	2048	1	20	216	1.87885
2560	2048	1	80	48	4.49720
2560	2048	1	184	176	5.62514
2560	2048	1	310	94	0.24150
2560	2048	1	410	50	0.10577
2560	2048	1	328	266	3.40474
2560	2048	1	498	140	3.99134
2560	2048	1	512	214	0.70315
2560	2048	1	510	300	0.64793
2560	2048	1	114	354	2.30780
2048	2048	1	120	352	4.32299
2048	2048	1	348	418	4.12883
2048	2048	1	242	394	4.31678
2048	2048	1	124	468	3.69661
2048	2048	1	44	448	0.60791
2048	2560	1	298	24	4.06777
2048	2048	2	210	496	0.00000
2560	2048	1	8	502	4.88217
2560	2048	1	86	446	1.81815
2560	2048	1	328	456	4.21909
2560	2048	2	298	384	0.00000
2560	2048	1	230	448	3.33563
2560	2560	1	202	58	2.62799
2560	2560	1	356	18	1.35027
2560	2560	1	456	84	3.23344
2560	2560	1	360	132	5.52808
2560	2560	1	312	186	5.38930
2560	2560	1	96	80	0.39708
2048	2560	1	500	104	4.03306
2048	2560	1	276	124	5.19171
2048	2560	2	392	78	0.00000
2048	2560	1	58	116	4.11510
2048	2560	1	112	178	3.80507
2048	2560	1	44	356	4.00479
2048	2560	1	72	412	0.96525
2048	2560	1	266	302	1.42372
2048	2560	1	306	464	2.92634
2048	2560	1	448	372	4.77272
2560	2560	1	16	218	1.22873
2560	2560	1	248	250	5.61841
2560	2560	1	184	328	3.29530
2560	2560	1	104	296	3.73707
2560	2560	1	374	304	3.65834
2560	2560	1	480	486	2.43111
2560	2560	1	336	462	2.60459
2560	2560	1	108	454	5.66582
2560	2560	1	200	470	0.54786
2560	2560	1	262	510	2.97339
2560	2560	2	460	336	0.00000
2560	2560	1	486	236	5.21949
2048	2560	1	452	448	4.57741
3072	2048	1	8	124	4.16523
3072	2048	1	0	0	2.42577
3072	2048	1	208	26	1.55557
3072	2048	1	72	62	0.34403
3072	2048	1	456	0	2.85209
3072	2048	2	362	12	0.00000
3072	2048	1	326	100	5.44994
3072	2048	1	244	124	5.79680
3072	2048	1	164	138	6.01381
3072	2048	2	102	130	0.00000
3072	2048	1	24	194	0.63048
3072	2048	1	266	226	4.38276
3072	2048	1	430	194	4.34324
3072	2048	1	442	86	4.97538
3072	2048	1	16	288	0.93459
3072	2048	1	126	354	4.41073
3072	2048	1	244	338	2.65639
3072	2048	1	378	332	1.82236
3584	2048	1	152	114	0.00000
3584	2048	1	222	0	0.00000
3584	2048	1	250	108	3.96419
3584	2048	1	396	88	6.11939
3584	2048	1	470	54	0.00000
3584	2048	1	512	106	0.00000
3584	2048	1	256	232	4.19152
3584	2048	1	370	206	5.25336
3584	2048	1	142	240	2.27469
3072	2048	1	500	238	1.12204
3584	2048	1	64	302	3.26633
3072	2048	1	502	324	2.49972
3584	2048	1	116	368	0.13523
3584	2048	1	228	338	4.36118
3072	2560	1	206	12	1.69584
3072	2048	1	334	436	4.42859
3072	2560	1	74	70	4.71728
3072	2560	1	364	8	1.41529
3072	2560	2	174	92	0.00000
3072	2560	2	468	202	0.00000
3072	2560	2	444	136	0.00000
3584	2048	1	498	344	1.57291
3584	2048	1	468	470	3.23265
3584	2048	1	362	468	2.62860
3584	2048	1	264	470	5.46960
3584	2048	1	160	480	3.52902
3072	2048	1	478	404	3.01802
3584	2048	1	46	512	0.00000
3072	2560	1	460	78	2.44907
3584	2560	1	162	64	1.39701
3584	2560	1	270	54	2.64053
3584	2560	1	450	110	5.97193
3584	2560	1	512	142	3.19017
3584	2560	1	276	180	4.55971
3584	2560	1	162	128	3.82784
3584	2560	1	58	134	1.73018
3072	2560	1	314	128	0.36585
3072	2560	1	374	144	0.23180
3584	2560	1	184	244	1.80704
3584	2560	1	288	278	3.72050
3584	2560	2	396	232	0.00000
3072	2560	1	234	238	0.00000
3072	2560	1	94	360	2.95492
3584	2560	1	38	224	0.73856
3072	2560	1	10	224	5.79075
3072	2560	1	350	284	3.92423
3072	2560	1	296	408	0.85592
3584	2560	1	98	308	0.00000
3072	2560	1	186	330	2.96915
3584	2560	1	208	354	5.66079
3072	2560	1	418	370	2.82113
3072	2560	1	192	474	5.36364
3584	2560	1	74	490	2.40118
3072	2560	2	490	512	0.00000
3072	2560	1	378	476	0.00000
3584	2560	1	500	326	2.68932
3584	2560	1	438	366	2.76416
3584	2560	1	384	390	2.56493
3584	2560	2	350	452	0.00000
3584	2560	2	258	476	0.00000
3584	2560	1	152	394	0.91405
3584	2560	1	420	490	4.17841
3584	2560	1	512	448	5.39390
3584	2560	1	184	478	2.73674
3584	2560	1	296	390	0.00000
3584	2560	2	276	512	0.00000
3072	2560	1	112	512	2.82672
3072	2560	2	32	512	0.00000
3072	2560	1	506	324	1.81076
3584	2560	2	348	142	0.00000
3072	3072	1	60	142	5.32585
3072	3072	1	112	80	3.01248
3072	3072	1	238	92	4.84692
3072	3072	1	104	322	0.44146
3072	3072	1	196	210	5.75030
3072	3072	1	290	180	5.10008
3072	3072	1	394	176	5.65377
3072	3072	1	448	114	0.00000
3072	3072	1	280	290	2.72278
3072	3072	1	380	296	2.60873
3072	3072	2	430	264	0.00000
3072	3072	1	472	344	0.63344
3584	3072	1	70	300	0.29614
3584	3072	1	160	254	0.42285
3584	3072	2	226	150	0.00000
3584	3072	1	68	188	4.78061
3584	3072	1	82	106	1.79324
3072	3072	1	500	54	3.01400
3584	3072	1	110	26	2.26820
3584	3072	2	180	52	0.00000
3584	3072	1	256	56	0.31552
3584	3072	1	312	80	0.71796
3584	3072	1	390	102	0.77080
3584	3072	1	468	56	0.00000
3584	3072	2	310	178	0.00000
3584	3072	1	354	250	0.92656
3584	3072	1	466	174	5.78825
3584	3072	1	440	256	3.10417
3584	3072	1	490	332	3.85107
3584	3072	2	260	258	0.00000
3072	3072	2	36	376	0.00000
3072	3072	1	28	268	0.69022
3072	3072	1	218	394	1.78102
3072	3072	1	304	502	5.83670
3072	3072	2	244	460	0.00000
3072	3584	1	124	70	5.99883
3072	3584	1	48	138	0.00000
3072	3584	1	208	20	1.96251
3072	3584	1	288	98	4.61116
3072	3584	1	294	168	1.53662
3072	3584	1	214	230	5.12184
3072	3584	1	50	314	2.29303
3072	3584	1	120	298	2.63508
3072	3584	1	188	312	2.50868
3072	3072	1	390	490	2.85197
3072	3072	1	444	488	2.65849
3584	3072	1	122	474	3.16044
3584	3584	1	230	26	3.80512
3584	3072	1	334	486	0.45431
3584	3072	1	434	402	5.15576
3584	3072	1	292	404	4.18256
3584	3584	1	472	28	0.45017
3584	3584	1	38	172	4.83450
3584	3584	1	402	20	3.27750
3584	3584	1	262	100	4.05039
3584	3584	1	354	110	0.00000
3584	3584	1	424	134	3.61814
3584	3584	1	2	98	3.90149
3072	3584	1	320	294	0.62420
3072	3584	1	440	262	1.01234
3584	3584	1	74	282	0.00000
3584	3584	1	162	304	0.00000
3584	3584	1	220	260	5.77948
3584	3584	1	292	206	5.14861
3584	3584	1	366	302	0.00000
3584	3584	1	458	286	5.89709
3584	3584	1	500	126	5.21758
3072	3584	1	350	488	2.16402
3072	3584	1	270	362	5.63268
3072	3584	1	336	402	0.96626
3072	3584	1	468	374	0.76272
3072	3584	1	508	438	0.94624
3584	3584	1	100	476	1.11656
3584	3584	1	302	475	0.00000
3584	3584	1	208	404	2.17889
3072	3584	1	216	472	0.25649
3072	3584	1	132	434	4.18134
3584	3584	1	352	428	5.64200
3584	3584	1	474	394	5.18331
3584	3584	1	440	456	5.56377
3584	3584	1	372	480	5.76782
3584	3584	1	296	320	3.15974
3584	3072	2	232	319	0.00000
3072	3072	2	386	48	0.00000
3584	3072	1	382	4	3.27415
3584	3072	1	512	124	1.39137
3072	3072	2	214	32	0.00000
2048	3072	1	68	0	0.68653
2048	3072	1	150	20	6.21821
2048	3072	1	68	210	6.12429
2048	3072	2	136	114	0.00000
2048	3072	1	252	118	0.20153
2048	3072	1	406	44	2.22435
2048	3072	1	314	190	3.32145
2048	3072	1	174	234	0.33707
2560	3072	1	52	58	2.73670
2048	3072	1	470	142	5.03945
2048	3072	1	466	206	5.69989
2048	3072	2	334	96	0.00000
2560	3072	1	122	0	0.00000
2560	3072	1	188	0	0.00000
2560	3072	1	266	28	3.02842
2560	3072	1	344	158	5.60087
2560	3072	1	430	142	0.48180
2560	3072	1	252	200	2.54213
2560	3072	2	92	220	0.00000
2560	3072	2	340	240	0.00000
2048	3072	1	328	340	4.43972
2048	3072	2	284	272	0.00000
2048	3072	1	136	374	1.16198
2048	3072	2	70	420	0.00000
2048	3072	1	258	470	5.30916
2048	3072	1	364	440	0.40359
2048	3072	1	450	374	0.48166
2560	3072	1	76	324	2.74930
2560	3072	1	164	346	6.11764
2560	3072	1	234	302	6.07014
2048	3072	2	400	178	0.00000
2560	3072	1	338	382	5.88258
2560	3072	1	512	268	1.23841
2560	3072	1	426	338	6.04002
2560	3072	1	32	484	2.97324
2560	3072	2	102	442	0.00000
2560	3072	1	152	484	0.19554
2560	3072	1	214	460	0.00000
2560	3584	1	302	2	4.13975
2560	3584	1	426	12	1.16742
2560	3584	1	478	82	4.38564
2048	3584	1	450	32	3.41989
2048	3584	1	224	50	2.60751
2048	3072	2	168	482	0.00000
2048	3584	1	62	54	0.00000
2048	3584	1	344	94	4.55474
2560	3584	1	98	98	6.24070
2048	3584	1	512	138	0.92351
2560	3584	1	154	158	1.11130
2560	3584	1	300	120	1.63306
2560	3584	1	466	184	2.36785
2560	3072	2	142	84	0.00000
2048	3584	1	214	178	2.41994
2048	3584	1	96	204	1.55997
2048	3584	1	326	206	3.44747
2048	3584	1	426	206	6.19325
2560	3584	1	54	218	2.33132
2560	3584	1	146	280	0.23685
2560	3584	1	324	248	5.24396
2560	3584	2	254	200	0.00000
2560	3584	1	512	278	2.28702
2560	3584	1	510	364	3.05553
2560	3584	1	354	390	5.58845
2560	3584	1	14	292	1.96618
2048	3584	1	66	344	6.07287
2048	3584	1	158	294	0.84347
2048	3584	1	210	348	4.37363
2048	3584	1	382	316	6.04807
2048	3584	1	454	394	0.00000
2560	3584	1	12	402	0.00000
2560	3584	1	192	512	2.64748
2560	3584	1	224	458	5.55411
2560	3584	2	268	348	0.00000
2560	3584	2	208	354	0.00000
2048	3584	1	250	490	5.72362
2048	3584	1	44	432	5.33353
2048	3584	1	200	416	4.71821
2048	3584	1	348	480	0.26403
