1024	2048	1	66	134	3.82299
1536	2048	1	168	54	6.02186
1024	2048	1	408	26	2.16447
1024	2048	2	210	72	0.00000
1024	2560	2	66	366	0.00000
1024	2048	1	238	362	0.40087
1024	2048	1	150	332	3.19662
1024	2048	1	30	326	5.56385
1536	2048	1	254	52	6.06220
1536	2048	2	324	22	0.00000
1536	2048	1	216	130	5.95001
1536	2048	1	342	132	3.93931
1536	2048	1	456	162	4.11614
1536	2048	2	500	74	0.00000
1536	2048	1	342	254	2.36705
1024	2048	1	488	230	3.28442
1536	2048	2	242	378	0.00000
1536	2560	1	94	92	0.54908
1536	2048	1	326	466	3.99404
1024	2560	1	260	154	5.34163
1536	2048	1	86	448	5.56447
1024	2560	1	478	56	2.10588
1024	2560	1	258	38	0.99172
1536	2048	1	430	512	3.39575
1536	2560	1	136	178	0.32028
1536	2560	1	310	108	4.14500
1536	2560	1	210	20	3.21241
1536	2560	1	446	206	3.25248
1024	2560	1	288	314	5.64405
1024	2560	1	180	182	2.50068
1024	2560	1	112	294	2.62920
1024	2560	2	86	182	0.00000
1024	2560	2	212	296	0.00000
1024	2560	1	426	234	2.60859
1024	2560	1	192	398	1.18091
1536	2560	1	56	220	1.98741
1024	2560	1	56	488	4.23215
1024	2560	1	212	478	3.60679
1024	2560	1	366	500	4.04271
1024	2560	1	460	462	2.51399
1536	2560	1	46	434	5.15182
1536	2560	1	172	300	3.58554
1536	2560	1	38	352	1.77722
1536	2560	1	270	240	5.81513
1536	2560	1	376	252	0.38806
1536	2560	1	406	420	2.05579
1536	2560	1	222	428	2.31396
1536	2560	1	274	376	5.75657
1536	2560	1	512	464	0.52203
1536	2560	1	512	350	1.44007
1536	2560	1	382	498	4.26929
1024	2560	1	16	244	0.14007
1536	2048	1	510	264	0.19414
1024	3072	1	262	42	3.48224
1024	3072	1	154	82	5.66481
1024	3072	1	126	174	3.35450
1024	3072	1	56	206	0.00000
1024	3072	1	6	298	5.32311
1024	3072	1	156	298	2.67028
1024	3072	1	230	232	1.35674
1024	3072	1	274	136	4.61272
1024	3072	1	324	288	0.27830
1024	3072	1	226	372	3.73206
1024	3072	1	116	510	5.95060
1024	3072	1	42	506	0.00000
1024	3584	1	212	138	5.73574
1024	3584	1	78	238	1.16957
1024	3584	1	234	294	6.06187
1024	3584	1	116	378	1.79745
1024	3584	1	250	424	0.98279
1024	3072	1	290	500	0.18948
1024	3072	1	398	492	2.22537
1024	3072	1	446	430	1.92171
1024	3072	1	450	364	2.01213
1024	3584	1	322	130	1.49949
1024	3584	1	346	198	4.82305
1024	3584	1	418	274	1.33395
1024	3584	1	492	378	1.09224
1024	3584	1	482	470	1.25320
1536	3584	1	72	438	0.00000
1536	3584	1	142	418	0.00000
1536	3584	1	226	426	0.73282
1536	3584	1	284	484	0.00000
1536	3584	2	42	210	0.00000
1536	3584	1	64	56	3.65118
1024	3584	1	486	50	3.66623
1024	3072	1	476	246	0.65881
1536	3072	1	28	80	0.52328
1536	3072	1	74	146	0.43714
1536	3072	1	38	286	0.56546
1536	3072	1	66	402	0.00000
1536	3072	1	148	232	0.28496
1536	3072	1	196	124	2.23772
1536	3072	1	244	42	2.70522
1536	3072	1	344	154	3.23807
1536	3072	1	248	246	1.87261
1536	3072	1	230	320	5.23001
1536	3072	1	158	434	5.25281
1536	3584	1	198	174	1.20927
1536	3584	1	124	276	3.71308
1536	3584	1	252	276	2.61075
1536	3584	1	378	400	5.14628
1536	3584	1	284	2	2.21609
1536	3072	1	270	422	5.28669
1536	3072	1	372	324	2.04536
1536	3072	2	374	442	0.00000
1536	3584	2	476	108	0.00000
1536	3072	1	424	148	0.64350
1536	3072	1	462	272	5.17948
1536	3072	1	512	100	5.09024
1536	3584	1	492	14	3.13443
1536	3584	1	406	120	0.00000
1536	3584	1	416	330	2.35224
1536	3584	1	442	256	3.67723
2048	2048	1	118	82	0.33779
2048	2048	1	212	320	0.00000
2048	2048	1	292	304	0.00000
2048	2048	1	84	422	1.80476
2048	2048	1	24	258	0.48995
2048	2048	1	308	86	0.55140
2560	2560	2	23	168	0.00000
2048	2048	1	430	114	5.83788
2048	2560	1	310	96	5.67020
2048	2560	1	250	138	2.74859
2048	2560	1	42	116	3.24801
2048	2560	1	112	102	3.25097
2048	2560	2	170	148	0.00000
2048	2048	1	384	462	4.65318
2560	2048	1	86	70	5.85670
2048	2048	2	512	60	0.00000
2560	2048	1	194	84	0.00000
2560	2048	1	310	88	0.00000
2560	2048	1	398	100	1.85028
2560	2048	1	208	178	3.58249
2560	2048	1	116	254	5.97125
2560	2048	1	14	232	2.37994
2560	2048	1	62	356	5.39123
2048	2048	1	478	394	5.71849
2560	2048	1	248	402	0.13733
2560	2048	1	180	394	3.43164
2560	2048	1	376	242	3.76605
2560	2048	1	458	274	0.03900
2560	2048	2	510	412	0.00000
2048	2560	1	468	116	4.59476
2048	2560	2	354	54	0.00000
2048	2560	2	410	52	0.00000
2560	2048	1	52	504	4.71146
2560	2560	1	238	40	4.36645
2560	2560	1	354	12	3.41466
2560	2048	2	432	468	0.00000
2560	2048	1	500	504	3.08354
2560	2560	1	472	100	5.40222
2560	2560	1	510	190	1.59611
2560	2560	1	414	242	2.58835
2560	2560	1	136	164	2.25124
2560	2560	1	20	300	5.79832
2048	2560	2	164	356	0.00000
2048	2560	2	200	422	0.00000
2048	2560	2	326	426	0.00000
2048	2560	2	442	314	0.00000
2048	2560	1	374	302	0.64294
2048	2560	1	158	274	1.08146
2560	2560	1	274	126	4.55448
2560	2560	1	244	218	0.80824
2560	2560	1	290	268	0.68732
2560	2560	1	192	448	5.80994
2048	2560	1	474	448	1.20412
2560	2560	2	14	482	0.00000
2048	2560	2	326	210	0.00000
2048	2560	1	124	468	0.00000
2048	2560	2	202	512	0.00000
2560	2560	2	312	494	0.00000
2560	2560	1	284	374	4.50057
2560	2560	1	398	372	3.87253
2560	2560	1	408	462	4.44655
2560	2560	2	464	330	0.00000
2048	2560	1	36	450	0.44162
2048	2560	1	12	338	1.25323
2560	2560	1	154	512	2.42689
2560	2048	2	298	388	0.00000
2048	2048	1	172	80	3.94264
3072	2560	2	464	182	0.00000
3072	2560	2	432	130	0.00000
3072	2560	2	316	24	0.00000
3072	2560	2	256	22	0.00000
3584	2560	2	346	458	0.00000
3072	2048	1	70	100	5.50713
3072	2048	1	204	44	3.61580
3072	2048	1	270	124	4.09344
3072	2048	1	398	82	3.80736
3072	2048	1	464	164	2.55359
3584	2048	1	40	158	5.84894
3584	2048	1	118	106	0.00000
3584	2048	1	226	86	4.00432
3584	2048	1	384	92	0.00000
3584	2048	1	472	60	0.00000
3584	2048	1	364	234	5.78893
3584	2048	1	184	236	3.76247
3584	2048	1	42	276	2.25972
3072	2048	1	422	266	1.93729
3072	2048	1	256	262	5.85656
3072	2048	1	122	202	3.41644
3072	2048	1	202	328	0.00000
3072	2048	1	128	356	2.68315
3072	2048	1	58	420	2.22619
3072	2560	1	78	14	1.44279
3072	2048	1	370	462	2.78310
3072	2048	1	404	358	2.23184
3584	2048	1	26	364	2.41169
3584	2048	1	50	498	5.64342
3072	2560	1	484	18	2.68202
3584	2048	1	158	456	0.50558
3584	2048	1	308	476	5.60023
3584	2048	1	284	352	1.48596
3584	2048	1	440	230	3.05574
3584	2560	1	282	72	2.98441
3584	2560	1	182	88	3.29681
3584	2560	1	76	142	0.00000
3584	2560	1	390	108	3.92417
3072	2560	1	232	102	2.97416
3072	2560	1	338	90	0.62880
3072	2560	1	340	186	4.38419
3072	2560	1	90	96	0.91546
3072	2560	1	144	188	0.00000
3584	2560	1	146	232	0.00000
3584	2560	1	364	284	5.65271
3072	2560	1	462	80	2.08525
3072	2560	1	168	294	2.31991
3072	2560	1	76	336	0.13969
3072	2560	1	26	214	1.74273
3584	2560	1	74	300	0.00000
3072	2560	1	446	270	1.38545
3072	2560	1	260	316	3.53964
3072	2560	1	348	362	3.16790
3072	2560	1	448	412	0.45120
3072	2560	1	290	460	1.89898
3584	2560	1	40	512	2.10410
3072	2560	2	172	406	0.00000
3072	2560	1	24	484	3.62528
3072	2560	1	182	512	1.39340
3584	2560	1	440	374	3.33728
3584	2560	1	182	378	1.89525
3584	2560	2	228	324	0.00000
3584	2560	2	248	460	0.00000
3584	2560	1	410	192	4.42859
3584	2560	1	278	260	5.64342
3584	2560	1	320	388	2.11495
3584	2560	1	190	478	0.00000
3584	2560	1	512	388	3.17946
3584	2560	1	478	512	2.13401
3584	3072	1	492	38	2.16825
3584	3072	1	466	134	3.60524
3584	3072	1	386	88	4.10239
3584	3072	1	340	28	1.11608
3584	3072	1	492	246	0.00000
3584	3072	1	376	232	5.37249
3584	3072	1	430	264	3.51850
3584	3072	1	476	396	4.18390
3584	3072	1	484	498	0.42419
3584	3584	1	436	66	5.37301
3584	3584	1	450	232	2.07438
3584	3584	1	392	140	2.32644
3584	3072	1	304	220	0.18318
3584	3072	1	266	178	3.64506
3584	3072	1	228	110	0.26625
3584	3072	1	116	78	4.13062
3584	3072	1	94	184	1.77328
3584	3072	1	184	286	2.78933
3584	3072	1	66	246	1.59604
3584	3072	1	296	368	2.51262
3584	3584	2	362	12	0.00000
3072	3072	2	432	252	0.00000
3584	3072	2	46	292	0.00000
3072	3072	1	488	160	0.76025
3072	3072	1	402	74	6.08912
3072	3072	1	264	66	4.33478
3072	3072	1	342	204	1.47069
3072	3072	1	232	200	0.55374
3072	3072	1	138	178	4.23796
3072	3072	1	46	100	2.92385
3072	3072	1	186	34	1.66148
3072	3072	1	282	300	1.51530
3072	3072	1	188	362	2.08139
3072	3072	1	104	418	1.26617
3072	3072	1	70	350	1.14991
3072	3072	1	352	392	3.62631
3584	3072	1	124	346	5.08353
3584	3072	1	170	420	0.65826
3584	3072	1	230	478	4.17160
3584	3072	1	340	476	0.86854
3584	3584	1	304	78	3.76924
3072	3072	1	378	512	2.34231
3072	3072	1	442	412	3.40106
3072	3584	1	232	6	3.18126
3072	3584	1	142	20	2.63815
3072	3584	1	62	74	1.81822
3584	3072	1	8	368	0.00000
3584	3072	1	2	508	4.99494
3584	3584	1	50	82	1.94607
3072	3584	1	484	102	3.20327
3072	3584	1	350	120	5.11728
3072	3584	1	62	150	1.43838
3584	3584	1	138	200	6.09696
3072	3584	1	510	200	0.97038
3072	3584	1	146	264	5.61462
3072	3584	1	52	224	2.02613
3072	3584	1	204	156	3.61787
3072	3584	1	288	230	4.30558
3072	3584	1	304	328	2.74706
3072	3584	1	432	356	1.67168
3584	3584	1	174	70	1.81054
3584	3072	1	76	410	2.96692
3584	3584	1	208	186	3.20161
3584	3584	1	348	248	0.30195
3584	3584	1	250	282	3.79506
3584	3584	1	308	156	0.47937
3584	3584	1	414	340	0.29547
3072	3584	1	58	318	1.24225
3072	3584	1	100	460	0.85197
3584	3584	1	12	268	1.12285
3072	3584	1	280	478	0.64023
3072	3584	1	232	406	0.16695
3584	3584	1	176	376	5.44626
3072	3584	1	478	440	1.01086
3584	3584	1	60	436	1.11280
3584	3584	1	332	370	6.05319
3072	3584	1	160	380	5.91688
3072	3584	2	24	458	0.00000
3584	3584	1	394	488	4.98598
3584	3584	1	288	452	6.17253
2560	3072	2	228	128	0.00000
2560	3072	2	144	76	0.00000
2560	3072	2	100	230	0.00000
2048	3072	2	164	478	0.00000
2048	3072	1	34	88	5.13883
2048	3072	1	176	112	1.62722
2048	3072	1	126	2	0.00000
2048	3072	1	290	92	5.89572
2048	3072	1	428	48	0.71654
2560	3072	1	28	86	4.18939
2560	3072	1	182	44	2.43498
2560	3072	1	312	114	5.47484
2560	3072	1	380	72	5.45021
2560	3072	1	470	230	5.78710
2560	3072	1	390	276	0.03557
2560	3072	1	222	250	0.16144
2560	3072	1	298	236	0.31468
2560	3072	1	126	176	5.26441
2048	3072	1	228	190	5.20944
2048	3072	1	370	254	5.82173
2048	3072	1	490	208	2.26819
2048	3072	1	30	218	3.10957
2048	3072	1	148	314	3.95423
2048	3072	1	218	362	3.52727
2048	3072	1	324	336	2.76666
2560	3072	1	14	318	4.27239
2560	3072	2	44	436	0.00000
2560	3072	1	94	440	3.92308
2560	3072	1	220	360	0.78540
2048	3072	1	52	466	2.96059
2048	3584	1	70	90	0.75838
2048	3584	1	118	152	3.49813
2048	3072	1	338	474	0.64727
2048	3072	1	418	410	2.91386
2048	3072	1	488	434	5.96935
2560	3072	1	454	368	4.02279
2560	3584	1	168	40	2.71045
2560	3072	1	462	500	3.55792
2560	3072	2	366	436	0.00000
2560	3584	1	44	34	1.78294
2048	3584	1	414	36	4.03780
2048	3584	1	272	74	1.09317
2048	3584	1	296	128	4.35344
2048	3584	1	442	116	1.19514
2560	3584	1	114	158	2.30624
2048	3584	1	504	192	1.42012
2048	3584	1	384	232	0.70226
2048	3584	1	186	240	0.00000
2048	3584	1	286	250	6.11408
2560	3584	1	104	262	1.65019
2560	3584	1	264	44	3.64370
2560	3584	1	412	102	1.91750
2560	3584	1	342	160	1.83728
2560	3584	1	512	146	1.76851
2560	3584	1	492	210	1.90699
2560	3584	1	408	234	1.86977
2560	3584	1	302	266	3.18306
2560	3584	1	224	282	2.80019
2048	3584	1	478	278	0.38207
2560	3584	1	340	354	0.59899
2048	3584	1	128	258	5.99173
2048	3584	1	196	344	0.99147
2048	3584	1	150	466	0.00000
2048	3584	1	236	470	0.00000
2048	3584	1	412	402	0.22744
2560	3584	1	16	392	0.60381
2560	3584	1	180	464	3.37943
2560	3584	1	90	512	0.00000
2048	3584	1	468	512	0.96409
2560	3584	1	260	476	0.27963
2560	3584	1	452	304	0.96525
2560	3584	1	420	460	3.98650
2560	3584	1	470	384	4.81141
2560	3584	1	490	332	4.84516
2048	3584	2	330	436	0.00000
2048	3584	1	12	396	6.06452
