1024	2048	1	236	382	0.35445
1024	2048	1	64	108	0.00000
1024	2048	1	98	238	0.94317
1024	2560	1	306	52	1.42119
1024	2048	1	432	492	3.36026
1024	2048	1	500	226	3.44533
1536	2048	1	10	474	0.42263
1536	2048	1	176	446	1.36597
1536	2048	1	52	296	3.44649
1536	2048	1	134	310	2.71244
1536	2048	1	366	372	2.14185
1536	2048	1	308	96	5.43185
1536	2048	1	242	298	4.64353
1536	2048	1	238	220	4.78633
1536	2048	2	216	154	0.00000
1536	2048	1	102	140	0.00000
1024	2048	1	330	56	4.33027
1024	2048	2	190	94	0.00000
1536	2048	1	376	52	5.19191
1536	2048	2	500	72	0.00000
1024	2560	1	76	134	3.22130
1024	2560	1	176	222	4.60096
1024	2560	2	192	286	0.00000
1536	2048	2	492	344	0.00000
1536	2048	2	470	248	0.00000
1536	2048	2	24	38	0.00000
1536	2048	2	148	42	0.00000
1024	2560	1	466	90	1.49584
1024	2560	1	382	362	0.00000
1024	2560	1	132	356	3.41311
1536	2560	1	98	98	0.38688
1024	2560	1	512	308	1.83794
1536	2560	1	86	210	1.55036
1536	2560	1	176	78	0.39479
1536	2048	1	308	506	3.92699
1536	2560	1	220	250	5.82115
1536	2560	1	298	128	0.70226
1536	2560	1	434	70	5.32670
1536	2048	1	462	470	4.71239
1024	2560	1	50	288	0.74826
1024	2560	1	198	476	5.46619
1024	2560	2	54	484	0.00000
1024	2560	2	32	400	0.00000
1536	2560	2	366	486	0.00000
1536	2560	2	488	418	0.00000
1536	2560	1	394	142	5.07459
1024	2560	1	376	480	1.71178
1536	2560	1	64	438	5.33030
1024	2560	1	480	444	2.15209
1536	2560	1	138	344	3.50633
1536	2560	1	310	264	5.70435
1536	2560	1	412	320	2.80735
1536	2560	1	460	250	0.00000
1536	2560	1	224	404	0.61630
1536	2560	1	396	418	1.76647
1536	2560	1	274	472	0.72996
1024	3072	1	94	36	4.38447
1024	3072	1	116	94	4.48335
1024	3072	1	142	206	0.49733
1024	3072	1	238	212	3.02241
1024	3072	1	298	104	5.61122
1024	3072	1	312	256	6.23099
1024	3072	1	452	166	3.00738
1536	3072	1	44	86	0.61160
1536	3072	1	252	24	0.98160
1536	3072	1	406	60	2.78393
1536	3072	1	106	154	4.36300
1536	3072	1	166	200	4.06989
1536	3072	1	264	204	4.09214
1536	3072	1	338	236	3.85401
1536	3072	1	438	212	0.00000
1536	3072	1	512	4	0.00000
1024	3072	1	372	4	1.08390
1024	3072	1	110	340	2.64313
1024	3072	1	196	346	5.67379
1024	3072	1	84	442	5.94651
1024	3584	1	90	92	1.07685
1024	3584	1	248	54	0.50710
1536	3072	1	206	328	3.08662
1536	3072	1	292	376	0.69327
1536	3072	1	454	386	1.37733
1536	3072	2	374	468	0.00000
1024	3072	1	422	418	0.48479
1536	3072	1	54	376	1.90747
1536	3072	1	270	492	3.80264
1536	3072	1	142	472	3.95817
1536	3584	1	374	114	4.76497
1536	3584	1	134	78	1.26647
1024	3584	1	458	62	2.51881
1024	3584	1	322	134	2.71333
1024	3584	1	426	130	1.97601
1536	3584	1	194	138	2.31509
1536	3584	1	304	214	6.12135
1536	3584	1	54	216	6.09125
1536	3584	1	152	230	5.28977
1024	3584	1	260	182	5.13023
1024	3072	1	6	462	5.86950
1536	3584	1	512	74	2.13447
1536	3584	2	462	126	0.00000
1536	3072	1	512	502	2.10575
1536	3584	1	396	318	5.67113
1536	3584	1	322	440	5.54871
1024	3584	1	418	362	1.36330
1024	3584	1	150	292	1.39732
1024	3584	1	32	362	3.07695
1536	3584	1	162	368	1.05278
1536	3584	1	282	320	1.83590
1536	3584	1	44	496	0.62502
1536	3584	1	182	482	0.65167
1024	3584	1	494	464	0.43527
1024	3584	1	260	396	0.55173
1024	3584	1	126	446	0.00000
1536	3584	2	12	46	0.00000
1536	3584	2	466	516	0.00000
1536	3072	1	512	282	2.64152
1024	3072	2	502	298	0.00000
1024	3072	2	470	34	0.00000
1024	3072	1	12	96	5.72888
1024	3584	1	40	516	2.10800
2560	2560	1	444	358	5.90852
2560	2560	1	158	302	5.79523
2560	2560	1	482	218	4.74819
2560	2560	1	316	218	0.11838
2560	2560	1	274	368	4.21285
2048	2560	1	354	328	1.97227
2048	2560	1	14	484	0.00000
2048	2560	1	168	512	0.76974
2048	2560	1	122	250	1.69198
2560	2560	1	410	180	0.40275
2560	2560	1	446	16	4.68409
2560	2560	1	232	18	2.87758
2048	2560	1	474	88	4.56867
2560	2560	1	82	454	6.06608
2560	2560	1	460	98	4.83306
2048	2560	1	34	344	0.00000
2560	2560	1	380	398	5.77230
2048	2560	1	132	44	2.13231
2048	2560	1	360	490	0.86602
2048	2560	1	70	512	3.01998
2048	2560	1	390	74	0.00000
2048	2048	1	8	494	5.25756
2048	2560	1	188	338	2.17250
2048	2560	1	488	236	1.34443
2048	2560	1	276	98	1.12625
2048	2048	1	200	500	4.97616
2560	2560	1	230	192	0.00000
2560	2560	1	92	10	1.19992
2048	2560	1	274	424	0.64087
2560	2560	1	174	470	5.93181
2048	2560	1	504	356	3.07505
2560	2560	2	312	480	0.00000
2560	2560	2	18	474	0.00000
2048	2560	2	470	482	0.00000
2048	2560	2	434	316	0.00000
2048	2560	2	194	414	0.00000
2048	2560	2	320	210	0.00000
2560	2560	1	146	172	3.93964
2560	2560	1	310	52	0.19369
2560	2048	2	286	508	0.00000
2560	2560	2	16	154	0.00000
2048	2560	2	416	48	0.00000
2048	2560	2	160	156	0.00000
2048	2048	1	384	474	5.41178
2048	2048	1	504	444	3.60810
2560	2048	1	108	394	3.93543
2560	2048	1	476	332	0.85983
2560	2048	1	224	344	0.61622
2560	2048	2	304	401	0.00000
2560	2048	1	356	266	3.13632
2560	2048	1	512	172	0.29232
2560	2048	1	466	68	0.00000
2560	2048	1	374	28	0.00000
2560	2048	1	302	82	0.00000
2560	2048	1	190	138	0.00000
2560	2048	1	206	26	4.11376
2560	2048	1	144	0	0.00000
2048	2048	2	504	60	0.00000
2048	2048	2	420	0	0.00000
2560	2048	1	122	258	5.94445
2560	2048	1	60	116	2.89267
2560	2048	1	14	182	5.81323
2048	2048	1	448	212	2.69972
2048	2048	1	374	268	0.00000
2048	2048	1	292	340	0.00000
2048	2048	1	192	386	3.20267
2048	2048	1	132	354	0.40197
2048	2048	1	354	144	0.68609
2048	2048	1	254	112	4.98834
2048	2048	1	156	74	2.55432
2048	2048	1	80	94	0.00000
2048	2048	1	172	240	5.88487
2048	2048	1	32	334	0.62789
2048	2048	1	32	202	0.70943
3072	2048	1	80	158	3.57581
3072	2048	1	6	238	0.96220
3072	2048	1	94	36	0.53684
3072	2048	1	196	48	4.20537
3072	2048	1	218	110	4.02299
3072	2048	1	118	258	0.22208
3072	2048	1	200	302	2.98585
3072	2048	1	296	160	4.46252
3072	2048	1	388	74	2.98154
3072	2048	1	330	246	2.06509
3072	2048	1	416	214	2.27834
3072	2048	1	492	98	6.04104
3584	2048	1	90	22	1.24559
3584	2048	1	164	148	0.00000
3584	2048	1	222	0	6.03914
3584	2048	1	258	98	3.90572
3584	2048	1	384	92	6.06885
3584	2048	1	468	58	0.00000
3584	2048	1	512	120	0.00000
3584	2048	1	380	224	5.39524
3584	2048	1	254	278	4.91309
3584	2048	1	8	346	0.12117
3584	2048	1	64	426	3.91229
3072	2048	1	422	390	3.15912
3072	2048	1	332	362	4.00123
3072	2048	1	104	424	3.08554
3072	2048	1	296	464	1.47889
3584	2048	1	374	434	2.09498
3584	2048	1	504	490	2.68268
3584	2048	1	512	390	2.63249
3072	2560	1	206	20	5.04244
3072	2560	1	102	62	2.72074
3072	2560	1	20	94	1.90654
3072	2560	1	350	50	0.88919
3072	2560	1	474	34	3.25516
3584	2048	1	116	508	4.87358
3584	2560	1	326	40	0.00000
3584	2560	1	238	74	0.00000
3584	2560	1	106	84	1.55291
3072	2560	1	268	150	2.85113
3072	2560	1	148	188	1.67056
3072	2560	1	4	224	4.44009
3072	2560	1	244	308	3.02982
3072	2560	2	168	76	0.00000
3072	2560	2	436	122	0.00000
3072	2560	2	468	180	0.00000
3584	2560	2	404	242	0.00000
3072	2560	1	344	210	3.56650
3072	2560	1	460	270	3.81777
3072	2560	2	168	396	0.00000
3584	2560	1	72	312	1.11398
3584	2560	1	36	194	3.13103
3584	2560	1	114	192	3.01208
3584	2560	1	174	142	2.92780
3584	2560	1	318	186	4.82704
3584	2560	1	448	80	4.27388
3584	2560	1	472	198	2.71333
3584	2560	1	252	316	4.02666
3584	2560	1	180	330	0.00000
3584	2560	1	386	348	0.07765
3584	2560	1	448	312	6.03157
3584	2560	1	512	346	3.09714
3072	2560	1	44	486	3.02936
3072	2560	1	378	468	0.00000
3072	2560	1	498	406	3.32937
3584	2560	1	66	434	5.73863
3584	2560	1	172	484	2.47195
3584	2560	1	232	474	2.77292
3584	2560	1	300	462	5.96298
3584	2560	1	360	462	2.73695
3584	2560	1	290	386	4.16560
3584	2560	1	394	512	3.57198
3584	2560	1	472	458	5.78729
3584	3584	1	262	358	0.00000
3584	3584	1	184	278	1.17359
3584	3584	1	168	472	0.94089
3072	3584	1	372	314	1.35813
3584	3584	1	230	182	1.64708
3584	3584	1	136	250	4.03425
3072	3584	1	86	326	1.77370
3584	3584	1	66	456	5.87311
3072	3584	1	206	256	2.55021
3072	3584	1	4	392	4.81148
3584	3584	1	416	326	4.56026
3584	3584	1	360	210	0.87022
3584	3584	1	476	378	0.63181
3584	3584	1	404	428	0.33564
3584	3584	1	316	512	2.97908
3584	3584	1	218	402	0.00000
3584	3584	1	422	512	0.00000
3584	3584	1	116	360	6.01626
3072	3584	1	386	456	1.24136
3072	3584	1	480	434	5.34161
3584	3584	1	102	450	5.94681
3072	3584	1	484	308	0.50750
3072	3584	1	34	478	1.83819
3072	3584	1	204	468	1.74381
3584	3584	1	38	344	3.39484
3584	3584	1	42	176	0.00000
3072	3584	1	318	414	1.39140
3072	3584	1	232	364	1.07233
3584	3584	1	324	360	3.63374
3072	3584	1	512	450	5.83313
3072	3584	1	0	238	2.20948
3584	3584	1	512	258	0.00000
3584	3584	1	434	216	2.32260
3072	3584	1	106	252	2.43986
3584	3584	1	468	116	0.00000
3072	3584	1	230	184	2.67366
3072	3584	1	286	488	1.06455
3072	3584	1	334	256	1.26813
3072	3584	1	478	142	0.00000
3072	3584	1	340	148	5.57114
3072	3584	1	62	182	0.93397
3072	3584	1	28	128	4.29527
3072	3584	1	58	34	1.22208
3072	3584	1	186	34	5.81695
3072	3072	1	272	486	5.22174
3072	3584	1	394	48	5.63207
3072	3584	1	458	20	5.27273
3584	3584	1	94	128	3.03582
3584	3584	1	186	94	5.20201
3584	3584	1	298	70	2.92137
3584	3584	1	356	64	3.31518
3584	3584	1	512	32	2.09497
3584	3584	1	194	18	2.39205
3584	3072	1	242	450	1.59705
3584	3072	1	72	496	0.00000
3072	3072	1	468	456	2.04036
3072	3072	1	410	374	4.14713
3072	3072	1	290	376	3.92800
3584	3072	1	498	396	0.00000
3584	3072	1	438	380	2.97109
3584	3072	1	286	384	1.78684
3584	3072	2	360	322	0.00000
3584	3072	1	124	396	1.95731
3584	3072	1	190	354	1.73174
3584	3072	1	210	266	1.05397
3584	3072	1	10	372	3.98942
3584	3072	1	96	282	3.07768
3072	3072	1	82	426	3.34117
3072	3072	1	10	372	0.00000
3072	3072	1	154	392	6.02545
3584	3072	1	512	272	3.46777
3584	3072	1	444	234	5.20619
3584	3072	1	324	276	0.60341
3584	3072	1	454	160	0.54951
3584	3072	1	512	42	5.79437
3584	3072	1	442	76	3.55097
3584	3072	1	368	34	4.01599
3584	3072	1	356	96	4.86948
3584	3072	1	266	200	0.68932
3584	3072	1	252	148	3.89187
3584	3072	1	212	60	5.17705
3584	3072	1	306	0	0.00000
3584	3072	1	100	92	2.78889
3584	3072	1	40	124	0.35477
3072	3072	1	510	42	1.12678
3584	3072	1	2	212	2.86253
3072	3072	2	436	258	0.00000
3072	3072	1	386	256	2.57408
3072	3072	1	282	232	3.29761
3072	3072	1	216	236	2.62974
3072	3072	1	104	234	5.82093
3072	3072	1	22	262	2.44904
3072	3072	1	388	130	5.71488
3072	3072	1	390	12	2.73375
3072	3072	1	246	104	5.88265
3072	3072	1	100	114	4.24976
3072	3072	1	44	20	3.31706
2048	3072	1	148	110	4.63148
2048	3072	1	450	62	1.36556
2560	3072	1	16	94	1.44644
2560	3072	1	392	298	4.93304
2560	3072	1	238	184	4.59497
2560	3072	1	342	50	4.29485
2048	3072	1	300	206	5.80254
2560	3072	1	2	192	3.75816
2048	3072	1	126	202	4.05135
2048	3072	1	128	36	1.03038
2048	3072	1	438	224	0.00000
2048	3072	1	86	484	5.53381
2048	3072	1	40	288	2.41169
2048	3072	2	48	166	0.00000
2048	3072	2	36	38	0.00000
2048	3072	1	178	360	1.12158
2048	3072	1	350	360	0.00000
2048	3072	1	262	376	0.90131
2048	3072	1	448	344	3.84670
2560	3072	1	48	332	0.87958
2560	3584	1	22	106	0.94422
2560	3072	2	220	488	0.00000
2560	3584	1	188	140	1.74738
2560	3584	1	258	44	4.98693
2560	3584	1	444	80	3.39292
2560	3072	1	300	420	4.97864
2560	3072	1	166	324	0.00000
2560	3072	1	476	458	2.74902
2048	3584	1	404	182	3.60524
2048	3584	1	228	132	4.76390
2048	3584	1	216	44	5.31468
2048	3072	1	318	500	1.29547
2048	3072	1	430	454	5.17604
2048	3584	1	134	220	3.23702
2048	3072	2	320	36	0.00000
2560	3584	1	134	34	5.43934
2560	3584	1	278	134	5.27985
2048	3584	1	326	300	5.88107
2560	3584	1	32	214	1.02225
2048	3584	1	242	254	0.00000
2560	3072	1	452	74	0.31384
2048	3584	2	28	102	0.00000
2560	3584	1	176	300	1.93392
2560	3584	1	112	232	0.00000
2560	3584	1	218	224	1.97238
2560	3584	1	390	214	5.03029
2560	3584	1	354	282	4.79205
2048	3584	1	80	344	6.12364
2048	3584	1	402	384	0.46974
2560	3584	1	332	376	6.20731
2560	3584	1	482	310	0.90975
2560	3584	1	20	416	5.92432
2560	3584	1	110	408	0.50398
2560	3584	1	164	448	0.00000
2560	3584	1	408	402	0.00000
2048	3584	1	236	462	5.79535
2048	3584	2	282	392	0.00000
2560	3584	2	262	416	0.00000
2560	3584	1	468	152	4.37608
2560	3584	2	506	78	0.00000
2048	3584	1	446	426	0.41857
2560	3584	2	18	328	0.00000
2560	3584	2	238	488	0.00000
2560	3072	2	92	234	0.00000
2560	3072	2	134	78	0.00000
2560	3072	2	344	236	0.00000
2048	3584	2	78	128	0.00000
