1536	2560	1	210	420	2.69616
1024	2560	1	420	378	3.21836
1536	2560	1	76	422	5.00189
1024	2560	1	454	240	4.96102
1536	2560	1	284	404	0.00000
1536	2560	1	276	272	6.08939
1536	2560	1	26	102	0.78540
1536	2560	1	182	288	0.56762
1024	2560	1	212	440	2.91410
1024	2560	1	112	326	5.09926
1536	2560	1	50	342	4.65617
1536	2560	1	114	128	0.00000
1024	2560	1	96	414	2.18546
1024	2560	1	226	162	2.24372
1024	2560	1	202	234	1.78534
1536	2560	1	66	268	4.58885
1536	2560	1	324	124	4.96971
1024	2560	2	370	432	0.00000
1536	2560	1	442	270	1.09522
1536	2560	2	344	302	0.00000
1536	2560	1	384	420	1.94251
1536	2560	1	512	348	0.70493
1536	2048	1	378	312	1.08296
1536	2560	1	408	50	4.63084
1536	2048	1	438	424	3.47972
1536	2048	1	504	268	5.81622
1536	2048	1	436	58	0.54348
1536	2048	2	490	64	0.00000
1536	2048	1	332	28	0.00000
1536	2048	1	324	182	2.76551
1536	2048	1	330	456	3.25029
1536	2048	1	154	508	2.05303
1024	2560	1	420	78	1.83632
1024	2560	1	62	172	6.06187
1024	2560	1	122	154	1.85542
1024	2048	1	104	454	0.00000
1024	2048	1	228	350	0.41451
1024	2048	1	302	432	4.22424
1024	2560	1	244	38	1.44241
1536	2048	1	230	384	0.27633
1536	2048	1	102	68	4.57686
1536	2048	1	20	0	0.00000
1536	2048	1	118	188	1.72885
1536	2048	1	244	148	5.96620
1536	2048	1	186	292	1.40102
1024	2048	1	422	202	2.71618
1024	2048	1	506	504	4.23547
1024	2048	1	188	46	0.00000
1024	2048	1	214	188	2.16997
1024	2048	1	98	168	3.01761
1024	2048	1	458	110	5.28932
1024	3072	1	406	326	5.94762
1536	3584	1	426	390	5.66051
1536	3584	1	196	410	0.00000
1536	3584	1	88	328	0.00000
1536	3584	1	166	272	3.12179
1536	3584	1	260	244	2.36433
1024	3584	1	354	450	5.79339
1024	3584	1	210	392	3.94035
1024	3584	2	338	226	0.00000
1536	3584	2	396	128	0.00000
1024	3584	2	302	102	0.00000
1536	3584	2	448	156	0.00000
1024	3072	2	390	74	0.00000
1024	3584	1	498	204	5.49779
1024	3584	1	428	280	4.43300
1024	3584	1	234	250	0.78540
1024	3584	1	68	256	5.86462
1536	3584	1	264	80	4.99618
1536	3584	1	244	160	2.30180
1536	3584	1	108	58	5.92646
1536	3584	1	62	130	1.44644
1536	3072	1	180	444	5.72390
1024	3584	1	208	114	0.00000
1024	3072	1	198	446	0.00000
1024	3584	1	126	84	0.00000
1024	3584	1	96	180	2.37702
1536	3072	1	486	236	0.40909
1536	3072	1	496	400	2.82200
1536	3072	1	394	418	2.06647
1536	3072	1	314	476	3.77633
1536	3072	1	102	466	2.07364
1024	3584	1	374	52	2.76747
1024	3072	1	314	506	3.63937
1536	3072	1	234	336	5.28155
1024	3072	1	274	332	0.66739
1024	3072	1	214	280	0.48770
1024	3072	1	290	142	4.24874
1024	3072	1	108	174	0.96948
1024	3584	1	56	446	2.73950
1024	3584	1	140	490	0.00000
1536	3072	1	368	272	4.90978
1536	3072	1	282	184	3.71158
1536	3072	1	376	96	3.19404
1536	3072	1	500	88	4.03748
1536	3072	1	404	202	4.23690
1536	3072	1	76	334	4.13309
1536	3072	1	84	266	1.11440
1536	3072	1	6	226	4.39718
1536	3072	1	100	134	0.42499
1536	3072	1	184	60	5.81447
1536	3072	1	252	92	3.36171
1536	3072	1	22	32	4.49670
1536	3072	1	30	106	3.48462
1024	3072	1	450	128	3.39774
1024	3072	1	76	64	0.00000
1024	3072	1	198	68	5.56491
1024	3072	1	74	272	4.29658
1024	3072	1	96	342	1.43393
1024	3072	1	70	508	0.98279
1024	3072	1	28	430	0.88650
1024	3072	2	136	410	0.00000
1536	3584	1	242	516	0.52749
1536	3584	1	370	516	3.04192
1536	3584	1	456	516	5.67106
1024	3584	1	24	516	2.32191
1024	3072	1	312	420	1.25052
2048	2048	1	306	136	1.43723
2048	2048	1	78	364	5.39438
2048	2048	1	180	468	1.34419
2048	2048	1	188	386	1.29250
2048	2048	1	172	282	1.31824
2048	2048	1	162	218	1.14559
2048	2048	1	28	168	5.35503
2048	2048	1	152	108	5.12054
2048	2048	1	258	64	5.66757
2048	2048	1	350	46	5.48924
2048	2048	1	56	490	2.31350
2048	2560	1	86	116	3.52935
2048	2560	1	240	36	2.23916
2048	2048	1	354	512	4.94248
2048	2048	1	382	434	2.31066
2560	2048	1	84	304	1.52587
2560	2048	1	302	288	2.43412
2560	2048	1	34	176	2.99970
2048	2048	1	484	400	5.53660
2560	2048	1	240	138	0.00000
2560	2048	1	316	102	0.00000
2560	2048	1	170	108	0.00000
2560	2048	1	76	60	0.00000
2048	2560	1	404	214	0.00000
2048	2560	1	330	130	0.73837
2048	2560	1	244	228	2.60516
2048	2560	1	120	260	0.00000
2048	2560	1	26	346	0.66166
2048	2560	1	78	400	0.62965
2560	2560	1	128	2	4.97139
2560	2048	1	336	470	4.03765
2560	2048	1	398	264	0.00000
2560	2048	1	470	154	1.66146
2560	2560	1	402	36	5.83629
2560	2560	1	478	66	2.19949
2560	2560	1	134	170	1.16779
2560	2560	1	198	76	1.52880
2560	2048	1	82	398	4.55739
2560	2048	1	214	418	0.00000
2560	2560	1	312	66	2.55894
2560	2560	1	466	176	4.85103
2048	2048	1	256	280	0.00000
2560	2560	1	16	254	2.07146
2560	2560	1	214	248	0.55814
2560	2560	1	320	184	2.23237
2560	2560	1	320	312	4.67943
2560	2560	1	114	380	1.36209
2048	2560	1	254	372	0.99649
2048	2560	1	380	356	6.08803
2560	2560	1	248	410	1.93200
2560	2560	1	386	404	1.95404
2048	2560	1	188	404	1.87468
3072	2048	1	226	372	0.00000
3072	2048	1	284	140	0.00000
3072	2048	1	130	232	3.63010
3072	2048	1	396	352	1.91213
3584	2048	1	20	440	2.70612
3584	2048	1	166	96	4.58888
3584	2048	1	102	286	1.33922
3584	2048	1	304	176	5.48680
3584	2048	1	308	326	4.45693
3584	2048	1	382	362	4.68685
3584	2048	1	494	46	0.00000
3072	2048	1	382	32	4.74363
3072	2048	1	472	192	5.15875
3072	2048	1	172	20	0.00000
3072	2048	1	98	134	1.62040
3072	2048	2	36	344	0.00000
3072	2048	2	136	364	0.00000
3072	2048	1	110	478	0.00000
3072	2560	1	210	30	0.00000
3072	2048	1	342	512	4.33535
3584	2048	1	176	382	5.20728
3584	2048	1	136	512	0.00000
3584	2048	1	480	440	0.00000
3584	2048	1	254	444	5.20633
3584	2560	1	272	66	0.00000
3584	2560	1	412	92	4.94150
3072	2560	1	474	86	0.00000
3584	2560	1	14	376	3.02359
3072	2560	1	268	132	3.27414
3072	2560	1	348	134	0.00000
3072	2560	1	158	258	0.49589
3072	2560	1	242	280	0.00000
3072	2560	1	348	268	5.72795
3584	2560	1	18	186	4.51426
3584	2560	1	124	268	2.66540
3584	2560	1	184	146	3.22300
3584	2560	1	236	248	4.04161
3584	2560	1	332	228	0.00000
3584	2560	1	472	244	0.91010
3072	2560	1	370	438	0.00000
3584	2560	1	84	450	0.00000
3584	2560	1	258	446	0.00000
3584	2560	1	348	414	4.23965
3584	2560	1	462	386	0.00000
3072	2048	2	74	282	0.00000
3072	2048	2	204	310	0.00000
3072	2048	2	346	278	0.00000
3584	2048	2	212	224	0.00000
3072	2048	2	26	266	0.00000
3072	2048	2	382	172	0.00000
3072	2048	2	362	128	0.00000
3072	2048	2	450	112	0.00000
3072	2048	2	314	484	0.00000
3584	2560	2	352	18	0.00000
3584	2048	2	356	50	0.00000
3584	2048	2	12	68	0.00000
3072	2560	1	82	132	1.65345
3072	2560	1	72	422	2.78955
3072	2560	1	244	420	0.56858
3584	3584	1	502	454	5.81202
3584	3584	1	294	398	0.00000
3584	3584	1	330	492	5.21930
3584	3584	1	164	474	1.35970
3584	3584	1	88	376	4.31338
3584	3584	1	372	376	0.54821
3072	3584	1	446	414	5.85421
3584	3584	1	490	128	5.91480
3584	3584	1	12	336	5.14308
3072	3584	1	276	270	3.31165
3072	3584	1	328	486	0.84415
3584	3584	1	378	170	2.26188
3072	3584	1	266	472	0.82686
3072	3584	1	158	458	1.26303
3072	3584	1	170	302	0.40164
3072	3584	1	52	286	1.46052
3072	3584	1	216	378	1.05165
3072	3584	1	336	210	5.49367
3072	3584	1	80	392	3.27970
3584	3584	1	200	210	0.00000
3584	3584	1	106	112	3.17099
3072	3584	1	372	290	4.15901
3584	3584	1	238	322	0.44345
3584	3584	1	192	40	0.68232
3584	3584	1	368	276	1.13884
3584	3584	1	484	314	1.14596
3072	3584	1	488	222	0.33682
3584	3584	1	50	198	0.00000
3584	3584	1	300	206	1.87127
3584	3584	1	478	222	5.78384
3584	3584	1	320	96	4.18632
3584	3584	1	258	58	1.05166
3072	3584	1	372	168	5.38005
3072	3584	1	200	170	1.38697
3072	3584	1	76	188	2.22187
3072	3584	1	62	88	4.32407
3072	3584	1	188	94	4.66827
3072	3584	1	336	90	5.02151
3072	3584	1	134	8	1.69515
3072	3072	1	76	416	5.01009
3072	3072	1	242	492	6.09784
3072	3072	1	12	512	0.00000
3072	3072	1	300	416	3.14911
3072	3072	1	154	360	2.57486
3072	3072	1	214	314	5.49278
3072	3584	1	416	2	3.27130
3584	3584	1	4	22	5.56381
3072	3584	1	466	112	3.82446
3584	3072	1	34	384	0.00000
3072	3072	1	424	410	2.99188
3072	3072	1	346	270	0.00000
3584	3072	1	68	490	1.85588
3584	3072	1	170	430	1.57078
3584	3072	1	292	464	0.72846
3584	3072	1	266	388	1.54104
3584	3072	1	252	298	5.49541
3584	3072	1	326	280	4.62173
3584	3072	1	490	184	4.42324
3584	3072	1	466	102	0.00000
3584	3072	1	364	24	5.58644
3584	3072	1	378	474	0.66320
3584	3072	1	300	72	3.19009
3584	3072	1	370	166	0.00000
3584	3072	1	274	174	5.38713
3584	3072	1	174	42	2.35619
3584	3072	1	44	38	5.25281
3584	3072	1	146	136	5.26879
3584	3072	1	142	234	1.57551
3584	3072	1	146	340	0.00000
3584	3072	1	70	302	5.65044
3072	3072	1	404	76	0.03240
3072	3072	1	278	8	1.11075
3072	3072	1	150	34	0.00000
3072	3072	1	460	194	4.65276
3072	3072	1	472	266	3.51291
3072	3072	1	148	194	2.49395
3072	3072	1	78	268	3.02097
3072	3072	1	16	174	3.91143
3584	3072	1	470	268	0.66951
3584	3072	2	414	357	0.00000
3072	3072	2	434	251	0.00000
3584	3072	2	512	473	0.00000
3584	3072	2	364	319	0.00000
3584	3072	2	332	375	0.00000
3584	3584	2	238	470	0.00000
3584	3072	2	356	415	0.00000
3584	3072	2	424	427	0.00000
2048	3584	1	102	472	0.44936
2048	3584	1	34	394	0.10308
2048	3584	1	370	400	0.13255
2560	3584	1	26	484	3.48089
2048	3584	1	462	482	0.29832
2048	3584	1	278	366	0.37742
2560	3584	1	126	450	6.16565
2560	3584	1	214	424	3.80438
2560	3584	1	324	422	0.69269
2560	3584	1	388	432	0.37330
2560	3584	1	336	306	5.51013
2560	3584	1	250	504	0.00000
2560	3584	1	474	488	0.76215
2560	3584	1	46	302	6.01773
2048	3584	1	380	238	0.32372
2048	3584	1	454	330	0.09773
2048	3584	1	204	310	2.25951
2048	3584	1	280	228	0.45943
2560	3584	1	174	258	2.35096
2560	3584	1	452	146	6.01371
2560	3584	1	384	250	3.13188
2560	3584	1	322	168	0.87606
2560	3584	1	182	180	5.04013
2560	3584	1	236	118	1.54972
2560	3584	1	66	124	0.78962
2560	3072	1	156	508	5.76924
2048	3072	1	426	492	5.35589
2048	3584	1	388	108	0.92730
2048	3584	1	272	92	3.65543
2048	3584	1	102	70	0.43788
2048	3072	1	212	432	0.21205
2048	3072	1	118	364	4.73346
2048	3072	1	180	132	2.17487
2048	3072	1	48	196	0.30246
2048	3072	1	98	274	4.02105
2048	3072	1	286	120	5.86320
2048	3072	1	376	224	1.54906
2048	3072	1	510	176	1.38152
2560	3072	1	152	234	2.49104
2560	3072	1	270	184	4.07246
2560	3072	1	66	300	5.16399
2048	3072	1	368	358	2.32324
2048	3072	1	444	306	2.10072
2048	3072	1	482	400	4.12185
2560	3072	1	74	444	0.56650
2560	3072	1	416	478	6.06452
2560	3072	1	420	386	1.77384
2560	3072	1	376	256	0.49394
2560	3072	1	404	60	5.75991
2560	3072	1	492	64	0.00000
2560	3072	1	506	198	4.10357
2560	3072	1	474	298	1.79760
2048	3584	1	26	252	4.25074
2048	3584	1	502	76	0.74065
2048	3072	1	22	66	3.88389
2048	3072	1	302	16	5.47849
2048	3072	1	408	2	5.46561
2048	3072	1	382	128	5.57526
2048	3584	1	214	186	1.26899
2048	3072	2	198	318	0.00000
2048	3072	2	70	418	0.00000
2048	3072	2	196	220	0.00000
2048	3072	2	312	436	0.00000
2048	3072	2	196	24	0.00000
2560	3072	2	140	82	0.00000
2560	3072	2	226	126	0.00000
2560	3072	1	238	42	2.85425
2048	3072	2	164	480	0.00000
2048	3072	1	8	438	2.43068
2048	3584	2	134	26	0.00000
2048	3584	2	132	232	0.00000
2048	3584	2	370	30	0.00000
2560	3072	2	256	496	0.00000
2560	3072	2	348	448	0.00000
2560	3072	1	252	290	3.63635
2560	3072	2	342	234	0.00000
2560	3072	1	508	498	5.89716
2048	3584	2	216	510	0.00000
2048	3584	2	302	496	0.00000
2560	3584	1	460	394	3.14159
2560	3584	1	512	102	4.39265
