1536	2560	1	164	174	0.00000
1536	2048	1	12	254	2.98168
1024	2048	1	252	346	0.33929
1024	2560	1	164	148	3.14895
1536	2048	1	134	428	0.19270
1536	2560	1	102	90	0.73390
1024	2560	1	266	34	1.01914
1024	2560	1	482	56	1.91701
1536	2048	1	192	492	3.49668
1024	2048	1	302	68	4.66393
1024	2048	2	128	228	0.00000
1024	2048	2	66	250	0.00000
1536	2048	1	382	344	1.82099
1536	2048	1	316	180	4.61994
1536	2048	1	452	254	3.18950
1536	2048	1	368	78	5.35589
1024	2048	2	30	158	0.00000
1024	2048	2	202	100	0.00000
1536	2048	2	282	356	0.00000
1536	2560	1	284	6	3.79670
1536	2560	1	416	28	3.31090
1536	2048	1	12	20	0.00000
1536	2048	1	220	134	0.00000
1536	2560	1	412	188	0.00000
1024	2560	1	314	290	5.65962
1536	2560	1	264	238	5.88517
1024	2560	1	470	256	2.39617
1536	2560	1	68	206	1.61732
1536	2560	1	84	340	2.53605
1536	2560	1	472	336	2.58879
1024	2560	1	222	438	2.60549
1024	2560	1	344	494	4.60844
1536	2560	1	248	362	6.03507
1536	2560	1	396	358	1.76819
1024	2560	1	438	338	2.27305
1024	2560	1	278	394	2.20663
1536	2560	1	332	142	3.07234
1024	2560	1	60	276	0.87214
1536	2560	1	52	434	5.24046
1536	2560	1	400	428	1.90482
1536	2560	1	312	474	1.54811
1536	2560	1	170	414	3.18065
1024	2560	1	84	468	3.19322
1536	2560	1	156	512	4.72444
1024	2560	1	78	132	3.18963
1024	2560	1	148	478	3.06176
1024	2560	1	130	324	3.32145
1536	2048	2	512	324	0.00000
1536	2560	1	510	474	0.10956
1536	2048	2	498	62	0.00000
1024	2560	2	202	280	0.00000
1536	2048	1	92	64	6.11575
1536	2048	1	250	32	6.09696
1536	2048	1	422	46	5.85510
1024	2048	2	268	20	0.00000
1024	3584	1	38	386	2.54399
1024	3584	1	286	414	0.32239
1024	3584	1	136	312	0.58109
1024	3584	1	456	416	0.00000
1536	3584	1	60	446	0.00000
1536	3584	1	166	420	0.41414
1536	3584	1	244	402	0.40066
1536	3584	1	438	386	1.01915
1536	3584	1	328	316	2.02499
1536	3584	1	388	250	4.77073
1536	3584	2	478	101	0.00000
1536	3584	1	134	202	5.47739
1536	3584	1	116	308	1.42245
1024	3584	1	458	310	0.84004
1024	3584	1	350	270	5.75943
1024	3584	1	476	170	4.81168
1024	3584	1	212	232	2.26353
1024	3584	1	228	152	5.59804
1024	3584	1	98	128	0.72565
1024	3072	1	106	476	0.39209
1536	3584	1	306	184	1.71241
1536	3584	1	416	110	0.42628
1536	3584	1	414	18	4.77690
1536	3584	2	310	64	0.00000
1536	3584	2	372	66	0.00000
1536	3072	2	382	464	0.00000
1536	3072	1	272	508	2.65477
1536	3072	1	302	414	2.89883
1536	3072	1	394	356	0.25067
1024	3584	1	328	128	1.54448
1024	3584	1	362	66	1.84074
1024	3584	1	398	12	1.88491
1024	3072	1	380	430	4.99815
1024	3072	1	180	430	3.20326
1024	3072	1	248	404	3.40145
1024	3584	1	256	10	0.61629
1024	3584	1	478	82	3.71825
1536	3072	2	40	424	0.00000
1536	3072	1	174	440	5.47836
1024	3072	1	472	376	0.94210
1024	3072	1	338	292	0.67542
1024	3072	2	238	292	0.00000
1024	3072	1	140	308	3.46436
1024	3072	1	100	210	0.00000
1536	3072	1	132	314	6.05651
1536	3072	1	208	264	5.71858
1536	3072	1	270	202	2.60340
1536	3072	1	326	166	5.85119
1024	3072	1	284	158	0.34784
1024	3072	1	204	68	1.70310
1024	3072	1	178	164	2.71059
1536	3072	1	104	180	0.93489
1024	3072	1	504	120	2.62369
1024	3072	1	390	90	2.91770
1536	3072	1	496	170	4.12492
1536	3072	1	422	134	4.26848
1536	3072	1	372	56	4.13792
1536	3072	1	144	98	4.52630
1024	3072	2	100	67	0.00000
2048	2048	2	188	86	0.00000
2560	2560	2	294	2	0.00000
2560	2048	2	438	466	0.00000
2560	2560	2	18	164	0.00000
2048	2560	2	414	158	0.00000
2048	2560	2	320	204	0.00000
2048	2560	2	230	150	0.00000
2048	2560	2	166	146	0.00000
2048	2560	2	164	366	0.00000
2048	2560	2	194	420	0.00000
2048	2560	2	318	432	0.00000
2560	2560	2	312	490	0.00000
2560	2560	2	470	330	0.00000
2048	2048	1	462	184	0.24498
2048	2048	2	414	10	0.00000
2048	2048	2	492	58	0.00000
2560	2048	1	60	38	0.82999
2560	2048	1	74	122	3.60220
2560	2048	1	144	140	3.19950
2560	2048	1	192	94	0.00000
2560	2048	1	110	246	5.63968
2560	2048	1	220	196	4.08131
2560	2048	1	314	82	0.00000
2560	2048	1	412	122	2.36935
2560	2048	1	478	24	1.63443
2560	2048	1	512	84	4.24874
2560	2048	1	448	276	0.34952
2560	2048	1	376	284	3.39482
2560	2048	1	268	292	2.07350
2560	2048	1	474	404	1.89255
2560	2560	1	470	28	3.59018
2560	2560	1	384	110	2.44021
2560	2560	1	306	134	3.54161
2560	2560	1	352	262	0.33688
2560	2560	1	512	196	1.60186
2560	2560	1	424	356	2.70378
2560	2560	1	446	468	4.82950
2560	2560	1	144	156	1.29779
2560	2560	1	136	256	5.65004
2560	2560	1	120	354	4.71239
2560	2560	1	118	434	1.75833
2048	2560	1	402	244	1.77145
2048	2560	2	442	316	0.00000
2560	2560	2	6	270	0.00000
2048	2560	1	430	450	0.92242
2048	2560	1	338	348	0.93666
2048	2560	1	242	478	3.41374
2048	2560	1	148	274	0.38106
2048	2560	1	56	244	0.59693
2048	2560	1	22	122	4.76213
2048	2560	2	20	418	0.00000
2048	2560	1	150	512	0.53395
2560	2560	2	14	488	0.00000
2560	2560	1	20	42	3.73923
2560	2048	1	256	442	1.57250
2048	2048	1	462	370	6.09734
2560	2048	2	296	388	0.00000
2560	2048	2	50	374	0.00000
2048	2048	1	372	442	4.72060
2048	2560	1	376	16	3.80264
2048	2560	2	408	60	0.00000
2048	2560	1	240	92	4.71146
2048	2048	1	338	134	3.57229
2048	2048	1	30	248	0.30385
2048	2048	1	290	254	4.91056
2048	2048	1	218	332	0.20750
2048	2048	1	24	408	4.72252
2048	2048	1	116	408	3.61766
2048	2560	1	136	16	4.44117
2560	2048	2	512	166	0.00000
3072	2560	1	36	512	0.47375
3072	2560	1	294	368	2.53931
3584	2560	1	338	438	2.73407
3584	2560	1	350	300	4.43209
3584	2560	1	406	418	2.96549
3584	2560	1	462	392	3.18041
3584	2560	1	272	500	4.02769
3584	2560	1	148	512	3.02802
3584	2560	1	470	488	0.92307
3584	2560	1	512	512	3.76016
3584	2048	1	512	496	3.85098
3584	2560	1	242	324	3.44301
3584	2560	1	14	356	1.73595
3584	2560	1	500	230	4.02632
3072	2560	1	400	382	5.74107
3584	2048	1	422	462	2.38513
3584	2560	1	398	42	2.43422
3584	2560	1	512	364	3.08901
3584	2560	1	456	122	4.39933
3584	2048	1	512	360	4.60565
3072	2560	1	410	512	6.04944
3584	2560	2	406	238	0.00000
3584	2560	1	198	184	1.71489
3584	2560	1	10	460	0.94099
3584	2560	1	300	194	3.05586
3584	2560	1	512	86	1.20253
3584	2560	1	198	290	0.33250
3584	2560	2	346	134	0.00000
3584	2560	1	90	476	3.71740
3072	2560	1	338	200	5.19731
3072	2560	1	310	492	3.75285
3072	2560	1	282	270	4.96683
3584	2560	1	10	216	2.75030
3072	2560	1	156	388	5.96589
3072	2560	1	224	472	0.00000
3072	2560	1	66	316	0.04808
3584	2560	1	102	262	2.74560
3072	2560	1	218	132	5.78515
3072	2560	1	50	202	1.83164
3072	2560	1	160	314	2.58442
3584	2560	1	76	132	4.53565
3072	2560	1	144	170	2.74061
3072	2560	1	0	474	4.50582
3584	2560	1	64	56	4.37092
3584	2560	1	294	54	1.02214
3072	2560	1	326	88	4.51768
3072	2560	2	460	182	0.00000
3072	2560	2	436	122	0.00000
3072	2560	1	474	56	2.67435
3072	2048	1	84	492	0.59524
3072	2560	1	104	46	3.75314
3072	2048	1	214	480	0.00000
3072	2048	1	0	426	1.72838
3072	2560	2	166	76	0.00000
3072	2560	2	258	22	0.00000
3072	2560	2	312	24	0.00000
3584	2048	1	290	462	3.55172
3584	2048	1	326	302	2.88805
3072	2048	1	274	380	1.79392
3584	2048	1	196	428	1.90820
3072	2048	1	180	290	4.49402
3584	2048	1	116	476	1.02420
3072	2048	1	432	408	5.38713
3072	2048	1	22	264	5.76873
3072	2048	1	42	182	5.65770
3072	2048	1	36	78	4.47865
3584	2048	1	8	350	4.92535
3584	2048	1	364	206	5.46008
3584	2048	1	390	80	0.00000
3584	2048	1	468	58	0.00000
3584	2048	1	222	0	0.00000
3584	2048	1	512	102	0.00000
3584	2048	1	188	306	2.40971
3584	2048	1	220	100	3.85032
3584	2048	1	144	0	3.41694
3584	2048	1	122	104	0.12701
3584	2048	1	68	198	4.75054
3584	2048	1	62	282	1.99529
3584	2048	1	40	60	2.43616
3072	2048	1	352	250	3.20245
3072	2048	1	110	0	0.51049
3072	2048	1	446	256	3.36332
3072	2048	1	202	206	4.77297
3072	2048	1	274	142	4.54842
3072	2048	1	298	54	1.84446
3072	2048	1	170	66	3.65876
3072	2048	2	110	120	0.00000
3584	2560	1	188	58	3.58679
3584	2560	1	246	448	4.35548
3072	3072	1	54	76	5.81022
3072	3072	1	124	128	3.58144
3072	3072	1	216	158	3.41445
3072	3072	1	102	250	4.13944
3072	3072	1	196	274	3.91753
3072	3072	1	94	408	0.87577
3072	3584	1	98	8	1.00156
3072	3072	1	222	466	2.53327
3072	3072	1	256	346	1.09744
3072	3072	1	326	66	0.80145
3072	3072	1	422	74	0.00000
3584	3072	1	20	100	0.00000
3072	3072	1	432	304	1.71397
3072	3072	1	352	194	0.00000
3072	3072	1	474	206	5.66241
3584	3072	1	64	260	3.40099
3584	3072	1	162	66	2.68412
3072	3584	1	102	230	3.28771
3072	3584	1	216	140	1.96779
3072	3584	1	204	48	2.04041
3072	3072	1	342	448	3.63709
3072	3584	1	330	72	3.69079
3072	3584	1	194	246	0.00000
3584	3584	1	14	40	1.19848
3072	3072	1	442	382	3.86217
3072	3072	1	456	486	3.72689
3072	3584	1	342	292	2.11718
3072	3584	1	424	160	5.18900
3072	3584	1	362	210	2.16390
3072	3584	1	36	256	5.67275
3072	3584	1	36	410	0.00000
3072	3584	1	104	328	0.00000
3072	3584	1	110	448	0.94268
3072	3584	1	262	406	0.00000
3072	3584	1	180	482	0.00000
3072	3584	1	386	412	2.54871
3072	3584	1	462	298	0.00000
3584	3584	1	16	426	5.76483
3584	3584	1	104	428	2.53028
3584	3584	1	46	138	0.00000
3584	3584	1	40	302	0.57169
3584	3584	1	122	322	2.94353
3072	3584	2	342	504	0.00000
3584	3584	2	306	478	0.00000
3584	3584	2	362	490	0.00000
3584	3584	1	472	478	1.33796
3584	3584	1	240	408	4.75153
3584	3584	1	232	234	1.93567
3584	3072	1	76	412	4.23204
3584	3072	1	176	342	1.45382
3584	3584	1	174	48	0.41398
3584	3584	1	292	86	0.97641
3584	3584	1	464	100	0.54033
3584	3584	1	512	314	6.10552
3584	3584	1	398	338	3.72386
3584	3584	1	216	326	2.25847
3584	3584	1	302	306	5.35518
3584	3584	1	398	262	1.60695
3584	3584	1	340	178	4.65798
3584	3584	1	488	178	4.20856
3584	3072	1	272	478	4.90569
3584	3584	1	420	16	1.10693
3584	3072	1	290	380	0.86630
3584	3072	1	402	432	1.21845
3584	3072	1	368	306	1.64112
3584	3072	2	382	378	0.00000
3584	3072	1	264	198	1.06485
3584	3072	1	454	54	0.48738
3584	3072	1	484	194	3.35732
3584	3072	1	338	38	1.64710
3584	3072	1	380	126	1.92744
3584	3072	1	360	222	4.04994
3584	3072	2	492	290	0.00000
3584	3072	2	486	358	0.00000
3584	3072	2	500	436	0.00000
3584	3072	2	150	244	0.00000
2048	3072	1	132	36	0.40752
2048	3072	1	236	140	5.61470
2048	3072	1	298	90	5.90585
2048	3072	1	408	40	3.91159
2048	3072	1	484	40	3.94989
2048	3072	1	120	150	4.15166
2048	3072	1	28	128	1.06419
2048	3072	1	38	246	4.38982
2048	3072	1	216	360	4.43237
2048	3072	1	38	410	0.00000
2048	3072	1	300	274	4.17750
2048	3072	1	370	158	5.30220
2048	3072	2	510	173	0.00000
2560	3072	2	138	77	0.00000
2560	3072	2	230	131	0.00000
2560	3072	2	96	227	0.00000
2560	3072	2	350	235	0.00000
2560	3072	1	82	62	0.51946
2560	3072	1	232	50	5.80886
2560	3072	1	348	60	5.30294
2560	3072	1	474	94	5.67225
2560	3072	1	382	150	2.53054
2560	3072	1	444	278	0.74190
2560	3072	1	300	278	2.45891
2560	3072	1	154	308	0.42112
2048	3072	1	490	282	2.92893
2048	3072	1	420	310	5.79809
2048	3072	1	370	390	3.01369
2048	3072	2	318	433	0.00000
2048	3072	2	154	477	0.00000
2048	3584	2	372	19	0.00000
2048	3584	1	60	50	5.51053
2048	3584	1	198	74	6.01788
2048	3584	1	316	88	4.41444
2048	3584	1	510	50	1.40853
2560	3072	1	58	336	0.00000
2560	3072	2	114	417	0.00000
2560	3072	1	66	478	2.19379
2560	3072	1	296	394	5.41562
2560	3072	1	222	484	0.00000
2560	3584	1	140	30	2.73978
2560	3072	1	302	498	5.77881
2560	3072	1	446	500	3.22686
2560	3072	2	502	455	0.00000
2048	3584	1	64	204	3.92856
2048	3584	1	170	256	5.03729
2048	3584	1	234	210	6.18046
2048	3584	1	336	188	0.79616
2048	3584	1	462	156	0.75803
2560	3584	1	26	170	0.44342
2560	3584	1	86	202	3.09981
2560	3584	1	166	230	3.52057
2560	3584	1	104	106	2.48846
2560	3584	1	198	108	2.76091
2560	3584	1	282	88	5.90992
2560	3584	1	370	156	0.55407
2560	3584	1	492	152	0.62485
2048	3584	1	112	304	2.54838
2048	3584	1	50	388	6.09358
2048	3584	1	276	296	3.92006
2048	3584	1	412	286	5.65631
2560	3584	1	18	298	1.97046
2560	3584	1	258	208	4.05608
2560	3584	1	198	350	3.88440
2560	3584	1	402	268	3.70550
2560	3584	1	512	270	5.46923
2560	3584	1	498	362	3.22336
2560	3584	1	428	372	0.16864
2560	3584	1	336	392	4.78607
2048	3584	1	366	400	5.92114
2560	3584	1	2	380	1.33319
2048	3584	1	160	462	0.36739
2048	3584	1	232	448	6.14186
2560	3584	1	120	416	0.00000
2048	3584	1	494	464	0.95901
2560	3584	1	272	488	2.97137
2560	3584	1	398	478	3.88381
