1024	2048	1	118	72	3.06329
1024	2048	1	14	74	0.00000
1024	2048	1	214	188	2.70394
1024	2048	2	244	30	0.00000
1024	2048	2	200	92	0.00000
1024	2048	2	444	20	0.00000
1536	2048	2	40	36	0.00000
1024	2048	1	446	204	3.06868
1024	2048	1	94	444	0.00000
1024	2048	1	230	362	0.39382
1536	2048	1	142	350	2.27636
1536	2048	1	106	144	1.87297
1536	2048	1	272	352	2.29744
1536	2048	1	368	254	0.84664
1536	2048	2	222	172	0.00000
1536	2560	2	494	240	0.00000
1024	2048	1	410	436	3.82320
1024	2048	1	500	494	3.82926
1536	2048	1	272	76	5.62012
1536	2048	1	168	54	3.15044
1536	2048	1	388	38	5.29207
1536	2048	1	410	124	0.78540
1536	2048	1	492	52	0.00000
1536	2048	1	482	266	5.81097
1536	2048	1	378	340	1.53391
1024	2048	1	244	486	0.94485
1024	2560	1	102	78	1.16380
1536	2560	1	56	178	5.66664
1024	2560	2	416	66	0.00000
1536	2048	1	332	476	3.20215
1536	2048	2	238	432	0.00000
1536	2560	1	140	18	0.72677
1536	2560	1	486	102	0.09339
1536	2048	1	436	400	4.32641
1024	2560	1	28	206	0.00000
1024	2560	1	106	182	5.55620
1024	2560	1	478	194	2.11122
1536	2560	1	210	156	3.59715
1536	2560	1	274	264	5.86429
1024	2560	1	310	314	5.12408
1024	2560	2	152	274	0.00000
1024	2560	2	434	486	0.00000
1024	2560	1	256	44	1.07802
1536	2560	2	348	314	0.00000
1536	2560	2	512	402	0.00000
1536	2560	1	120	278	3.26043
1024	2560	1	406	268	0.00000
1024	2560	1	512	328	1.79880
1536	2560	1	230	384	2.24034
1536	2560	1	380	386	1.89368
1536	2560	1	60	420	5.20115
1024	2560	1	70	292	1.99280
1024	2560	1	294	458	0.90967
1536	2560	1	168	390	5.81229
1536	2560	1	382	502	4.89817
1536	2560	1	196	478	5.90566
1536	2560	1	108	510	1.63072
1536	2560	2	512	470	0.00000
1024	3072	1	324	506	3.59245
1024	3584	1	26	480	5.02653
1024	3584	1	220	266	1.18957
1536	3584	1	194	402	0.18116
1536	3584	1	254	516	0.36293
1536	3584	1	342	22	3.97921
1024	3584	1	60	280	6.11498
1536	3584	1	512	410	6.09315
1536	3584	1	494	254	2.39619
1536	3584	1	406	364	5.90306
1536	3584	1	106	344	0.95366
1024	3584	1	166	408	5.92064
1024	3584	1	398	250	0.04928
1536	3072	1	24	496	2.57749
1024	3584	1	288	346	4.33108
1536	3584	1	452	516	6.11789
1024	3584	1	316	428	1.20118
1536	3584	1	372	512	3.33823
1536	3584	1	512	516	5.94912
1536	3584	1	190	138	2.91442
1024	3584	1	156	182	1.59043
1536	3584	1	424	116	1.40287
1536	3584	1	164	236	2.48182
1536	3584	1	456	130	0.95759
1024	3584	1	490	108	2.51660
1024	3584	1	478	204	5.58503
1024	3584	1	216	74	0.38917
1024	3584	1	106	56	0.19122
1024	3584	1	304	140	1.66160
1024	3584	1	390	84	2.87361
1536	3584	1	138	42	0.57817
1024	3584	1	40	66	2.95154
1536	3584	1	250	6	3.28482
1536	3072	1	126	394	0.22669
1024	3072	1	130	400	0.92043
1024	3072	1	260	328	0.38527
1024	3072	1	242	446	1.18329
1024	3072	1	422	270	4.60886
1536	3072	1	20	336	3.56344
1024	3072	1	50	290	2.10178
1024	3072	1	16	378	3.67262
1024	3072	1	184	226	1.09867
1024	3072	1	322	180	3.99749
1024	3072	1	120	148	0.17575
1536	3072	1	14	126	3.17861
1024	3072	2	138	86	0.00000
1024	3072	1	180	44	5.69931
1024	3072	1	268	120	3.32720
1024	3072	1	442	170	3.43879
1536	3072	1	228	432	0.63768
1536	3072	1	98	248	1.83984
1536	3072	1	236	300	5.17035
1536	3072	1	230	208	4.36151
1536	3072	1	328	236	4.34201
1536	3072	1	348	346	6.17773
1536	3072	1	512	370	0.09396
1536	3072	1	512	202	0.15265
1536	3072	1	450	118	3.48990
1536	3072	1	408	190	2.16001
1536	3072	1	390	4	5.12088
1536	3072	1	320	54	5.55274
1536	3072	1	190	4	5.52008
1536	3072	1	240	112	3.11048
1536	3072	1	150	158	4.16611
1536	3072	1	110	106	0.78969
1536	3072	1	100	18	1.11456
1024	3072	2	380	84	0.00000
1024	3072	2	482	36	0.00000
1024	3072	1	378	18	4.22831
1024	3072	2	354	346	0.00000
1536	3584	2	254	162	0.00000
1536	3584	2	46	204	0.00000
1536	3584	2	256	372	0.00000
1536	3584	2	250	262	0.00000
1536	3584	1	2	516	6.17741
1536	3072	2	200	356	0.00000
1024	3584	2	168	24	0.00000
1024	3584	2	306	88	0.00000
1024	3072	2	386	190	0.00000
1024	3072	2	406	140	0.00000
2560	2560	1	404	394	1.28474
2560	2560	1	510	222	5.15849
2560	2560	1	512	74	0.78540
2560	2560	1	244	406	2.14694
2560	2560	1	66	446	0.69799
2048	2560	1	260	498	5.23671
2560	2560	1	282	312	4.21172
2048	2560	1	424	492	0.22877
2560	2560	1	234	468	2.40658
2048	2560	1	382	384	5.97657
2560	2560	1	402	236	2.82890
2048	2560	1	48	486	2.59251
2560	2560	2	320	482	0.00000
2560	2560	2	460	314	0.00000
2048	2560	2	438	326	0.00000
2048	2560	2	330	424	0.00000
2048	2560	2	188	418	0.00000
2048	2560	2	164	366	0.00000
2048	2560	2	74	316	0.00000
2048	2560	2	180	152	0.00000
2048	2560	2	238	160	0.00000
2048	2560	2	322	208	0.00000
2048	2560	2	508	304	0.00000
2048	2560	2	472	476	0.00000
2048	2560	1	76	392	0.00000
2048	2560	1	232	298	1.92195
2048	2560	1	266	394	3.93217
2048	2560	1	284	282	2.29987
2048	2560	1	288	124	0.00000
2048	2560	1	40	226	0.78540
2048	2560	1	116	38	2.16562
2048	2560	1	50	112	3.93431
2048	2560	1	212	64	3.95007
2048	2560	2	160	6	0.00000
2048	2048	1	94	422	2.05693
2048	2048	1	64	312	2.98462
2048	2048	1	54	188	5.86804
2048	2048	1	66	30	2.49052
2048	2048	1	110	0	0.00000
2048	2048	1	166	26	3.39037
2048	2048	2	222	42	0.00000
2048	2048	1	134	198	0.00000
2048	2048	1	214	158	0.00000
2048	2048	1	220	290	0.65985
2048	2048	1	244	386	0.00000
2048	2048	1	332	482	4.82034
2048	2048	1	344	388	1.09117
2048	2048	1	490	440	0.00000
2048	2560	1	378	108	2.71338
2048	2560	1	452	64	0.00000
2048	2048	1	408	304	1.40066
2048	2048	1	358	86	4.75101
2560	2048	1	26	234	1.96644
2048	2048	2	478	68	0.00000
2560	2048	1	38	370	5.41193
2560	2048	1	228	108	0.00000
2560	2048	1	314	80	0.00000
2560	2048	1	170	158	2.90165
2560	2048	1	392	266	0.00000
2560	2048	1	230	300	2.29071
2560	2048	1	128	498	1.44420
2560	2560	1	148	92	1.82343
2560	2560	1	228	178	1.41088
2560	2560	1	338	102	1.64188
2560	2048	1	376	474	3.20508
2560	2048	1	226	432	0.00000
2560	2560	1	142	304	4.54917
2560	2560	1	80	186	1.10715
2560	2048	2	288	396	0.00000
2560	2048	2	362	404	0.00000
2560	2048	2	446	474	0.00000
2560	2048	1	510	154	0.59592
2560	2048	1	512	420	3.91405
3584	2048	2	402	109	0.00000
3584	2048	2	368	175	0.00000
3072	2048	2	288	27	0.00000
3072	2560	2	242	21	0.00000
3072	2560	2	310	21	0.00000
3072	2560	2	458	195	0.00000
3072	2560	2	432	123	0.00000
3072	2560	2	164	77	0.00000
3072	2560	2	146	507	0.00000
3072	2048	2	24	79	0.00000
3072	2048	2	108	117	0.00000
3584	2048	2	220	23	0.00000
3584	2560	2	446	512	0.00000
3072	2048	1	52	18	2.03855
3072	2048	1	36	162	1.27733
3072	2048	1	206	40	6.17671
3072	2048	1	170	220	5.52788
3072	2048	1	204	130	1.68063
3072	2048	1	312	116	3.46189
3072	2048	1	440	96	1.92943
3072	2048	1	468	58	5.34439
3584	2048	1	44	14	0.83322
3584	2048	1	242	80	3.82663
3584	2048	1	462	80	0.00000
3072	2560	1	40	414	0.34770
3072	2560	1	104	470	0.73548
3072	2560	1	254	512	3.53762
3072	2560	1	216	402	1.77137
3072	2560	1	24	206	4.83142
3072	2560	1	186	276	3.45302
3072	2560	1	124	212	0.19038
3072	2560	1	362	420	5.65914
3072	2560	1	512	496	2.77697
3072	2560	1	508	388	5.73058
3584	2560	1	104	442	0.00000
3584	2560	1	200	512	2.94729
3584	2560	1	250	440	3.85977
3584	2560	1	302	462	3.91311
3584	2560	1	490	484	5.49651
3584	2560	1	380	506	5.67374
3584	2560	1	382	386	6.06623
3584	2560	1	512	364	2.82433
3584	2560	1	446	342	3.42662
3584	2560	1	302	308	2.62391
3584	2560	1	202	396	0.80252
3584	2560	1	154	332	1.68587
3584	2560	1	418	234	3.19494
3584	2560	1	354	218	3.50528
3584	2560	1	472	194	0.00000
3584	2560	1	478	72	4.44699
3584	2560	1	336	82	5.62952
3584	2560	1	272	136	2.73131
3584	2560	1	222	236	3.29933
3584	2560	1	128	186	0.97032
3584	2560	1	150	274	5.49136
3584	2560	1	32	256	3.05885
3072	2560	1	420	304	3.16288
3072	2560	1	304	270	2.98261
3072	2560	1	352	152	0.00000
3072	2560	1	244	120	2.05386
3072	2560	1	34	86	1.13144
3072	2048	1	120	498	3.24670
3072	2048	1	34	416	3.50778
3072	2048	1	192	388	1.66671
3072	2048	1	328	392	4.43095
3072	2048	1	378	500	3.49668
3072	2560	1	466	36	3.63964
3072	2560	1	510	108	0.57012
3584	2048	1	206	324	4.61293
3584	2048	1	186	406	4.96709
3584	2048	1	44	428	5.70868
3584	2560	1	140	78	2.34531
3584	2048	1	386	500	5.40466
3584	2048	1	472	440	4.31213
3584	2048	1	470	222	0.00000
3584	2048	1	348	238	5.35808
3584	2048	1	434	350	0.43486
3584	2048	1	316	370	3.28393
3584	2560	1	234	6	4.27262
3584	2048	1	136	482	4.31539
3584	2048	1	62	294	5.47250
3584	2048	1	74	164	1.41284
3584	2048	1	152	242	4.67696
3072	2048	1	482	296	2.72179
3072	2048	1	426	320	2.60685
3072	3072	1	394	244	4.68676
3072	3072	1	130	60	0.00000
3072	3072	1	70	292	3.03130
3072	3072	1	104	184	0.00000
3072	3072	1	216	490	5.42755
3072	3072	1	484	392	0.27086
3584	3072	1	56	400	0.70372
3072	3072	1	396	58	6.15591
3072	3072	1	232	328	4.80957
3584	3072	1	164	222	0.52735
3584	3072	1	58	152	3.04696
3584	3072	1	178	120	5.26633
3584	3072	1	286	64	0.77590
3584	3072	1	310	196	0.00000
3072	3072	1	318	202	5.21238
3072	3072	1	78	456	5.44447
3072	3584	1	82	18	5.56061
3072	3072	1	330	440	4.94160
3072	3072	1	222	206	2.75047
3072	3072	1	406	326	2.58219
3584	3072	1	10	270	4.81025
3072	3072	1	426	88	0.00000
3584	3072	1	418	132	2.95223
3584	3072	1	484	122	0.00000
3584	3072	1	410	300	5.35127
3584	3072	1	204	274	0.87986
3584	3072	1	150	378	4.47400
3584	3072	1	338	396	3.71771
3584	3072	1	228	478	4.06347
3584	3072	1	122	440	4.52414
3072	3072	1	474	508	4.40656
3584	3072	1	482	382	0.00000
3584	3072	1	406	508	0.00000
3584	3584	1	456	30	5.40456
3584	3584	1	360	24	0.00000
3072	3584	1	224	118	3.77502
3072	3584	1	98	128	2.87464
3072	3584	1	316	260	5.31595
3072	3584	1	356	210	5.93788
3072	3584	1	412	192	5.52864
3072	3584	1	426	44	1.60231
3072	3584	1	502	112	1.37453
3584	3072	1	58	504	5.31911
3584	3584	1	120	68	2.61072
3584	3584	1	206	140	0.00000
3584	3584	1	282	136	3.02434
3584	3584	1	394	158	0.96584
3072	3584	1	54	230	1.76237
3072	3584	1	122	318	5.10369
3584	3584	1	50	180	0.94935
3584	3584	1	136	208	4.38903
3584	3584	1	348	256	2.13826
3584	3584	1	188	286	4.09754
3584	3584	1	14	354	3.96324
3072	3584	1	496	252	0.00000
3584	3584	1	286	374	1.65888
3072	3584	1	244	320	0.00000
2560	3072	1	366	68	0.21412
2560	3072	1	170	76	4.72946
2560	3072	1	474	52	4.75234
2560	3072	1	352	182	4.23495
2560	3072	1	254	290	3.73974
2048	3072	2	192	330	0.00000
2048	3072	2	188	236	0.00000
2048	3072	2	310	432	0.00000
2048	3072	2	170	478	0.00000
2560	3072	2	230	134	0.00000
2560	3072	2	104	232	0.00000
2048	3072	2	428	236	0.00000
2560	3072	2	346	252	0.00000
2560	3072	2	256	490	0.00000
2560	3072	2	338	452	0.00000
2048	3584	2	374	28	0.00000
2048	3584	2	116	238	0.00000
2560	3584	2	126	304	0.00000
2560	3584	2	206	362	0.00000
2560	3072	1	378	296	0.91983
2560	3072	1	470	304	0.77576
2560	3072	1	500	180	3.66287
2560	3072	1	262	16	2.17374
2560	3072	1	170	228	2.60447
2560	3072	1	422	390	1.78482
2560	3072	1	410	508	6.21121
2560	3584	1	500	10	0.00000
2560	3584	1	404	254	4.84580
2560	3584	1	410	126	3.63383
2560	3584	1	488	174	4.11268
2560	3584	1	464	366	0.39144
2560	3584	1	356	400	4.50279
2560	3584	1	352	320	1.81925
2560	3584	1	512	312	2.17753
2560	3584	1	382	472	0.88963
2560	3584	1	308	198	0.40916
2560	3584	1	246	182	3.68034
2560	3584	1	162	238	2.77118
2560	3072	1	158	472	0.23944
2560	3584	1	170	114	2.45786
2048	3584	1	510	150	0.81040
2560	3584	1	52	278	6.01040
2560	3584	1	226	414	4.01379
2560	3584	1	134	462	0.00000
2560	3584	1	256	494	0.00000
2048	3584	1	446	332	0.21584
2560	3584	1	14	488	3.67294
2048	3584	1	460	460	0.57582
2048	3584	1	342	382	0.00000
2048	3584	1	122	464	0.00000
2048	3584	1	28	432	0.00000
2048	3584	1	460	46	0.15730
2048	3584	1	346	236	0.09628
2048	3584	1	170	284	1.52906
2048	3584	1	236	376	0.54771
2048	3584	1	216	510	2.49951
2048	3584	1	300	470	6.01960
2048	3584	1	78	104	1.21813
2048	3584	1	38	276	2.19051
2048	3072	1	476	392	5.52691
2560	3072	1	46	346	5.18618
2560	3072	1	64	448	0.78485
2048	3584	1	252	32	1.74055
2048	3584	1	350	86	0.88808
2048	3584	1	260	250	0.42644
2048	3584	1	202	192	1.11848
2560	3072	2	122	388	0.00000
2560	3072	1	42	214	2.68893
2048	3072	1	384	142	5.31549
2048	3072	1	368	334	3.59520
2048	3072	1	300	334	3.42189
2048	3072	1	196	402	5.28591
2048	3072	1	394	454	4.38696
2048	3072	1	316	218	1.52321
2048	3072	1	396	18	0.50053
2048	3072	1	268	120	5.57783
2048	3072	1	90	254	2.47669
2048	3072	1	24	404	0.00000
2048	3072	1	8	228	0.00000
2048	3072	1	102	126	1.99736
2048	3072	2	76	414	0.00000
2048	3072	2	198	26	0.00000
2048	3072	1	488	38	5.54729
2048	3072	1	310	16	5.74823
2048	3072	1	60	10	2.32588
