1024	2048	1	474	328	0.00000
1024	2048	1	244	172	5.90924
1536	2048	1	170	290	4.32480
1536	2560	1	58	62	6.11164
1536	2048	1	130	418	1.95030
1024	2560	1	316	18	1.37791
1024	2048	1	330	438	4.92626
1024	2048	1	222	384	0.70661
1024	2048	2	200	70	0.00000
1024	2048	2	264	16	0.00000
1024	2048	2	342	32	0.00000
1024	2048	2	504	48	0.00000
1536	2048	2	142	26	0.00000
1536	2048	1	144	130	3.78292
1536	2048	1	306	32	4.85115
1536	2048	1	304	292	3.25225
1536	2048	1	304	508	0.93805
1536	2048	1	388	312	5.76250
1536	2048	1	398	418	2.14824
1024	2560	1	384	178	1.98685
1536	2048	2	228	174	0.00000
1536	2048	2	288	120	0.00000
1536	2048	2	488	64	0.00000
1536	2048	1	384	176	1.06593
1536	2048	1	512	192	0.00000
1536	2048	1	508	322	5.17190
1536	2048	2	216	402	0.00000
1024	2048	1	222	272	2.19348
1024	2048	1	338	216	3.86446
1536	2560	1	146	12	1.85938
1536	2048	2	424	506	0.00000
1536	2048	2	510	428	0.00000
1024	2560	1	122	192	2.93178
1024	2560	2	198	298	0.00000
1024	2560	2	352	460	0.00000
1536	2048	1	420	46	2.95562
1536	2560	1	148	116	1.30077
1536	2560	1	256	120	0.96389
1536	2560	1	392	126	2.70228
1536	2560	1	502	96	3.46723
1024	2560	1	322	256	2.06618
1536	2560	1	68	258	4.71239
1536	2560	1	186	254	0.36398
1536	2560	1	312	264	5.61442
1024	2560	1	60	342	3.61683
1024	2560	1	122	426	1.10330
1024	2560	1	470	412	0.00000
1024	2560	1	382	370	1.15473
1024	2560	1	256	472	5.93114
1024	2560	1	266	360	3.79182
1536	2560	1	92	364	4.79653
1536	2560	1	242	340	3.69537
1536	2560	1	502	470	3.50704
1536	2560	1	204	458	1.64470
1536	2560	1	422	268	0.56349
1536	2560	2	378	402	0.00000
1536	2560	1	454	358	3.80002
1536	2560	1	506	206	5.06356
1536	2560	1	340	512	4.84436
1536	2560	1	46	480	1.16104
1024	2560	2	158	512	0.00000
1024	3072	1	112	198	2.62558
1024	3584	2	66	92	0.00000
1024	3072	1	38	88	5.47077
1024	3072	1	130	44	3.77607
1024	3072	1	202	82	1.19445
1024	3072	2	288	20	0.00000
1024	3072	1	330	94	3.32470
1024	3072	1	490	136	0.19347
1536	3072	1	60	108	0.59539
1536	3072	1	84	30	4.62951
1536	3072	1	366	22	4.79748
1536	3072	1	310	116	2.33721
1536	3072	1	404	146	3.11468
1536	3072	1	478	166	2.93339
1536	3072	1	482	340	2.88402
1536	3072	1	226	190	1.50097
1536	3072	1	74	226	4.46741
1024	3072	1	274	174	5.51436
1024	3072	1	190	224	0.24498
1024	3072	2	20	210	0.00000
1024	3072	1	38	284	4.07619
1024	3072	1	76	360	4.15114
1024	3072	1	236	320	0.64618
1024	3072	1	432	330	0.00000
1536	3072	1	132	316	1.53043
1536	3072	1	216	350	4.69768
1536	3072	1	306	244	4.62270
1536	3072	1	376	338	2.58598
1536	3072	1	462	448	5.25622
1536	3072	1	366	488	5.60408
1536	3072	1	256	470	6.24676
1536	3072	1	180	498	3.11138
1536	3072	1	104	448	3.75347
1536	3072	1	38	432	3.72960
1024	3072	1	208	484	4.76231
1024	3072	1	92	444	1.35747
1024	3584	1	70	18	5.13187
1024	3584	1	206	126	0.00000
1024	3584	1	328	90	2.26870
1024	3584	1	416	36	1.24349
1536	3584	1	44	94	1.42105
1024	3584	1	462	150	5.87470
1536	3584	1	156	174	3.21719
1536	3584	1	360	190	1.81922
1536	3584	1	242	224	4.80778
1536	3584	2	398	108	0.00000
1536	3584	2	480	114	0.00000
1024	3584	1	284	244	0.00000
1024	3584	1	366	250	0.55202
1024	3584	1	430	312	0.00000
1536	3584	1	28	314	5.52159
1536	3584	1	206	336	0.48630
1536	3584	1	336	292	3.14631
1536	3584	1	474	224	0.18311
1536	3584	1	406	346	0.16363
1536	3584	1	80	468	0.36717
1024	3584	1	94	480	5.87394
1024	3584	1	16	516	5.66705
1536	3584	1	182	476	0.37725
1536	3584	1	482	420	6.08309
1536	3584	1	368	440	5.75633
1536	3584	1	330	494	5.65179
1536	3584	1	260	516	0.00000
2048	2560	1	18	218	5.04916
2048	2560	1	82	462	3.30329
2048	2560	1	318	416	6.17994
2048	2560	1	158	512	0.00000
2048	2560	1	118	294	1.28195
2048	2560	1	260	484	2.95190
2048	2560	1	396	512	5.24046
2560	2560	1	140	446	1.02209
2048	2560	1	258	320	0.46039
2048	2560	1	0	446	3.82007
2048	2560	2	198	419	0.00000
2048	2560	2	165	363	0.00000
2560	2560	2	463	335	0.00000
2048	2560	2	465	481	0.00000
2560	2560	2	24	479	0.00000
2560	2560	1	154	354	4.81740
2560	2560	1	248	498	3.45380
2560	2560	1	402	394	4.56617
2560	2560	1	378	482	2.14256
2560	2560	1	164	212	5.70846
2560	2560	1	364	224	0.10950
2560	2560	1	492	296	2.36127
2560	2560	1	500	478	2.28651
2560	2560	1	252	220	5.67979
2048	2560	1	50	136	3.93951
2048	2560	1	194	70	1.52141
2048	2560	1	378	250	0.11919
2560	2560	1	282	162	2.67835
2560	2560	1	12	314	3.75042
2560	2560	1	52	126	0.32815
2048	2560	2	316	205	0.00000
2048	2560	2	164	151	0.00000
2048	2560	2	234	157	0.00000
2048	2560	1	378	116	4.60032
2560	2048	1	4	512	4.78163
2048	2560	1	464	156	3.61633
2048	2560	1	332	10	3.43112
2048	2048	1	16	458	3.07034
2048	2560	1	98	4	2.84191
2048	2048	2	208	507	0.00000
2048	2048	2	262	499	0.00000
2048	2048	1	370	432	4.87197
2560	2048	1	34	378	2.91431
2048	2048	1	426	252	2.98212
2048	2048	1	14	328	5.66655
2048	2048	1	68	274	5.94845
2048	2048	1	234	252	0.19248
2048	2048	1	106	202	5.77784
2048	2048	2	38	75	0.00000
2560	2560	1	244	50	1.71647
2560	2560	1	512	170	3.04922
2560	2560	1	498	78	1.12330
2560	2560	1	354	44	5.80518
2560	2048	1	260	446	4.09315
2560	2048	1	472	490	4.09626
2560	2048	1	414	392	2.15504
2560	2048	1	512	330	0.00000
2560	2048	1	354	254	4.37087
2560	2048	1	474	230	4.48238
2560	2048	1	180	200	5.90287
2560	2048	1	498	122	3.76942
2560	2048	1	422	62	0.00000
2560	2048	1	84	214	1.70659
2560	2048	1	328	162	1.58781
2560	2048	1	230	46	5.17288
2560	2048	1	310	86	0.18259
2560	2048	1	66	100	4.48785
2048	2048	1	380	116	1.44377
2048	2048	1	238	32	3.06143
2048	2048	1	166	76	6.02703
2048	2048	1	104	62	6.15555
2560	2048	1	359	32	0.00000
2048	2560	1	440	276	0.00000
2048	2560	2	412	53	0.00000
3072	2048	1	6	104	4.19475
3072	2048	1	90	82	0.00000
3072	2048	1	206	60	3.69556
3072	2048	1	324	84	5.47535
3072	2048	1	474	128	4.14361
3072	2048	2	434	24	0.00000
3584	2048	1	152	102	0.00000
3584	2048	1	210	0	0.00000
3584	2048	1	266	102	3.89630
3584	2048	1	378	78	5.91601
3584	2048	1	490	66	5.99062
3072	2048	1	110	166	1.33824
3072	2048	1	272	148	0.46365
3072	2048	1	376	190	5.55472
3072	2048	1	262	292	2.43762
3584	2048	1	240	228	4.39548
3584	2048	1	386	226	5.54909
3584	2048	1	378	336	4.72123
3584	2048	1	452	448	2.60496
3584	2048	1	58	296	1.83636
3072	2048	1	468	352	2.38119
3072	2048	1	348	338	3.18568
3072	2048	1	192	324	2.18426
3072	2048	1	96	366	4.92023
3072	2048	1	244	420	3.47240
3072	2048	1	172	492	3.40313
3072	2048	1	312	498	4.18911
3584	2048	1	8	480	2.74250
3584	2048	1	84	388	4.65689
3584	2048	1	202	438	0.00000
3584	2048	1	136	470	5.59569
3584	2048	1	352	510	3.76662
3584	2560	1	232	60	3.82337
3584	2560	1	414	94	5.56726
3584	2560	1	484	186	3.45923
3072	2560	1	470	14	5.72866
3584	2560	1	116	24	4.80684
3072	2560	1	280	98	1.52735
3072	2560	1	388	80	6.04465
3072	2560	1	106	162	2.94205
3072	2560	2	168	74	0.00000
3072	2560	2	470	182	0.00000
3072	2560	2	440	126	0.00000
3584	2560	1	78	118	2.38088
3584	2560	1	248	150	1.49912
3584	2560	1	374	172	2.94420
3584	2560	1	296	230	2.20730
3584	2560	1	506	332	5.70362
3072	2560	1	174	246	3.46334
3072	2560	1	102	312	2.96817
3072	2560	1	418	260	1.78644
3584	2560	1	128	232	3.92879
3584	2560	1	34	190	5.61428
3072	2560	1	14	198	2.76849
3584	2560	1	304	316	1.98797
3584	2560	1	398	348	0.62991
3584	2560	1	426	442	3.81889
3584	2560	1	294	400	0.00000
3072	2560	1	294	302	1.57080
3072	2560	1	178	416	3.47905
3072	2560	1	314	414	3.40842
3072	2560	1	422	364	0.47170
3584	2560	1	6	348	0.17042
3584	2560	1	70	374	2.98924
3584	2560	1	170	406	1.40103
3072	2560	1	242	512	1.27948
3072	2560	1	390	512	0.00000
3584	2560	1	114	480	1.38570
3584	2560	1	2	512	2.25799
3584	2560	1	246	466	5.91830
3584	2560	1	322	512	3.81797
3584	2560	1	512	500	2.50543
3072	3072	1	8	88	5.64150
3072	3072	1	110	162	2.80686
3072	3072	1	26	22	2.18884
3072	3072	1	184	18	4.47108
3072	3072	1	240	116	2.93548
3072	3072	1	170	208	0.00000
3072	3072	1	38	244	5.63076
3072	3072	1	206	318	5.27422
3072	3072	1	30	354	0.00000
3072	3072	1	106	412	0.00000
3072	3072	2	112	82	0.00000
3072	3072	1	378	12	0.00000
3072	3072	1	348	84	4.82976
3072	3072	1	338	220	5.40713
3072	3072	1	296	274	2.22728
3072	3072	1	450	142	3.86948
3072	3072	1	510	14	1.87668
3584	3072	1	78	96	4.82305
3584	3072	1	124	232	2.20228
3584	3072	1	28	252	5.27225
3072	3072	2	432	252	0.00000
3072	3072	1	410	342	3.49614
3072	3072	1	314	422	0.00000
3072	3072	2	252	446	0.00000
3072	3584	1	138	26	0.05747
3072	3584	1	208	24	3.31171
3072	3584	1	52	86	2.07277
3072	3072	1	14	476	0.00000
3584	3072	1	136	32	1.31464
3584	3072	1	196	56	1.34511
3584	3072	1	294	56	3.85104
3584	3072	1	404	24	1.04058
3584	3072	1	496	50	2.50777
3584	3072	1	186	174	0.00000
3584	3072	1	234	112	0.00000
3584	3072	1	398	132	0.00000
3584	3072	1	316	204	2.49028
3584	3072	1	450	258	0.90296
3584	3072	1	486	272	0.38479
3584	3072	1	266	258	1.69515
3584	3072	1	292	356	1.91688
3584	3072	1	184	376	1.45396
3584	3072	1	24	386	1.64030
3584	3072	1	134	464	1.71130
3584	3072	1	464	388	2.07237
3584	3072	1	498	354	0.00000
3584	3072	1	288	440	1.09112
3584	3584	1	320	6	4.17197
3584	3584	1	484	28	4.59296
3072	3072	1	466	492	0.00000
3072	3584	1	406	28	0.00000
3584	3584	1	24	50	0.00000
3072	3584	1	342	84	3.18504
3072	3584	1	246	44	0.05105
3072	3584	1	184	170	3.84384
3584	3584	1	94	98	0.00000
3072	3584	1	14	206	5.99387
3072	3584	1	134	304	5.93876
3072	3584	1	222	262	3.68110
3072	3584	1	34	322	2.33308
3072	3584	1	416	174	0.82885
3072	3584	1	502	154	0.00000
3584	3584	1	198	102	1.07145
3584	3584	1	330	136	0.00000
3584	3584	1	406	174	6.23973
3584	3584	1	484	132	5.43068
3584	3584	1	38	224	0.00000
3584	3584	1	154	238	0.79406
3584	3584	1	222	288	0.00000
3584	3584	1	366	306	0.00000
3584	3584	1	426	324	0.74905
3584	3584	1	490	344	1.07400
3584	3584	1	482	402	1.58842
3584	3584	1	96	360	6.18220
3584	3584	1	20	382	0.00000
3072	3584	1	454	300	0.00000
3072	3584	1	326	280	5.70039
3072	3584	1	346	362	1.93504
3584	3584	1	302	306	0.00000
3584	3584	1	176	346	5.89215
3584	3584	1	248	452	5.28185
3584	3584	1	154	452	0.00000
3584	3584	1	68	466	0.00000
3072	3584	1	168	426	2.02258
3072	3584	1	74	452	2.17432
3072	3584	1	358	468	0.76883
3072	3584	1	268	468	0.46584
3072	3584	1	462	484	6.02937
2560	3584	1	512	490	2.20060
2560	3584	1	390	512	5.69619
2560	3584	1	376	312	1.93814
2560	3584	1	140	352	0.80536
2560	3584	1	110	494	0.59062
2048	3584	1	442	422	0.40240
2048	3584	1	342	458	0.00000
2560	3584	1	204	458	5.56496
2560	3584	1	378	394	4.99069
2560	3584	1	512	324	1.85734
2560	3584	1	494	200	5.83708
2048	3584	1	504	512	0.64350
2048	3584	1	144	488	4.44433
2048	3584	1	66	394	6.23671
2048	3584	1	216	400	4.54130
2048	3584	1	230	314	0.67196
2560	3584	1	350	202	0.84395
2560	3072	1	42	392	0.00000
2560	3584	1	20	248	0.65666
2560	3584	1	18	374	0.41013
2048	3584	1	408	202	0.00000
2560	3584	1	202	154	2.06247
2048	3584	1	56	178	1.30683
2560	3584	1	148	216	1.65644
2560	3584	1	286	94	4.85137
2560	3584	1	34	108	0.37725
2560	3584	1	112	92	5.80584
2560	3584	2	258	354	0.00000
2560	3584	2	278	246	0.00000
2048	3584	2	266	182	0.00000
2048	3584	2	186	250	0.00000
2048	3584	2	108	233	0.00000
2048	3584	2	338	176	0.00000
2048	3584	1	274	100	3.01876
2048	3584	1	138	122	3.70008
2048	3584	1	82	98	3.70454
2048	3072	1	210	470	2.51204
2048	3584	1	352	50	0.00000
2048	3584	1	418	42	3.25647
2048	3072	1	508	498	4.76113
2560	3584	1	148	6	5.18494
2560	3584	1	512	82	5.01827
2560	3072	1	486	456	5.95253
2560	3072	1	414	508	3.53694
2560	3072	1	266	480	0.00000
2560	3072	1	346	418	0.00000
2560	3072	1	206	452	0.00000
2048	3072	1	368	410	4.84084
2048	3072	1	210	356	4.95669
2048	3072	1	102	326	0.24498
2048	3072	1	58	230	0.56153
2048	3072	2	330	486	0.00000
2048	3072	2	154	476	0.00000
2048	3584	2	182	14	0.00000
2048	3072	2	40	394	0.00000
2048	3072	2	288	288	0.00000
2048	3072	2	212	274	0.00000
2560	3072	2	98	432	0.00000
2560	3072	2	360	236	0.00000
2560	3072	2	224	138	0.00000
2560	3072	2	138	86	0.00000
2560	3072	1	116	346	5.66816
2560	3072	1	158	314	5.58128
2560	3072	2	100	236	0.00000
2048	3072	1	376	258	6.03906
2048	3072	1	294	188	0.03935
2048	3072	1	222	152	0.39463
2048	3072	1	168	38	0.00000
2048	3072	1	52	100	4.40095
2048	3072	2	152	124	0.00000
2048	3072	1	424	10	5.41538
2560	3072	1	22	66	0.00000
2560	3072	1	12	216	1.99499
2048	3072	1	378	132	5.26356
2560	3072	1	124	152	2.46599
2560	3072	1	230	282	5.71862
2560	3072	1	270	236	3.02008
2560	3072	1	232	4	3.54648
2560	3072	1	388	144	2.94654
2560	3072	1	512	230	5.19392
2560	3072	1	490	78	4.99465
