1024	2048	2	192	94	0.00000
1024	2048	2	264	0	0.00000
1024	2048	1	360	0	0.00000
1536	2048	1	22	6	0.27933
1024	2048	2	450	0	0.00000
1024	2048	1	104	210	0.64094
1536	2048	1	102	42	4.03038
1536	2048	1	412	248	0.88530
1536	2048	2	222	160	0.00000
1536	2048	2	284	106	0.00000
1536	2048	2	498	58	0.00000
1536	2048	1	188	64	1.07908
1536	2048	1	348	20	2.58478
1536	2048	1	446	0	3.20631
1024	2048	1	302	186	3.91592
1024	2048	1	210	394	0.64002
1024	2048	1	182	274	1.73595
1536	2048	1	44	216	0.00000
1024	2048	1	420	162	2.03916
1024	2048	1	472	330	0.00000
1536	2048	1	146	284	3.16465
1536	2048	2	250	398	0.00000
1024	2048	1	344	420	4.75781
1536	2560	1	34	42	5.77225
1536	2048	1	266	304	4.56908
1536	2048	1	368	390	0.92503
1536	2048	1	512	478	5.58777
1536	2048	1	114	454	3.69318
1536	2560	1	176	10	0.72453
1536	2560	1	322	16	0.72554
1024	2560	1	292	10	1.39480
1024	2560	1	398	102	1.06661
1024	2560	1	142	128	4.71900
1536	2560	1	452	42	2.22773
1536	2560	1	16	150	1.45947
1536	2560	1	154	156	1.37132
1536	2560	1	356	108	3.61426
1536	2560	1	492	182	2.27904
1536	2560	1	424	256	1.94836
1024	2560	1	48	232	0.57623
1024	2560	1	308	208	1.03498
1024	2560	2	186	296	0.00000
1024	2560	1	186	226	5.14387
1536	2560	1	70	266	1.67168
1536	2560	1	306	262	5.66599
1536	2560	1	188	302	0.15262
1024	2560	1	120	298	2.51182
1024	2560	1	154	410	4.93020
1024	2560	2	350	438	0.00000
1536	2560	2	478	414	0.00000
1536	2560	2	360	394	0.00000
1024	2560	1	382	352	1.28295
1024	2560	1	268	372	2.87930
1024	2560	1	192	496	4.73175
1024	2560	1	300	512	0.00000
1024	2560	1	390	512	3.98495
1024	2560	1	504	420	0.22214
1536	2560	1	132	384	5.03798
1536	2560	1	266	354	5.73584
1536	2560	1	38	476	0.82633
1536	2560	1	162	492	1.47713
1536	2560	1	342	512	4.70784
1536	2560	1	390	436	4.21920
1536	2560	1	512	428	3.27515
1536	3072	1	444	84	2.19188
1536	3072	1	204	50	4.74921
1024	3072	2	474	30	0.00000
1024	3072	1	192	4	5.07521
1024	3072	1	302	66	6.00529
1024	3072	1	22	174	2.86497
1024	3072	1	98	136	3.32159
1024	3072	1	206	104	1.23071
1024	3072	1	162	206	1.05165
1024	3072	1	310	198	5.34249
1024	3072	1	412	110	5.49642
1536	3072	1	74	90	0.69531
1536	3072	1	24	224	1.47267
1536	3072	1	244	214	0.10706
1536	3072	1	296	136	2.40878
1536	3072	1	380	230	3.51593
1536	3072	1	512	266	3.16340
1536	3072	1	258	332	1.02517
1536	3072	1	396	344	5.39668
1024	3072	1	42	350	3.84025
1024	3072	1	246	314	0.65108
1024	3072	1	158	450	2.55836
1024	3072	1	294	438	0.25830
1024	3072	2	500	292	0.00000
1024	3072	1	436	350	1.41933
1024	3072	1	424	418	1.53261
1024	3072	1	470	500	4.31760
1024	3584	1	66	2	1.54050
1536	3072	1	154	260	1.91500
1536	3072	1	88	510	3.48492
1536	3072	1	180	488	3.04235
1536	3072	1	240	472	0.00000
1536	3072	1	358	448	0.00000
1024	3584	1	276	74	2.01503
1024	3584	1	130	104	4.63256
1024	3584	1	106	188	1.19095
1024	3584	1	206	212	0.77539
1024	3584	1	288	266	6.23973
1024	3584	1	344	32	5.56809
1536	3584	1	30	112	5.32493
1536	3584	1	226	106	1.73746
1536	3584	2	356	72	0.00000
1536	3584	2	418	100	0.00000
1536	3584	2	470	94	0.00000
1536	3584	1	4	218	0.22680
1536	3584	1	110	232	6.24617
1536	3584	1	276	208	1.55002
1536	3584	1	478	254	0.66887
1024	3584	1	430	342	0.00000
1536	3584	1	142	348	1.20785
1536	3584	2	252	258	0.00000
1536	3584	1	346	274	3.42907
1536	3584	2	324	380	0.00000
1536	3584	1	386	338	0.22083
1536	3584	1	496	434	5.75610
1536	3584	1	448	464	0.09708
1536	3584	1	312	478	5.89946
1536	3584	1	178	452	0.27168
1536	3584	1	74	482	0.89119
1024	3584	1	100	478	5.77339
1024	3584	1	346	516	0.00000
2048	2560	1	410	108	4.45871
2560	2560	1	512	472	2.78078
2048	2560	1	260	448	3.42418
2560	2560	1	8	294	5.07660
2560	2560	1	78	448	5.88695
2560	2560	1	260	458	1.81908
2048	2560	1	438	228	0.97644
2048	2560	1	370	314	5.86628
2560	2560	1	330	420	2.27647
2048	2560	1	374	486	4.25038
2048	2560	1	110	28	1.67982
2048	2560	1	26	420	3.20246
2560	2560	1	176	320	5.19929
2048	2560	1	76	274	3.92699
2048	2560	1	288	364	2.57990
2560	2560	1	410	312	0.36362
2560	2560	1	302	270	3.88045
2560	2560	1	238	230	1.13740
2048	2560	1	72	116	3.94826
2048	2048	1	6	470	5.38100
2048	2560	1	192	78	4.50130
2560	2560	1	506	202	2.21979
2560	2560	1	426	156	3.61248
2560	2560	1	318	128	1.58650
2560	2560	1	96	82	0.89919
2560	2560	1	222	92	0.61321
2560	2560	1	332	36	1.81063
2560	2560	1	450	10	2.55597
2048	2560	1	502	106	3.94826
2560	2048	1	2	510	4.92826
2048	2560	1	324	76	3.18054
2048	2048	1	352	404	4.21844
2560	2048	1	12	456	4.83086
2560	2048	1	34	358	4.62336
2560	2048	1	278	462	4.24873
2048	2048	1	114	376	3.53892
2048	2048	1	68	276	6.22154
2048	2048	1	248	264	0.00000
2560	2048	1	4	216	1.78806
2560	2048	1	326	262	0.71373
2560	2048	1	422	272	3.11067
2560	2048	1	512	320	0.59270
2560	2048	1	508	214	0.69451
2560	2048	1	504	152	4.25205
2560	2048	1	426	62	0.00000
2560	2048	1	336	44	0.00000
2560	2048	1	300	100	0.00000
2560	2048	1	252	52	3.10348
2560	2048	1	170	184	5.67433
2560	2048	1	146	80	3.91378
2560	2048	1	32	136	5.70905
2048	2048	1	444	54	2.98894
2048	2048	1	374	142	5.97091
2048	2048	1	40	136	0.46706
2048	2048	1	142	240	0.00000
2048	2048	1	204	120	5.87829
2048	2048	1	32	14	0.67105
2048	2048	1	192	20	4.30132
2560	2048	2	296	392	0.00000
2048	2560	2	172	154	0.00000
2048	2560	2	232	150	0.00000
2048	2560	2	322	208	0.00000
2560	2560	2	466	334	0.00000
2048	2560	2	458	476	0.00000
2560	2560	2	18	484	0.00000
2048	2560	2	166	366	0.00000
2048	2560	2	194	420	0.00000
2048	2048	2	200	504	0.00000
2048	2048	2	264	506	0.00000
2560	2560	2	22	160	0.00000
2048	2560	2	420	56	0.00000
2048	2048	2	160	460	0.00000
2560	2048	2	512	406	0.00000
2560	2048	1	364	156	1.38915
3072	2048	1	88	24	0.34333
3072	2048	1	164	40	1.37134
3072	2048	1	214	64	0.00365
3072	2048	1	10	122	4.39105
3072	2048	1	34	194	0.70661
3072	2048	2	116	118	0.00000
3072	2560	2	162	86	0.00000
3072	2560	2	460	186	0.00000
3584	2560	2	404	248	0.00000
3584	2560	2	360	446	0.00000
3072	2048	1	280	70	0.00000
3072	2048	1	348	116	0.00000
3072	2048	1	458	110	4.17645
3072	2048	1	436	0	2.94057
3584	2048	1	150	124	0.00000
3584	2048	1	222	0	0.00000
3584	2048	1	260	94	3.78862
3584	2048	1	376	96	0.00000
3584	2048	1	462	36	0.00000
3072	2048	1	24	306	0.62439
3072	2048	1	148	224	3.92825
3072	2048	1	296	216	4.68787
3072	2048	1	464	208	3.69721
3584	2048	1	70	202	5.56234
3584	2048	1	230	224	4.19176
3584	2048	1	512	128	0.45800
3584	2048	1	388	218	5.51351
3584	2048	1	468	330	5.11090
3584	2048	1	34	280	2.14025
3072	2048	1	136	342	4.42052
3072	2048	1	236	368	3.28902
3072	2048	1	294	420	3.73674
3072	2048	1	430	402	2.40146
3072	2048	1	504	350	2.82213
3584	2048	1	142	366	4.07725
3072	2048	1	48	458	3.06572
3072	2560	1	178	6	2.05399
3072	2048	1	360	500	2.32276
3072	2048	1	512	492	3.77556
3584	2048	1	124	512	0.00000
3584	2048	1	218	428	5.48547
3584	2048	1	464	476	3.18764
3584	2048	1	386	492	3.25238
3584	2048	1	312	468	3.05575
3584	2560	1	220	2	2.64425
3072	2560	1	64	90	3.85684
3072	2560	1	282	100	5.64220
3072	2560	1	378	84	5.37515
3072	2560	2	444	130	0.00000
3584	2560	1	46	90	2.09646
3584	2560	1	192	106	1.40182
3072	2560	1	26	218	2.25924
3072	2560	1	306	228	1.76841
3584	2560	1	30	176	1.99669
3584	2560	1	292	132	3.91279
3584	2560	1	424	126	0.00000
3584	2560	1	500	172	3.27328
3584	2560	1	318	180	4.15401
3584	2560	1	220	216	3.05638
3584	2560	1	144	230	3.80481
3584	2560	1	486	328	6.12697
3584	2560	1	412	310	5.25914
3584	2560	1	292	272	4.10884
3584	2560	1	508	512	2.55765
3584	2560	1	512	442	5.46233
3584	2560	1	430	430	2.75011
3584	2560	1	322	428	3.79389
3584	2560	1	328	348	1.56252
3584	2560	1	258	452	5.89868
3584	2560	1	408	512	5.91802
3584	2560	1	344	512	0.00000
3584	2560	1	212	512	5.97833
3584	2560	1	84	332	1.14965
3584	2560	1	170	386	1.34890
3584	2560	1	118	462	2.03506
3584	2560	1	42	512	5.18669
3072	2560	1	468	336	5.87700
3072	2560	1	324	300	4.54907
3072	2560	1	418	414	2.82355
3072	2560	1	366	486	0.00000
3072	2560	1	284	436	0.43335
3072	2560	1	200	342	2.77793
3072	2560	1	56	350	4.17056
3072	2560	1	130	436	5.04533
3072	2560	1	106	512	2.25210
3072	2560	1	30	490	2.75626
3072	3584	1	344	482	0.90648
3072	3584	1	46	98	2.23973
3072	3584	1	460	428	2.76130
3584	3584	1	110	334	2.16007
3072	3584	1	204	342	0.75466
3072	3584	1	282	370	0.00000
3072	3584	1	202	252	3.63200
3072	3584	1	104	442	0.16947
3072	3584	1	102	312	0.41064
3584	3584	1	226	354	0.82547
3072	3584	1	504	364	5.97033
3584	3584	1	76	446	0.00000
3072	3584	2	28	210	0.00000
3584	3584	1	360	446	0.72902
3584	3584	1	420	464	0.55216
3584	3584	1	356	286	0.37141
3584	3584	1	424	282	0.52873
3584	3584	1	492	288	3.81703
3584	3584	1	498	460	0.27117
3584	3584	1	190	456	4.04569
3072	3584	1	358	270	0.00000
3072	3584	1	486	242	3.03366
3072	3584	1	412	200	6.07097
3072	3584	1	294	204	0.50239
3584	3584	1	176	264	5.64962
3584	3584	1	32	216	0.00000
3584	3584	1	228	168	4.57664
3584	3584	1	180	108	1.38435
3584	3584	1	118	62	0.87802
3072	3584	1	496	114	1.03357
3072	3584	1	396	76	1.00509
3584	3584	1	34	8	4.35018
3072	3584	1	294	88	0.00000
3072	3584	1	226	118	3.54551
3072	3584	1	108	22	0.00000
3072	3584	1	196	12	3.45443
3072	3072	2	244	449	0.00000
3072	3072	2	38	379	0.00000
3072	3072	2	20	503	0.00000
3072	3072	1	110	346	0.07265
3072	3072	1	340	474	5.74310
3072	3072	1	422	434	2.63307
3584	3584	1	416	162	5.49630
3584	3584	1	456	74	5.96832
3584	3072	1	250	462	2.35555
3584	3584	2	506	185	0.00000
3584	3584	2	512	129	0.00000
3584	3584	2	508	35	0.00000
3584	3584	1	362	16	3.45536
3584	3584	1	240	48	2.17412
3584	3072	1	102	446	2.21193
3584	3072	1	364	414	3.81363
3584	3072	1	474	416	3.05910
3584	3072	1	254	352	2.88882
3584	3072	1	104	296	2.58674
3584	3072	1	240	264	4.83696
3072	3072	1	228	324	3.65808
3072	3072	2	434	247	0.00000
3072	3072	1	356	314	2.24884
3584	3072	1	426	260	5.17294
3584	3072	1	364	166	1.47249
3584	3072	1	72	182	0.89115
3072	3072	1	164	210	4.25588
3072	3072	1	54	144	5.69418
3072	3072	1	118	64	2.81660
3072	3072	1	234	60	4.68512
3072	3072	1	322	202	5.20416
3072	3072	1	372	142	5.57594
3072	3072	2	378	37	0.00000
3072	3072	1	454	110	5.31504
3072	3072	1	504	64	2.06828
3584	3072	2	74	25	0.00000
3584	3072	1	346	62	0.00000
3584	3072	1	418	50	5.99631
3584	3072	1	482	128	0.48755
3584	3072	1	242	86	0.83838
3584	3072	2	228	25	0.00000
3584	3072	2	162	29	0.00000
3584	3072	1	184	164	0.00000
2048	3072	1	66	68	0.00000
2048	3072	1	168	14	0.00000
2048	3072	1	214	110	0.40489
2048	3072	1	292	180	5.75268
2048	3072	1	384	42	4.28954
2048	3072	1	462	140	5.24849
2560	3072	1	102	130	1.94550
2560	3072	2	126	76	0.00000
2560	3072	2	226	136	0.00000
2560	3072	1	338	74	1.74596
2560	3072	1	404	212	2.39033
2560	3072	1	280	214	2.67945
2560	3072	1	226	262	5.67944
2560	3072	1	186	312	5.63419
2560	3072	1	152	394	5.23529
2560	3072	1	26	284	0.43452
2048	3072	1	356	270	0.68052
2048	3072	1	88	240	0.49284
2048	3072	1	232	352	1.95448
2048	3072	1	186	388	5.43371
2048	3072	1	442	348	2.87141
2048	3072	1	396	404	5.83708
2560	3072	1	50	408	3.25702
2560	3072	1	358	404	0.00000
2560	3072	1	504	256	0.00000
2560	3072	1	484	450	5.93865
2560	3072	1	288	496	3.70370
2560	3072	2	198	486	0.00000
2560	3584	1	408	74	4.67590
2560	3584	1	490	162	5.70153
2560	3584	1	482	264	1.78548
2560	3584	1	362	150	1.83767
2560	3584	1	122	40	0.00000
2560	3584	1	204	142	1.48766
2560	3584	1	314	262	6.00552
2560	3584	1	504	390	2.48916
2560	3584	1	370	382	5.17604
2560	3584	1	120	184	5.99660
2560	3584	1	30	24	4.17054
2048	3584	1	438	30	3.75619
2048	3584	1	312	20	4.00934
2048	3072	1	74	450	2.52448
2048	3584	1	44	10	5.40090
2048	3584	1	376	156	0.00000
2048	3584	1	436	196	0.00000
2048	3584	1	484	164	0.00000
2560	3584	1	58	160	3.06880
2048	3584	2	150	88	0.00000
2048	3584	2	126	228	0.00000
2048	3584	1	308	192	5.76031
2048	3584	2	216	292	0.00000
2048	3584	1	56	262	0.86537
2048	3584	1	108	358	4.72191
2048	3584	1	450	300	1.58861
2560	3584	1	60	300	2.66925
2560	3584	1	220	448	5.63296
2560	3584	1	36	438	0.00000
2048	3584	1	446	422	0.21531
2048	3584	1	328	390	1.05912
2048	3584	1	64	432	2.50884
2048	3584	2	206	504	0.00000
2560	3584	2	324	488	0.00000
2048	3584	1	200	158	2.88544
2048	3072	2	322	436	0.00000
2048	3072	2	176	484	0.00000
