1536	2048	1	316	22	5.06853
1536	2048	1	268	80	5.14969
1536	2048	1	90	136	5.84468
1024	2048	1	502	212	3.55624
1024	2048	1	338	34	5.31614
1024	2048	1	248	360	0.36817
1536	2048	2	494	70	0.00000
1536	2048	1	478	198	1.50565
1536	2048	1	512	316	0.00000
1536	2048	1	370	366	3.38384
1536	2048	1	218	116	0.00000
1536	2048	1	262	298	4.76169
1536	2048	1	174	230	4.27001
1536	2048	1	36	308	3.32456
1536	2048	1	150	334	2.17190
1536	2048	1	52	428	1.35274
1536	2048	1	204	432	0.83188
1024	2048	1	116	240	0.66069
1024	2048	1	36	120	0.00000
1024	2048	2	206	78	0.00000
1024	2560	1	74	146	3.23807
1024	2560	1	298	44	1.01841
1024	2560	1	422	14	2.80508
1024	2560	1	504	100	0.88685
1536	2560	1	82	86	0.00000
1536	2560	1	168	88	0.55526
1536	2560	1	278	102	2.45876
1536	2048	1	402	506	4.74983
1536	2048	1	504	456	4.00003
1536	2560	1	462	72	5.15255
1536	2560	1	426	128	5.56436
1024	2048	1	96	14	2.64143
1536	2048	1	22	0	0.00000
1024	2560	1	182	232	4.31265
1024	2560	2	210	286	0.00000
1024	2560	1	372	346	0.00000
1536	2560	1	94	216	1.99143
1536	2560	1	412	312	2.78506
1536	2560	1	208	250	0.00000
1536	2560	1	468	272	2.91879
1536	2560	1	306	250	5.52090
1024	2560	1	202	460	5.73993
1024	2560	1	124	340	3.18184
1024	2560	1	456	428	2.12655
1024	2560	1	484	302	2.04937
1536	2560	1	68	438	5.32791
1536	2560	1	406	424	1.94894
1536	2560	2	480	408	0.00000
1024	2560	2	360	446	0.00000
1536	2560	1	166	344	2.67879
1536	2560	1	250	338	0.00000
1536	2560	1	264	512	1.01246
1024	2560	1	36	494	3.36026
1024	2560	2	122	498	0.00000
1024	2560	1	410	496	1.38160
1024	2560	1	32	296	0.92093
1024	3072	1	320	236	0.00000
1024	3072	1	412	398	1.03693
1024	3584	1	248	54	0.70449
1024	3584	1	84	100	0.69474
1024	3072	1	18	486	2.61061
1024	3072	1	76	436	5.84810
1024	3072	1	114	348	5.87829
1024	3072	1	190	332	5.67430
1024	3072	1	222	218	4.07896
1024	3072	1	146	162	0.78540
1024	3072	1	448	158	2.52987
1024	3072	1	306	102	2.45864
1024	3072	1	142	92	1.53710
1024	3072	1	154	24	2.02476
1536	3072	1	46	82	0.53290
1536	3072	1	82	160	4.07785
1536	3072	1	100	234	3.96185
1024	3072	2	496	304	0.00000
1536	3072	1	60	392	2.74671
1536	3584	1	198	78	1.34594
1536	3072	1	246	486	5.47929
1536	3072	1	144	462	3.80440
1536	3072	1	366	344	0.74317
1536	3072	1	270	308	1.30454
1536	3072	1	218	226	4.01970
1536	3072	1	364	80	3.24016
1536	3072	1	246	28	0.68985
1536	3072	1	346	214	4.29061
1536	3072	1	454	154	0.36592
1536	3072	1	460	378	1.62692
1536	3072	1	512	488	5.28937
1536	3584	1	10	104	1.70577
1024	3584	1	182	194	5.15738
1024	3584	1	194	290	1.69966
1024	3584	1	326	128	2.58525
1536	3584	1	196	150	2.58523
1024	3584	1	436	152	1.84910
1536	3584	1	42	202	2.55712
1024	3584	1	414	352	0.97117
1536	3584	1	52	466	0.35699
1024	3584	1	480	418	0.59756
1536	3584	1	358	390	2.08260
1536	3584	1	360	110	4.97864
1536	3584	2	470	114	0.00000
1536	3584	1	150	226	6.22769
1536	3584	1	302	170	5.08401
1536	3584	1	398	320	5.15624
1536	3584	1	168	494	0.26625
1024	3584	1	256	392	0.71493
1024	3584	1	160	440	0.00000
1024	3584	1	82	460	3.00469
1536	3584	1	314	460	5.22414
1536	3584	1	188	356	2.31174
1536	3584	2	250	264	0.00000
1024	3584	2	34	232	0.00000
2048	2048	1	98	96	0.00000
2048	2048	1	234	142	5.01316
2048	2048	1	398	102	0.94720
2048	2048	2	500	66	0.00000
2560	2048	1	60	106	3.13689
2048	2048	1	136	236	5.63429
2048	2048	1	22	322	0.00000
2048	2048	1	100	330	0.00000
2048	2048	1	150	388	3.99967
2048	2048	1	288	332	0.00000
2048	2048	1	508	194	6.04363
2560	2048	1	114	250	5.67718
2560	2048	1	352	234	4.04089
2048	2048	1	384	476	5.43817
2048	2048	1	508	438	3.24607
2560	2048	1	86	422	3.66051
2560	2048	1	216	332	0.66831
2048	2048	2	176	70	0.00000
2048	2048	2	26	430	0.00000
2048	2560	1	106	44	0.40850
2048	2560	2	158	152	0.00000
2048	2560	1	282	66	0.74940
2560	2048	1	430	72	0.00000
2560	2048	1	194	144	0.00000
2560	2048	2	138	42	0.00000
2560	2048	1	280	112	5.97340
2560	2048	1	358	52	0.00000
2048	2048	1	460	280	2.73526
2048	2048	1	364	268	0.00000
2048	2048	2	362	190	0.00000
2048	2048	2	222	500	0.00000
2560	2048	1	448	332	1.32800
2560	2048	1	482	194	4.23587
2048	2560	2	226	182	0.00000
2048	2560	2	316	194	0.00000
2048	2560	2	410	56	0.00000
2048	2560	2	368	114	0.00000
2560	2048	1	336	480	5.47132
2560	2048	2	284	400	0.00000
2560	2560	2	300	10	0.00000
2560	2048	1	466	496	4.25467
2048	2560	1	472	94	3.29370
2048	2560	1	44	286	0.00000
2048	2560	1	176	258	2.00464
2048	2560	1	172	342	2.26919
2048	2560	1	350	322	2.19264
2048	2560	1	268	384	0.00000
2048	2560	1	494	252	1.48115
2560	2560	2	20	156	0.00000
2560	2560	1	84	24	1.44507
2560	2560	1	210	24	2.64427
2560	2560	1	128	168	3.57773
2560	2560	1	162	268	0.00000
2560	2560	1	238	200	0.21537
2560	2560	1	318	178	0.00000
2560	2560	1	438	74	4.16638
2560	2560	1	470	244	4.56507
2560	2560	1	454	394	5.63262
2560	2560	1	294	344	5.31449
2560	2560	1	494	150	1.23034
2048	2560	1	504	390	2.85735
2560	2560	1	80	460	6.03455
2048	2560	1	380	510	1.00008
2560	2560	1	172	460	5.85720
2560	2560	1	242	464	3.38100
2560	2560	2	308	494	0.00000
2048	2560	2	470	484	0.00000
2560	2560	2	12	486	0.00000
2560	2560	1	436	512	0.00000
2048	2560	1	152	506	0.71384
2048	2560	1	22	478	0.00000
2048	2560	2	92	482	0.00000
2048	2560	2	318	435	0.00000
2048	2560	2	428	315	0.00000
3072	2048	1	476	66	5.51225
3072	2048	1	214	42	4.49560
3072	2048	1	86	54	0.51023
3072	2048	1	216	108	4.48909
3072	2048	1	36	180	4.42450
3072	2048	1	342	252	2.49885
3072	2048	1	412	140	2.12149
3584	2048	1	156	142	0.00000
3584	2048	1	252	98	3.66787
3584	2048	1	138	32	2.06974
3584	2048	1	470	56	6.22143
3584	2048	1	384	92	6.04281
3584	2048	1	228	270	4.61141
3584	2048	1	372	206	5.17843
3584	2048	1	36	314	0.25750
3072	2048	1	408	232	2.51301
3072	2048	1	238	178	4.43476
3072	2048	1	120	242	6.10956
3072	2048	1	226	282	2.52586
3072	2048	1	98	442	2.98569
3072	2048	1	304	378	4.21395
3072	2048	1	310	458	1.55291
3072	2048	1	422	386	3.24946
3584	2048	1	52	424	4.21719
3584	2048	1	384	472	2.82407
3584	2048	1	98	498	4.52792
3072	2560	1	208	12	4.96775
3072	2560	1	486	26	2.72513
3584	2560	1	244	6	0.17410
3584	2560	1	76	100	4.34779
3072	2560	1	126	98	2.29631
3072	2560	1	270	148	2.87423
3072	2560	1	404	54	1.96797
3584	2560	1	200	288	0.40946
3584	2560	1	444	86	3.89864
3584	2560	1	340	72	2.01116
3584	2560	1	92	228	3.67357
3584	2560	1	302	202	4.42441
3584	2560	1	470	220	2.41198
3072	2560	1	166	206	1.34675
3072	2560	1	358	266	3.15924
3584	2560	1	78	436	6.20330
3584	2560	1	244	414	4.26305
3584	2560	1	394	390	2.64471
3072	2560	1	370	470	0.00000
3072	2560	1	50	464	2.90477
3584	2560	1	318	448	0.38965
3584	2560	1	496	468	5.99617
3072	2560	1	506	432	3.10963
3584	2560	1	54	336	4.53077
3072	2560	1	254	328	3.02496
3072	2560	1	454	284	4.10719
3584	2560	1	180	174	3.18943
3072	2560	2	436	127	0.00000
3072	2560	2	462	187	0.00000
3072	2560	2	160	391	0.00000
3584	2560	2	404	247	0.00000
3072	2560	1	46	222	4.56917
3072	3072	1	66	200	5.04638
3072	3072	1	68	114	5.21063
3072	3072	1	242	102	5.82987
3072	3072	1	254	224	2.37863
3072	3072	1	368	128	5.54330
3072	3072	1	362	2	5.64033
3584	3072	1	20	46	1.11931
3072	3072	1	408	292	2.90444
3072	3072	1	474	248	2.70065
3584	3072	1	16	146	0.15934
3072	3072	1	210	320	2.57626
3072	3072	1	48	296	2.80732
3584	3072	1	110	268	2.73423
3584	3072	1	86	140	2.63940
3584	3072	2	246	139	0.00000
3584	3072	2	348	123	0.00000
3584	3072	1	240	222	1.15386
3584	3072	1	170	56	4.45975
3584	3072	1	256	20	2.62091
3584	3072	1	330	286	1.62292
3584	3072	1	378	218	4.80083
3584	3072	1	426	66	3.63860
3584	3072	1	480	160	1.83295
3584	3072	1	508	84	2.37739
3584	3072	2	368	37	0.00000
3072	3072	1	120	418	0.30161
3072	3072	1	42	454	3.21268
3072	3584	1	64	60	1.76339
3072	3072	1	202	470	5.99435
3072	3072	1	338	398	4.67761
3072	3072	1	316	482	2.22580
3072	3584	1	138	242	1.80125
3072	3584	1	122	110	0.92738
3072	3584	1	266	130	5.93254
3072	3584	1	374	76	3.78594
3072	3072	1	472	512	4.78634
3584	3072	1	14	374	3.77064
3072	3072	1	432	438	4.02869
3584	3072	1	54	490	1.77874
3584	3072	1	84	404	0.00000
3584	3072	1	178	368	1.29382
3584	3072	2	198	302	0.00000
3584	3072	2	376	340	0.00000
3584	3584	1	222	30	2.12198
3584	3072	1	294	380	0.00000
3584	3072	1	276	482	1.81611
3584	3072	1	168	450	1.02704
3584	3584	1	10	78	1.08954
3584	3584	1	44	152	0.57111
3584	3584	1	174	70	4.96601
3584	3072	1	448	416	5.40520
3584	3072	1	486	278	3.82063
3584	3072	1	368	446	2.67409
3584	3584	1	384	70	2.43708
3072	3584	1	294	218	1.64421
3072	3584	1	340	408	1.01463
3072	3584	1	440	200	1.23787
3584	3584	1	116	176	3.78183
3584	3584	1	240	148	1.79351
3584	3584	1	348	166	2.94241
3584	3584	1	484	50	0.00000
3584	3584	1	440	180	0.88223
3584	3584	1	318	306	4.33487
3584	3584	1	224	224	5.20646
3072	3584	1	276	292	1.63837
3072	3584	1	144	314	1.79814
3072	3584	1	230	386	1.18819
3072	3584	1	6	180	3.65684
3584	3584	1	32	386	4.21582
3584	3584	1	154	312	1.25689
3584	3584	1	22	296	1.15887
3584	3584	2	116	245	0.00000
3584	3584	1	422	442	5.73233
3584	3584	1	486	298	0.40070
3584	3584	1	424	292	0.60225
3584	3584	1	132	396	5.60453
3584	3584	1	352	434	2.68604
3072	3584	1	172	500	0.49203
3072	3584	2	262	493	0.00000
3584	3584	1	226	434	0.51207
3072	3584	2	24	415	0.00000
3072	3584	2	31	293	0.00000
3072	3584	1	452	260	0.96677
3584	3584	1	10	488	6.12543
3072	3584	1	52	500	1.32958
3584	3584	1	108	480	5.70701
3072	3584	1	436	480	0.45743
3584	3584	1	512	184	0.00000
2560	3072	2	142	74	0.00000
2560	3072	2	224	126	0.00000
2560	3072	2	346	236	0.00000
2560	3072	2	92	428	0.00000
2560	3072	2	94	230	0.00000
2048	3072	2	192	216	0.00000
2048	3072	2	220	266	0.00000
2048	3072	2	288	278	0.00000
2048	3072	2	40	378	0.00000
2048	3072	2	170	474	0.00000
2560	3072	2	210	478	0.00000
2048	3584	2	180	266	0.00000
2560	3584	2	286	484	0.00000
2048	3072	2	22	34	0.00000
2048	3072	2	68	6	0.00000
2048	3072	2	102	42	0.00000
2048	3072	2	36	152	0.00000
2048	3072	1	124	128	5.13431
2048	3072	1	368	14	1.16692
2048	3072	1	438	48	0.99680
2048	3072	1	506	92	1.03709
2560	3072	1	330	54	3.94145
2560	3072	1	238	0	3.05959
2560	3072	1	436	52	0.00000
2560	3072	1	126	500	0.29512
2560	3072	1	54	366	1.14660
2048	3072	1	276	174	5.54443
2048	3072	1	70	236	4.77617
2048	3072	1	64	318	1.89255
2048	3072	1	206	332	1.17227
2048	3072	1	358	316	1.07591
2048	3072	1	452	252	2.73368
2048	3072	1	370	150	5.57352
2560	3072	1	14	226	3.12770
2560	3072	1	148	168	5.00189
2560	3072	1	380	296	4.48793
2560	3072	1	156	308	5.65621
2560	3072	1	230	392	4.80339
2048	3072	1	32	504	5.65279
2048	3072	1	82	474	5.26167
2048	3072	1	228	404	4.46135
2048	3072	1	374	390	4.51673
2048	3072	1	404	452	5.04707
2048	3072	2	200	22	0.00000
2560	3072	1	500	354	0.00000
2560	3072	1	434	510	3.69202
2048	3584	1	206	36	5.29279
2048	3584	1	326	2	1.58924
2048	3584	1	20	80	5.56628
2048	3584	1	160	114	4.94348
2560	3584	1	24	96	0.66015
2560	3584	1	38	182	0.64716
2560	3584	1	92	244	3.71797
2560	3584	1	156	120	2.01078
2560	3584	1	230	30	4.53205
2560	3584	1	290	118	5.23153
2560	3584	1	322	212	5.07247
2560	3584	1	194	216	2.22649
2560	3584	1	426	224	2.87967
2560	3584	1	512	166	3.62809
2560	3584	2	508	50	0.00000
2048	3584	1	132	208	3.01431
2048	3584	1	268	178	0.88172
2048	3584	1	400	206	3.11751
2048	3584	1	462	278	0.00000
2048	3584	1	336	286	6.10007
2560	3584	1	188	306	1.75463
2560	3584	1	354	292	4.96840
2560	3584	2	494	290	0.00000
2048	3584	1	152	340	5.41465
2048	3584	1	34	346	2.97755
2048	3584	1	324	484	6.25155
2048	3584	1	210	458	6.10333
2048	3584	1	398	388	3.37329
2560	3584	1	188	418	2.96973
2560	3584	1	134	430	2.32375
2048	3584	1	458	448	1.16636
2048	3584	2	398	512	0.00000
2560	3584	1	84	458	2.15651
2560	3584	1	306	386	6.00906
2560	3584	1	228	472	3.30674
2560	3584	1	378	486	5.76325
2560	3584	1	512	402	5.08633
2560	3584	1	386	390	0.00000
2048	3584	1	86	500	5.47479
