1024	2048	2	114	26	0.00000
1024	2048	2	266	10	0.00000
1024	2048	2	430	14	0.00000
1024	2048	1	350	0	0.33731
1024	2048	1	210	48	0.59274
1024	2048	1	238	160	5.99823
1024	2048	1	502	20	0.00000
1024	2048	1	192	264	1.71988
1024	2048	1	296	242	3.98638
1024	2048	1	226	362	0.56482
1024	2048	1	316	444	4.93260
1024	2560	1	312	12	1.30186
1536	2560	1	40	36	0.00000
1024	2560	1	118	194	3.10868
1536	2048	1	126	170	3.58277
1536	2048	1	224	138	0.12528
1536	2048	1	264	78	5.71181
1536	2048	2	146	18	0.00000
1536	2048	1	268	22	5.00528
1536	2048	1	432	38	0.14016
1536	2048	1	394	178	1.16524
1536	2048	1	162	284	4.39064
1024	2048	1	484	306	6.18480
1536	2048	1	462	280	5.67084
1536	2048	1	290	300	3.25136
1536	2048	1	100	426	1.99107
1536	2048	2	512	58	0.00000
1024	2560	1	404	204	1.78474
1536	2560	1	178	2	1.81076
1536	2048	1	336	472	0.81252
1536	2048	1	226	376	0.44281
1536	2048	1	382	294	5.76753
1536	2048	1	408	402	2.02817
1536	2048	1	450	496	1.53291
1536	2560	1	52	244	4.77227
1536	2560	1	166	92	1.25286
1536	2560	1	278	106	0.81134
1536	2560	1	388	120	2.94748
1536	2560	1	496	112	3.37860
1536	2560	1	196	230	0.27828
1536	2560	1	300	244	5.48769
1536	2560	1	416	276	0.53912
1024	2560	1	368	270	1.81583
1024	2560	1	60	358	3.76960
1024	2560	1	262	360	4.20141
1024	2560	2	8	282	0.00000
1024	2560	2	190	294	0.00000
1024	2560	1	384	372	0.96981
1024	2560	1	448	398	0.15575
1024	2560	1	132	412	1.53942
1536	2560	1	76	370	4.31167
1536	2560	1	244	370	4.17881
1024	2560	1	264	472	0.00000
1024	2560	1	148	512	0.88956
1536	2560	1	46	460	0.91426
1536	2560	1	198	454	4.29134
1536	2560	1	374	382	0.00000
1536	2560	1	430	398	3.35959
1536	2560	1	502	468	3.86080
1536	2560	1	318	512	4.84730
1536	2560	1	512	204	4.86216
1536	2560	1	84	506	1.57617
1536	2048	1	512	168	0.08639
1536	2048	1	512	424	2.80724
1536	2560	2	410	194	0.00000
1024	2560	2	346	456	0.00000
1024	3072	1	100	190	3.19111
1024	3072	1	220	68	1.93136
1024	3072	1	332	92	2.73597
1024	3072	1	266	180	5.50002
1024	3072	1	180	224	0.00000
1024	3072	1	224	330	0.89893
1024	3072	1	60	356	3.93288
1024	3072	1	18	280	3.47966
1024	3072	1	26	96	5.52153
1024	3072	1	134	18	3.79754
1024	3072	1	484	154	0.00000
1536	3072	1	64	130	0.51944
1536	3072	1	70	16	4.11234
1536	3072	1	312	116	3.11981
1536	3072	1	218	168	2.23557
1536	3072	1	400	152	0.00000
1536	3072	1	492	200	0.00000
1536	3072	1	300	264	4.44614
1536	3072	1	72	228	4.53938
1024	3072	1	430	360	0.00000
1536	3072	1	50	428	3.93463
1536	3072	1	96	428	3.58397
1536	3072	1	178	492	2.91899
1536	3072	1	264	482	0.00000
1536	3072	1	360	478	5.88107
1536	3072	1	456	456	5.60141
1536	3072	1	226	372	4.52617
1536	3072	2	112	322	0.00000
1536	3072	2	378	340	0.00000
1024	3072	1	74	428	1.17199
1024	3072	2	178	498	0.00000
1024	3584	2	72	36	0.00000
1024	3584	2	50	130	0.00000
1024	3584	1	220	114	0.64612
1024	3584	1	412	34	1.20399
1024	3584	1	466	158	5.76833
1536	3584	1	74	110	0.98481
1024	3584	1	388	250	0.53433
1024	3584	1	278	274	0.00000
1024	3584	2	322	124	0.00000
1024	3584	1	116	492	0.00000
1024	3584	1	444	326	0.00000
1536	3584	2	470	108	0.00000
1536	3584	2	402	128	0.00000
1536	3072	1	494	384	5.64668
1536	3584	1	358	182	2.13608
1536	3584	1	152	196	0.00000
1536	3584	1	262	236	4.51271
1536	3584	1	344	274	3.19061
1536	3584	1	486	226	0.00000
1536	3584	1	500	452	0.00000
1536	3584	1	410	362	0.00000
1536	3584	1	392	444	5.83071
1536	3584	1	320	494	5.76404
1536	3584	1	170	482	0.82619
1536	3584	1	54	488	0.61101
1536	3584	1	46	346	5.47938
1536	3584	1	218	348	0.34145
2048	2048	1	436	272	2.85817
2048	2048	1	392	128	1.48619
2048	2048	1	238	248	0.31423
2048	2048	2	496	60	0.00000
2048	2048	2	410	12	0.00000
2048	2560	2	170	154	0.00000
2048	2560	2	234	152	0.00000
2048	2560	2	314	212	0.00000
2048	2560	2	168	364	0.00000
2048	2560	2	194	422	0.00000
2048	2560	2	470	484	0.00000
2560	2560	2	18	480	0.00000
2048	2560	2	442	316	0.00000
2560	2560	1	500	488	2.73831
2560	2560	1	378	484	2.20919
2560	2560	1	506	332	2.69461
2560	2560	1	340	396	4.42238
2560	2560	1	162	438	0.95055
2560	2560	1	246	512	3.34801
2048	2560	1	382	512	5.09205
2048	2560	1	256	484	2.99178
2048	2560	1	154	512	0.00000
2048	2560	1	86	480	3.41203
2560	2560	2	446	338	0.00000
2048	2560	1	316	398	0.11066
2048	2560	1	2	454	3.87089
2048	2560	1	264	304	0.51702
2560	2560	1	512	198	3.44903
2560	2560	1	136	338	4.74686
2048	2560	1	78	290	1.76265
2048	2560	1	376	250	0.00000
2048	2560	1	510	320	3.33783
2560	2560	1	222	208	6.02852
2560	2560	1	296	190	2.77412
2560	2560	1	512	74	0.89746
2560	2560	1	376	172	6.02778
2560	2560	1	154	196	6.07209
2560	2560	1	248	60	1.75757
2560	2560	1	70	114	0.38184
2048	2560	1	0	210	5.16454
2048	2560	1	198	68	1.15436
2048	2560	1	58	136	3.95618
2048	2560	1	104	14	2.93972
2048	2048	1	32	452	3.03851
2560	2560	1	374	26	5.28277
2560	2048	1	496	474	4.67467
2560	2048	1	260	430	4.08613
2048	2560	1	466	148	3.64414
2048	2048	2	216	506	0.00000
2048	2560	2	412	58	0.00000
2048	2560	1	360	128	4.81878
2048	2048	1	494	510	4.89495
2048	2048	1	360	430	4.85564
2048	2560	1	320	18	3.58212
2560	2048	1	42	388	2.68576
2560	2048	1	512	322	0.18535
2560	2048	1	422	394	1.99991
2048	2560	1	0	100	3.48499
2560	2048	1	456	222	4.50862
2560	2048	1	498	134	4.01759
2560	2048	1	360	56	0.00000
2560	2048	1	314	256	4.64942
2560	2048	1	176	194	5.74420
2560	2560	2	294	2	0.00000
2560	2048	1	420	50	0.00000
2560	2048	1	306	86	0.19270
2560	2048	1	222	62	5.23216
2560	2048	1	64	102	4.29775
2560	2048	1	92	208	2.31725
2048	2048	1	72	280	6.00601
2048	2048	1	114	210	5.81420
2048	2048	1	222	22	3.02730
2048	2048	1	164	64	6.05244
2048	2048	1	108	88	6.03463
2048	2048	1	82	20	3.81913
2048	2048	1	28	152	0.11722
2560	2048	1	328	170	1.65652
2560	2048	2	506	16	0.00000
3584	2560	1	300	318	2.03444
3584	2560	1	178	512	0.90759
3584	2560	1	78	462	1.90395
3072	2560	1	188	408	3.72960
3584	2560	1	256	446	5.77540
3584	2560	1	414	358	0.25068
3072	2560	1	224	500	1.85336
3072	2560	1	314	404	3.07828
3584	2560	1	86	336	3.18004
3072	2560	1	384	492	0.00000
3072	2560	1	84	294	3.30593
3584	2560	1	370	224	3.33174
3584	2560	1	488	336	5.63934
3584	2560	1	156	382	1.43609
3584	2560	1	308	232	3.40541
3584	2560	1	402	104	5.92562
3584	2560	1	446	426	3.56935
3584	2560	1	16	356	0.00000
3072	2560	1	438	346	0.70963
3584	2560	1	180	272	4.58608
3072	2560	1	316	296	1.84837
3072	2560	1	436	246	1.81326
3072	2560	1	174	244	3.19349
3584	2560	1	488	162	3.23428
3584	2560	1	288	440	0.00000
3584	2560	1	18	204	5.99321
3584	2560	1	144	194	4.07512
3584	2560	1	230	124	1.90580
3072	2560	2	444	116	0.00000
3072	2560	2	464	188	0.00000
3072	2560	1	12	176	3.37082
3072	2560	1	16	70	0.77530
3072	2560	1	110	114	3.03600
3072	2560	1	388	78	0.00000
3072	2560	1	244	86	1.39255
3072	2048	1	176	502	2.85105
3072	2048	1	318	452	4.54418
3072	2048	1	230	416	3.28778
3072	2560	1	464	8	6.05934
3584	2560	1	64	80	2.57307
3584	2560	1	242	52	4.11817
3584	2048	1	446	440	2.53417
3584	2048	1	352	504	3.78434
3584	2048	1	386	320	4.66430
3584	2048	1	224	472	5.85524
3584	2048	1	146	462	5.48544
3584	2560	1	128	36	5.57932
3072	2048	1	510	446	2.67280
3072	2048	1	20	322	0.22572
3072	2048	1	110	368	4.85429
3072	2048	1	84	108	5.92825
3072	2048	1	42	174	4.97445
3072	2048	1	260	268	2.87129
3072	2048	1	184	302	2.86204
3072	2048	1	208	46	4.20655
3072	2048	1	112	160	1.70335
3072	2048	1	384	182	5.44520
3072	2048	1	254	144	0.39479
3072	2048	1	344	74	5.17826
3072	2048	1	470	114	4.59177
3072	2048	1	362	318	3.22780
3072	2048	1	464	324	2.96341
3584	2048	1	52	272	2.48813
3584	2048	1	80	382	4.42545
3584	2048	1	152	108	0.00000
3584	2048	1	230	220	4.36413
3584	2048	1	392	222	5.96143
3584	2048	1	384	60	5.87288
3584	2048	1	260	98	3.94319
3584	2048	1	486	54	0.00000
3072	2560	2	316	28	0.00000
3072	3072	1	24	0	2.95994
3072	3072	1	0	90	5.22717
3072	3072	1	226	62	3.02038
3072	3072	1	92	136	3.11528
3072	3072	1	178	186	3.51097
3072	3072	1	18	218	5.38279
3072	3072	1	102	412	0.08314
3072	3072	2	36	388	0.00000
3072	3072	1	176	316	5.29357
3072	3072	1	346	202	5.49779
3072	3072	1	294	280	2.57026
3072	3072	1	356	94	4.32516
3072	3072	1	362	0	0.00000
3072	3072	1	484	0	0.99152
3072	3072	1	452	136	3.33252
3072	3072	2	436	258	0.00000
3584	3072	1	140	16	1.02401
3584	3072	1	58	110	4.43143
3584	3072	1	212	34	1.14084
3584	3072	1	302	50	3.63637
3584	3072	1	402	16	1.24488
3584	3072	1	512	66	2.90474
3584	3072	1	406	136	2.99836
3584	3072	1	468	244	0.50793
3584	3072	1	338	190	2.73843
3584	3072	1	182	182	2.99992
3584	3072	2	230	126	0.00000
3584	3072	1	98	240	2.94244
3584	3072	1	36	260	5.88469
3072	3072	1	384	338	3.38070
3072	3072	1	302	388	5.93333
3072	3584	1	34	92	2.15291
3072	3584	1	120	36	6.27798
3072	3584	1	200	22	3.61886
3072	3072	2	250	446	0.00000
3072	3584	1	244	52	0.55884
3072	3584	1	316	98	2.75778
3072	3072	1	454	456	0.00000
3072	3584	1	388	40	5.38983
3584	3072	1	28	392	1.82598
3584	3072	1	220	290	1.29943
3584	3072	1	296	366	2.27111
3584	3072	1	162	370	1.91382
3584	3072	1	512	380	2.35114
3584	3072	1	454	396	2.72212
3584	3584	1	24	8	0.00000
3584	3072	1	78	474	1.26412
3584	3584	1	396	4	4.47158
3584	3584	1	224	48	5.12966
3584	3584	1	98	76	0.00000
3072	3584	1	156	166	3.11485
3072	3584	1	504	122	0.00000
3072	3584	1	404	148	0.87512
3072	3584	1	210	254	3.66766
3072	3584	1	118	306	6.08915
3072	3584	1	0	448	5.12694
3072	3584	1	0	198	5.60266
3072	3584	1	28	332	5.70411
3072	3584	1	142	418	2.58299
3072	3584	1	288	344	3.18862
3072	3584	1	80	474	2.99178
3072	3584	1	324	270	5.84037
3072	3584	1	440	276	5.72888
3584	3584	1	14	238	1.13095
3584	3584	1	124	248	1.30454
3584	3584	1	236	156	0.00000
3584	3584	1	308	154	0.00000
3584	3584	1	512	114	0.00000
3584	3584	1	442	84	5.40713
3584	3584	1	400	136	5.42102
3584	3584	1	512	226	5.29801
3584	3584	1	372	258	0.00000
3584	3584	1	282	334	0.00000
3584	3584	1	242	266	0.30421
3584	3584	1	190	402	5.02159
3584	3584	1	162	322	5.96143
3584	3584	1	68	350	6.06110
3584	3584	1	6	370	0.00000
3072	3584	1	450	458	0.00000
3072	3584	1	388	374	2.11718
3072	3584	1	242	476	0.33929
3072	3584	1	312	482	0.53371
3584	3584	1	70	512	0.00000
3584	3584	1	314	500	5.91407
3584	3584	1	444	312	0.57956
3584	3584	1	478	498	1.95813
3584	3584	1	512	332	1.07685
3584	3584	1	494	416	1.78304
2048	3072	1	52	104	4.28788
2048	3072	1	160	32	0.00000
2048	3072	1	406	24	5.08278
2560	3072	1	248	28	3.12117
2560	3072	1	500	98	5.14332
2560	3072	1	406	134	2.98134
2560	3072	1	512	208	4.60916
2560	3072	2	146	72	0.00000
2560	3072	2	234	128	0.00000
2560	3072	2	350	242	0.00000
2048	3072	2	138	118	0.00000
2048	3072	1	226	154	0.61640
2048	3072	1	300	194	0.10196
2048	3072	1	394	162	5.30161
2560	3072	1	2	212	2.15236
2560	3072	1	16	104	0.00000
2560	3072	1	118	156	2.01820
2048	3072	1	54	230	0.33058
2048	3072	1	92	322	0.41259
2048	3072	1	214	350	4.27299
2048	3072	2	300	280	0.00000
2048	3072	2	214	276	0.00000
2560	3072	2	110	228	0.00000
2048	3072	1	378	256	5.82077
2560	3072	1	28	0	3.40043
2560	3072	1	260	216	2.69281
2560	3072	1	222	298	5.62742
2560	3072	1	178	340	5.67195
2560	3072	1	108	350	5.77163
2560	3072	1	38	388	3.25979
2560	3072	2	98	444	0.00000
2560	3072	1	350	394	0.03156
2560	3072	1	500	448	5.96453
2560	3072	1	408	496	3.99298
2560	3072	1	270	458	0.24711
2560	3072	1	214	450	0.36006
2560	3072	1	126	494	4.54804
2048	3072	1	508	500	5.21070
2048	3072	1	304	406	4.51862
2048	3072	1	188	462	2.99770
2048	3584	1	160	92	0.42585
2048	3584	1	76	82	3.62069
2048	3072	1	0	404	1.86804
2048	3584	1	344	28	0.00000
2048	3584	1	422	38	2.96887
2560	3584	1	42	112	0.26752
2560	3584	1	118	98	0.09732
2560	3584	1	288	84	4.72546
2560	3584	1	226	164	1.95834
2048	3584	1	270	128	2.84597
2048	3584	1	340	140	5.69337
2048	3584	1	412	212	0.11753
2048	3584	1	104	226	0.89680
2048	3584	1	48	196	1.18509
2048	3584	1	188	216	0.00000
2048	3584	1	266	270	0.70010
2560	3584	1	362	208	0.78563
2560	3584	1	508	194	5.71200
2560	3584	1	512	70	5.41078
2560	3584	1	36	374	0.41968
2560	3584	1	24	224	0.57005
2560	3584	1	160	226	1.80640
2560	3584	2	272	348	0.00000
2560	3584	2	274	246	0.00000
2048	3072	2	152	478	0.00000
2048	3584	1	74	386	5.88121
2048	3584	1	186	380	5.42093
2048	3584	1	162	470	5.26347
2048	3584	1	18	482	5.87301
2048	3584	1	422	434	0.50269
2048	3584	1	346	512	0.00000
2560	3584	1	156	354	0.73438
2560	3584	1	224	472	5.71652
2560	3584	1	106	510	0.69247
2560	3584	1	380	396	5.31105
2560	3584	1	508	476	2.25042
2560	3584	1	392	476	1.97796
2560	3584	1	384	306	1.70173
2560	3584	1	512	326	1.98909
2048	3584	1	490	512	0.74395
