1024	2048	1	128	276	2.94036
1024	2048	1	226	378	0.66320
1024	2048	1	32	126	5.91229
1024	2048	1	150	124	2.85658
1024	2048	2	220	78	0.00000
1024	2048	2	266	16	0.00000
1024	2048	1	440	126	1.29825
1024	2048	2	506	30	0.00000
1536	2048	1	56	60	3.57605
1536	2048	1	146	44	3.35123
1024	2048	1	484	234	3.45218
1536	2048	1	102	212	0.00000
1536	2048	1	210	144	6.14400
1536	2048	1	250	102	5.61815
1536	2048	1	250	66	4.55242
1536	2048	2	394	20	0.00000
1536	2048	2	488	68	0.00000
1536	2048	1	338	236	1.38769
1536	2048	1	222	288	5.77303
1536	2048	1	54	334	2.47385
1024	2048	1	446	444	0.79798
1024	2560	1	290	50	0.78244
1536	2048	1	70	454	3.80108
1536	2048	1	166	460	2.82882
1536	2048	1	226	400	5.26523
1536	2048	1	382	384	0.07996
1536	2048	1	466	500	3.02708
1536	2048	1	282	508	1.65394
1024	2560	1	472	88	0.77416
1536	2560	1	60	100	6.05700
1536	2560	1	136	104	2.85264
1536	2560	1	212	98	3.14532
1536	2560	1	376	160	2.34326
1536	2560	1	498	232	0.00000
1536	2560	1	414	276	3.48345
1536	2560	1	320	268	5.29647
1536	2560	1	170	254	5.49779
1536	2560	1	82	288	2.06474
1024	2560	2	476	194	0.00000
1024	2560	1	298	218	4.30207
1024	2560	1	320	318	4.82983
1024	2560	2	210	272	0.00000
1024	2560	1	42	128	5.32523
1024	2560	1	70	236	4.76570
1024	2560	1	112	308	2.20237
1024	2560	1	14	370	4.33582
1024	2560	1	104	452	0.84498
1024	2560	1	214	486	1.32471
1024	2560	1	290	422	5.38143
1024	2560	1	416	382	2.89890
1536	2560	1	50	440	4.72637
1536	2560	1	218	346	1.30868
1536	2560	1	194	472	0.00000
1536	2560	1	470	384	5.05726
1536	2560	1	438	458	2.79964
1536	2560	1	332	512	5.14793
1024	3072	1	418	348	6.04107
1536	3072	1	6	344	1.21470
1024	3072	1	152	464	0.16579
1024	3072	1	120	326	3.80040
1024	3072	1	84	246	0.64720
1024	3072	1	180	176	0.51915
1024	3072	1	234	212	0.61344
1024	3072	1	278	240	0.64159
1024	3072	1	342	248	0.00000
1024	3072	2	28	86	0.00000
1024	3072	1	148	74	1.20210
1024	3072	1	300	90	5.58329
1024	3072	1	334	48	0.00000
1024	3072	1	410	122	0.00000
1536	3072	1	14	192	5.97769
1536	3072	1	92	224	0.24356
1536	3072	1	212	76	0.47354
1536	3072	1	300	102	6.17176
1536	3072	1	406	154	0.00000
1536	3072	1	358	258	4.52034
1536	3072	1	466	260	0.02159
1536	3072	1	190	216	3.06765
1536	3072	1	118	336	3.58911
1024	3584	1	94	120	0.35204
1024	3584	1	186	160	0.92730
1024	3584	1	290	56	1.58684
1024	3072	1	262	414	6.13033
1536	3072	1	98	486	3.41189
1536	3072	1	204	408	0.61678
1536	3072	1	314	394	5.82232
1536	3072	2	384	452	0.00000
1536	3072	1	424	470	0.00000
1536	3072	1	488	438	0.00000
1024	3584	1	348	180	1.64876
1536	3584	1	74	78	0.94465
1536	3584	1	188	36	1.30077
1536	3072	1	270	498	0.00000
1024	3584	1	468	220	0.00000
1536	3584	1	76	206	5.52889
1536	3584	1	156	140	1.32896
1536	3584	1	190	250	0.00000
1536	3584	1	276	220	2.64541
1536	3584	1	420	96	3.67529
1536	3584	1	430	202	2.09855
1536	3584	1	500	194	5.65192
1024	3584	1	100	326	1.35494
1024	3584	1	274	330	4.95548
1024	3584	1	388	320	5.86446
1024	3584	1	80	444	5.52607
1024	3584	1	372	414	5.58579
1024	3584	1	504	442	0.00000
1536	3584	1	50	478	0.32404
1536	3584	1	182	488	0.24587
1536	3584	1	342	516	5.79490
1536	3584	1	236	356	1.73561
1536	3584	1	60	328	1.15266
1536	3584	1	382	344	5.12457
1536	3584	2	478	448	0.00000
1536	3584	1	420	286	5.52607
1536	3072	2	382	28	0.00000
2048	2048	2	210	504	0.00000
2048	2048	2	264	502	0.00000
2048	2560	2	232	154	0.00000
2048	2560	2	312	420	0.00000
2048	2560	2	166	364	0.00000
2048	2560	2	194	414	0.00000
2048	2560	2	460	476	0.00000
2560	2560	2	308	486	0.00000
2560	2048	2	292	400	0.00000
2048	2048	1	112	56	0.00000
2048	2048	2	186	78	0.00000
2048	2048	1	66	216	0.00000
2048	2048	1	180	254	5.54537
2048	2048	1	280	312	0.00000
2048	2048	1	402	354	5.48529
2560	2048	1	20	326	4.95539
2048	2048	1	506	222	0.00000
2560	2048	1	36	116	1.52923
2048	2048	1	496	44	0.80097
2048	2048	1	168	398	2.96956
2048	2048	1	52	432	3.55645
2048	2560	1	118	56	5.15388
2048	2560	1	38	122	3.04387
2048	2560	1	144	212	2.80439
2048	2560	1	44	306	0.00000
2560	2048	1	90	214	0.00000
2560	2048	1	142	156	0.00000
2560	2048	1	202	470	0.36308
2048	2560	1	486	116	0.00000
2048	2560	1	424	146	3.37086
2048	2560	2	374	94	0.00000
2048	2560	2	406	40	0.00000
2048	2048	1	494	460	4.30366
2048	2048	1	358	430	4.94376
2048	2560	2	344	20	0.00000
2048	2560	1	304	100	5.19701
2048	2560	1	300	252	1.26492
2048	2560	1	402	368	5.61062
2560	2048	1	378	424	6.12658
2560	2048	1	412	280	1.22094
2560	2048	1	482	170	0.93820
2560	2048	1	360	160	4.04013
2560	2048	1	236	180	5.47759
2560	2048	1	244	272	5.38477
2560	2048	1	442	62	0.00000
2560	2048	1	318	84	0.00000
2560	2048	1	236	32	5.29932
2560	2560	1	92	26	1.92459
2560	2560	1	52	198	0.00000
2560	2560	1	178	166	3.22711
2560	2560	1	330	184	5.12981
2560	2048	1	316	492	0.00000
2560	2560	1	420	52	0.79417
2560	2560	1	504	150	2.10286
2560	2560	1	464	222	2.23733
2560	2560	1	436	400	3.28091
2560	2560	1	268	300	0.00000
2560	2560	1	82	300	1.07455
2560	2560	1	210	402	0.28677
2560	2560	1	54	464	6.15571
2048	2560	1	208	484	4.90560
2048	2560	1	30	490	0.00000
2560	2048	1	450	346	0.94978
2560	2560	1	362	368	0.00000
2560	2560	1	148	370	3.30713
3584	2048	1	220	240	5.76751
3584	2048	1	146	116	0.38379
3584	2048	1	256	84	3.70375
3584	2048	1	394	98	6.14664
3584	2048	1	472	54	0.10488
3584	2048	1	380	216	5.37861
3584	2048	1	224	0	0.00000
3072	2048	1	390	80	6.06452
3072	2048	1	210	36	4.36152
3072	2048	1	260	118	4.91739
3072	2048	1	88	38	0.14190
3584	2048	1	14	184	3.28717
3584	2048	1	74	290	6.12687
3072	2048	1	418	222	4.62124
3072	2048	1	98	266	2.68879
3072	2048	1	292	234	3.34042
3072	2048	1	192	358	4.31562
3072	2048	1	380	336	1.09707
3072	2048	1	500	328	3.41130
3584	2048	1	92	402	4.61932
3584	2048	1	222	474	3.52202
3584	2048	1	104	478	4.65378
3072	2048	1	446	432	2.19530
3072	2048	1	380	472	2.37574
3072	2048	1	236	462	2.08514
3072	2048	1	48	412	4.03266
3584	2048	1	376	444	3.14487
3584	2560	1	52	38	4.75057
3584	2560	1	52	120	4.32043
3072	2560	2	466	184	0.00000
3072	2560	1	386	62	4.15860
3072	2560	2	314	22	0.00000
3072	2560	1	434	122	0.77383
3584	2560	1	268	70	0.98070
3584	2560	1	432	46	3.53546
3584	2560	1	512	54	3.58409
3072	2560	1	250	52	2.53339
3072	2560	1	352	238	3.56029
3072	2560	1	216	180	0.14527
3072	2560	2	276	262	0.00000
3072	2560	1	246	320	2.83328
3072	2560	1	148	418	2.16483
3072	2560	1	284	456	3.49496
3072	2560	1	26	164	1.97411
3584	2560	1	298	154	3.54873
3584	2560	1	194	136	5.74823
3584	2560	1	154	220	5.79138
3584	2560	1	46	238	3.01274
3072	2560	1	446	266	4.31776
3072	2560	1	446	366	1.10089
3584	2560	1	140	340	5.73412
3584	2560	1	276	304	0.61826
3584	2560	1	378	192	3.28349
3584	2560	1	462	350	3.44130
3584	2560	1	378	372	5.56765
3584	2560	1	294	484	2.01076
3584	2560	2	332	438	0.00000
3584	2560	1	438	488	1.88234
3584	2560	1	180	486	2.31498
3584	2560	1	76	432	2.63601
3072	2560	1	372	486	0.00000
3072	2560	1	502	474	3.65350
3072	2560	1	134	138	2.95802
3584	3584	1	172	438	0.38265
3584	3584	1	384	408	4.14784
3584	3584	1	464	448	0.88062
3584	3584	1	326	318	4.12525
3584	3584	1	214	508	0.67810
3584	3584	1	52	484	5.61051
3072	3584	1	382	434	5.33382
3072	3584	1	194	360	0.32355
3072	3584	1	484	384	4.58914
3072	3584	1	366	344	1.57053
3072	3072	2	428	252	0.00000
3072	3584	1	218	512	0.00000
3072	3584	1	294	428	2.33040
3072	3584	1	130	472	3.09184
3072	3584	1	42	126	1.38012
3072	3584	1	202	194	1.44062
3584	3584	1	450	164	4.53296
3072	3584	1	286	278	3.01521
3072	3584	1	302	138	2.22214
3072	3584	1	34	280	2.01793
3072	3584	1	434	218	1.47547
3072	3584	1	0	348	1.92116
3072	3584	1	424	280	1.65399
3584	3584	1	50	242	0.38051
3584	3584	1	132	184	6.22818
3584	3584	1	126	328	2.62550
3584	3584	1	184	288	3.31043
3584	3584	1	256	378	5.50744
3584	3584	1	254	240	0.33746
3584	3584	1	332	214	3.61208
3584	3584	1	424	286	3.14794
3584	3584	1	464	60	0.26104
3072	3072	1	334	500	4.15379
3072	3584	1	218	18	3.50456
3584	3584	1	104	68	0.57518
3072	3072	1	182	428	3.75344
3072	3584	1	408	74	2.05802
3072	3072	1	426	486	0.58974
3072	3584	1	504	144	1.29271
3072	3584	1	132	64	5.84539
3072	3584	1	0	40	4.10901
3584	3072	1	100	436	5.81578
3584	3072	1	198	500	6.26007
3584	3072	1	284	508	1.61339
3072	3072	1	506	506	0.84584
3584	3584	1	38	56	0.61871
3584	3072	1	404	502	0.66804
3584	3584	1	340	88	3.41348
3584	3584	1	220	80	4.36234
3584	3072	1	512	402	0.57098
3584	3072	1	248	390	5.93185
3584	3072	1	480	290	2.50052
3584	3072	1	318	372	6.01662
3584	3072	1	512	172	1.75173
3584	3072	1	324	456	1.42001
3584	3072	1	122	360	5.33473
3584	3072	1	420	368	3.50313
3584	3072	1	272	286	5.39913
3584	3072	1	380	256	4.57933
3584	3072	1	114	34	1.83182
3584	3072	1	190	254	3.83400
3584	3072	1	328	32	4.74051
3584	3072	1	82	240	2.10775
3584	3072	1	58	90	2.89808
3584	3072	1	328	188	1.64855
3584	3072	1	452	90	0.67947
3584	3072	2	332	112	0.00000
3584	3072	2	240	162	0.00000
3584	3072	2	230	102	0.00000
3584	3072	1	146	140	2.78046
3584	3072	1	10	356	0.19200
3072	3072	1	508	124	0.00000
3072	3072	1	134	290	0.00000
3072	3072	1	40	306	6.18131
3072	3072	1	202	276	2.93927
3072	3072	1	328	424	4.13650
3072	3072	1	314	340	3.52017
3072	3072	1	324	212	0.33480
3072	3072	1	412	166	0.47306
3072	3072	1	42	148	2.39831
3072	3072	1	106	70	2.39729
3072	3072	1	198	62	5.76404
3072	3072	1	378	6	0.00000
3584	3584	1	502	312	0.00000
3072	3072	2	464	52	0.00000
2048	3072	1	92	132	0.23109
2048	3072	2	194	24	0.00000
2048	3072	2	72	20	0.00000
2048	3072	2	40	374	0.00000
2048	3072	2	162	478	0.00000
2048	3072	1	208	184	4.33188
2048	3072	1	74	282	1.34638
2048	3072	1	240	368	1.30454
2560	3072	2	136	76	0.00000
2560	3072	2	228	130	0.00000
2560	3072	2	98	230	0.00000
2560	3072	2	358	234	0.00000
2560	3072	2	96	442	0.00000
2560	3072	1	28	112	5.91601
2048	3072	1	446	58	3.01724
2048	3072	1	298	208	3.75028
2048	3584	1	114	90	3.21384
2560	3072	1	484	48	4.05135
2560	3072	1	350	52	4.04431
2560	3072	2	512	134	0.00000
2560	3072	1	430	186	5.64080
2560	3072	1	410	512	6.07887
2560	3072	1	300	180	4.24874
2560	3072	1	156	170	2.53605
2560	3072	1	266	286	4.46741
2048	3072	1	374	156	5.48409
2048	3072	1	492	236	2.65469
2560	3072	1	162	340	6.21014
2048	3072	1	492	384	6.04344
2560	3072	2	48	384	0.00000
2048	3072	1	394	256	0.91449
2048	3072	1	412	374	1.96932
2560	3072	1	80	308	5.90885
2560	3072	1	488	398	0.23442
2560	3072	1	408	324	3.36839
2560	3072	1	276	412	5.11728
2560	3072	2	228	472	0.00000
2560	3584	1	490	42	4.25511
2560	3584	1	416	192	0.35947
2560	3584	2	512	148	0.00000
2560	3584	2	502	276	0.00000
2048	3584	1	398	18	3.90290
2048	3072	1	324	482	4.36683
2048	3584	2	216	54	0.00000
2048	3584	2	310	60	0.00000
2048	3584	1	294	136	0.00000
2048	3584	2	182	268	0.00000
2560	3584	1	20	96	0.21867
2048	3584	1	404	142	0.47372
2560	3584	1	224	22	1.35213
2560	3584	1	340	74	2.19105
2560	3584	1	294	146	5.35029
2560	3584	1	178	98	4.18654
2560	3584	1	170	190	3.73251
2048	3072	2	6	464	0.00000
2048	3584	1	196	180	1.53000
2048	3584	1	56	172	2.86329
2048	3584	2	18	252	0.00000
2048	3584	1	68	328	0.88435
2048	3584	1	318	314	5.76590
2048	3584	1	486	350	5.72268
2560	3584	1	230	250	0.75819
2048	3584	1	416	234	3.77136
2560	3584	1	18	198	0.65739
2560	3584	1	78	262	3.18004
2560	3584	1	310	270	0.81987
2560	3584	1	402	364	0.00000
2048	3584	1	232	408	5.41465
2048	3584	1	148	460	5.71458
2048	3584	1	340	474	5.88466
2560	3584	1	118	374	4.89550
2560	3584	1	268	370	5.05168
2560	3584	2	88	444	0.00000
2560	3584	1	438	460	0.64059
2560	3584	1	502	348	2.13571
2560	3072	2	46	16	0.00000
2560	3584	1	254	470	2.71792
2560	3584	1	40	500	6.05209
