1024	2048	1	220	128	4.19134
1024	2048	1	230	220	3.52048
1024	2048	1	128	352	3.36453
1024	2048	1	244	356	0.51675
1024	2048	1	152	490	4.22982
1024	2560	1	256	40	1.15973
1024	2560	1	50	88	1.28035
1024	2560	1	88	186	6.04643
1024	2560	1	168	134	4.80305
1024	2560	1	126	358	0.97933
1024	2560	2	214	284	0.00000
1024	2560	1	380	48	5.37253
1024	2048	1	480	254	2.96932
1024	2048	1	504	494	3.31328
1536	2048	1	114	452	0.03124
1536	2048	1	120	70	5.08590
1536	2048	1	224	142	6.06935
1536	2048	1	358	68	0.96250
1536	2048	1	416	130	4.10509
1536	2048	1	166	222	1.74861
1536	2048	1	248	292	1.66902
1024	2048	1	346	280	0.00000
1536	2048	1	396	252	3.69147
1536	2048	1	498	254	0.00000
1536	2048	1	350	374	3.94826
1536	2048	1	462	410	3.88785
1536	2048	2	246	354	0.00000
1536	2048	1	222	484	2.34473
1536	2048	1	336	468	3.59487
1024	2560	1	476	122	5.56655
1536	2560	1	72	104	0.90759
1536	2560	1	238	106	0.83407
1536	2560	1	478	138	0.00000
1024	2560	1	306	322	5.41353
1024	2560	1	488	250	0.97686
1536	2560	1	66	302	0.45584
1536	2560	1	264	244	5.86871
1536	2560	2	314	354	0.00000
1536	2560	1	134	336	3.42563
1024	2560	1	204	396	1.10119
1024	2560	1	34	464	2.35695
1024	2560	1	254	480	2.59496
1536	2560	1	52	428	5.15482
1536	2560	1	408	430	2.03728
1536	2560	1	268	388	2.52755
1536	2560	1	212	424	2.48843
1024	2048	1	182	106	3.56625
1024	3072	1	316	208	5.39817
1024	3072	1	442	254	4.97501
1536	3072	1	210	432	4.98560
1024	3072	1	126	462	5.45348
1024	3072	1	410	484	2.25866
1024	3072	1	106	202	6.01625
1024	3584	1	258	206	0.00000
1536	3584	1	228	68	5.22209
1536	3072	1	400	394	0.00000
1536	3072	1	404	214	0.01821
1536	3072	1	336	168	0.43771
1024	3072	1	268	350	0.44537
1024	3072	1	398	334	5.53098
1024	3072	1	162	276	1.24611
1024	3072	1	52	400	0.77319
1024	3072	1	66	318	0.70743
1024	3072	1	276	488	1.44355
1024	3584	1	142	82	5.15823
1024	3584	1	132	176	5.41210
1024	3584	1	500	242	5.52593
1024	3072	1	482	134	3.27088
1024	3072	1	408	76	3.04091
1024	3072	1	306	104	4.67915
1024	3072	1	164	166	0.00000
1536	3072	1	100	310	4.92152
1536	3072	1	68	382	1.77505
1536	3072	1	108	468	2.09368
1536	3584	1	98	54	5.51929
1024	3584	1	374	66	3.05081
1024	3584	1	28	36	0.86255
1024	3584	1	336	180	2.98448
1536	3584	1	86	148	1.92544
1536	3584	1	468	124	3.17916
1536	3072	1	180	122	0.00000
1536	3584	1	290	196	3.47799
1536	3584	1	422	218	0.90548
1024	3072	1	156	38	1.03005
1536	3072	1	248	114	3.26505
1536	3072	1	466	148	2.55263
1536	3072	1	488	506	2.36183
1024	3584	1	398	306	0.00000
1024	3584	1	176	290	2.22917
1536	3584	1	170	270	1.24384
1536	3584	1	444	412	2.61439
1024	3584	1	172	448	0.00000
1536	3584	1	186	424	0.68106
1024	3584	1	268	418	4.24887
1536	3072	1	68	188	2.97528
1536	3072	1	142	232	5.39813
1024	3072	1	202	374	5.58943
1536	3072	1	500	302	4.13028
1536	3072	1	298	496	3.62069
1536	3584	1	32	336	1.27738
1024	3072	1	492	454	5.23714
1024	3072	1	496	332	0.00000
1536	3584	1	484	266	0.39850
2048	2048	1	394	82	0.78367
2560	2048	1	34	206	2.69428
2048	2048	1	240	296	0.00000
2048	2048	1	216	144	0.04299
2048	2048	1	276	62	6.16558
2048	2048	1	76	82	5.21257
2048	2048	1	136	0	3.40416
2048	2048	1	376	490	0.00000
2048	2048	1	482	356	0.00000
2048	2048	1	62	202	0.11997
2560	2048	1	212	114	0.11591
2560	2048	1	312	94	0.00000
2560	2048	1	358	62	1.94372
2048	2048	1	458	126	0.95135
2048	2048	1	90	316	3.99037
2048	2048	1	172	432	6.07846
2048	2560	1	218	38	4.12217
2560	2048	1	74	360	5.30197
2560	2048	1	366	342	1.56843
2560	2048	1	300	230	0.65549
2560	2048	1	396	256	6.13877
2560	2048	1	488	334	3.47517
2560	2560	1	416	238	6.20927
2560	2560	1	296	38	2.96303
2560	2560	1	218	58	1.89035
2560	2560	2	310	478	0.00000
2560	2560	2	462	330	0.00000
2048	2560	2	510	320	0.00000
2048	2560	2	446	328	0.00000
2048	2560	2	314	424	0.00000
2048	2560	2	314	210	0.00000
2560	2560	2	12	154	0.00000
2560	2048	2	290	398	0.00000
2560	2048	2	358	394	0.00000
2560	2048	2	196	351	0.00000
2048	2560	2	170	150	0.00000
2048	2560	1	258	108	0.48067
2048	2560	2	348	60	0.00000
2560	2560	1	8	12	1.51762
2560	2560	1	224	198	2.21768
2560	2560	1	328	356	0.12379
2048	2048	1	502	56	3.92292
2560	2048	1	152	176	2.94389
2048	2560	1	60	122	3.46067
2560	2560	1	138	276	5.85598
2560	2560	1	448	154	5.44664
2560	2560	1	374	26	3.85969
2560	2048	1	512	426	3.57498
2560	2048	2	440	464	0.00000
2560	2560	1	220	368	4.12537
2048	2560	2	194	418	0.00000
2048	2560	1	118	158	3.45421
2048	2560	1	116	284	1.19168
2048	2560	1	462	226	0.00000
2048	2560	1	402	96	4.28081
2560	2560	1	324	192	3.19767
2048	2560	1	262	292	5.88129
2048	2560	2	162	368	0.00000
2048	2560	1	226	380	2.47154
2560	2560	1	78	428	5.24847
2048	2560	1	430	456	6.24273
2048	2560	1	136	488	4.50548
2048	2560	1	22	436	3.78522
2560	2560	1	60	206	3.36029
2560	2560	1	400	454	3.64508
2560	2560	1	512	352	0.80973
2560	2560	1	238	512	2.91037
2048	2560	1	354	172	1.81106
2048	2560	1	272	512	5.29787
2560	2048	2	512	206	0.00000
2048	2560	2	366	244	0.00000
3584	2048	1	368	224	5.47212
3072	2048	1	190	124	3.90165
3072	2048	1	344	402	0.25419
3072	2048	1	494	308	1.97680
3584	2048	1	114	152	5.20626
3072	2048	1	404	36	5.12368
3584	2048	1	86	506	4.98263
3584	2048	1	312	340	4.94339
3584	2048	1	88	286	3.24979
3072	2048	1	470	194	4.44573
3072	2048	1	96	56	2.49233
3072	2048	1	294	334	1.70997
3072	2048	1	370	244	6.27784
3072	2048	1	356	136	4.87241
3072	2048	1	240	204	4.38862
3072	2048	1	128	258	0.30277
3072	2048	1	48	180	1.03322
3072	2048	1	212	394	2.05679
3072	2048	1	190	510	0.00000
3072	2560	1	256	6	3.14602
3072	2048	1	438	374	5.63098
3072	2048	1	68	440	3.68811
3072	2048	1	10	418	3.67888
3584	2048	1	468	64	0.10567
3584	2048	1	242	94	3.85247
3584	2048	1	122	60	6.01262
3584	2048	1	42	0	0.57606
3584	2048	1	382	124	4.70959
3584	2048	1	334	508	4.11569
3584	2048	1	100	422	5.21077
3584	2048	1	452	274	3.08564
3584	2560	1	424	54	4.72309
3584	2048	1	506	506	5.94727
3072	2560	1	424	66	2.93788
3072	2560	1	494	54	0.00000
3584	2560	1	226	330	6.22787
3072	2560	2	470	176	0.00000
3072	2560	2	434	132	0.00000
3072	2560	1	132	202	2.45336
3072	2560	1	358	144	0.00000
3072	2560	1	270	116	0.92369
3072	2048	1	382	500	3.78411
3584	2560	1	198	60	0.42309
3584	2560	1	414	178	6.20487
3584	2560	1	318	198	5.73187
3584	2560	1	156	182	5.44340
3072	2560	2	156	80	0.00000
3072	2560	1	170	348	5.62823
3072	2560	1	32	48	1.69619
3584	2560	1	42	120	3.55674
3584	2560	1	74	210	3.36169
3072	2560	1	414	250	3.61052
3072	2560	1	476	298	3.24368
3584	2560	1	104	318	1.70165
3584	2560	1	412	320	4.55305
3584	2560	1	378	404	2.42037
3584	2560	2	450	502	0.00000
3072	2560	1	322	278	3.36742
3072	2560	1	274	200	0.51392
3584	2560	1	48	388	2.45360
3072	2560	1	326	394	4.33821
3584	2560	1	282	470	5.84157
3072	2560	1	426	444	3.80062
3072	2560	1	98	456	3.31979
3584	2560	1	136	394	4.85438
3584	2560	1	476	462	5.50446
3584	2560	1	512	396	5.42545
3584	2560	1	512	270	5.64317
3072	2560	1	318	510	0.31601
3584	2560	1	160	512	2.67057
3072	2048	2	290	22	0.00000
3072	2048	2	230	24	0.00000
3072	2048	2	18	78	0.00000
3072	2048	2	182	30	0.00000
3584	2560	1	340	456	2.57730
3072	3072	1	246	146	0.00000
3072	3072	1	400	80	6.06247
3072	3072	1	154	46	0.00000
3072	3072	1	110	162	2.03791
3072	3072	1	76	308	4.10247
3072	3072	1	202	338	2.76696
3072	3072	1	486	158	1.02907
3072	3072	1	298	38	0.15049
3072	3072	1	4	50	0.00000
3072	3072	1	80	430	3.81404
3072	3584	1	136	22	3.12168
3072	3072	1	346	278	2.99288
3072	3072	1	268	338	3.75852
3072	3072	1	282	416	3.58947
3072	3072	1	390	438	1.81679
3072	3072	1	482	0	0.00000
3584	3072	1	78	56	0.00000
3072	3072	1	10	512	5.91203
3072	3584	1	22	116	3.77437
3072	3584	1	110	172	2.64576
3072	3584	1	228	144	2.43160
3072	3584	1	286	76	3.14756
3072	3072	1	216	508	5.71948
3072	3584	1	396	36	4.76372
3072	3584	1	28	290	1.64748
3072	3584	1	228	208	5.66574
3072	3584	1	166	276	1.36039
3072	3584	1	302	186	3.52668
3072	3584	1	12	398	0.66579
3072	3584	1	54	416	0.40073
3072	3584	1	100	474	0.00000
3072	3584	1	174	402	2.26001
3072	3584	1	210	348	2.20117
3072	3584	1	276	292	1.36616
3072	3072	1	462	300	4.02791
3072	3584	1	280	452	0.65147
3072	3584	1	328	334	0.58061
3072	3584	1	358	416	0.17723
3072	3584	1	450	452	5.98381
3072	3584	1	462	316	3.62418
3072	3584	1	424	174	5.06761
3072	3584	1	424	92	4.64049
3584	3072	1	88	252	5.77917
3584	3072	1	172	44	2.63884
3584	3072	1	250	36	2.85272
3584	3072	1	316	60	3.63907
3584	3072	1	408	34	2.73767
3584	3072	1	362	142	0.81556
3584	3072	1	236	196	6.06993
3584	3072	1	180	226	5.88258
3584	3072	1	310	250	6.04127
3584	3072	1	356	202	6.00394
3584	3072	1	488	140	3.89750
3584	3072	1	512	222	3.74468
3584	3072	1	422	272	3.56653
3584	3072	1	200	338	4.60202
3584	3072	1	60	302	5.43428
3584	3072	1	24	382	5.23708
3584	3584	1	188	132	2.74893
3584	3584	1	246	246	1.93772
3584	3584	1	340	150	3.09140
3584	3584	1	296	430	2.09931
3584	3584	1	92	224	1.93647
3584	3072	1	358	446	1.85855
3584	3584	1	504	22	0.00000
3584	3072	1	456	368	1.09647
3584	3584	1	38	92	4.13891
3584	3072	1	114	510	0.08179
3584	3584	1	506	334	3.08582
3584	3584	1	70	294	3.90225
3584	3584	1	234	102	2.42468
3584	3072	1	182	408	5.96308
3584	3072	1	264	498	2.15774
3584	3072	1	304	414	0.49070
3584	3072	1	18	452	2.09479
3072	3072	1	500	494	1.86313
3584	3584	1	134	456	0.96917
3584	3584	1	178	340	1.23470
3584	3584	1	344	340	1.50419
3584	3584	1	230	512	1.81336
3584	3584	1	116	310	0.00000
2560	3584	1	500	512	1.27165
2048	3584	1	414	270	0.00000
2560	3584	1	500	108	0.75988
2048	3584	1	104	98	0.00000
2048	3584	1	58	24	2.18460
2560	3584	1	374	348	2.09606
2560	3584	1	176	418	5.79572
2560	3584	1	512	282	1.72618
2560	3584	1	84	402	0.00000
2048	3584	1	292	466	0.00000
2560	3584	1	364	130	1.61449
2560	3584	1	428	320	2.05934
2048	3584	1	476	372	0.87818
2560	3584	1	490	220	1.35249
2560	3584	1	274	208	5.89671
2560	3584	1	298	480	0.60382
2560	3584	1	220	202	2.13865
2560	3584	1	124	218	5.49167
2560	3584	1	60	262	0.00000
2048	3584	1	182	490	5.94450
2048	3584	1	490	452	0.60133
2048	3584	1	472	136	0.00000
2560	3584	1	506	386	0.56167
2048	3584	1	254	244	0.00000
2048	3584	1	22	224	0.00000
2560	3584	1	14	512	3.12016
2048	3584	1	72	462	0.00000
2048	3584	1	244	368	0.00000
2048	3584	1	220	132	5.14376
2048	3584	1	54	352	1.39886
2048	3584	1	158	366	3.88418
2048	3584	1	222	176	1.00306
2048	3584	1	326	326	0.00000
2048	3584	2	126	230	0.00000
2560	3584	2	282	342	0.00000
2560	3584	2	210	350	0.00000
2560	3584	2	108	300	0.00000
2560	3584	1	136	110	4.27340
2560	3584	1	264	80	1.99024
2048	3584	1	358	112	0.90016
2048	3584	2	386	18	0.00000
2048	3072	2	152	480	0.00000
2048	3072	2	74	418	0.00000
2048	3072	2	196	328	0.00000
2560	3072	2	252	480	0.00000
2560	3584	1	22	52	3.23987
2560	3584	1	154	32	0.79063
2560	3072	1	144	480	0.48644
2560	3072	1	104	448	0.00000
2048	3072	1	402	460	3.14271
2048	3072	2	504	456	0.00000
2560	3584	1	352	40	5.13640
2560	3584	1	424	10	2.58418
2560	3072	1	512	494	0.00000
2560	3072	2	346	446	0.00000
2560	3072	2	352	236	0.00000
2560	3072	2	226	134	0.00000
2560	3072	2	158	82	0.00000
2560	3072	2	92	230	0.00000
2560	3072	2	18	180	0.00000
2560	3072	1	384	398	1.71989
2560	3072	1	476	300	3.08047
2560	3072	1	450	144	0.00000
2560	3072	1	512	34	0.00000
2560	3072	1	370	114	3.38855
2560	3072	1	214	18	2.97783
2560	3072	1	214	174	1.44586
2560	3072	1	302	282	2.96131
2560	3072	1	258	394	2.53726
2560	3072	1	198	274	5.60423
2560	3072	1	44	386	4.22755
2560	3072	1	76	266	2.36081
2048	3072	1	476	304	2.13766
2048	3072	1	254	232	0.00000
2048	3072	1	454	42	2.81691
2048	3072	1	384	124	5.49583
2048	3072	1	302	6	5.25702
2048	3072	1	322	112	5.28822
2048	3072	1	152	88	2.19765
2048	3072	1	194	396	5.46286
2048	3072	2	322	434	0.00000
2048	3072	1	112	242	0.00000
2048	3072	1	44	332	2.35279
2048	3072	1	50	94	0.00000
2048	3584	2	482	284	0.00000
