1024	2048	1	248	368	0.30373
1024	2048	1	508	222	3.13859
1024	2560	1	256	44	0.88709
1024	2048	1	94	260	1.00086
1024	2048	1	64	124	5.64208
1024	2048	1	188	162	4.64353
1024	2048	2	194	92	0.00000
1024	2048	2	262	34	0.00000
1024	2048	2	450	34	0.00000
1536	2048	2	12	46	0.00000
1536	2048	2	230	166	0.00000
1536	2048	1	84	86	0.00000
1536	2048	1	238	62	0.00000
1536	2048	1	364	62	4.69746
1536	2048	2	498	66	0.00000
1024	2560	2	88	114	0.00000
1024	2560	1	464	54	2.36773
1536	2048	1	140	396	5.96905
1536	2048	1	196	308	3.31197
1536	2048	1	274	450	1.67388
1536	2048	1	442	230	4.24874
1536	2048	2	502	282	0.00000
1536	2048	1	418	344	2.98136
1536	2048	1	294	356	4.49937
1536	2560	1	112	22	1.50485
1536	2560	1	64	128	1.02041
1536	2560	1	280	80	4.24629
1536	2560	1	424	4	4.17895
1536	2560	1	152	186	0.00000
1024	2560	2	180	288	0.00000
1536	2560	2	476	420	0.00000
1536	2560	2	498	154	0.00000
1536	2560	2	512	276	0.00000
1024	2560	1	96	192	1.23075
1024	2560	1	298	260	5.20774
1536	2560	1	2	196	1.47584
1536	2560	1	272	242	5.96711
1536	2560	1	436	140	0.55238
1536	2560	1	444	268	0.43703
1536	2560	1	352	266	3.02476
1536	2560	1	178	326	5.30882
1024	2560	1	474	328	2.98664
1024	2560	1	92	362	3.71461
1024	2560	1	60	294	5.41004
1024	2560	1	220	334	4.22147
1536	2560	1	60	348	2.55685
1024	2560	1	388	476	4.06889
1024	2560	1	292	354	0.95155
1536	2560	1	44	408	5.08973
1024	2560	1	168	414	1.23007
1536	2560	1	398	428	2.12629
1536	2560	2	498	364	0.00000
1024	2560	1	282	460	0.51915
1024	2560	1	114	478	4.42736
1536	2560	1	206	456	2.53210
1536	2560	1	312	466	0.59024
1536	2560	1	96	464	1.37542
1024	3584	1	70	296	5.61224
1536	3584	1	496	308	1.94778
1536	3584	1	418	230	4.67375
1536	3584	1	340	380	5.43645
1536	3584	1	134	174	3.79742
1024	3584	1	468	370	1.33155
1536	3584	1	190	376	1.56873
1536	3584	1	78	308	1.69316
1024	3584	1	454	296	1.30475
1024	3584	1	298	386	5.81505
1024	3584	1	492	470	0.32623
1536	3584	1	116	432	6.11462
1536	3584	1	64	452	6.06187
1536	3584	1	314	452	4.86306
1024	3584	1	84	144	0.37485
1536	3584	1	230	270	5.17004
1024	3584	1	488	164	4.58149
1536	3584	1	412	130	0.68395
1536	3584	1	286	188	4.57196
1024	3584	1	338	140	1.66378
1024	3584	1	330	220	5.26491
1024	3584	1	240	116	0.77733
1024	3584	1	212	230	2.19203
1024	3584	1	46	380	2.47377
1024	3072	1	452	504	1.07138
1024	3584	1	486	50	3.95525
1536	3584	1	270	18	2.54856
1024	3072	1	418	390	3.04374
1024	3072	1	318	478	0.89904
1024	3072	1	214	510	1.94088
1536	3072	1	494	494	5.56464
1536	3072	1	168	448	5.15422
1536	3584	1	88	8	3.01141
1024	3584	1	50	10	3.64021
1536	3072	1	12	426	1.51296
1536	3072	1	26	350	1.56386
1024	3072	1	188	380	5.94030
1024	3072	1	312	312	0.44667
1536	3072	2	378	472	0.00000
1024	3072	1	60	276	4.94671
1024	3072	1	168	214	6.26122
1024	3072	1	512	250	5.47608
1024	3072	1	320	120	6.01482
1536	3072	1	322	320	0.35507
1536	3072	1	404	258	5.81547
1536	3072	1	210	228	3.66232
1536	3072	1	122	240	3.57869
1536	3072	1	132	156	0.88701
1536	3072	1	472	208	5.65385
1024	3072	1	122	56	4.71545
1536	3072	1	18	128	2.86996
1024	3072	1	252	122	5.88786
1536	3072	1	324	120	4.89864
1536	3072	1	286	228	3.79204
1024	3072	1	404	70	3.06120
1536	3072	1	96	20	1.58191
1536	3072	1	382	42	0.61080
1536	3072	1	286	28	0.34821
1024	3584	1	232	476	0.00000
1536	3584	2	472	106	0.00000
1536	3584	1	180	514	0.55583
1024	3584	2	272	302	0.00000
1536	3584	2	50	206	0.00000
1536	3584	2	104	100	0.00000
1536	3584	2	368	62	0.00000
1024	3072	1	94	170	2.65482
1024	3072	2	378	174	0.00000
1024	3072	2	416	134	0.00000
1024	3072	2	262	270	0.00000
1536	3072	2	202	360	0.00000
1536	3072	2	170	310	0.00000
1536	3072	2	512	320	0.00000
1536	3072	2	202	148	0.00000
1024	3072	2	444	188	0.00000
1536	3072	2	466	416	0.00000
1024	3584	2	138	76	0.00000
1536	3584	2	310	74	0.00000
1024	3584	2	28	446	0.00000
1024	3584	2	370	508	0.00000
2048	2048	1	70	126	0.58459
2048	2048	1	144	94	1.98515
2560	2560	2	462	332	0.00000
2560	2560	2	314	483	0.00000
2560	2560	2	512	326	0.00000
2048	2560	2	446	314	0.00000
2048	2560	2	402	166	0.00000
2048	2560	2	402	48	0.00000
2048	2048	2	274	504	0.00000
2560	2560	2	18	162	0.00000
2048	2048	1	102	40	1.95453
2048	2048	1	380	84	1.11415
2560	2048	1	12	116	4.01202
2048	2048	1	484	208	1.55641
2048	2048	1	240	342	2.40348
2048	2048	1	46	246	3.77669
2048	2048	1	98	344	5.24082
2048	2048	1	150	440	4.40730
2048	2048	1	342	278	4.06326
2560	2048	1	204	222	2.20735
2560	2048	1	134	256	5.47455
2560	2048	1	98	108	3.75966
2560	2048	1	314	94	0.12485
2560	2048	1	216	58	3.80890
2560	2048	1	202	128	0.05460
2560	2048	1	472	84	2.31536
2560	2048	1	396	172	1.34351
2560	2048	1	440	252	0.95866
2560	2048	1	426	368	0.95516
2560	2048	1	512	320	4.30567
2048	2048	1	446	354	0.00000
2560	2048	1	42	376	3.75462
2560	2048	1	146	380	4.20870
2560	2048	2	298	392	0.00000
2560	2560	2	284	2	0.00000
2560	2560	2	252	14	0.00000
2560	2048	1	200	466	2.29522
2560	2560	1	360	16	3.10201
2560	2560	1	462	36	3.63077
2048	2048	1	390	464	5.22892
2048	2560	1	490	72	3.11888
2048	2560	1	274	94	4.89665
2048	2560	1	96	26	2.14280
2048	2560	1	64	116	1.24632
2048	2560	1	64	238	1.10585
2048	2560	1	136	308	0.58296
2048	2560	2	166	142	0.00000
2048	2560	2	230	158	0.00000
2048	2560	2	308	208	0.00000
2048	2560	2	188	430	0.00000
2048	2560	1	306	356	4.67837
2560	2560	1	134	226	0.00000
2560	2560	1	216	92	2.14881
2560	2560	1	462	144	2.11138
2560	2560	1	288	200	3.74224
2560	2560	1	390	232	6.22518
2560	2560	1	242	332	5.30911
2560	2560	1	392	454	5.27398
2560	2560	1	250	468	2.94541
2560	2560	1	88	400	4.10081
2048	2560	1	376	286	5.78048
2560	2560	1	2	252	2.97687
2048	2560	2	220	362	0.00000
2048	2560	2	170	366	0.00000
2048	2560	2	318	422	0.00000
2048	2560	2	86	464	0.00000
2048	2560	1	2	384	5.59237
2048	2560	1	416	454	6.14462
2560	2560	2	16	482	0.00000
2048	2560	2	160	510	0.00000
2048	2560	1	302	500	4.41570
2560	2560	1	88	512	4.41903
2560	2048	2	432	466	0.00000
3072	2048	2	294	28	0.00000
3072	2048	2	344	18	0.00000
3072	2048	2	398	138	0.00000
3072	2048	2	2	336	0.00000
3072	2560	2	10	14	0.00000
3072	2560	2	164	84	0.00000
3072	2560	2	268	10	0.00000
3072	2560	2	458	184	0.00000
3584	2560	2	424	242	0.00000
3072	2048	1	118	46	5.01773
3072	2048	1	98	144	2.37374
3072	2048	1	48	202	5.85828
3072	2048	1	212	126	1.74514
3584	2048	1	114	116	6.10333
3584	2048	2	110	12	0.00000
3584	2048	2	228	18	0.00000
3072	2048	2	488	6	0.00000
3584	2048	1	242	94	3.82568
3584	2048	1	384	94	0.00000
3584	2048	1	466	60	0.00000
3584	2048	2	512	148	0.00000
3584	2048	1	378	216	5.27133
3584	2048	1	210	210	0.83547
3584	2048	1	308	282	2.70599
3584	2048	1	398	318	5.58845
3072	2048	1	476	312	2.59411
3072	2048	1	382	256	2.74287
3072	2048	1	288	236	2.83708
3072	2048	1	216	258	2.37518
3072	2048	1	144	282	5.49307
3072	2048	1	76	342	5.12966
3072	2048	1	166	432	1.75183
3072	2048	1	288	380	4.63460
3584	2048	1	160	370	1.94984
3584	2048	1	318	436	2.31047
3584	2048	1	86	448	0.00000
3584	2560	1	206	22	2.43057
3584	2560	1	298	54	3.13489
3584	2560	1	394	26	1.18633
3584	2560	1	478	90	5.15182
3584	2560	1	512	2	3.96447
3584	2560	1	466	170	2.60909
3584	2560	1	366	152	3.51425
3584	2560	1	162	60	2.40828
3584	2560	1	28	18	5.78444
3072	2560	1	450	8	3.08778
3072	2560	1	364	16	2.70333
3072	2560	1	218	32	5.90628
3072	2560	1	78	8	5.36110
3072	2560	1	486	122	1.87661
3072	2560	1	338	118	2.26697
3072	2560	1	62	156	6.25184
3584	2560	1	122	162	5.44345
3584	2560	1	238	184	3.17036
3584	2560	1	290	270	3.21315
3584	2560	1	64	214	1.64086
3072	2560	1	394	212	3.74619
3072	2560	1	258	200	1.68011
3584	2560	1	480	356	2.90785
3584	2560	1	380	298	1.01975
3584	2560	1	392	364	0.96205
3584	2560	2	238	338	0.00000
3584	2560	1	166	292	3.46824
3584	2560	1	278	492	0.68526
3584	2560	2	344	460	0.00000
3584	2560	2	254	470	0.00000
3584	2560	1	186	398	4.44643
3584	2560	2	172	496	0.00000
3584	2560	1	76	332	2.96503
3584	2560	1	50	426	2.17187
3072	2560	1	410	324	4.69510
3072	2560	1	432	406	1.54031
3584	2560	1	16	484	5.44783
3072	2560	1	406	512	0.07364
3072	2560	1	288	348	2.64121
3072	2560	2	164	410	0.00000
3072	2560	1	186	294	2.80595
3072	2560	1	270	468	2.69183
3072	2560	1	58	376	5.67086
3072	2560	1	52	474	4.02809
3072	2560	2	168	512	0.00000
3072	3072	1	270	104	5.40034
3072	3072	1	136	116	0.80970
3072	3072	1	136	38	1.27373
3072	3072	1	404	58	0.00000
3072	3072	1	226	206	4.32178
3072	3072	1	304	258	1.13704
3072	3072	1	138	336	0.58399
3072	3072	1	64	280	3.98506
3072	3072	1	364	428	3.24126
3072	3072	1	252	398	2.42362
3072	3072	1	160	442	0.32175
3072	3584	1	214	22	2.88031
3072	3584	1	100	50	1.80780
3072	3584	1	76	136	0.96725
3072	3584	1	208	196	5.29029
3072	3584	1	126	246	6.02680
3072	3584	1	308	38	5.26183
3072	3584	1	442	92	2.40966
3072	3584	1	328	138	1.55352
3072	3584	1	334	244	2.94228
3072	3584	1	238	300	0.30043
3072	3584	1	86	338	2.27942
3072	3584	1	464	250	3.85193
3584	3584	1	36	136	6.13199
3584	3584	1	84	10	0.27576
3072	3072	1	468	296	1.26180
3072	3072	1	480	378	4.03154
3584	3072	1	110	290	0.99660
3584	3072	1	34	164	0.00000
3584	3072	1	150	158	2.62805
3584	3072	1	232	168	6.03659
3584	3072	1	184	324	0.72839
3584	3072	1	268	356	6.18250
3584	3072	1	202	484	1.74045
3072	3072	1	480	458	4.00778
3584	3584	1	150	100	5.53455
3584	3584	1	236	46	4.52549
3584	3584	1	316	212	3.08640
3584	3072	1	370	508	3.35085
3584	3072	1	342	84	3.86929
3584	3072	1	410	300	0.95582
3584	3584	1	36	264	0.69550
3072	3072	2	434	250	0.00000
3072	3584	1	432	404	4.09400
3072	3584	1	314	454	2.95085
3584	3584	1	232	230	6.07939
3584	3584	1	494	152	0.31227
3584	3584	1	286	122	4.83674
3584	3584	1	422	38	3.35296
3584	3072	1	494	498	5.48202
3584	3072	1	478	150	2.60765
3584	3072	1	372	200	1.26147
3584	3584	1	448	306	3.18426
3584	3584	1	286	342	2.65908
3072	3584	1	512	442	0.03829
3584	3584	1	76	366	0.24655
3584	3584	1	172	250	2.74978
3584	3584	1	402	424	5.90319
3584	3584	1	318	454	5.54181
3584	3584	1	224	370	2.45501
3584	3072	1	162	28	3.92073
3072	3584	1	114	416	1.55710
3072	3072	1	324	328	1.36284
3584	3584	1	232	458	0.00000
3584	3584	1	134	438	0.65192
3584	3584	1	382	292	0.00000
3072	3584	1	152	462	1.50485
3072	3072	1	42	410	3.34826
3584	3072	2	354	272	0.00000
3584	3072	2	424	406	0.00000
3072	3584	2	448	512	0.00000
2048	3584	1	276	480	4.25576
2048	3584	1	504	378	0.98279
2048	3584	1	190	430	2.23184
2560	3584	1	66	512	6.23429
2048	3584	1	14	144	4.23078
2560	3584	1	464	512	3.08465
2048	3584	1	162	244	2.24072
2560	3584	1	400	492	3.05012
2560	3584	1	160	374	3.14796
2560	3584	1	234	398	3.17543
2048	3584	1	308	290	4.82040
2560	3584	1	512	512	2.99344
2048	3584	1	278	384	5.66583
2560	3584	1	100	382	0.00000
2048	3584	1	426	342	0.76579
2560	3584	1	310	324	6.10648
2048	3584	1	512	464	0.80573
2560	3584	1	474	362	4.91301
2048	3584	1	408	482	3.42469
2048	3584	1	70	254	2.68657
2560	3584	1	278	496	0.00000
2560	3584	1	370	326	0.00000
2048	3584	1	40	320	2.24297
2048	3584	1	82	28	2.90187
2048	3072	1	0	488	5.90791
2048	3584	1	226	42	5.39740
2048	3584	1	172	128	6.11498
2048	3584	1	388	104	0.46068
2560	3584	1	20	276	1.83705
2560	3584	1	496	228	1.99742
2560	3584	1	420	242	2.26344
2048	3072	2	168	478	0.00000
2048	3584	2	366	18	0.00000
2560	3584	1	494	132	0.94677
2048	3584	1	492	178	1.82852
2560	3584	1	70	198	3.32529
2560	3584	1	156	186	3.03553
2560	3584	1	226	224	3.22142
2560	3584	1	304	196	2.77442
2560	3584	1	348	134	1.83006
2560	3584	1	388	10	0.28413
2560	3584	1	446	64	3.60991
2560	3072	1	492	416	6.26211
2048	3584	1	470	20	0.00000
2560	3584	1	82	90	4.78452
2560	3584	1	230	48	4.63743
2048	3072	2	306	434	0.00000
2048	3072	1	106	376	0.00000
2048	3072	1	408	434	4.72286
2560	3584	1	120	2	4.05354
2560	3072	1	218	468	6.00489
2560	3072	1	284	414	1.65083
2560	3072	1	394	376	2.14025
2560	3072	1	90	458	3.72216
2560	3072	1	60	418	3.76055
2048	3072	1	208	344	3.83817
2048	3072	1	78	302	4.06458
2048	3072	2	288	274	0.00000
2048	3072	1	336	356	4.33924
2048	3072	1	432	314	2.74449
2560	3072	1	180	334	0.60731
2560	3072	1	284	272	0.00000
2560	3072	2	342	244	0.00000
2560	3072	1	492	236	0.71822
2560	3072	1	396	194	2.81099
2560	3072	1	352	44	4.64757
2560	3072	1	512	84	1.77940
2560	3072	1	78	300	1.30274
2560	3072	2	96	220	0.00000
2560	3072	1	160	206	0.00000
2560	3072	1	270	104	5.23154
2560	3072	2	144	76	0.00000
2560	3072	2	226	124	0.00000
2560	3072	1	58	148	1.61425
2560	3072	1	134	22	1.57831
2048	3072	1	504	242	1.90657
2048	3072	1	130	196	4.40523
2048	3072	1	30	132	4.82727
2048	3072	1	132	38	0.58440
2048	3072	1	322	194	5.23808
2048	3072	1	376	146	5.08026
2048	3072	1	474	78	3.04014
2048	3072	1	428	0	0.00000
2048	3072	1	278	4	3.97044
2048	3072	2	72	0	0.00000
