1024	2048	1	232	216	2.67325
1024	2048	1	96	434	6.16509
1024	2048	1	240	350	0.56504
1024	2048	1	440	230	2.71857
1024	2048	2	199	83	0.00000
1536	2048	1	48	104	4.69084
1536	2048	1	60	296	4.34041
1536	2048	1	224	128	5.82475
1536	2048	1	320	114	1.54714
1024	2048	2	256	24	0.00000
1024	2048	2	460	14	0.00000
1536	2048	2	28	36	0.00000
1024	2048	2	134	70	0.00000
1536	2048	1	220	248	2.03726
1536	2048	1	354	276	1.95130
1536	2048	1	450	278	6.24384
1536	2048	2	472	162	0.00000
1536	2048	1	410	50	5.05210
1536	2048	2	494	62	0.00000
1024	2048	1	486	482	4.03457
1536	2048	1	178	340	0.85904
1536	2048	2	206	428	0.00000
1024	2560	1	252	44	0.98815
1024	2560	2	416	62	0.00000
1536	2560	1	174	86	5.65962
1536	2048	1	286	398	0.32175
1536	2048	1	416	420	2.92153
1536	2048	1	322	460	3.43908
1024	2560	2	142	164	0.00000
1024	2560	1	20	140	0.73494
1024	2560	1	424	186	1.79089
1024	2560	1	200	226	4.77272
1536	2560	2	182	234	0.00000
1536	2560	1	314	110	4.06889
1536	2560	1	438	122	4.39149
1536	2560	2	512	34	0.00000
1536	2560	2	512	184	0.00000
1024	2560	1	224	448	3.86454
1024	2560	2	172	284	0.00000
1024	2560	1	28	478	5.83252
1024	2560	1	44	298	0.98923
1024	2560	1	418	378	2.57123
1024	2560	1	226	352	0.62216
1024	2560	1	402	510	4.43228
1536	2560	1	24	492	5.61712
1536	2560	1	58	436	5.07568
1024	2560	1	502	312	0.55523
1536	2560	1	66	226	6.18010
1536	2560	1	148	344	0.00000
1536	2560	1	272	252	5.96143
1536	2560	1	496	336	5.43058
1536	2560	2	356	302	0.00000
1536	2560	2	434	238	0.00000
1536	2560	2	184	494	0.00000
1536	2560	2	258	488	0.00000
1536	2560	2	410	512	0.00000
1536	2560	2	430	448	0.00000
1536	3584	1	450	40	6.09211
1536	3584	1	406	382	5.62119
1536	3584	1	198	404	0.00000
1024	3584	1	486	348	4.18427
1024	3584	1	380	270	5.89680
1024	3584	1	140	124	6.13476
1024	3584	1	136	284	0.00000
1024	3584	1	38	20	2.40020
1024	3584	1	278	440	1.74563
1536	3584	1	118	166	2.39212
1024	3584	1	472	214	5.93503
1024	3584	1	44	158	2.30011
1024	3584	1	56	368	0.32247
1536	3584	1	86	366	0.61615
1536	3584	1	438	190	0.41475
1536	3584	2	50	196	0.00000
1536	3584	2	374	56	0.00000
1536	3584	2	252	267	0.00000
1024	3584	1	236	126	0.17741
1024	3584	1	332	162	1.41145
1024	3584	2	312	92	0.00000
1024	3584	2	170	24	0.00000
1536	3072	2	430	468	0.00000
1024	3072	1	98	408	0.84603
1536	3072	1	46	444	0.32618
1024	3072	1	222	462	0.95135
1024	3584	1	368	64	2.56620
1024	3584	1	454	44	2.66494
1536	3584	1	140	38	2.64838
1536	3072	1	234	444	0.46516
1536	3072	1	350	408	3.13102
1536	3072	1	512	426	5.72350
1024	3072	2	344	338	0.00000
1024	3072	2	498	300	0.00000
1024	3072	1	170	242	0.72729
1024	3072	1	262	336	0.23551
1536	3072	1	86	294	5.24507
1536	3072	1	248	288	4.84627
1536	3072	1	398	320	4.79401
1536	3072	1	438	276	5.60115
1536	3072	1	410	172	1.35968
1536	3072	1	326	148	1.06654
1536	3072	1	204	200	5.23216
1024	3072	2	376	88	0.00000
1536	3072	2	192	354	0.00000
1024	3072	1	448	408	2.76036
1024	3072	1	342	450	0.63081
1024	3072	1	422	238	4.72919
1536	3072	1	92	218	2.30200
1536	3072	1	422	74	5.21283
1536	3072	1	298	26	5.43137
1536	3072	1	238	90	3.08621
1536	3072	1	102	118	0.77672
1024	3072	1	496	80	4.09685
1024	3072	1	112	130	0.00000
1024	3072	1	206	54	0.35352
1024	3072	1	314	162	3.59563
1024	3072	1	264	82	3.66478
1024	3072	2	384	182	0.00000
1024	3072	2	472	38	0.00000
2560	2560	1	400	462	2.13841
2560	2560	1	418	378	1.36284
2560	2560	1	54	430	0.75640
2560	2560	1	286	288	3.85072
2048	2560	1	210	196	0.95360
2560	2560	1	346	140	3.31674
2560	2560	1	218	402	0.93681
2560	2560	1	228	498	1.03852
2048	2560	1	400	442	5.87553
2048	2560	1	86	422	0.08742
2560	2560	1	512	296	1.50255
2048	2560	1	26	468	2.83315
2048	2560	1	280	492	5.54993
2048	2560	1	438	238	5.54973
2048	2560	1	258	372	5.22925
2048	2560	1	238	262	1.37983
2048	2560	1	96	270	2.18839
2560	2560	1	128	306	4.47990
2048	2560	1	64	184	1.52122
2048	2560	2	508	326	0.00000
2560	2560	1	490	120	0.92645
2560	2560	1	70	200	0.53631
2560	2560	1	186	198	2.50326
2560	2560	1	272	84	3.08064
2048	2560	1	506	116	3.82678
2048	2560	1	442	86	3.89407
2048	2560	1	290	64	3.47754
2048	2560	2	70	114	0.00000
2048	2560	1	50	30	1.54708
2048	2048	1	390	494	5.30671
2048	2048	1	500	332	5.69157
2048	2048	2	430	384	0.00000
2048	2048	2	450	456	0.00000
2560	2560	2	84	52	0.00000
2560	2560	1	126	6	1.39137
2048	2560	2	319	215	0.00000
2560	2560	2	512	212	0.00000
2560	2048	2	508	428	0.00000
2560	2048	1	416	402	3.15639
2560	2048	2	340	410	0.00000
2560	2048	2	369	20	0.00000
2560	2048	2	166	310	0.00000
2048	2048	1	280	406	1.30754
2048	2048	1	86	396	2.70290
2048	2048	2	206	355	0.00000
2048	2048	1	138	254	5.99885
2048	2048	1	12	234	2.32885
2048	2048	1	236	228	1.74096
2048	2048	2	240	310	0.00000
2048	2048	1	242	94	3.99313
2048	2048	2	178	76	0.00000
2048	2048	2	150	18	0.00000
2048	2048	1	70	46	2.16883
2048	2048	1	94	140	1.16629
2048	2048	1	320	172	5.31791
2048	2048	1	442	74	3.71593
2048	2048	1	494	224	4.64191
2048	2048	1	382	302	0.00000
2560	2048	1	222	114	0.00000
2560	2048	1	306	82	0.00000
2560	2048	1	140	42	1.12721
2560	2048	1	378	260	0.93029
2560	2048	1	420	158	1.20339
2560	2048	1	458	36	0.93780
2560	2048	1	244	430	0.21766
3072	2560	2	160	74	0.00000
3072	2560	2	252	18	0.00000
3072	2560	2	306	20	0.00000
3072	2048	1	192	220	5.15506
3072	2048	1	88	42	0.99189
3072	2048	1	186	82	0.31863
3072	2048	1	252	76	5.37606
3072	2048	1	442	46	5.35118
3584	2048	1	68	166	0.00000
3072	2048	1	436	216	1.97902
3072	2048	2	112	120	0.00000
3584	2048	1	246	74	3.96892
3584	2048	1	466	74	0.00000
3584	2048	1	374	244	5.91875
3584	2560	1	342	500	3.39762
3584	2048	1	156	234	4.72524
3072	2048	1	384	344	5.55889
3072	2048	1	226	396	4.77553
3072	2048	1	50	394	4.04201
3072	2048	1	98	468	3.84305
3072	2048	1	492	428	0.00000
3584	2048	1	80	444	5.98560
3584	2048	1	98	316	4.57418
3584	2048	1	226	372	5.10222
3584	2048	1	340	368	2.68376
3584	2048	1	322	154	0.89738
3584	2560	1	426	12	5.43932
3584	2048	1	166	458	3.23654
3584	2048	1	260	462	4.81145
3584	2560	1	300	22	4.73473
3584	2048	2	408	116	0.00000
3584	2560	1	32	18	2.88932
3072	2048	1	368	482	3.19381
3072	2560	1	358	164	0.24142
3072	2560	1	466	70	4.97177
3072	2560	1	240	112	0.82984
3072	2560	1	68	204	4.74530
3584	2560	1	116	164	5.28244
3584	2560	1	168	82	4.49945
3072	2560	1	482	162	0.75324
3072	2560	1	74	418	0.99816
3072	2560	1	260	272	2.45004
3072	2560	1	228	398	3.95534
3072	2560	1	164	296	5.59112
3072	2560	1	364	436	5.64861
3072	2560	1	276	512	1.83730
3072	2560	1	408	262	3.12452
3584	2560	1	132	254	5.04590
3584	2560	1	12	452	1.52070
3584	2560	1	72	334	1.58932
3072	2560	1	510	238	1.10403
3584	2560	1	246	380	2.94316
3584	2560	1	178	440	2.87053
3072	2560	1	442	384	1.72853
3072	2560	2	70	24	0.00000
3584	2560	1	230	216	3.23363
3584	2560	1	288	128	2.69164
3584	2560	1	394	124	5.86710
3584	2560	1	396	376	0.11601
3584	2560	1	452	190	3.49081
3584	2560	1	372	228	3.13981
3584	2560	1	326	362	3.27819
3584	2560	1	482	330	3.10505
3584	2560	1	484	462	5.83997
3584	2048	1	460	338	0.13309
3072	2560	2	160	386	0.00000
3072	3072	1	170	104	3.94046
3072	3072	1	34	72	3.19712
3072	3072	1	72	294	3.27962
3072	3072	1	2	190	4.33219
3072	3584	1	76	82	1.18260
3072	3584	1	190	72	2.93503
3072	3072	1	196	468	5.61645
3072	3072	1	92	466	5.14802
3072	3072	1	156	294	0.31558
3072	3072	1	216	222	5.79898
3072	3072	1	338	182	1.62065
3072	3072	1	400	66	5.98904
3072	3072	1	404	342	0.88077
3072	3072	1	250	384	2.96343
3072	3072	1	132	34	0.73016
3072	3072	1	330	288	3.53753
3072	3584	1	68	222	2.11560
3072	3584	1	142	172	3.13250
3072	3584	1	256	176	3.36270
3072	3584	1	98	382	6.00112
3072	3584	1	182	298	3.52574
3072	3072	1	424	422	0.95840
3072	3072	1	504	166	0.68438
3584	3072	1	114	158	2.69068
3584	3072	1	266	50	0.00000
3584	3072	1	180	86	0.00000
3584	3072	1	106	510	0.33383
3072	3072	1	382	502	1.76567
3584	3072	1	382	128	5.47003
3584	3072	1	490	174	0.00000
3584	3072	1	24	278	4.81773
3584	3072	1	352	402	6.17127
3584	3072	1	230	216	3.13322
3072	3584	1	468	76	3.24855
3584	3584	1	208	76	2.17545
3584	3072	1	144	418	1.97326
3584	3072	1	256	476	4.13398
3584	3072	1	74	196	5.54336
3072	3584	1	200	416	0.40602
3584	3584	1	250	376	0.30620
3584	3072	1	276	338	3.75805
3072	3584	1	350	234	6.02951
3584	3584	1	2	216	1.77281
3584	3584	1	294	42	3.50113
3584	3584	1	34	120	3.70714
3584	3072	1	34	372	6.07721
3584	3584	1	252	212	0.20847
3584	3584	1	168	162	6.09521
3584	3584	1	328	222	2.99698
3584	3584	1	418	30	0.42503
3584	3072	1	306	186	6.06468
3584	3072	1	450	312	5.99866
3584	3072	1	494	422	0.83039
3584	3584	1	366	368	1.45877
3072	3584	1	476	432	4.85649
3072	3584	1	486	362	5.17696
3584	3584	1	12	336	4.96712
3584	3584	1	404	458	1.69458
3584	3584	1	482	282	0.20251
3584	3584	1	382	208	5.98754
3072	3584	2	370	438	0.00000
3072	3072	2	430	254	0.00000
3584	3072	2	364	324	0.00000
3584	3072	2	368	216	0.00000
2048	3072	1	176	146	2.07861
2048	3072	2	194	322	0.00000
2048	3072	2	72	406	0.00000
2048	3072	2	310	440	0.00000
2560	3072	2	94	228	0.00000
2048	3072	2	434	234	0.00000
2560	3072	2	8	186	0.00000
2560	3072	2	344	244	0.00000
2560	3072	2	226	138	0.00000
2560	3072	2	258	496	0.00000
2560	3072	2	346	448	0.00000
2048	3584	2	132	232	0.00000
2048	3584	2	364	14	0.00000
2048	3072	1	246	88	5.71286
2048	3072	1	308	16	5.63968
2048	3072	1	426	76	5.41839
2048	3072	1	370	148	5.54969
2560	3072	1	400	302	0.91372
2560	3584	1	390	30	1.22777
2560	3584	1	126	40	6.19481
2560	3072	1	70	458	0.63091
2048	3072	1	476	372	5.95643
2048	3072	1	360	350	3.43410
2048	3072	1	20	272	0.00000
2048	3584	1	110	50	5.39537
2048	3072	1	154	428	4.03765
2048	3072	1	116	282	3.63155
2560	3584	1	26	292	0.08688
2560	3072	1	84	128	2.73986
2560	3072	1	94	324	3.98916
2560	3072	1	28	256	3.42162
2560	3072	1	172	130	5.76621
2560	3072	1	202	0	0.59429
2560	3584	1	170	144	1.84302
2560	3584	1	136	224	1.84223
2560	3584	1	312	166	0.00000
2560	3584	1	252	176	3.29583
2048	3584	1	408	222	0.00000
2048	3584	1	342	268	0.00000
2048	3584	1	468	120	3.27494
2048	3584	1	276	18	2.87348
2048	3584	1	350	98	1.00919
2048	3072	1	406	446	5.01771
2048	3072	1	280	306	3.03777
2048	3584	1	54	132	0.81242
2048	3584	2	188	196	0.00000
2048	3584	1	72	296	2.34655
2048	3584	1	202	290	0.42285
2048	3584	1	114	478	0.00000
2048	3584	1	430	356	0.40842
2048	3584	1	470	430	0.66104
2048	3584	1	206	512	2.49034
2048	3584	1	238	390	0.22208
2560	3584	1	16	462	3.82433
2048	3584	1	290	448	0.09967
2048	3584	1	372	456	6.08579
2560	3584	2	78	512	0.00000
2560	3584	2	110	300	0.00000
2560	3584	1	382	296	5.81954
2560	3584	1	342	382	5.69518
2560	3584	1	184	328	1.10715
2560	3584	1	236	394	3.74072
2560	3584	1	168	512	6.12453
2560	3584	1	418	448	0.72846
2560	3584	1	258	490	0.00000
2560	3584	1	482	180	3.78815
2560	3584	1	502	298	1.50711
2560	3584	1	464	368	1.71780
2560	3584	1	420	136	3.88620
2560	3584	1	512	504	3.08887
2560	3072	1	336	60	5.35939
2560	3072	1	284	102	5.21485
2560	3072	1	304	190	4.37033
2560	3072	1	456	102	0.62502
2560	3072	1	418	400	1.68791
2560	3584	1	512	24	2.88411
2560	3072	1	512	372	2.77466
2560	3072	1	506	204	4.45582
