1024	2048	1	236	374	0.29991
1024	2048	1	88	142	0.00000
1024	2048	1	196	72	0.00000
1024	2048	1	512	24	0.70699
1536	2048	1	34	126	5.41206
1024	2048	1	472	230	2.83172
1024	2048	1	90	368	2.13420
1024	2048	1	46	512	0.25980
1024	2560	1	222	68	0.81532
1024	2560	1	320	100	4.14216
1024	2560	1	482	46	3.95215
1536	2048	1	144	436	5.19244
1536	2048	1	12	382	0.78393
1536	2048	1	166	214	1.71325
1536	2048	1	234	150	3.04571
1536	2048	2	240	352	0.00000
1536	2048	1	252	50	5.85617
1536	2048	1	332	14	1.41391
1536	2048	1	358	118	0.70586
1536	2048	2	488	56	0.00000
1536	2048	1	446	148	4.12919
1536	2048	1	500	248	5.85124
1536	2048	1	376	324	4.01329
1536	2048	1	374	474	3.39587
1536	2048	1	492	364	5.19378
1536	2048	1	508	482	4.92665
1024	2560	1	128	252	3.91758
1024	2560	2	78	187	0.00000
1024	2560	1	284	192	4.54084
1536	2560	1	66	114	0.71829
1536	2560	1	304	92	0.31246
1536	2560	1	492	192	0.34235
1536	2560	1	38	268	0.64165
1024	2560	1	388	238	1.39494
1536	2560	1	176	200	0.00000
1536	2560	1	274	256	5.95236
1536	2560	1	326	332	0.60365
1024	2560	1	152	384	5.24188
1024	2560	1	218	340	0.87957
1024	2560	1	338	368	0.48422
1536	2560	1	414	152	0.43294
1536	2560	1	84	424	5.40156
1024	2560	1	372	482	4.05912
1024	2560	1	500	466	5.68291
1536	2560	1	190	374	0.34011
1536	2560	1	506	480	1.37057
1536	2560	1	390	410	5.44134
1536	2560	1	276	486	0.90873
1024	2560	1	112	474	0.00000
1024	2560	1	22	458	0.76386
1024	2560	2	212	512	0.00000
1024	3072	1	94	136	4.61018
1024	3072	1	186	22	3.83154
1024	3072	1	240	88	3.57400
1024	3072	1	370	42	3.91366
1024	3072	1	174	242	0.00000
1024	3072	1	44	248	0.81928
1024	3072	1	264	220	0.00000
1024	3072	1	326	278	0.00000
1024	3072	1	406	188	6.18699
1024	3072	1	478	166	3.09937
1536	3072	1	70	54	0.36207
1024	3072	1	120	348	5.56436
1024	3072	1	204	388	3.37952
1024	3072	1	62	482	4.02845
1024	3584	1	126	46	0.00000
1024	3072	1	266	500	0.00000
1024	3072	1	350	456	2.68266
1024	3072	1	414	352	2.11805
1024	3072	1	458	446	3.52417
1536	3072	1	32	424	3.51953
1536	3072	1	88	478	3.40225
1536	3072	1	132	256	1.66762
1536	3072	1	168	114	3.22712
1536	3072	1	254	106	3.11729
1536	3072	1	336	96	3.15522
1536	3072	1	476	64	1.06061
1536	3072	1	412	188	0.00000
1536	3072	1	408	314	1.85320
1536	3072	1	304	376	4.58803
1536	3072	1	450	428	2.13764
1536	3072	1	182	436	5.54558
1536	3072	1	300	486	3.32782
1536	3072	1	416	468	1.78947
1024	3584	1	380	30	2.30539
1024	3584	1	90	184	1.45017
1536	3584	1	78	34	1.05841
1536	3584	1	80	110	1.37632
1536	3584	1	140	154	0.68892
1536	3584	1	216	172	0.00000
1536	3584	1	284	178	0.29853
1536	3584	1	354	132	4.43361
1536	3584	1	216	24	2.54072
1536	3584	1	460	86	0.00000
1536	3072	1	206	508	0.00000
1024	3584	1	450	200	5.48258
1024	3584	1	134	294	4.12439
1024	3584	1	290	356	5.94016
1024	3584	1	348	206	0.00000
1536	3584	1	30	326	5.57762
1536	3584	1	178	310	4.69981
1536	3584	1	350	302	4.44581
1536	3584	1	430	176	0.00000
1024	3584	1	418	308	0.00000
1024	3584	1	426	422	1.39373
1024	3584	1	126	432	0.00000
1536	3584	1	14	464	1.23098
1536	3584	1	160	424	0.00000
1536	3584	1	240	464	0.00000
1536	3584	1	322	440	0.00000
1536	3584	1	458	436	0.00000
1024	3072	2	498	304	0.00000
2048	2560	2	350	50	0.00000
2048	2560	2	232	156	0.00000
2048	2560	2	164	156	0.00000
2048	2560	2	322	214	0.00000
2560	2560	2	22	162	0.00000
2048	2560	2	442	322	0.00000
2048	2560	2	218	376	0.00000
2048	2560	2	200	422	0.00000
2048	2560	2	316	426	0.00000
2048	2048	1	158	162	2.28065
2048	2048	1	142	294	2.46717
2048	2048	1	244	296	0.00000
2048	2048	1	454	146	0.00000
2048	2048	1	470	340	0.00000
2560	2048	1	72	354	5.62214
2560	2048	1	64	114	3.42655
2560	2048	1	116	260	5.85046
2560	2048	1	212	118	0.00000
2560	2048	1	314	84	0.00000
2560	2048	1	410	62	0.70335
2560	2048	1	498	156	1.52627
2048	2048	1	198	82	3.61729
2560	2048	1	316	232	3.65912
2560	2048	1	226	424	0.00000
2048	2048	1	386	460	1.18687
2048	2048	1	12	364	4.54232
2048	2048	1	6	266	5.77832
2048	2560	1	106	2	1.12842
2048	2048	1	34	438	4.44428
2048	2560	2	404	64	0.00000
2048	2560	2	498	318	0.00000
2560	2048	1	370	340	4.68252
2560	2048	1	340	434	0.85394
2048	2048	1	240	478	4.38447
2048	2048	1	304	64	0.00000
2048	2048	2	486	70	0.00000
2048	2560	1	66	102	3.74894
2048	2560	1	118	154	3.45783
2048	2560	1	268	98	5.27848
2560	2560	1	254	82	4.87535
2560	2560	1	272	4	1.67041
2560	2048	1	512	416	3.32022
2560	2560	1	470	30	2.33260
2560	2560	1	482	154	5.42415
2560	2560	1	414	216	4.97371
2560	2560	1	198	196	3.76595
2560	2560	1	96	218	2.54829
2048	2560	1	336	326	3.74049
2560	2560	1	288	254	2.56552
2560	2560	1	218	318	2.32513
2048	2560	1	158	298	5.01136
2048	2560	1	354	472	0.92195
2560	2560	1	184	408	2.17853
2560	2560	1	348	386	4.16224
2560	2560	2	460	330	0.00000
2048	2560	1	494	428	0.75416
2560	2560	1	128	474	2.59129
2560	2560	1	512	356	3.67803
2048	2560	1	118	440	5.47024
2048	2560	1	18	512	1.42371
2048	2560	1	68	356	4.38860
2560	2560	1	392	512	5.33205
2560	2560	2	318	490	0.00000
2560	2560	1	242	512	2.27176
3072	2048	1	206	152	0.00000
3072	2048	1	402	194	0.11481
3584	2048	1	92	346	6.01612
3072	2048	1	104	162	4.04562
3072	2048	1	212	48	4.79553
3072	2048	2	106	46	0.00000
3072	2048	1	48	278	2.49727
3072	2048	1	128	252	2.32530
3072	2048	1	190	224	5.47325
3072	2048	1	302	240	3.46043
3072	2048	2	0	406	0.00000
3072	2048	1	222	340	2.02690
3072	2048	1	474	258	1.22466
3072	2048	1	302	138	0.52925
3072	2048	1	386	46	2.73318
3072	2048	1	462	84	5.50940
3584	2048	1	32	50	5.46616
3584	2048	1	466	66	0.00000
3584	2048	1	136	126	0.00000
3584	2048	1	30	76	0.00000
3584	2048	1	240	114	3.40784
3584	2048	2	222	18	0.00000
3584	2048	1	372	68	0.77162
3584	2048	1	360	218	5.53234
3584	2048	1	368	158	5.45223
3072	2048	1	334	424	2.98765
3072	2048	1	378	334	4.86899
3584	2048	1	314	322	4.94162
3584	2048	1	190	430	6.03641
3584	2048	1	340	478	4.72746
3072	2048	1	470	460	4.14386
3072	2560	1	198	36	2.58345
3072	2048	1	130	432	1.15115
3584	2048	1	76	462	4.23439
3584	2560	1	128	40	3.89385
3072	2560	1	450	74	2.28161
3072	2560	2	434	132	0.00000
3072	2560	1	368	56	0.31026
3072	2560	2	300	24	0.00000
3072	2560	1	78	80	3.38390
3072	2560	1	146	154	3.89474
3072	2560	2	162	66	0.00000
3072	2048	1	226	184	0.00000
3584	2560	1	424	140	5.84905
3584	2560	1	154	108	5.35177
3072	2048	1	136	238	0.00000
3072	2560	1	296	172	4.36377
3584	2560	1	102	148	5.50353
3584	2560	1	268	184	1.77917
3584	2560	2	352	130	0.00000
3072	2560	1	358	266	2.61235
3072	2560	1	216	284	0.00000
3072	2560	1	452	238	2.90211
3584	2560	1	28	208	2.99358
3584	2560	1	306	270	3.84714
3584	2560	2	388	248	0.00000
3584	2560	2	232	310	0.00000
3072	2560	2	170	416	0.00000
3584	2560	2	256	478	0.00000
3584	2560	2	370	452	0.00000
3072	2560	1	34	348	3.89976
3072	2560	1	468	384	1.60650
3072	2560	1	292	358	4.06477
3072	2560	1	340	474	0.71859
3072	2560	1	70	454	3.71074
3072	2560	1	478	470	4.12480
3584	2560	1	74	310	3.36798
3584	2560	1	116	464	2.06407
3584	2560	1	164	368	2.62783
3584	2560	1	174	258	4.09905
3584	2560	1	308	406	0.00000
3584	2560	1	444	446	3.93421
3584	2560	1	394	308	3.85914
3584	2560	1	512	226	4.20437
3584	2560	1	506	360	4.94755
3072	3584	1	326	254	0.38695
3584	3584	1	236	96	0.00000
3072	3584	1	432	364	3.03814
3584	3584	1	180	250	2.48167
3584	3584	1	70	370	0.00000
3584	3072	1	188	500	2.21086
3072	3584	1	510	286	0.00000
3584	3584	1	134	512	5.27395
3584	3584	1	512	86	2.39996
3584	3584	1	348	354	0.17841
3584	3584	1	268	392	6.05302
3584	3584	1	448	160	2.96752
3584	3584	1	362	266	1.18875
3584	3584	1	132	342	2.38645
3072	3584	1	392	68	4.35813
3584	3072	1	414	458	2.54237
3072	3584	1	384	316	3.78733
3584	3072	1	470	388	2.85780
3584	3584	1	506	322	3.32470
3072	3584	1	68	242	0.00000
3584	3584	1	78	152	3.52541
3072	3584	1	132	222	5.85286
3072	3584	1	220	128	1.45253
3072	3584	1	244	344	0.87971
3072	3584	1	330	154	1.66050
3072	3584	1	480	128	1.06609
3584	3584	1	156	102	1.93202
3072	3584	1	232	316	1.38390
3072	3584	1	256	36	1.29830
3072	3584	1	364	442	1.53564
3072	3072	1	202	504	3.47146
3072	3584	1	44	312	4.66697
3072	3584	1	118	8	3.33899
3072	3584	1	22	104	4.93016
3584	3584	1	56	10	6.10668
3584	3072	1	64	396	2.60526
3584	3584	1	306	68	4.78125
3584	3584	1	296	170	1.45558
3584	3584	1	286	234	3.53220
3584	3072	1	424	200	0.00000
3584	3072	1	476	38	3.48701
3584	3072	1	378	36	5.49779
3584	3072	1	268	22	5.16133
3584	3072	1	262	82	5.20614
3584	3072	2	224	152	0.00000
3072	3072	2	428	248	0.00000
3072	3072	1	400	84	6.01693
3072	3072	1	102	70	0.71654
3072	3072	1	224	122	2.56369
3072	3072	1	84	170	1.30740
3584	3072	1	80	282	0.94413
3584	3072	1	182	252	0.00000
3584	3072	1	30	178	0.50672
3584	3072	1	126	46	4.29869
3584	3072	1	368	264	5.84957
3584	3072	1	260	256	3.30775
3584	3072	1	332	168	4.49443
3584	3072	1	512	162	1.15196
3072	3072	1	362	172	4.86899
3072	3072	1	84	318	4.22406
3072	3072	1	164	210	4.01618
3072	3072	1	34	270	4.29722
3072	3072	1	40	436	2.81984
3072	3072	1	166	374	4.71757
3072	3072	1	296	378	4.81691
3072	3072	2	244	464	0.00000
3072	3072	1	448	384	4.09847
3072	3072	1	228	266	0.79063
3072	3072	1	344	300	1.55743
3072	3072	1	370	472	1.65648
3072	3072	1	500	424	0.30588
3584	3072	1	300	448	0.45919
3584	3072	1	188	418	4.06889
3584	3072	1	154	348	0.95089
3072	3072	1	190	8	0.00000
2560	3584	1	400	344	1.27604
2560	3584	1	252	370	1.05448
2048	3584	1	24	234	4.55462
2048	3584	1	374	460	0.71095
2560	3584	1	58	194	6.00081
2560	3584	1	100	100	1.49621
2048	3584	1	234	168	5.62749
2560	3584	1	450	456	0.77949
2048	3584	1	374	338	0.80426
2048	3584	1	488	428	2.07453
2048	3584	1	218	286	1.07285
2560	3584	1	134	398	5.95037
2048	3584	1	294	278	5.85249
2048	3584	1	48	488	0.00000
2048	3584	1	508	244	2.89115
2560	3584	1	118	212	3.16784
2560	3584	1	208	240	2.93146
2048	3584	1	448	212	6.06187
2048	3584	1	52	360	5.51586
2560	3584	1	284	230	5.84848
2560	3584	1	60	404	0.11035
2560	3584	1	350	224	2.77184
2560	3584	1	502	232	0.55660
2560	3584	1	410	172	2.62182
2560	3584	1	294	444	3.77418
2048	3584	1	96	108	3.70832
2048	3584	1	140	512	0.00000
2048	3584	1	22	26	3.63245
2048	3584	1	146	176	2.46398
2560	3584	1	224	130	4.25084
2560	3584	1	226	32	4.45293
2560	3072	1	88	490	4.40120
2048	3584	1	502	80	1.84234
2048	3072	1	396	496	2.36285
2048	3584	2	352	34	0.00000
2048	3072	1	200	384	5.24951
2048	3072	2	170	486	0.00000
2048	3072	1	102	404	3.00064
2048	3072	2	186	324	0.00000
2048	3072	1	34	374	3.08735
2560	3072	1	272	430	5.85342
2560	3072	1	198	468	0.15559
2048	3072	1	450	442	5.36838
2560	3584	1	360	72	3.75113
2560	3584	1	512	116	4.22300
2560	3072	1	418	480	2.50601
2560	3072	1	462	424	5.66294
2560	3072	1	442	236	1.13124
2560	3072	1	404	334	4.69810
2560	3072	2	340	250	0.00000
2560	3072	2	222	138	0.00000
2560	3072	2	130	72	0.00000
2560	3072	2	10	174	0.00000
2560	3072	2	94	224	0.00000
2560	3072	1	382	20	5.60511
2560	3072	1	492	84	3.50877
2560	3072	1	352	150	2.44369
2560	3072	1	248	50	2.64570
2560	3072	1	120	138	4.44235
2560	3072	1	214	222	4.62618
2560	3072	1	226	306	1.26492
2560	3072	1	44	290	1.48014
2048	3072	1	444	370	4.32804
2048	3072	1	322	374	2.73512
2048	3072	1	160	166	0.76592
2048	3072	1	30	130	4.31448
2048	3072	1	464	18	1.31347
2048	3072	1	344	236	1.93368
2048	3072	1	296	90	5.79964
2048	3072	1	484	108	3.64869
2560	3072	1	106	402	5.21375
2048	3072	1	370	142	5.57168
2048	3072	2	190	28	0.00000
2048	3072	1	376	294	1.46592
