1024	2048	1	250	136	0.00000
1024	2048	1	320	222	4.21741
1024	2048	1	188	268	1.54241
1024	2048	1	220	374	0.43455
1024	2048	1	342	444	4.86074
1024	2560	1	286	20	1.16990
1024	2048	1	490	308	0.00000
1536	2048	1	124	176	2.88165
1536	2048	1	150	312	4.20237
1536	2048	1	284	340	3.35601
1536	2048	2	214	392	0.00000
1536	2048	1	276	32	4.88916
1536	2048	2	226	154	0.00000
1536	2048	2	282	102	0.00000
1024	2048	2	192	84	0.00000
1536	2560	1	40	40	0.00000
1536	2048	1	124	444	1.64227
1536	2560	1	156	18	1.56064
1536	2048	1	320	480	1.00059
1536	2048	1	410	322	5.42345
1536	2048	1	366	172	0.51135
1536	2048	1	460	268	5.29808
1024	2560	1	110	178	2.86068
1536	2560	1	262	118	0.88382
1536	2560	1	142	106	1.00310
1536	2560	1	390	116	2.91846
1536	2560	1	498	76	3.30041
1536	2048	1	430	420	2.04164
1024	2560	1	408	194	2.03082
1024	2560	1	392	282	1.59035
1536	2560	1	70	240	4.75453
1536	2560	1	186	246	0.27739
1536	2560	1	306	258	5.69269
1536	2560	1	440	282	0.87907
1024	2560	1	68	348	4.08390
1024	2560	2	190	286	0.00000
1024	2560	1	466	412	0.43950
1024	2560	1	154	430	1.65627
1024	2560	1	260	356	4.51708
1024	2560	1	374	386	0.63686
1024	2560	1	274	474	0.62984
1536	2560	1	82	370	4.26578
1536	2560	1	40	474	0.67624
1536	2560	1	196	462	4.29875
1536	2560	1	264	370	4.85589
1536	2560	1	434	424	3.29673
1536	2560	2	370	404	0.00000
1536	2048	1	446	494	1.42811
1536	2048	2	492	62	0.00000
1536	2048	2	428	66	0.00000
1024	3072	1	332	90	3.06060
1024	3072	1	218	72	1.53748
1536	3072	1	46	46	3.79986
1536	3072	1	54	126	0.43554
1024	3072	1	478	142	0.00000
1536	3072	1	310	130	2.94148
1536	3072	2	400	170	0.00000
1024	3072	2	502	298	0.00000
1536	3584	2	464	112	0.00000
1536	3584	2	412	100	0.00000
1536	3584	2	34	48	0.00000
1536	3584	2	48	208	0.00000
1024	3072	1	276	178	5.62724
1024	3072	1	116	194	2.80686
1024	3072	1	194	238	0.05791
1024	3072	1	234	322	0.62763
1024	3072	1	30	276	3.91925
1024	3072	1	72	334	3.77323
1024	3072	1	80	430	0.84090
1024	3072	1	420	360	5.65723
1536	3072	1	72	224	4.27255
1536	3072	1	216	192	2.04764
1536	3072	1	476	204	3.09401
1536	3072	1	298	286	4.25491
1536	3072	1	44	432	3.71234
1536	3072	2	122	316	0.00000
1536	3072	2	228	362	0.00000
1536	3072	2	368	344	0.00000
1536	3072	1	494	396	2.60987
1536	3072	1	270	466	0.10236
1536	3072	1	438	436	6.01693
1536	3072	1	354	466	5.97819
1536	3584	1	180	6	3.02734
1536	3072	1	100	460	3.48878
1024	3072	1	120	496	4.87590
1024	3584	1	60	48	4.71239
1024	3584	1	238	96	0.58265
1024	3584	1	440	34	1.08898
1024	3584	1	362	146	1.83861
1536	3584	1	86	110	1.12932
1024	3584	1	476	156	5.81173
1024	3584	1	280	260	0.00000
1024	3584	1	370	240	0.99669
1024	3584	1	430	344	0.00000
1536	3584	1	28	326	5.80910
1536	3584	1	162	170	3.32263
1536	3584	1	388	190	2.35619
1536	3584	1	494	248	0.00000
1536	3584	1	248	234	4.77815
1536	3584	1	348	290	3.11130
1536	3584	1	226	334	0.23288
1536	3584	1	64	464	0.33078
1536	3584	1	178	472	0.43663
1536	3584	1	298	488	5.89450
1536	3584	1	358	430	5.90566
1536	3584	1	404	338	0.00000
1536	3584	1	488	444	6.01693
1024	3584	1	82	480	5.75552
1024	3584	1	38	128	3.74714
1024	3072	2	392	80	0.00000
1024	3072	2	28	62	0.00000
1024	3072	2	474	36	0.00000
1024	3072	2	382	190	0.00000
1024	3072	2	352	344	0.00000
2048	2048	2	112	104	0.00000
2048	2048	1	170	66	0.00000
2048	2048	1	236	68	3.06847
2048	2048	1	62	62	3.17265
2048	2048	1	36	154	0.00000
2048	2048	1	112	212	5.50550
2048	2048	1	58	302	5.93816
2048	2048	1	38	444	3.14485
2048	2048	1	106	500	3.47106
2048	2048	2	214	502	0.00000
2048	2048	1	236	260	0.00000
2048	2048	1	378	122	1.77619
2048	2048	1	430	270	2.96741
2048	2048	2	484	62	0.00000
2048	2048	2	410	12	0.00000
2560	2048	1	36	108	4.15318
2560	2048	1	102	224	2.30518
2560	2048	1	166	204	5.69401
2560	2048	1	182	90	0.00000
2560	2048	1	300	100	3.30560
2560	2048	1	420	64	0.00000
2560	2048	1	344	62	0.00000
2560	2048	1	494	126	3.77267
2560	2048	1	306	248	4.55165
2560	2048	2	446	246	0.00000
2560	2048	1	512	326	0.00000
2560	2048	1	408	376	2.19466
2560	2048	1	60	402	2.62963
2048	2048	1	374	426	4.70542
2048	2560	1	314	6	3.85930
2048	2048	2	260	486	0.00000
2048	2560	2	424	56	0.00000
2560	2048	1	12	506	4.69166
2048	2560	1	184	50	1.15629
2048	2560	1	68	112	4.61357
2048	2560	1	368	116	4.59810
2048	2560	1	476	126	3.85060
2560	2560	1	68	128	0.00000
2560	2560	1	202	62	1.29985
2560	2048	1	232	444	4.29251
2560	2560	1	380	150	5.69077
2560	2048	1	450	486	4.51999
2560	2560	1	382	26	4.73529
2560	2560	2	298	8	0.00000
2560	2560	2	512	102	0.00000
2048	2560	1	324	378	0.27700
2560	2560	1	152	226	5.87382
2560	2560	1	220	190	5.81188
2560	2560	1	296	216	3.23589
2560	2560	1	498	206	3.74425
2560	2560	1	496	340	3.01254
2560	2560	1	358	386	4.50260
2560	2560	1	366	450	2.00547
2560	2560	1	170	442	1.41303
2560	2560	1	138	328	4.52175
2048	2560	1	502	330	3.59498
2048	2560	2	440	318	0.00000
2048	2560	2	162	174	0.00000
2048	2560	2	230	172	0.00000
2048	2560	2	326	214	0.00000
2048	2560	1	380	266	0.00000
2048	2560	1	264	314	0.61058
2048	2560	1	92	312	1.91941
2048	2560	1	82	438	3.15869
2048	2560	1	354	492	5.02670
2560	2560	2	22	474	0.00000
2048	2560	2	472	484	0.00000
2048	2560	1	152	512	0.00000
2048	2560	2	184	428	0.00000
2048	2560	2	172	366	0.00000
2048	2560	1	260	462	3.27571
2048	2560	1	18	436	3.83382
2048	2560	1	40	192	4.94495
2560	2560	1	248	478	3.09995
2560	2560	2	498	484	0.00000
3072	2048	1	210	68	4.65520
3072	2048	1	104	32	0.81974
3072	2048	1	94	156	1.67472
3072	2048	1	344	68	4.80158
3072	2048	1	278	140	0.54830
3072	2048	1	246	260	2.77772
3072	2048	1	480	116	4.51348
3072	2048	1	374	170	5.94881
3584	2048	1	154	128	0.00000
3584	2048	1	260	78	3.59704
3584	2048	1	218	0	0.00000
3584	2048	1	388	106	5.96301
3584	2048	1	488	78	0.00000
3072	2048	1	118	364	5.01107
3072	2048	1	192	330	2.24343
3072	2048	1	468	312	3.25670
3072	2048	1	366	310	3.38840
3584	2048	1	254	224	4.42269
3584	2048	1	66	292	2.03674
3584	2048	1	400	230	5.40562
3584	2048	1	400	318	4.48361
3584	2048	1	434	418	2.59547
3072	2048	1	152	502	2.19845
3072	2048	1	246	430	3.35897
3072	2048	1	338	452	5.00228
3584	2048	1	70	392	4.81970
3072	2048	1	502	446	2.56925
3584	2048	1	212	466	5.88689
3584	2048	1	152	476	5.76344
3584	2560	1	114	34	5.37765
3072	2560	1	374	90	0.00000
3072	2560	1	470	18	5.84692
3072	2560	1	30	56	1.18118
3072	2560	2	431	123	0.00000
3072	2560	2	463	185	0.00000
3072	2560	2	172	81	0.00000
3584	2048	1	348	512	3.65312
3584	2560	1	412	108	5.77499
3072	2560	1	242	88	0.71659
3072	2560	2	320	21	0.00000
3584	2560	1	232	62	4.20824
3584	2560	1	234	136	1.63897
3584	2560	2	354	129	0.00000
3584	2560	1	24	212	0.00000
3584	2560	1	68	104	2.18213
3072	2560	1	126	118	3.33647
3072	2560	1	84	268	3.31482
3072	2560	1	198	264	2.62635
3072	2560	1	404	252	1.76230
3584	2560	1	160	212	4.20820
3584	2560	1	372	232	3.55176
3584	2560	1	490	152	3.46346
3584	2560	1	292	236	3.74900
3584	2560	1	190	284	4.15087
3072	2560	1	166	416	3.95322
3072	2560	1	0	362	2.54350
3072	2560	1	324	300	1.93429
3072	2560	1	426	362	0.68216
3584	2560	1	492	350	6.10475
3584	2560	1	424	346	6.16275
3072	2560	1	506	360	0.46872
3072	2048	1	2	320	0.39019
3072	2560	1	320	400	3.30116
3584	2560	1	76	374	2.65158
3584	2560	1	252	436	5.99966
3584	2560	1	422	468	4.16094
3072	2560	1	4	194	3.62256
3584	2560	1	54	452	2.54751
3584	2560	1	178	398	1.05340
3584	2560	1	332	352	2.00762
3072	2560	1	200	512	1.27724
3072	2560	1	382	512	0.00000
3072	2560	1	488	512	0.65236
3584	2560	1	174	510	0.70384
3584	2560	1	314	512	0.00000
3072	2560	1	308	512	0.00000
3072	2048	1	434	0	2.90302
3072	2048	2	280	17	0.00000
3584	2560	1	512	496	2.48910
3072	3072	1	40	18	2.00007
3072	3072	1	94	180	3.21926
3072	3072	1	6	102	5.22450
3072	3072	1	200	0	1.33580
3072	3072	1	246	108	2.70748
3072	3072	1	160	204	3.60461
3072	3072	1	82	272	1.98568
3072	3072	1	170	322	5.08452
3072	3072	1	344	110	3.97350
3072	3072	1	388	0	3.92812
3072	3072	1	310	310	2.38685
3072	3072	1	318	210	5.60610
3072	3072	2	434	254	0.00000
3072	3072	1	428	154	3.08396
3584	3072	1	24	108	4.50857
3072	3072	1	470	50	4.11909
3584	3072	1	154	22	0.73233
3584	3072	1	310	62	3.13226
3584	3072	1	230	132	3.48825
3584	3072	1	426	26	1.02369
3584	3072	1	512	90	3.01987
3584	3072	1	8	238	5.16115
3584	3072	1	120	266	2.84855
3584	3072	1	190	200	2.84546
3584	3072	1	408	140	2.06926
3584	3072	1	258	262	0.58034
3584	3072	1	478	222	0.57919
3584	3072	1	348	236	3.01294
3072	3072	1	108	386	0.00000
3072	3072	1	0	480	5.85946
3072	3584	1	132	2	0.14601
3072	3072	2	38	368	0.00000
3072	3072	1	282	392	5.69689
3072	3072	2	242	450	0.00000
3072	3584	1	188	38	3.54856
3072	3072	1	382	366	3.34521
3072	3072	1	474	398	0.21484
3584	3072	1	74	394	1.70446
3584	3072	1	224	376	1.82922
3584	3072	1	366	408	2.59092
3584	3072	1	512	356	2.36680
3584	3072	1	488	430	2.78637
3072	3584	1	368	18	5.02885
3072	3584	1	328	124	2.84525
3072	3584	1	258	48	0.00000
3072	3584	1	62	108	2.19955
3072	3584	1	160	196	3.14008
3072	3584	1	2	198	5.77318
3072	3584	1	42	350	3.10834
3072	3584	1	106	266	6.01297
3072	3584	1	194	282	3.45968
3072	3584	1	490	102	0.00000
3584	3072	1	6	486	0.35806
3584	3072	1	198	488	0.59491
3584	3072	1	134	450	1.03926
3584	3584	1	58	46	5.77740
3584	3072	1	286	486	4.30973
3584	3584	1	512	18	4.99613
3584	3584	1	286	20	4.69649
3584	3584	1	388	58	4.66441
3584	3584	1	178	158	5.82320
3584	3584	1	288	132	5.64071
3584	3584	1	386	136	4.89697
3072	3584	1	388	250	5.23380
3072	3584	1	426	110	0.35888
3072	3584	1	294	248	5.63638
3584	3584	1	74	190	0.63261
3584	3584	1	328	282	0.05572
3584	3584	1	508	200	5.77671
3072	3584	1	506	298	0.00000
3584	3584	1	56	300	0.00000
3584	3584	1	142	238	0.26399
3584	3584	1	218	332	0.00000
3584	3584	1	400	230	0.12406
3584	3584	1	452	316	0.85912
3072	3584	1	138	444	2.56776
3072	3584	1	100	512	2.63639
3072	3584	1	410	396	1.66005
3072	3584	1	266	440	0.70154
3072	3584	1	320	472	0.60019
3584	3584	1	122	450	6.15795
3584	3584	1	396	424	5.16164
3584	3584	1	512	336	1.05961
3584	3584	1	512	430	2.18102
3584	3584	1	36	466	2.08883
2048	3072	1	196	350	4.11607
2048	3072	1	296	186	6.24890
2560	3584	1	494	474	2.28191
2560	3584	2	418	506	0.00000
2560	3584	2	270	246	0.00000
2048	3072	2	290	282	0.00000
2048	3584	1	66	368	0.00000
2560	3584	1	34	388	0.00000
2560	3584	1	154	358	1.15186
2560	3584	1	218	460	5.92364
2560	3584	2	118	490	0.00000
2048	3584	1	172	468	1.49269
2048	3584	1	428	426	0.00000
2560	3072	1	394	144	3.11676
2560	3072	1	496	98	2.26080
2048	3072	2	165	49	0.00000
2048	3072	1	56	104	4.36792
2048	3072	1	54	236	0.43320
2048	3072	1	378	272	6.03952
2048	3072	1	506	218	2.26525
2560	3072	1	8	88	0.00000
2560	3072	1	114	140	2.12730
2560	3072	2	135	79	0.00000
2560	3072	2	233	135	0.00000
2560	3072	1	262	60	2.69000
2048	3072	2	135	117	0.00000
2048	3072	1	92	320	0.00000
2560	3072	1	30	392	3.09544
2560	3072	2	99	433	0.00000
2560	3072	1	276	226	2.79310
2560	3072	1	224	290	5.70823
2560	3072	1	174	318	5.58913
2560	3072	1	110	364	5.82477
2560	3072	2	105	227	0.00000
2560	3072	2	345	235	0.00000
2560	3072	1	348	404	0.00000
2560	3072	1	264	456	0.00000
2560	3072	1	120	488	1.41400
2048	3072	1	492	486	2.07856
2560	3072	1	212	470	0.00000
2048	3584	2	129	113	0.00000
2048	3072	1	190	506	0.00000
2048	3072	1	310	406	5.09916
2048	3584	1	78	84	3.32759
2048	3584	1	108	254	1.60575
2048	3584	1	88	192	1.88183
2048	3584	1	334	44	5.83588
2048	3584	1	422	50	3.08862
2560	3584	1	36	122	0.09121
2560	3072	1	480	480	5.81389
2560	3072	1	500	228	5.33433
2048	3072	1	410	24	1.99511
2048	3072	2	249	25	0.00000
2048	3072	2	71	19	0.00000
2560	3584	2	273	363	0.00000
2560	3584	2	123	293	0.00000
2048	3072	1	16	440	2.23628
2048	3584	1	266	66	3.46269
2048	3584	1	334	176	5.65766
2048	3584	1	420	218	0.00000
2560	3584	1	30	254	0.86289
2560	3584	1	140	106	6.10355
2560	3584	1	262	86	4.99664
2560	3584	1	238	150	1.36247
2560	3584	1	178	232	2.00810
2560	3584	1	392	4	4.60732
2048	3584	1	262	288	0.60925
2048	3584	2	187	239	0.00000
2048	3584	1	358	478	0.00000
2560	3584	1	490	194	5.90509
2560	3584	1	512	72	2.24336
2560	3584	1	372	198	0.66488
2560	3584	1	410	322	1.90789
2048	3072	1	258	124	0.95017
2048	3072	1	386	156	5.57227
2048	3584	1	162	366	5.25276
2560	3584	1	374	400	1.94176
2560	3584	1	512	324	2.38209
