1024	2560	1	374	474	4.33111
1024	2560	1	512	512	3.22116
1536	2560	1	54	426	5.06763
1536	2560	1	180	392	3.59596
1536	2560	1	500	496	1.58236
1536	2560	1	280	470	0.69141
1536	2560	1	394	430	2.14295
1024	2560	1	316	382	3.82127
1024	2560	1	260	308	0.88014
1024	2560	1	10	344	0.00000
1536	2560	1	314	356	3.69668
1024	2560	1	184	386	2.44201
1024	2560	1	122	450	6.10851
1024	2560	1	196	512	3.80935
1024	2560	1	36	450	0.68639
1024	2560	1	274	202	4.53663
1024	2560	1	476	52	4.13617
1536	2560	1	72	118	0.55284
1536	2560	1	170	82	0.00000
1024	2560	1	208	276	1.41791
1536	2560	1	44	254	0.56188
1024	2560	1	390	244	1.19960
1024	2560	1	86	164	0.00000
1024	2560	1	124	264	3.35849
1024	2560	1	248	44	0.96525
1024	2560	1	344	96	4.13311
1536	2560	1	264	250	6.08253
1536	2560	2	472	412	0.00000
1024	2048	1	42	500	0.42976
1536	2560	1	174	240	3.17328
1024	2048	1	114	378	1.34732
1024	2048	1	246	382	0.38120
1024	2048	1	500	400	1.31880
1536	2048	1	120	438	5.31091
1024	2048	2	0	0	0.00000
1024	2048	1	464	234	2.72159
1024	2048	1	78	160	4.98507
1536	2560	1	314	84	0.21867
1536	2560	1	492	186	0.00000
1536	2560	1	416	144	3.22678
1536	2048	1	494	474	5.09296
1536	2048	1	386	470	3.61913
1024	2048	1	206	56	0.45018
1024	2048	1	256	0	0.00000
1024	2048	1	452	0	0.00000
1536	2048	1	2	0	0.00000
1536	2048	1	168	40	5.93832
1536	2048	1	16	122	2.13753
1536	2048	1	192	224	1.57080
1536	2048	1	216	130	5.79118
1536	2048	1	252	38	0.00000
1536	2048	1	366	46	4.24822
1536	2048	1	396	122	0.89965
1536	2048	1	504	86	2.63750
1536	2048	1	430	200	3.72864
1536	2048	1	504	230	5.98066
1536	2048	1	356	338	3.69940
1536	2048	1	504	354	5.16257
1536	2048	1	226	360	3.29856
1024	3072	1	74	100	5.38251
1024	3072	1	176	50	3.76184
1024	3072	1	240	78	3.59761
1024	3072	1	360	80	4.06260
1024	3072	1	476	148	3.36476
1024	3072	1	402	190	6.27062
1536	3072	1	72	66	0.67601
1536	3072	1	170	122	0.00000
1536	3072	1	248	114	3.26879
1536	3072	1	314	78	3.15048
1536	3072	1	268	4	0.68436
1536	3072	1	506	72	0.91550
1536	3072	1	412	194	0.00000
1536	3072	1	136	264	1.86122
1024	3072	1	180	248	6.04458
1024	3072	1	92	276	1.95348
1024	3072	1	262	234	6.16943
1024	3072	1	328	286	0.26917
1024	3072	1	418	362	1.04092
1536	3072	1	432	306	1.52276
1536	3072	1	296	396	4.54496
1536	3072	1	42	378	0.15384
1536	3072	1	476	424	2.58906
1536	3072	1	392	468	4.56843
1536	3072	1	192	450	5.41851
1536	3072	1	280	494	3.41903
1024	3072	1	104	358	2.28457
1024	3072	1	208	394	3.36984
1024	3072	1	344	438	2.19959
1024	3072	1	456	468	3.83650
1536	3072	1	36	490	4.20840
1536	3584	1	98	8	0.64481
1536	3584	1	198	18	3.04474
1536	3584	2	468	114	0.00000
1536	3584	1	384	150	0.83198
1024	3072	1	80	470	4.16764
1024	3072	1	268	490	0.00000
1024	3584	1	356	50	2.58522
1024	3584	1	122	48	0.42305
1536	3584	1	94	102	4.43140
1536	3584	1	102	160	3.94207
1536	3584	1	198	158	3.64957
1536	3584	1	270	208	3.77651
1536	3584	1	354	234	4.32165
1536	3584	1	368	310	4.54509
1024	3584	1	126	188	1.24480
1024	3584	1	488	148	5.96846
1024	3584	1	452	224	5.96606
1024	3584	1	324	104	2.02951
1024	3584	1	138	298	3.77919
1024	3584	1	328	200	6.23083
1536	3584	1	34	340	2.96069
1024	3584	1	410	322	0.00000
1024	3584	1	282	340	5.56507
1536	3584	1	150	298	4.27576
1536	3584	1	448	434	0.19362
1536	3584	1	324	434	5.99190
1536	3584	1	240	476	0.10308
1536	3584	1	172	422	0.00000
1536	3584	1	30	482	1.46297
1024	3584	1	400	426	1.90001
1024	3584	1	126	430	0.33395
1024	3584	1	58	516	2.07125
1024	3584	1	260	500	0.00000
1536	3072	1	512	370	2.71311
2048	2048	1	290	60	0.27830
2048	2048	1	460	132	6.07416
2048	2048	2	500	64	0.00000
2560	2560	1	204	422	2.18128
2560	2560	2	302	478	0.00000
2560	2560	2	458	334	0.00000
2560	2560	1	512	378	3.72931
2560	2560	1	310	280	2.18594
2560	2560	1	354	386	3.92699
2560	2560	1	124	456	2.83651
2048	2560	1	330	338	3.89062
2048	2560	2	442	328	0.00000
2560	2560	2	14	324	0.00000
2048	2560	2	352	46	0.00000
2048	2560	2	412	58	0.00000
2560	2560	2	22	156	0.00000
2048	2560	2	166	162	0.00000
2048	2560	2	228	164	0.00000
2048	2560	1	498	448	0.85361
2048	2560	1	378	484	0.41575
2048	2560	2	320	442	0.00000
2048	2560	2	190	418	0.00000
2048	2560	1	24	464	2.53784
2048	2560	1	110	444	5.71888
2048	2560	1	106	290	4.92023
2048	2560	1	106	160	3.47492
2048	2048	1	162	302	2.37007
2048	2048	1	198	186	2.02842
2048	2048	1	254	296	0.00000
2048	2048	1	14	252	5.95364
2048	2048	1	0	374	5.23710
2048	2048	1	10	466	4.72942
2048	2048	1	86	510	0.95648
2048	2048	1	234	478	4.16638
2048	2560	1	286	86	5.77060
2048	2560	2	318	204	0.00000
2048	2560	1	56	140	3.86730
2560	2560	1	238	340	2.08525
2560	2560	1	100	242	2.85301
2560	2560	1	192	212	3.40095
2560	2560	1	402	204	5.03414
2560	2560	1	456	156	5.49520
2560	2560	1	248	72	4.90404
2048	2048	1	386	474	1.28785
2048	2048	1	458	374	5.98469
2560	2048	1	90	346	5.67620
2560	2048	1	70	106	3.37551
2560	2048	1	214	110	0.00000
2560	2048	1	316	84	0.00000
2560	2048	1	398	82	0.32973
2560	2048	1	106	248	0.00000
2560	2048	1	226	408	0.03114
2560	2048	1	300	236	3.61132
2560	2048	1	492	160	0.00000
2560	2048	1	372	342	4.49031
2560	2560	1	260	8	1.56385
2560	2048	1	356	428	1.19802
2560	2048	1	508	432	3.53982
2560	2560	1	464	38	2.53379
2048	2048	1	182	86	3.91802
2048	2048	1	16	0	2.59532
2560	2048	1	512	4	4.18889
2048	2560	2	166	358	0.00000
2048	2560	1	82	348	4.72356
3072	2560	1	486	476	3.79837
3584	2560	1	136	436	2.33520
3584	2560	1	294	294	3.11087
3584	2560	1	176	364	3.03915
3072	2560	1	14	340	4.11136
3072	2560	1	276	148	4.43185
3072	2560	1	146	220	3.79523
3072	2560	1	268	370	4.33845
3584	2560	1	96	300	2.78760
3072	2560	1	470	390	1.88708
3072	2560	1	334	242	2.92921
3072	2560	1	360	468	1.11740
3072	2560	1	74	478	4.09394
3584	2560	1	456	444	1.75614
3584	2560	1	400	352	3.55766
3584	2560	1	490	370	4.88458
3584	2560	1	252	184	1.70842
3072	2560	1	434	250	2.85453
3072	2560	1	202	256	0.00000
3072	2560	2	172	406	0.00000
3072	2560	1	54	80	3.18989
3072	2560	2	168	76	0.00000
3072	2560	2	432	136	0.00000
3584	2560	2	342	144	0.00000
3584	2560	2	398	230	0.00000
3584	2560	1	512	246	3.79002
3072	2560	1	462	66	2.57929
3584	2560	1	98	140	5.51648
3584	2560	1	194	252	1.36505
3584	2560	1	410	136	5.58905
3584	2560	1	212	118	1.96059
3584	2560	1	114	22	3.89575
3584	2048	1	84	462	3.85568
3584	2048	1	332	482	4.35066
3584	2048	1	310	324	4.57807
3584	2048	1	166	414	5.68340
3584	2048	1	96	332	3.79561
3072	2048	1	506	254	0.57430
3072	2560	1	364	46	0.95241
3072	2560	1	194	14	2.60290
3072	2048	1	368	438	2.41989
3584	2560	1	12	240	2.96742
3584	2560	1	324	388	3.09433
3584	2560	2	256	466	0.00000
3584	2560	2	356	436	0.00000
3584	2048	1	486	52	0.00000
3584	2048	1	358	54	0.00000
3584	2048	1	358	172	4.60173
3584	2048	1	230	112	3.24092
3584	2048	1	126	82	0.00000
3072	2048	1	480	76	5.59999
3584	2048	1	48	38	5.37571
3072	2048	1	286	132	0.35016
3072	2048	1	376	320	4.68186
3072	2048	1	222	352	1.44396
3072	2048	1	168	440	0.97623
3072	2048	1	56	294	2.62404
3072	2048	1	54	190	4.31312
3072	2048	1	186	110	5.81853
3072	2048	1	194	202	5.49429
3072	2048	1	444	188	0.43663
3072	2048	1	370	50	2.45404
3072	2048	1	182	28	0.90044
3584	2048	1	304	232	5.64546
3072	2048	1	248	272	3.82391
3072	2048	1	118	274	1.50423
3584	2048	1	378	242	5.20235
3072	2048	1	460	448	4.54620
3584	3072	1	336	158	3.92247
3584	3072	1	22	400	1.05804
3584	3072	1	376	248	6.22239
3584	3072	1	260	30	5.16522
3584	3072	1	274	94	5.19247
3584	3072	1	126	48	4.37589
3584	3072	1	438	198	0.00000
3584	3072	1	490	42	3.78801
3584	3072	1	374	42	5.16493
3584	3072	1	186	262	6.19428
3072	3072	1	384	196	4.74923
3584	3072	1	96	436	3.04730
3584	3072	1	88	298	0.76818
3584	3072	1	10	276	3.94795
3584	3072	1	148	144	0.32160
3072	3072	1	368	312	1.84936
3072	3072	1	466	388	3.96714
3584	3072	2	232	156	0.00000
3072	3072	2	436	250	0.00000
3072	3072	1	92	86	0.75189
3072	3072	1	208	134	2.28921
3072	3072	1	404	74	6.01650
3072	3072	1	94	164	1.65947
3584	3072	1	270	300	3.06944
3072	3072	1	218	22	0.63709
3584	3072	1	4	152	0.51647
3584	3072	1	296	428	0.51938
3584	3072	1	154	346	2.02310
3584	3072	1	196	442	4.96884
3584	3584	1	180	132	2.39193
3584	3072	1	176	506	2.06085
3584	3072	1	434	496	2.81213
3584	3072	1	330	506	3.61291
3584	3584	1	54	116	0.86407
3584	3584	1	138	40	5.10885
3584	3584	1	294	110	3.84887
3584	3072	1	466	418	2.87743
3584	3072	2	390	400	0.00000
3072	3584	1	326	258	0.60001
3584	3584	1	260	394	5.75979
3584	3584	1	334	376	5.87988
3072	3584	1	230	284	0.54531
3072	3584	1	220	382	0.83100
3072	3584	1	466	242	1.33378
3584	3584	1	46	330	5.32964
3584	3584	1	176	242	2.68746
3584	3584	1	512	330	3.30565
3584	3584	1	116	188	3.51795
3584	3584	1	280	252	3.54924
3584	3584	1	358	196	1.85239
3584	3584	1	388	276	1.88325
3584	3584	1	456	180	2.69099
3584	3584	1	512	136	2.67643
3072	3584	1	420	390	3.00675
3072	3584	1	468	426	0.18683
3072	3584	1	344	364	3.72339
3584	3584	1	86	460	5.89667
3584	3584	1	10	460	5.96421
3584	3584	1	450	490	0.53380
3584	3584	1	246	504	5.97347
3584	3584	1	144	340	2.58549
3072	3584	1	482	112	0.62991
3072	3072	1	176	232	4.01936
3072	3072	1	54	242	4.19469
3072	3072	1	240	252	0.82948
3072	3072	1	278	366	5.12674
3072	3072	1	158	374	4.01502
3072	3584	1	302	8	1.58953
3072	3584	1	112	24	3.61939
3072	3072	1	48	428	2.61770
3072	3072	1	62	326	4.30630
3072	3584	1	182	26	3.88220
3072	3072	2	258	456	0.00000
3072	3584	1	84	244	5.77968
3072	3584	1	148	204	5.77473
3072	3584	1	208	132	1.02713
3072	3584	1	378	80	4.20332
3072	3072	1	420	484	1.88597
3072	3584	1	368	170	2.20689
3584	3072	1	36	510	6.01868
3072	3584	1	48	350	4.08267
2048	3072	1	12	54	0.81032
2048	3072	1	56	120	4.06889
2048	3072	1	138	152	1.10497
2048	3072	1	304	86	5.95841
2048	3072	1	444	24	1.21416
2048	3072	1	504	102	3.53087
2560	3072	1	132	156	4.39830
2048	3072	1	320	220	1.48846
2048	3072	2	198	30	0.00000
2048	3072	2	202	232	0.00000
2560	3072	2	128	72	0.00000
2560	3072	2	24	184	0.00000
2560	3072	2	110	236	0.00000
2560	3072	2	234	134	0.00000
2560	3072	2	356	252	0.00000
2560	3072	1	134	2	2.81984
2560	3072	1	250	52	2.85676
2560	3072	1	402	48	5.25629
2560	3072	1	512	98	3.06482
2560	3072	1	372	154	2.83637
2560	3072	1	214	226	4.54420
2560	3072	1	436	244	0.61254
2048	3072	1	382	292	1.44184
2560	3072	1	64	294	1.34849
2560	3072	1	218	316	1.68508
2048	3072	2	212	324	0.00000
2048	3072	2	166	484	0.00000
2048	3584	2	352	42	0.00000
2048	3072	1	14	396	2.84067
2048	3072	1	106	386	3.24056
2048	3072	1	194	392	5.05568
2048	3072	1	324	398	2.57415
2048	3072	1	436	370	4.65363
2048	3072	1	444	448	5.08008
2048	3072	1	384	486	5.39999
2560	3072	1	86	408	4.47329
2560	3584	1	58	2	4.96779
2560	3072	1	206	482	0.00000
2560	3072	1	294	464	0.00000
2560	3072	1	404	342	4.96620
2560	3072	1	482	452	5.66826
2560	3584	1	448	6	2.34061
2560	3584	2	382	42	0.00000
2560	3584	1	254	44	5.08037
2048	3584	1	504	90	0.95160
2560	3584	1	116	104	1.26881
2560	3584	1	238	132	4.24913
2048	3584	1	22	56	3.38152
2048	3584	1	98	104	3.80090
2048	3584	1	238	132	4.58269
2048	3584	1	176	200	2.59475
2048	3584	1	44	244	4.38057
2048	3584	1	438	210	5.91020
2048	3584	1	500	240	0.00000
2560	3584	1	74	216	0.00000
2560	3584	1	152	230	3.21537
2560	3584	1	214	246	2.87103
2560	3584	1	294	248	6.20637
2560	3584	1	374	258	2.91723
2560	3584	1	410	208	2.75759
2560	3584	1	512	138	3.55540
2560	3584	1	512	320	0.00000
2048	3584	1	272	252	5.54813
2048	3584	2	232	324	0.00000
2048	3584	1	60	368	5.20873
2048	3584	1	360	356	0.75409
2048	3584	1	466	416	2.14043
2560	3584	1	48	406	5.85867
2560	3584	1	132	386	5.42830
2560	3584	1	284	386	0.96210
2560	3584	1	420	362	0.47676
2560	3584	1	448	462	0.80552
2560	3584	1	298	466	3.82106
