1024	2048	1	246	364	0.37780
1024	2048	1	54	116	6.00059
1024	2048	1	172	140	5.18307
1024	2048	2	200	78	0.00000
1024	2048	2	262	24	0.00000
1024	2048	1	82	238	0.74739
1536	2048	1	16	230	2.75484
1536	2048	1	136	404	6.04944
1536	2048	1	192	302	3.22784
1024	2560	2	198	284	0.00000
1024	2560	1	252	48	0.98168
1024	2560	1	72	132	3.30428
1536	2048	1	278	346	4.45040
1024	2560	1	456	56	2.59028
1536	2048	1	394	156	5.65962
1536	2048	1	230	152	6.10747
1536	2048	1	82	88	6.20323
1024	2048	2	442	18	0.00000
1536	2048	1	10	28	6.18474
1536	2048	1	200	34	5.18549
1536	2048	1	364	32	5.21757
1536	2048	2	494	68	0.00000
1536	2048	1	502	264	0.33430
1536	2048	1	394	376	3.05764
1536	2048	1	274	460	1.72958
1536	2560	2	120	78	0.00000
1536	2560	1	96	20	1.20199
1024	2560	1	152	246	3.86691
1024	2560	2	22	282	0.00000
1024	2560	1	52	214	5.05168
1024	2560	1	380	286	5.38525
1536	2560	1	46	216	1.27980
1536	2560	1	148	200	0.09386
1536	2560	1	276	54	4.01253
1536	2560	1	396	18	3.54848
1536	2560	1	422	134	0.37952
1536	2560	1	78	442	4.98156
1024	2560	1	158	384	3.66518
1024	2560	1	50	358	3.64197
1024	2560	1	388	402	1.51530
1024	2560	1	296	354	1.40565
1536	2560	1	400	428	2.01703
1536	2560	1	426	238	0.18920
1536	2560	1	256	234	5.87090
1024	2560	1	486	304	2.86693
1536	2560	1	80	366	2.33164
1536	2560	1	180	312	3.99614
1536	2560	1	206	456	2.80974
1536	2560	1	392	498	1.72474
1536	2560	1	494	368	5.53926
1024	2560	1	294	488	4.23578
1024	2560	1	52	498	4.21927
1536	2560	1	84	500	1.32169
1536	2560	1	368	308	2.86468
1536	2560	2	502	92	0.00000
1024	2048	2	148	228	0.00000
1536	3584	1	504	344	0.39818
1536	3584	1	186	282	2.48576
1024	3584	1	298	324	0.48425
1536	3584	1	84	358	2.08461
1024	3584	1	342	474	0.00000
1536	3584	1	330	238	4.90693
1536	3584	1	376	432	0.00000
1024	3584	1	190	476	0.44997
1024	3584	1	398	344	0.54536
1024	3584	1	224	260	1.33577
1024	3584	1	54	278	5.43840
1536	3584	1	70	282	1.44293
1536	3584	1	420	82	0.00000
1024	3584	1	58	392	2.45787
1536	3584	1	270	374	2.93831
1024	3584	1	460	490	0.00000
1536	3584	1	48	486	0.46603
1024	3584	1	202	162	5.81954
1024	3584	1	254	68	1.81757
1024	3584	1	94	120	0.78449
1024	3584	1	472	234	1.28322
1024	3584	1	292	4	1.85209
1536	3072	1	480	436	5.72251
1536	3584	1	244	180	4.89726
1536	3584	1	142	128	3.59654
1024	3584	1	510	130	4.03765
1024	3584	1	328	118	1.55785
1536	3584	1	292	46	2.56252
1024	3072	1	180	372	5.85078
1536	3072	1	270	404	2.36994
1024	3584	1	386	10	2.61962
1024	3584	1	486	66	3.74809
1536	3584	1	100	36	3.28151
1536	3072	1	154	444	5.08538
1536	3072	1	4	494	1.84660
1536	3072	1	62	452	1.78189
1024	3072	1	336	426	0.74768
1536	3072	1	8	376	0.68695
1536	3072	1	474	232	3.91105
1536	3072	1	448	64	0.73024
1536	3072	1	378	164	5.62843
1536	3072	1	310	58	1.19029
1536	3072	1	294	202	5.85178
1536	3072	1	230	224	5.75839
1536	3072	1	168	246	3.16381
1536	3072	1	98	248	3.03094
1536	3072	1	134	132	0.73997
1536	3072	1	22	208	3.12041
1024	3072	1	440	190	5.85628
1024	3072	1	316	300	0.41311
1024	3072	1	48	308	5.46588
1024	3072	1	188	190	0.87046
1024	3072	1	296	104	5.22341
1024	3072	1	434	82	2.57221
1024	3072	1	184	52	5.83173
1024	3072	1	54	98	4.76688
2048	2048	1	22	234	0.81953
2048	2048	2	260	500	0.00000
2048	2560	2	412	50	0.00000
2560	2048	2	298	388	0.00000
2560	2560	2	24	162	0.00000
2048	2560	2	320	206	0.00000
2048	2560	2	174	156	0.00000
2048	2560	2	234	156	0.00000
2560	2560	2	290	18	0.00000
2048	2560	2	412	154	0.00000
2048	2048	1	360	138	2.91898
2048	2048	1	66	100	1.02041
2048	2048	2	150	118	0.00000
2048	2048	1	128	22	2.15554
2048	2048	2	490	50	0.00000
2048	2048	1	486	120	4.51499
2048	2048	1	504	214	1.94607
2560	2048	1	116	254	5.57456
2560	2048	1	76	126	3.82784
2560	2048	1	316	92	0.00000
2560	2048	1	194	114	0.00000
2560	2048	1	228	222	2.00685
2048	2048	1	96	358	0.00000
2048	2048	1	234	328	3.29819
2048	2048	1	354	312	4.39064
2048	2048	1	462	358	0.32175
2560	2048	1	44	418	2.99309
2560	2048	1	142	376	5.27275
2048	2048	1	154	448	3.24467
2048	2560	1	136	40	2.03444
2048	2560	1	290	98	0.00000
2048	2048	1	388	456	4.71991
2048	2560	1	50	108	2.11122
2048	2560	1	494	64	3.91033
2560	2560	1	168	78	2.99157
2560	2048	1	282	480	1.57080
2560	2048	1	458	52	1.29085
2560	2048	1	394	148	1.92479
2560	2048	2	506	150	0.00000
2560	2048	1	512	278	0.00000
2560	2048	1	420	266	0.48583
2560	2048	1	450	382	1.65063
2560	2048	2	426	458	0.00000
2560	2560	1	478	4	3.62326
2560	2560	1	316	96	3.83633
2560	2560	1	510	114	5.49042
2560	2560	1	484	190	2.55359
2560	2560	1	386	212	5.92716
2560	2560	2	468	336	0.00000
2048	2560	2	316	422	0.00000
2048	2560	2	448	324	0.00000
2048	2560	2	200	432	0.00000
2560	2560	1	256	212	5.08964
2560	2560	1	110	202	5.51533
2560	2560	1	210	312	5.43592
2048	2560	1	496	240	2.57113
2048	2560	1	340	268	5.19358
2048	2560	1	144	306	0.32812
2048	2560	1	50	300	2.67248
2048	2560	1	294	358	5.16822
2560	2560	1	404	404	5.78017
2560	2560	2	16	488	0.00000
2560	2560	2	310	482	0.00000
2048	2560	1	458	426	5.17604
2560	2560	1	234	454	3.49585
2560	2560	1	116	486	0.00000
2560	2560	1	390	498	5.49779
2048	2560	1	170	512	0.00000
2048	2560	2	86	478	0.00000
2048	2560	1	20	404	5.63968
2048	2560	1	382	506	5.47077
2048	2560	2	308	512	0.00000
3584	2048	1	152	110	0.00000
3072	2048	1	390	110	5.17023
3072	2048	1	438	46	2.08331
3072	2048	1	256	108	2.35136
3072	2048	1	102	94	4.51106
3072	2048	1	174	136	1.79348
3072	2048	1	10	308	0.00000
3072	2048	1	160	314	5.60903
3072	2048	1	116	290	2.59016
3072	2048	1	192	244	1.78118
3072	2048	1	56	508	5.58337
3072	2560	1	182	10	0.00000
3072	2560	1	50	154	5.65555
3072	2560	1	92	368	0.00000
3072	2560	1	230	158	0.91428
3072	2048	1	320	246	2.57264
3072	2048	1	404	274	3.03833
3072	2048	1	314	354	4.05882
3072	2048	1	306	446	1.75623
3072	2048	1	476	316	3.40914
3584	2048	1	466	58	0.00000
3584	2048	1	378	90	0.00000
3584	2048	1	212	0	0.00000
3584	2048	1	384	314	5.16343
3584	2048	1	228	186	1.82241
3584	2048	1	304	320	3.24465
3584	2048	1	252	78	3.93068
3584	2048	1	358	204	0.00000
3584	2048	1	512	128	0.00000
3584	2048	1	96	414	5.55347
3584	2048	1	44	476	5.73130
3072	2560	1	346	60	4.21751
3072	2560	1	396	162	1.73982
3072	2560	1	274	336	2.47436
3072	2560	1	204	334	2.20897
3072	2560	1	162	386	5.50819
3072	2560	1	340	232	4.76366
3072	2560	1	382	306	4.87481
3072	2560	1	484	114	2.96253
3584	2560	1	52	84	5.16466
3584	2048	1	350	436	1.19638
3584	2048	1	474	502	3.19007
3584	2560	1	266	6	3.08059
3584	2560	1	384	46	4.77018
3584	2560	1	190	52	3.18034
3584	2560	1	128	56	3.18348
3072	2560	1	482	324	0.29692
3072	2560	1	466	476	5.57756
3072	2560	1	350	424	0.86582
3072	2560	1	208	510	1.74072
3584	2560	1	98	178	3.09869
3584	2560	1	268	182	3.17373
3584	2560	1	430	128	5.32669
3584	2560	1	62	330	4.40687
3584	2560	1	192	224	2.87353
3584	2560	1	252	312	3.50403
3584	2560	1	512	264	2.19044
3584	2560	1	380	294	2.71033
3584	2560	1	380	196	1.55900
3584	2560	1	118	458	3.66360
3584	2560	1	312	352	3.01613
3584	2560	1	402	374	1.72225
3584	2560	1	500	362	3.44027
3584	2560	1	200	458	3.53181
3584	2560	1	50	462	3.42465
3584	2560	1	364	454	3.71615
3584	2560	1	238	454	4.45589
3584	2560	1	334	512	2.93666
3072	2560	2	156	84	0.00000
3072	2560	1	410	512	0.00000
3072	2560	1	240	46	3.50228
3072	3072	1	42	70	0.15024
3072	3072	1	242	14	1.52276
3072	3072	1	400	30	0.00000
3072	3072	1	268	118	4.91543
3072	3072	1	164	140	2.94904
3072	3072	1	432	176	1.03398
3584	3072	1	34	136	5.79378
3584	3072	2	12	204	0.00000
3072	3072	2	430	248	0.00000
3584	3072	1	114	64	4.42433
3584	3072	1	152	158	2.21864
3584	3072	1	240	108	0.00000
3584	3072	1	296	0	0.00000
3584	3072	1	320	114	3.78303
3584	3072	1	392	112	0.23692
3584	3072	1	434	180	0.34145
3584	3072	1	512	102	2.06814
3584	3072	1	486	250	3.20662
3584	3072	2	340	266	0.00000
3584	3072	2	410	374	0.00000
3584	3072	2	422	424	0.00000
3584	3072	1	268	264	0.00000
3584	3072	1	342	344	0.89606
3584	3072	1	172	254	1.65659
3584	3072	1	20	276	1.15340
3072	3072	1	296	306	5.79527
3072	3072	1	204	352	0.69702
3072	3072	1	134	304	0.59265
3072	3072	1	30	284	4.15800
3072	3072	1	0	180	4.78087
3072	3072	1	32	464	3.92699
3072	3072	2	22	364	0.00000
3072	3584	1	124	54	1.83714
3072	3584	1	90	118	1.52447
3072	3584	1	0	62	0.86081
3072	3584	1	178	222	3.47307
3072	3584	1	266	6	1.79385
3072	3072	1	282	432	2.20327
3072	3072	1	374	388	2.94639
3072	3072	1	466	366	5.39806
3584	3072	1	172	372	2.06821
3584	3072	1	200	502	3.96687
3584	3072	1	272	508	2.89234
3584	3072	1	88	462	0.00000
3072	3072	1	484	478	5.28503
3072	3584	1	430	28	4.89811
3072	3584	1	314	78	4.63933
3584	3072	1	460	494	4.12311
3584	3584	1	376	80	2.76313
3584	3584	1	462	84	0.22744
3584	3584	1	430	302	2.79485
3584	3584	1	512	254	5.54910
3584	3584	1	330	210	3.53931
3584	3584	1	222	102	4.97116
3584	3584	1	234	204	4.79329
3584	3584	1	106	168	5.78763
3072	3584	1	450	116	1.66480
3072	3584	1	380	176	1.64781
3072	3584	1	502	194	1.40386
3072	3584	1	460	282	2.61767
3584	3584	1	44	254	0.83543
3584	3584	1	110	286	0.14334
3584	3584	2	172	280	0.00000
3584	3584	1	218	334	0.64421
3584	3584	1	368	338	5.72692
3584	3584	2	290	340	0.00000
3584	3584	1	348	412	1.31499
3072	3584	1	452	374	4.82893
3072	3584	1	302	250	1.14417
3072	3584	1	306	334	3.38547
3072	3584	1	220	366	5.82888
3072	3584	1	112	434	1.37340
3072	3584	1	84	386	3.16553
3072	3584	1	326	484	1.10476
3584	3584	1	52	464	0.00000
2048	3072	1	154	130	1.21581
2048	3072	1	296	204	4.26785
2560	3072	1	84	164	1.38621
2560	3072	1	218	102	4.35558
2048	3072	1	466	92	2.99622
2048	3072	1	150	42	0.55860
2048	3072	1	292	64	3.73153
2048	3072	1	58	292	3.95112
2048	3072	1	188	346	3.66320
2048	3072	1	74	412	5.49779
2048	3072	1	494	246	2.04625
2048	3072	1	280	374	4.65849
2048	3072	1	432	346	1.96166
2560	3072	1	110	36	0.34025
2560	3072	1	348	136	0.38647
2560	3072	1	418	140	0.84114
2560	3072	1	466	190	4.33149
2560	3072	1	218	204	0.89104
2560	3072	1	410	284	1.05957
2560	3072	1	278	310	6.09939
2560	3072	1	180	340	5.62788
2560	3072	1	124	388	1.95188
2560	3072	1	32	392	3.44025
2560	3072	1	226	464	0.00000
2560	3072	1	114	508	3.83143
2560	3072	1	382	392	0.70557
2560	3072	1	420	458	0.71190
2560	3584	1	462	4	0.48973
2048	3584	1	44	66	3.27008
2048	3584	1	112	78	0.00000
2048	3584	1	216	52	5.57456
2048	3584	1	500	56	0.64058
2048	3584	1	392	116	0.54802
2560	3584	1	176	78	4.63562
2048	3584	1	502	176	1.31682
2560	3584	1	354	118	1.43728
2560	3584	1	100	214	3.32720
2560	3584	1	164	212	3.17691
2560	3584	1	226	236	3.08209
2560	3584	1	292	200	2.82454
2560	3584	1	360	254	5.99795
2560	3584	1	420	228	6.12658
2560	3584	1	472	192	5.73847
2048	3584	1	186	224	4.36703
2048	3584	1	74	242	2.73219
2048	3584	1	294	268	5.10827
2048	3584	1	106	380	2.86129
2048	3584	2	370	30	0.00000
2048	3072	2	308	438	0.00000
2048	3072	2	280	282	0.00000
2048	3584	1	282	350	4.46908
2560	3584	1	8	280	1.87772
2560	3584	1	172	336	1.77232
2048	3584	1	398	326	0.00000
2048	3584	1	504	380	1.14145
2560	3584	1	450	396	6.12477
2560	3584	1	108	400	6.02415
2048	3584	1	498	456	1.12645
2560	3584	1	194	456	3.09936
2560	3584	1	324	366	5.24783
2048	3584	1	152	496	5.49957
2560	3072	2	96	232	0.00000
2560	3584	1	310	8	2.50124
