1024	2048	1	116	50	0.35773
1024	2048	1	428	182	2.27845
1536	2048	1	18	0	0.00000
1536	2048	1	216	132	0.00000
1536	2048	1	258	70	5.43007
1536	2048	1	318	0	5.50166
1024	2048	1	200	56	0.43471
1024	2048	1	128	156	1.84062
1024	2048	1	128	270	1.80449
1024	2048	1	218	380	0.24100
1536	2048	1	70	282	5.60545
1536	2048	1	166	254	6.17808
1536	2048	1	266	242	3.40225
1536	2048	1	390	140	5.12289
1536	2048	1	326	230	0.11407
1536	2048	1	472	230	1.62368
1024	2048	1	466	370	3.95896
1536	2048	1	68	424	2.74280
1024	2048	1	320	462	1.55250
1536	2560	1	12	20	5.75577
1024	2560	1	38	12	2.49663
1024	2560	1	304	44	0.92035
1024	2560	1	432	50	2.62971
1536	2048	1	228	494	0.74289
1536	2048	1	364	404	5.82114
1536	2048	1	458	324	1.33146
1536	2560	1	342	22	1.96676
1536	2560	1	478	18	1.08117
1024	2048	1	342	0	0.00000
1024	2048	1	248	0	0.00000
1024	2048	1	448	0	0.00000
1024	2560	1	152	142	3.80565
1024	2560	1	32	146	2.22486
1536	2560	1	44	138	3.96450
1536	2560	1	204	188	6.18582
1536	2560	1	308	132	2.66674
1536	2560	1	430	112	1.06930
1536	2560	1	488	148	0.92566
1024	2560	1	274	260	6.16215
1536	2560	1	112	218	2.15056
1536	2560	1	34	294	1.68036
1024	2560	1	418	262	3.26063
1024	2560	1	330	318	3.29020
1024	2560	1	212	190	0.62515
1536	2560	1	312	262	5.56781
1536	2560	1	452	332	4.07437
1536	2560	1	128	340	0.28028
1024	2560	1	246	384	6.16334
1024	2560	1	180	408	2.96967
1536	2560	1	240	316	1.40629
1536	2560	1	432	454	1.82038
1024	2560	1	466	376	4.50111
1536	2560	1	192	454	0.84970
1536	2560	1	46	478	0.92873
1024	2560	1	426	462	4.30898
1536	2560	1	336	512	4.87712
1024	2560	1	0	444	4.18810
1024	2560	1	24	512	3.99733
1536	2048	2	240	356	0.00000
1536	2560	2	474	414	0.00000
1536	2048	2	492	74	0.00000
1024	2560	2	190	298	0.00000
1024	2560	2	358	446	0.00000
1024	3072	1	344	230	5.89233
1024	3072	1	280	240	5.76404
1024	3072	1	248	332	0.00000
1024	3072	1	158	420	0.21867
1536	3072	1	192	488	6.11245
1536	3072	1	258	482	0.14190
1024	3072	1	362	442	0.58515
1024	3072	1	232	510	1.07775
1536	3072	1	80	110	0.54042
1536	3584	1	98	244	0.51826
1024	3584	1	442	56	5.75086
1536	3072	1	34	306	1.00364
1536	3072	1	118	358	1.76013
1536	3072	1	96	492	3.50398
1536	3072	1	192	304	4.94348
1536	3072	1	232	172	2.66324
1024	3072	1	154	288	0.40147
1024	3072	1	66	282	3.37844
1024	3072	1	90	74	0.49500
1024	3072	1	166	138	0.54042
1024	3072	1	350	38	1.43527
1024	3072	1	220	40	2.07364
1024	3072	1	494	180	3.86584
1536	3072	2	4	16	0.00000
1024	3072	2	32	24	0.00000
1024	3072	2	12	98	0.00000
1536	3072	1	362	18	1.67046
1536	3072	1	454	84	6.18853
1536	3072	1	402	188	2.87350
1536	3072	1	324	292	4.71239
1536	3072	1	494	256	5.61588
1024	3072	1	72	408	3.52210
1024	3072	1	86	504	3.90378
1024	3072	2	16	318	0.00000
1024	3584	1	78	86	1.24433
1024	3584	1	122	182	5.66599
1024	3584	1	204	120	4.76389
1024	3072	1	216	352	2.17069
1024	3584	1	490	246	5.38713
1024	3584	1	342	310	0.00000
1024	3584	1	342	72	2.37702
1536	3072	1	426	350	5.79185
1536	3072	1	386	442	3.63847
1536	3072	1	502	402	0.23861
1536	3072	1	478	512	5.28506
1536	3584	2	468	114	0.00000
1536	3584	1	408	40	2.53022
1536	3584	1	218	150	2.18318
1536	3584	1	356	158	1.52735
1024	3584	1	124	298	5.78924
1536	3584	1	196	248	0.97632
1536	3584	1	362	254	1.29880
1536	3072	1	4	452	0.84860
1536	3584	1	476	276	0.65707
1024	3584	1	418	362	0.00000
1536	3584	1	408	368	0.00000
1536	3584	1	488	434	5.96143
1536	3584	1	34	394	0.00000
1536	3584	1	184	482	0.22680
1536	3584	1	214	362	1.89013
1536	3584	1	324	472	5.71987
1536	3584	1	82	470	0.47995
1024	3584	1	18	236	0.49394
1024	3584	1	96	472	5.87829
1024	3584	2	18	496	0.00000
2560	2560	1	138	500	5.55210
2560	2560	1	124	394	5.39765
2048	2560	1	238	454	3.17887
2560	2560	1	506	492	2.44480
2048	2560	1	142	496	6.25938
2560	2560	1	310	274	4.38559
2560	2560	1	150	216	3.31378
2048	2560	1	96	246	0.42663
2048	2560	1	480	264	1.94378
2048	2560	1	180	318	4.62173
2560	2560	1	210	74	1.07641
2048	2560	1	156	52	3.01724
2048	2560	1	40	390	0.00000
2560	2560	1	512	228	1.13839
2560	2560	1	224	244	3.51916
2560	2560	1	306	480	2.42104
2560	2560	1	352	194	2.22480
2560	2560	2	454	322	0.00000
2048	2560	2	194	420	0.00000
2048	2560	2	466	466	0.00000
2560	2560	2	14	484	0.00000
2048	2560	2	432	314	0.00000
2048	2560	2	72	512	0.00000
2048	2560	2	178	150	0.00000
2048	2560	2	224	148	0.00000
2048	2560	2	382	100	0.00000
2048	2560	2	416	54	0.00000
2560	2560	1	392	112	5.06930
2560	2048	1	422	488	3.49536
2560	2048	1	330	468	3.30329
2560	2048	1	220	470	4.27625
2560	2560	2	280	4	0.00000
2560	2560	1	70	270	6.03081
2560	2560	1	98	96	4.22874
2048	2560	1	472	178	3.86108
2048	2560	2	316	192	0.00000
2048	2560	1	324	276	4.10817
2048	2560	1	210	230	0.83798
2048	2560	1	62	134	4.17845
2048	2560	1	62	22	1.14381
2048	2560	1	270	102	5.56436
2560	2048	1	492	328	0.92093
2560	2048	1	236	338	4.65254
2560	2048	1	98	372	2.64660
2560	2048	1	152	240	3.16804
2048	2048	1	250	302	0.00000
2560	2048	1	70	484	2.35903
2048	2560	1	416	136	4.07375
2048	2560	1	300	4	3.08284
2048	2048	1	446	484	4.59177
2048	2048	1	344	404	4.46002
2048	2048	2	232	438	0.00000
2048	2048	2	210	500	0.00000
2048	2048	2	496	68	0.00000
2048	2048	1	144	270	6.11804
2048	2048	1	64	306	5.87294
2048	2048	1	30	384	2.69353
2048	2048	1	154	416	4.15563
2048	2048	1	498	196	0.48905
2560	2048	1	484	170	0.89855
2048	2048	1	100	56	0.00000
2048	2048	1	166	66	3.04728
2048	2048	1	416	58	0.32658
2560	2048	1	78	100	4.68078
2560	2048	1	194	144	6.07533
2560	2048	1	316	80	0.00000
2560	2048	1	418	60	0.00000
2560	2048	1	478	42	2.88904
2560	2048	1	334	222	4.32147
2560	2048	1	216	66	2.77712
2048	2048	1	20	0	2.81189
2560	2560	1	406	404	4.75656
2560	2048	1	52	0	2.60117
3584	2048	1	152	110	0.00000
3584	2048	1	252	100	3.78063
3584	2048	1	384	100	5.81217
3584	2048	1	470	54	0.19612
3072	2048	1	502	0	4.48891
3072	2048	1	358	38	4.39885
3072	2048	1	182	42	4.29164
3072	2048	1	216	98	4.26311
3072	2048	1	350	134	1.37340
3072	2048	1	374	228	4.45582
3072	2048	1	278	230	2.21430
3072	2048	1	94	188	1.34758
3072	2048	1	196	364	5.21949
3072	2048	1	138	258	1.84975
3072	2048	1	54	378	0.57253
3072	2560	1	136	96	3.09721
3072	2048	1	334	318	4.09001
3072	2048	1	422	348	0.78412
3072	2048	1	444	418	3.81024
3072	2048	1	302	432	4.83123
3584	2048	1	18	220	3.99733
3584	2048	1	190	246	4.37625
3584	2048	1	96	286	3.31388
3584	2048	1	80	416	3.98291
3584	2048	1	384	224	5.49534
3584	2048	1	252	338	4.50862
3584	2048	1	154	508	5.84336
3584	2048	1	226	480	5.85078
3584	2048	1	328	452	3.66918
3584	2048	1	440	440	2.57048
3584	2048	1	14	470	2.10640
3072	2560	1	472	26	2.14587
3072	2048	1	184	464	2.30745
3072	2560	1	278	82	1.61183
3584	2560	1	48	154	2.04115
3584	2560	1	204	188	4.46741
3584	2560	1	324	38	4.24655
3584	2560	1	418	72	1.22873
3584	2560	1	370	188	1.70435
3584	2560	1	508	122	2.87981
3584	2560	1	300	276	2.09858
3584	2560	1	400	392	5.27764
3584	2560	1	270	378	5.41781
3584	2560	1	128	258	2.15645
3072	2560	1	46	106	5.78384
3072	2560	1	62	304	0.79546
3072	2560	1	168	226	3.42784
3072	2560	1	258	198	2.34127
3072	2560	1	350	234	2.72539
3072	2560	1	436	340	3.27606
3072	2560	1	506	280	3.54515
3072	2048	1	488	92	4.76544
3072	2560	1	306	330	0.00000
3072	2560	1	238	462	0.79929
3072	2560	1	114	398	5.23647
3072	2560	1	372	466	0.00000
3584	2560	1	8	418	5.60189
3584	2560	1	82	356	1.50362
3584	2560	2	512	458	0.00000
3584	2560	2	494	354	0.00000
3584	2560	2	486	232	0.00000
3584	2560	2	332	510	0.00000
3584	2560	2	242	482	0.00000
3584	2560	2	176	480	0.00000
3584	2560	2	160	398	0.00000
3072	2048	2	80	70	0.00000
3072	2048	2	18	150	0.00000
3072	2048	2	22	312	0.00000
3584	2048	2	228	30	0.00000
3584	2048	2	512	136	0.00000
3072	2560	2	468	186	0.00000
3072	2560	2	444	130	0.00000
3072	2560	2	40	222	0.00000
3584	2560	2	344	436	0.00000
3584	2560	1	78	56	0.54042
3584	2560	2	126	116	0.00000
3584	3584	1	160	346	2.41169
3072	3584	1	376	404	1.80158
3072	3584	1	404	488	0.77580
3072	3584	1	16	388	3.14401
3072	3584	1	134	490	0.43663
3072	3584	1	194	512	0.00000
3072	3584	1	368	294	4.92824
3072	3584	1	52	466	0.69664
3072	3584	1	510	356	0.99358
3072	3584	1	278	512	3.92793
3584	3584	1	422	500	4.06889
3072	3584	1	102	214	1.19479
3072	3584	1	330	232	3.50828
3584	3584	1	294	430	4.67610
3584	3584	1	474	328	1.23264
3072	3584	1	392	350	1.68226
3072	3584	1	10	176	0.48743
3072	3584	1	402	162	5.66472
3072	3584	1	194	246	3.69258
3072	3584	1	476	420	0.92576
3584	3584	1	92	446	0.41062
3584	3584	1	512	250	0.86630
3072	3584	1	62	308	2.15926
3072	3584	1	512	468	3.91137
3584	3584	1	192	468	0.16484
3584	3584	1	460	410	1.55070
3072	3584	1	254	260	0.42701
3072	3584	1	486	262	0.47580
3584	3584	1	204	266	5.60435
3584	3584	1	280	282	0.00000
3584	3584	1	264	174	0.61629
3584	3584	1	474	66	3.90310
3584	3072	1	392	480	2.36998
3584	3584	1	68	200	1.94401
3584	3584	1	336	270	5.63006
3584	3584	1	502	164	4.38662
3584	3584	1	264	30	4.21592
3584	3584	1	176	140	4.45362
3584	3584	1	344	48	4.46641
3584	3072	1	504	448	5.09994
3584	3584	1	512	56	3.79030
3584	3584	1	408	246	2.24901
3584	3584	1	392	152	5.51929
3584	3584	1	330	378	0.71560
3072	3584	1	206	132	4.62925
3072	3584	1	32	32	2.57130
3072	3584	1	98	36	5.65566
3072	3072	1	168	502	3.00082
3072	3584	1	256	36	4.26367
3072	3584	1	434	82	2.05716
3584	3584	1	30	48	3.04301
3584	3584	1	124	42	3.58234
3584	3072	1	210	446	3.54795
3584	3072	1	350	378	1.59405
3072	3072	1	414	502	2.02961
3072	3072	1	448	414	1.89964
3072	3072	1	268	418	4.47047
3072	3072	1	126	416	1.19029
3072	3072	1	108	314	0.25581
3072	3072	1	38	358	0.00000
3072	3072	1	266	298	3.27435
3072	3072	1	334	298	2.96565
3072	3072	2	438	252	0.00000
3584	3072	1	160	344	2.00701
3584	3072	1	480	252	3.95607
3584	3072	1	494	138	0.78872
3584	3072	1	382	266	0.75280
3584	3072	1	306	280	1.97104
3584	3072	1	334	222	1.92340
3584	3072	1	78	184	3.10335
3072	3072	1	498	174	0.00000
3072	3072	1	390	192	5.06930
3072	3072	1	202	230	0.31637
3072	3072	1	0	120	5.72126
3072	3072	1	96	190	5.21201
3072	3072	1	264	144	5.69007
3072	3072	1	384	82	4.39064
3584	3072	1	20	48	0.00000
3072	3072	1	382	0	0.00000
3072	3072	1	30	0	2.92567
3072	3072	1	118	62	3.18771
3072	3072	1	174	88	3.04249
3584	3072	1	470	42	0.00000
3584	3072	1	338	0	5.45544
3584	3072	1	200	54	2.23378
3584	3072	1	214	142	4.10798
3584	3072	1	260	70	4.28848
3584	3072	1	416	110	3.03865
3584	3072	1	324	116	4.79502
2048	3072	2	284	274	0.00000
2560	3072	2	130	78	0.00000
2560	3072	2	100	232	0.00000
2560	3072	2	224	128	0.00000
2560	3072	2	338	240	0.00000
2560	3072	2	98	438	0.00000
2048	3072	2	490	438	0.00000
2048	3072	2	450	286	0.00000
2560	3584	1	370	414	5.26592
2560	3584	1	376	306	0.27469
2560	3584	1	506	212	0.62119
2560	3584	1	512	370	3.08196
2560	3584	1	220	512	2.41395
2048	3072	2	310	432	0.00000
2560	3584	1	10	512	5.88781
2560	3584	1	178	320	6.08579
2560	3584	1	240	224	0.28866
2048	3584	1	110	450	5.89631
2048	3584	1	432	390	0.37527
2048	3584	1	192	442	5.70047
2048	3584	1	302	388	0.27434
2560	3584	1	74	316	4.67921
2560	3584	1	2	412	4.31905
2560	3584	1	116	222	1.00034
2048	3584	1	394	262	5.67686
2048	3584	1	340	290	5.64310
2048	3584	1	434	204	5.97154
2048	3584	1	256	346	0.00000
2560	3584	1	32	220	0.00000
2560	3072	1	326	512	4.57936
2048	3584	1	10	334	4.27074
2560	3072	1	482	354	0.00000
2560	3072	1	350	420	4.80305
2048	3584	1	196	270	0.00000
2560	3584	1	410	82	0.92079
2560	3584	1	432	138	1.05348
2048	3584	1	238	204	2.33772
2048	3584	1	124	186	1.51454
2048	3584	1	138	84	1.60782
2048	3584	1	326	136	1.51030
2048	3584	1	500	102	0.35806
2560	3584	1	82	82	5.95818
2560	3584	1	192	90	0.00000
2560	3072	1	212	462	0.30705
2560	3072	1	178	366	0.00000
2560	3072	1	242	308	6.07569
2048	3584	1	450	24	3.14677
2048	3584	1	362	24	2.51310
2048	3584	1	272	32	5.62438
2048	3072	1	114	506	0.88384
2048	3072	1	98	416	0.94364
2048	3072	1	86	258	0.39966
2048	3072	1	192	232	0.00000
2048	3072	1	364	358	0.00000
2048	3072	1	496	384	2.40378
2560	3072	1	62	322	5.13937
2560	3072	1	148	198	2.74488
2560	3072	1	354	188	5.08964
2560	3072	1	468	134	5.21530
2560	3072	1	308	52	5.17604
2560	3072	1	152	16	5.23406
2560	3072	1	62	110	3.33382
2048	3072	1	484	212	1.12197
2048	3072	1	472	96	0.98015
2048	3072	1	332	212	5.19795
2048	3072	1	302	44	3.12133
2048	3072	1	152	2	0.00000
2048	3072	1	80	0	0.00000
2048	3072	1	0	230	5.28183
2048	3072	1	0	420	3.57448
