1024	2048	1	216	196	2.67760
1024	2048	1	94	434	0.17559
1024	2048	1	236	354	0.44201
1024	2048	1	446	238	2.64227
1024	2560	1	264	38	1.08860
1024	2560	1	58	114	1.04579
1024	2560	1	98	226	4.92354
1024	2048	1	506	492	4.15315
1024	2560	1	444	208	2.06287
1024	2560	1	318	370	0.74305
1024	2560	1	244	302	0.00000
1024	2560	1	46	296	1.63092
1536	2048	1	14	330	3.81326
1024	2560	2	424	64	0.00000
1024	2048	2	200	96	0.00000
1024	2560	2	170	282	0.00000
1024	2560	2	116	164	0.00000
1024	2048	2	462	12	0.00000
1024	2048	2	262	26	0.00000
1536	2048	2	34	42	0.00000
1536	2560	2	346	326	0.00000
1536	2560	1	86	186	0.00000
1536	2048	1	452	268	0.00000
1536	2048	1	144	332	0.67302
1536	2048	1	116	110	1.45341
1024	2048	1	118	30	5.18614
1024	2048	1	0	58	3.84203
1024	2560	1	470	422	2.68910
1536	2560	1	132	34	5.29647
1024	2560	1	368	496	4.50643
1536	2048	1	218	46	1.90459
1536	2560	1	268	120	4.13898
1536	2048	1	288	278	2.26435
1536	2048	1	220	140	6.02919
1536	2048	1	400	118	1.28992
1536	2048	1	418	38	1.76819
1536	2048	2	512	52	0.00000
1024	2560	1	500	324	1.62002
1536	2560	1	168	260	2.95897
1536	2560	1	462	98	1.13771
1536	2048	1	282	360	2.21755
1536	2048	1	390	292	2.60827
1536	2048	1	414	428	3.63648
1536	2048	1	328	450	2.98036
1536	2048	1	222	414	0.52774
1536	2560	1	270	244	6.00927
1536	2560	1	436	240	0.42806
1536	2560	1	168	372	5.90791
1536	2560	1	62	450	5.32585
1536	2560	1	410	434	1.91842
1536	2560	1	370	512	1.99331
1536	2560	1	278	510	2.21789
1024	2560	1	28	470	5.79386
1536	2560	1	512	372	2.54306
1536	2048	2	510	202	0.00000
1536	2560	2	512	512	0.00000
1024	3072	1	120	130	0.18316
1024	3072	1	210	62	0.33022
1024	3072	1	262	106	3.67981
1024	3072	1	178	228	0.61079
1024	3072	1	308	166	4.07285
1024	3072	1	478	148	3.74649
1536	3072	1	32	76	3.18894
1536	3072	1	96	42	4.19271
1536	3072	1	104	124	0.66222
1024	3072	1	262	344	0.33483
1024	3584	1	38	18	2.84387
1024	3072	1	334	480	3.90256
1024	3072	1	234	472	1.17379
1536	3072	1	392	302	4.95525
1536	3072	1	250	308	5.13019
1536	3072	1	174	174	5.99676
1536	3072	1	242	106	3.25227
1536	3072	1	332	156	1.22661
1536	3072	1	322	222	4.38396
1024	3072	1	472	436	2.78596
1536	3072	1	80	222	2.02063
1536	3072	1	44	312	4.14967
1024	3584	1	234	108	0.00000
1024	3584	1	138	120	5.93201
1536	3072	1	220	436	0.36398
1536	3072	1	86	434	0.43844
1536	3072	1	412	508	0.00000
1536	3072	1	358	412	3.51855
1024	3584	1	494	226	5.50983
1536	3584	1	180	40	2.39714
1536	3584	1	82	74	2.46151
1024	3584	1	482	98	2.53852
1024	3584	1	390	74	2.66914
1024	3584	1	408	246	5.16630
1024	3584	1	308	176	0.72035
1536	3584	1	174	206	1.69809
1536	3584	1	192	400	0.32056
1024	3584	1	76	184	2.35695
1024	3584	1	156	280	0.49394
1024	3584	1	56	328	0.32074
1024	3584	1	26	496	1.87207
1024	3584	1	300	440	1.26834
1536	3584	1	414	388	5.86496
1536	3584	2	392	130	0.00000
1024	3072	1	460	254	4.14095
1536	3584	2	246	162	0.00000
1536	3584	2	250	262	0.00000
1024	3072	2	380	84	0.00000
1536	3584	1	130	332	0.92281
2048	2048	1	64	42	1.91126
2048	2048	1	128	0	0.00000
2048	2048	1	170	72	3.48029
2048	2048	1	48	234	1.77672
2048	2048	1	72	138	0.70690
2048	2048	1	198	138	3.36331
2048	2048	1	276	142	0.06054
2048	2048	1	152	244	5.98698
2048	2048	1	340	194	4.10952
2048	2048	1	100	374	2.48893
2048	2048	1	414	86	4.42873
2048	2048	1	214	316	0.25646
2048	2048	1	314	280	2.02875
2048	2048	1	434	248	0.69690
2560	2048	1	362	260	1.58470
2048	2048	1	342	410	1.06343
2048	2048	1	94	484	1.28357
2560	2048	1	464	158	1.16579
2560	2048	1	154	100	3.11232
2048	2048	2	498	62	0.00000
2560	2048	1	236	100	0.00000
2560	2048	1	318	98	0.00000
2560	2048	1	488	22	1.08403
2560	2048	1	178	304	0.87239
2560	2048	1	22	346	5.02689
2048	2048	1	440	424	5.73297
2560	2048	1	232	406	0.00000
2560	2560	1	258	92	2.66940
2560	2048	1	382	420	3.65023
2560	2560	1	136	8	0.88615
2048	2560	1	250	40	4.53597
2048	2048	1	346	458	5.16926
2048	2560	1	408	52	4.21606
2560	2560	1	6	82	3.75603
2560	2560	1	512	302	1.31847
2560	2048	2	292	384	0.00000
2560	2048	2	448	460	0.00000
2048	2560	2	336	44	0.00000
2560	2560	2	22	166	0.00000
2560	2560	1	488	114	0.77990
2560	2560	1	380	156	3.06933
2560	2560	1	500	208	4.94734
2560	2560	1	280	282	3.63042
2560	2560	1	204	174	2.83685
2048	2560	1	426	174	0.00000
2048	2560	1	286	152	0.82105
2560	2560	1	168	274	5.59454
2560	2560	1	406	396	1.49015
2560	2560	1	218	416	1.34230
2560	2560	1	90	164	0.71559
2048	2560	1	76	102	3.34604
2048	2560	2	508	322	0.00000
2048	2560	2	438	330	0.00000
2048	2560	2	334	214	0.00000
2048	2560	2	236	140	0.00000
2560	2560	1	74	402	0.61503
2560	2560	1	512	410	1.33489
2048	2560	1	392	392	5.91964
2048	2560	1	266	278	1.52601
2048	2560	1	242	364	4.60606
2048	2560	1	388	512	2.00217
2048	2560	1	290	474	5.74735
2048	2560	1	94	180	1.99676
2560	2560	2	314	482	0.00000
2048	2560	2	314	418	0.00000
2048	2560	1	110	274	1.50867
2048	2560	1	112	396	6.17318
2048	2560	1	32	390	2.61339
2048	2560	2	186	498	0.00000
3072	2560	2	314	22	0.00000
3072	2048	1	200	90	0.27455
3072	2048	1	150	110	2.39254
3072	2048	1	198	226	5.50279
3072	2048	1	306	68	4.92556
3072	2048	1	456	64	5.48236
3584	2048	1	34	22	0.83833
3584	2048	1	240	84	4.09214
3584	2048	1	472	72	0.12874
3584	2048	1	376	240	5.75545
3584	2048	2	336	152	0.00000
3584	2048	1	82	176	0.52555
3072	2048	1	456	228	2.90658
3072	2048	1	370	340	0.68573
3072	2048	1	214	390	4.87754
3072	2048	1	44	388	4.11802
3072	2048	1	478	422	0.00000
3584	2048	1	92	336	5.15345
3584	2048	1	156	240	4.76947
3584	2048	1	236	336	5.42516
3584	2048	1	336	366	2.90850
3584	2048	1	430	358	0.44894
3584	2048	1	504	448	3.70351
3072	2560	1	214	120	0.37299
3072	2560	2	256	24	0.00000
3072	2048	1	106	488	3.33116
3072	2560	1	28	96	1.41338
3072	2560	1	42	194	4.58668
3584	2048	1	76	454	6.06002
3072	2048	1	378	488	3.36479
3584	2048	1	154	468	3.11415
3584	2048	1	258	440	5.32560
3584	2560	1	418	20	5.60610
3584	2560	1	284	16	4.67600
3584	2560	1	92	58	2.02146
3072	2560	1	472	60	4.96374
3072	2560	1	354	158	0.29664
3072	2560	1	474	174	0.15066
3584	2560	1	84	146	5.33659
3584	2560	1	196	150	3.04753
3584	2560	1	284	126	2.57882
3584	2560	1	378	110	5.23935
3584	2560	1	498	76	3.55172
3072	2560	1	188	282	5.32493
3072	2560	1	300	276	1.96482
3072	2560	1	412	256	2.62500
3584	2560	1	20	244	0.79893
3584	2560	1	146	266	5.47220
3584	2560	1	228	262	3.77054
3584	2560	1	346	250	3.68235
3584	2560	2	308	302	0.00000
3072	2560	2	164	76	0.00000
3584	2560	1	434	226	3.55750
3584	2560	1	464	304	3.17826
3072	2560	1	52	416	1.17601
3072	2560	1	220	406	3.84825
3072	2560	1	268	504	2.54948
3072	2560	1	352	462	5.28876
3072	2560	1	470	464	2.64408
3584	2560	1	34	456	0.32175
3584	2560	1	124	366	1.80047
3584	2560	1	244	410	3.13517
3584	2560	1	312	424	3.63971
3584	2560	1	380	418	0.00000
3584	2560	1	484	474	5.64310
3072	2048	2	24	164	0.00000
3584	2048	2	392	124	0.00000
3072	3072	1	404	90	6.00798
3072	3072	1	186	110	3.38096
3072	3072	1	112	64	0.29835
3072	3072	1	46	56	3.37498
3072	3072	1	38	186	3.97870
3072	3072	1	124	218	5.86142
3072	3072	1	72	314	3.08206
3072	3072	1	236	210	0.16037
3072	3072	1	322	208	2.47045
3072	3072	1	288	26	3.27281
3584	3072	1	10	112	2.37952
3584	3072	1	80	44	0.17082
3584	3072	1	154	62	5.82032
3072	3072	1	176	428	5.56758
3072	3072	1	80	456	5.13093
3072	3584	1	64	80	1.21592
3584	3072	1	258	82	0.27921
3584	3072	1	318	74	0.03371
3584	3072	1	392	78	5.97472
3584	3072	1	484	160	0.16521
3584	3072	1	146	140	2.13949
3584	3072	1	66	218	1.99518
3584	3072	1	14	264	5.46168
3072	3072	1	320	312	2.76178
3072	3072	1	262	386	2.76582
3072	3072	1	416	336	0.86875
3072	3072	1	444	428	0.91119
3584	3072	1	38	392	0.64804
3584	3072	1	246	220	2.50883
3584	3072	2	350	314	0.00000
3584	3072	2	374	210	0.00000
3584	3072	1	144	330	0.75670
3584	3072	1	234	330	3.93888
3584	3072	1	440	296	5.84081
3072	3584	1	196	62	2.85235
3072	3584	1	394	88	2.88661
3584	3072	1	40	478	2.63117
3584	3072	1	132	434	2.26545
3584	3072	1	338	412	2.70550
3584	3072	1	256	470	3.43762
3584	3072	1	512	338	3.91873
3584	3072	1	496	474	0.48053
3584	3584	1	400	28	0.00000
3584	3584	1	308	54	3.04154
3584	3584	1	172	14	1.00944
3584	3584	1	200	78	1.01828
3584	3584	1	46	102	3.18488
3072	3584	1	478	112	3.22100
3072	3584	1	118	184	3.03816
3072	3584	1	218	198	3.38706
3072	3584	1	52	242	2.60069
3072	3584	1	316	200	6.09020
3072	3584	1	172	326	1.64298
3072	3584	1	104	388	4.77982
3072	3584	1	322	300	5.11142
3584	3584	2	400	162	0.00000
3072	3584	1	418	266	5.98378
3584	3584	1	100	216	0.02519
3584	3584	1	146	174	2.63773
3584	3584	1	244	170	0.08448
3584	3584	1	262	250	3.71093
3584	3584	1	338	142	0.38857
3584	3584	1	260	356	0.36551
3072	3584	1	194	438	0.31100
3072	3584	1	252	474	0.00000
3072	3584	1	374	390	0.15509
3072	3584	1	316	452	0.00000
3584	3584	1	358	306	0.00000
3072	3584	1	480	336	0.00672
3584	3584	2	6	264	0.00000
3584	3584	1	142	336	5.85629
3072	3584	1	490	434	2.44447
3072	3584	1	424	488	2.57488
3584	3584	1	462	456	3.34874
3584	3584	1	358	406	2.47009
3584	3584	1	336	450	2.00189
2048	3072	1	54	0	2.49499
2048	3072	1	250	74	5.74088
2048	3072	1	300	2	5.71661
2048	3072	1	418	2	5.65749
2560	3072	1	40	18	5.50088
2560	3072	1	252	90	5.64525
2560	3072	1	162	0	0.60659
2560	3072	1	326	96	6.10503
2560	3072	1	496	72	0.00000
2560	3072	1	422	98	2.81588
2048	3072	1	32	108	1.12470
2048	3072	1	52	220	0.47678
2048	3072	1	220	166	1.62839
2048	3072	1	380	134	5.28965
2560	3072	1	22	224	2.45934
2560	3072	1	72	136	2.31540
2048	3072	1	92	300	3.98699
2560	3072	1	270	204	4.81761
2560	3072	2	104	231	0.00000
2048	3072	2	200	237	0.00000
2560	3072	2	358	239	0.00000
2048	3072	1	28	424	5.64071
2048	3072	1	76	386	3.70542
2048	3072	1	182	414	4.21220
2048	3072	1	294	316	3.41045
2048	3072	2	202	325	0.00000
2048	3072	1	398	318	2.89843
2048	3072	1	464	376	5.95153
2560	3072	1	66	336	4.02341
2560	3072	1	380	310	0.91990
2560	3072	1	402	372	1.72212
2560	3072	1	500	344	2.31826
2560	3072	1	510	188	4.20870
2560	3072	2	230	136	0.00000
2048	3072	1	268	502	2.84959
2048	3072	1	422	436	5.16585
2560	3584	1	404	8	0.00000
2560	3584	1	122	12	0.55101
2560	3072	1	78	438	0.57981
2048	3584	1	424	22	5.63968
2048	3584	1	318	86	3.98124
2048	3584	1	12	48	5.62214
2048	3584	1	80	114	4.59528
2560	3072	2	246	488	0.00000
2560	3072	2	348	452	0.00000
2048	3584	1	204	186	4.25511
2048	3584	1	322	238	0.16710
2048	3584	1	418	212	0.27262
2048	3584	1	200	296	0.18512
2048	3584	1	70	278	4.91032
2048	3584	1	34	468	0.00000
2048	3584	1	110	512	0.00000
2048	3584	1	216	508	0.00000
2560	3584	1	140	228	2.64275
2560	3584	1	164	120	1.78668
2560	3584	1	244	184	3.51097
2560	3584	1	306	176	0.00000
2560	3584	1	394	130	3.89652
2560	3072	1	512	494	0.00000
2560	3584	1	466	192	4.07347
2560	3584	1	400	312	5.44086
2560	3584	1	250	320	0.94200
2560	3584	1	328	360	3.15162
2048	3584	1	282	456	0.00000
2048	3584	1	364	418	0.00000
2048	3584	1	438	328	0.26882
2560	3584	1	6	294	0.00000
2048	3584	1	464	460	0.37940
2560	3584	1	22	492	3.32743
2560	3584	1	164	512	5.86954
2560	3584	1	264	490	0.00000
2560	3584	1	410	492	0.54977
2560	3584	1	510	300	1.62938
