1024	2048	1	226	196	3.06304
1024	2048	1	444	222	3.59559
1024	2048	1	88	140	3.08601
1024	2048	1	234	362	0.14190
1024	2048	1	84	440	0.00000
1024	2048	1	388	450	4.20969
1024	2048	2	206	76	0.00000
1536	2048	1	186	282	1.42890
1536	2048	1	228	398	0.39763
1536	2048	1	324	314	1.73742
1536	2048	1	326	496	3.40659
1536	2560	1	188	16	1.89255
1024	2048	1	490	494	4.26395
1536	2560	1	62	106	5.76715
1024	2560	1	256	46	1.10715
1024	2560	1	398	68	1.57550
1024	2560	1	454	172	0.15660
1536	2048	1	138	172	2.37089
1536	2560	1	438	74	5.40083
1536	2048	1	472	428	4.37448
1536	2048	1	500	242	5.61393
1536	2048	1	410	156	0.75208
1536	2048	1	512	152	5.54503
1536	2048	1	272	100	2.21027
1024	2560	1	184	174	2.51958
1536	2048	2	226	148	0.00000
1536	2048	1	26	4	0.34917
1536	2048	1	462	0	0.84533
1536	2048	1	474	346	2.26809
1024	2560	1	58	132	1.43121
1024	2560	2	92	194	0.00000
1024	2560	1	94	282	0.96056
1024	2560	1	468	344	2.13272
1024	2560	1	216	366	4.40608
1536	2560	1	276	238	5.86299
1024	2560	1	512	228	3.61898
1536	2560	1	84	296	4.07538
1536	2560	1	122	340	3.99578
1536	2560	1	72	438	5.09995
1536	2560	1	404	430	1.91734
1536	2560	1	234	410	3.41602
1024	2560	1	108	408	2.69412
1536	2560	1	484	292	0.90940
1536	2560	1	168	458	2.98727
1024	2560	1	214	464	3.64869
1024	2560	1	24	452	0.00000
1536	2560	1	512	354	1.11187
1536	2560	1	512	456	4.29046
1536	2560	1	74	512	1.54083
1536	2560	2	336	330	0.00000
1536	2048	1	342	88	5.79996
1536	2048	1	92	36	4.08467
1536	2048	2	492	58	0.00000
1536	2560	1	392	488	0.00000
1024	3584	1	96	376	6.06162
1024	3584	1	222	374	5.44328
1024	3584	1	490	210	5.39833
1536	3584	1	144	234	2.36474
1536	3584	1	194	406	0.00000
1024	3584	1	442	264	5.25940
1536	3584	1	426	386	5.48388
1536	3584	1	190	164	2.57063
1536	3584	1	326	56	4.30007
1536	3584	1	90	354	0.00000
1536	3584	1	58	132	1.92959
1024	3584	1	322	412	0.41765
1024	3584	1	196	158	0.56124
1024	3584	1	204	268	0.81044
1024	3584	1	68	136	2.63494
1536	3584	1	370	480	0.00000
1536	3072	1	280	482	0.00000
1536	3584	2	254	260	0.00000
1536	3584	2	250	366	0.00000
1536	3072	2	22	350	0.00000
1024	3072	2	492	304	0.00000
1536	3584	2	396	110	0.00000
1536	3584	2	10	50	0.00000
1024	3072	2	350	348	0.00000
1024	3584	1	118	62	6.15937
1024	3072	1	200	500	6.01356
1024	3072	1	316	510	3.97160
1024	3584	1	382	66	2.77085
1024	3584	2	298	82	0.00000
1024	3584	1	336	200	3.01643
1536	3584	2	250	148	0.00000
1536	3584	1	118	36	0.03073
1536	3072	1	170	454	5.87952
1024	3072	1	504	462	1.60868
1024	3072	1	264	428	1.85862
1024	3072	1	186	266	0.79074
1024	3072	1	268	326	0.00000
1536	3072	1	236	304	5.21749
1536	3072	1	290	388	1.19895
1536	3072	1	366	308	5.45680
1536	3072	1	476	364	2.83443
1536	3072	1	490	196	0.45284
1536	3072	1	412	176	3.74338
1536	3072	1	380	26	3.03489
1536	3072	1	294	176	3.33759
1024	3072	1	360	266	5.60638
1536	3072	1	78	248	1.68123
1536	3072	1	38	196	4.75599
1536	3072	1	246	94	3.01274
1536	3072	1	182	126	0.00000
1536	3072	1	108	112	1.08481
1536	3072	1	14	92	3.27677
1024	3072	1	442	144	3.22650
1024	3072	1	326	144	4.25753
1024	3072	2	374	86	0.00000
1024	3072	1	150	184	3.84075
1024	3072	1	86	152	0.45352
1024	3072	1	222	56	4.56553
1024	3072	1	66	308	1.90010
1024	3072	2	18	374	0.00000
2048	2048	1	432	296	1.36004
2048	2560	2	230	152	0.00000
2048	2560	2	162	140	0.00000
2048	2560	2	350	56	0.00000
2048	2048	2	498	60	0.00000
2048	2048	1	274	48	5.29970
2560	2048	1	26	180	3.00980
2560	2048	1	382	242	6.13356
2560	2048	1	258	300	1.91693
2560	2048	2	350	392	0.00000
2048	2048	1	180	76	5.70195
2048	2048	1	52	30	0.73617
2048	2048	1	86	96	1.73787
2048	2048	1	250	254	6.04537
2048	2048	1	32	160	5.61998
2048	2048	1	68	282	2.92055
2048	2048	1	118	182	0.05513
2048	2048	1	176	254	3.43667
2560	2048	1	500	148	0.99650
2560	2048	1	312	90	0.00000
2560	2048	1	224	102	0.01384
2560	2048	1	178	122	2.93994
2560	2048	1	80	374	5.24227
2048	2048	1	492	454	5.85811
2048	2048	1	360	400	2.14632
2048	2048	1	134	362	1.54715
2048	2048	1	344	484	5.07510
2048	2048	1	148	510	1.02890
2048	2048	1	96	460	4.23518
2560	2048	1	248	432	0.00000
2560	2560	1	30	82	1.49974
2560	2048	1	156	506	1.52066
2560	2048	1	356	490	3.38826
2560	2048	2	438	466	0.00000
2560	2560	1	408	58	0.68250
2560	2560	1	214	58	1.70232
2560	2560	1	298	154	2.30144
2560	2560	1	322	298	4.28259
2560	2560	1	106	300	4.86665
2560	2560	1	76	170	1.15132
2048	2560	1	410	240	3.15615
2048	2560	1	306	144	1.71552
2048	2560	1	238	38	2.56273
2048	2560	1	74	106	3.70582
2048	2560	1	144	292	0.00000
2048	2560	1	144	220	2.47636
2048	2560	1	274	250	1.93758
2048	2560	1	384	384	5.93373
2048	2560	2	322	424	0.00000
2048	2560	2	198	416	0.00000
2048	2560	2	446	330	0.00000
2560	2560	2	6	316	0.00000
2560	2560	1	202	182	3.80572
2560	2560	1	488	170	5.21343
2560	2560	1	24	416	0.78812
2560	2560	1	100	430	0.85953
2048	2560	1	306	512	4.23045
2048	2560	1	268	352	1.80616
2560	2560	1	438	394	1.92809
2560	2560	2	310	480	0.00000
2560	2560	2	462	325	0.00000
2560	2560	1	268	402	1.48782
2560	2560	1	226	494	2.68312
2048	2560	1	36	350	0.61609
2048	2560	1	46	428	4.12623
2048	2560	1	128	512	3.28907
2560	2560	1	496	512	0.00000
2560	2560	1	376	512	5.84183
2560	2048	1	512	458	4.01403
2048	2560	1	24	244	0.64334
3072	2560	1	208	110	0.00000
3072	2048	1	320	158	2.97644
3072	2048	1	458	222	5.15849
3584	2048	1	20	150	2.15880
3072	2048	1	444	40	5.29434
3584	2048	2	36	22	0.00000
3584	2048	2	226	2	0.00000
3584	2048	1	252	78	4.02194
3584	2048	1	144	126	0.00000
3072	2048	1	166	230	5.06396
3072	2048	1	204	132	1.29610
3072	2048	2	200	52	0.00000
3072	2048	2	116	46	0.00000
3072	2048	2	44	140	0.00000
3584	2048	2	384	114	0.00000
3584	2048	1	472	60	0.00000
3072	2048	1	418	348	2.76661
3072	2048	1	192	400	3.29066
3072	2048	1	312	402	4.28576
3584	2048	1	80	340	0.36670
3072	2048	1	508	400	3.14598
3584	2048	1	374	232	5.64773
3584	2048	1	170	238	4.87663
3072	2048	1	118	468	3.31681
3072	2048	2	20	426	0.00000
3072	2048	1	368	496	3.53964
3072	2560	1	288	92	3.02910
3072	2560	1	68	94	1.27823
3072	2560	1	124	168	0.71348
3072	2560	2	20	178	0.00000
3584	2048	1	204	350	5.22362
3584	2048	1	336	318	1.76185
3584	2048	1	472	390	4.85354
3584	2048	1	510	190	0.58455
3584	2048	1	478	308	1.69142
3584	2048	2	126	418	0.00000
3584	2048	1	152	466	4.39145
3584	2560	1	322	40	6.03474
3584	2560	1	188	26	4.13981
3584	2048	1	396	488	5.39128
3584	2048	1	510	482	5.50775
3584	2560	1	382	66	5.82535
3584	2560	2	502	108	0.00000
3584	2560	1	256	110	3.04512
3584	2560	1	340	216	4.85764
3072	2560	1	510	70	6.21759
3072	2560	1	442	40	2.70035
3584	2560	1	60	114	3.16522
3584	2560	1	172	158	4.45329
3072	2560	1	352	144	0.00000
3584	2560	1	276	322	6.12975
3072	2560	2	434	132	0.00000
3072	2560	2	460	180	0.00000
3584	2560	2	320	448	0.00000
3072	2560	2	166	492	0.00000
3072	2560	1	426	258	2.69307
3072	2560	1	310	234	2.61004
3072	2560	1	204	272	3.14972
3072	2560	1	124	416	0.17418
3072	2560	1	30	402	5.98895
3072	2560	1	258	388	1.52388
3072	2560	1	270	512	3.45118
3072	2560	1	384	438	0.47756
3584	2560	1	22	238	2.62589
3072	2560	1	508	384	3.89943
3584	2560	1	136	366	2.38204
3584	2560	2	128	250	0.00000
3584	2560	1	454	344	4.69191
3584	2560	1	512	270	0.39479
3584	2560	1	360	302	0.84814
3584	2560	2	212	316	0.00000
3584	2560	1	260	464	5.88031
3584	2560	1	380	462	0.00000
3584	2560	1	488	484	5.79548
3584	2560	1	154	478	2.00085
3584	2560	2	32	512	0.00000
3584	3072	2	350	320	0.00000
3072	3072	1	274	28	3.20845
3072	3072	1	394	66	6.00922
3072	3072	1	150	208	2.87108
3584	3072	1	162	60	4.36240
3584	3072	1	258	178	5.31468
3584	3072	1	148	164	0.52328
3584	3072	1	64	154	2.79766
3584	3072	1	78	298	6.08341
3072	3072	1	510	266	3.33899
3072	3072	1	146	34	0.14708
3072	3072	1	76	306	2.95312
3072	3072	1	232	310	3.44145
3072	3072	1	144	346	3.20767
3072	3584	1	154	38	2.06568
3072	3072	1	234	480	0.00000
3072	3072	1	436	386	2.80983
3072	3072	1	422	268	4.05254
3072	3072	1	330	410	3.36936
3072	3584	1	84	100	4.80886
3072	3072	1	64	418	5.11309
3072	3584	1	220	178	1.33056
3584	3072	1	180	438	1.39468
3584	3584	1	112	62	3.92130
3584	3584	1	274	12	0.69307
3584	3072	1	466	106	0.54678
3584	3072	1	392	74	6.09079
3072	3072	1	368	502	4.47289
3072	3584	1	380	56	4.70338
3072	3584	1	304	120	5.63415
3584	3584	1	78	214	6.09966
3072	3584	1	496	144	5.01161
3584	3072	1	418	492	5.89085
3072	3584	1	94	200	2.27962
3072	3584	1	92	328	1.29976
3072	3584	1	252	250	4.35940
3584	3584	1	240	130	0.55603
3072	3584	1	344	306	0.17578
3072	3584	1	40	486	0.00000
3072	3584	1	500	268	0.26625
3072	3584	1	396	248	5.80515
3072	3584	1	136	444	1.33219
3072	3584	1	242	334	2.01959
3584	3584	1	208	258	5.87470
3584	3584	1	166	120	0.50605
3072	3584	1	490	54	5.47360
3584	3584	1	274	218	2.96085
3584	3584	1	146	474	3.57117
3584	3584	1	334	102	3.07857
3584	3584	1	398	138	3.49458
3584	3072	1	252	278	2.06508
3584	3072	1	194	346	2.49578
3584	3072	1	294	376	6.02951
3584	3072	1	418	334	0.72664
3584	3072	1	314	76	2.13249
3584	3072	2	358	184	0.00000
3584	3072	1	346	252	1.42890
3072	3584	1	418	172	5.35287
3584	3584	1	454	280	0.95423
3584	3584	1	2	350	4.24215
3584	3584	1	274	388	0.04594
3584	3584	1	340	410	0.12147
3072	3584	1	158	386	1.41238
3072	3072	1	22	164	3.63304
3584	3072	1	42	26	4.82008
3584	3072	1	512	358	2.49781
3584	3584	1	484	408	1.88124
3584	3584	1	26	478	5.00751
3072	3584	1	266	466	3.62200
3584	3584	1	506	498	5.61722
3584	3584	1	108	366	5.03233
3584	3072	1	36	402	0.00000
3584	3072	1	46	506	1.46406
3072	3072	1	340	262	2.98937
3072	3584	1	22	2	6.12924
3072	3584	1	170	488	1.11493
3072	3584	1	354	500	5.09592
3584	3584	1	230	488	0.44211
2560	3584	1	244	512	0.00000
2048	3584	1	282	220	0.58800
2048	3584	1	218	176	1.27693
2048	3584	1	368	242	0.77984
2560	3584	1	254	180	0.00000
2048	3584	1	136	468	0.00000
2048	3584	1	18	250	4.73708
2048	3584	1	446	450	0.77069
2560	3584	1	200	400	3.97497
2560	3584	1	330	416	0.37691
2560	3584	1	478	254	1.15355
2048	3584	1	446	314	0.00000
2560	3584	1	16	488	3.42706
2048	3584	1	296	468	0.00000
2560	3584	1	48	278	5.76109
2560	3584	1	164	270	2.01690
2048	3584	1	58	420	0.71115
2048	3584	1	356	386	0.00000
2048	3584	1	172	308	2.13121
2560	3584	1	142	460	5.99487
2560	3584	1	470	406	2.53704
2560	3072	1	124	216	2.40878
2048	3584	1	394	110	2.36202
2560	3584	1	458	152	5.21949
2560	3584	1	372	224	2.26800
2560	3584	1	342	296	5.61071
2048	3584	1	226	480	3.38362
2048	3584	1	280	366	0.59375
2048	3584	1	106	88	0.92211
2560	3584	1	510	362	2.13978
2560	3584	1	38	134	0.63306
2048	3584	1	512	68	0.63939
2048	3584	1	256	14	0.00000
2048	3072	2	70	408	0.00000
2048	3072	2	180	484	0.00000
2048	3072	2	192	314	0.00000
2560	3072	2	146	78	0.00000
2560	3072	2	224	124	0.00000
2560	3072	2	348	236	0.00000
2560	3072	2	248	500	0.00000
2560	3072	2	152	384	0.00000
2560	3072	2	362	454	0.00000
2048	3072	1	340	472	3.38459
2048	3072	1	460	492	3.78312
2560	3072	1	80	434	0.85012
2560	3072	1	148	506	4.07836
2560	3584	1	208	98	1.95739
2560	3584	1	324	138	0.00000
2560	3584	1	172	178	5.33741
2560	3072	1	486	288	0.88009
2560	3584	1	400	30	1.43664
2560	3072	1	508	500	5.92841
2560	3072	1	436	380	1.40565
2560	3072	1	368	308	1.31398
2560	3072	1	262	280	3.79267
2560	3072	1	270	160	3.93025
2048	3072	1	468	370	5.09193
2560	3072	1	40	318	4.94443
2048	3072	1	386	252	1.94936
2048	3072	1	318	346	1.22483
2048	3072	1	116	370	5.44167
2560	3072	1	476	30	0.00000
2560	3072	1	384	36	0.00000
2560	3072	1	238	16	2.82165
2560	3072	1	512	178	4.21704
2048	3072	1	400	34	4.96135
2048	3072	1	508	170	2.68171
2048	3072	1	246	114	4.84475
2048	3072	1	344	190	1.40565
2048	3072	1	110	228	3.57355
2048	3072	1	38	292	0.30588
2048	3072	1	62	54	2.91479
2048	3072	1	124	36	3.21587
2048	3584	2	142	220	0.00000
