1024	2048	1	52	156	3.77318
1024	2048	2	200	84	0.00000
1024	2048	2	262	24	0.00000
1024	2048	1	414	74	2.58432
1536	2048	2	16	29	0.00000
1024	2048	1	498	238	3.48661
1536	2048	1	102	66	0.60644
1536	2048	1	240	26	6.04793
1536	2048	1	360	48	4.63753
1536	2048	2	494	61	0.00000
1536	2048	1	222	140	0.00000
1536	2048	1	330	144	4.95035
1536	2048	1	472	198	3.51682
1536	2048	1	328	296	2.52064
1536	2048	1	512	282	0.30487
1536	2048	1	70	430	6.02755
1024	2048	1	242	350	0.58110
1024	2048	1	22	326	5.62072
1024	2048	1	172	462	2.52089
1024	2560	1	266	40	1.04240
1024	2560	1	474	62	1.91300
1536	2048	2	268	347	0.00000
1536	2560	1	192	24	3.45288
1536	2048	1	312	490	3.74761
1536	2560	1	430	22	3.09718
1536	2560	1	92	92	0.60555
1024	2560	1	206	146	4.22757
1024	2560	1	96	206	5.65902
1024	2560	1	256	228	1.41922
1536	2560	1	140	188	0.16591
1536	2560	1	314	112	4.28603
1536	2560	1	28	216	2.07426
1024	2560	1	456	256	2.15491
1024	2560	1	304	300	4.55294
1536	2560	1	254	226	6.00116
1536	2560	1	338	242	0.18080
1536	2560	1	428	246	3.46066
1536	2560	1	194	320	3.01601
1536	2560	1	298	372	1.11725
1024	2560	1	112	332	2.56986
1024	2560	2	170	288	0.00000
1024	2560	1	238	390	1.39287
1536	2560	1	46	362	2.02320
1536	2560	1	488	354	1.27425
1536	2560	1	398	426	1.99742
1536	2560	1	204	464	2.60735
1024	2560	1	468	452	2.72353
1536	2560	1	66	442	5.02933
1024	2560	1	24	372	0.38288
1024	2560	2	144	502	0.00000
1024	2560	2	260	498	0.00000
1024	2560	1	374	500	4.70949
1536	2560	1	106	506	1.39127
1024	2560	2	344	446	0.00000
1536	2048	2	512	441	0.00000
1024	3072	1	124	468	0.00000
1024	3072	1	50	492	0.00000
1536	3584	2	472	106	0.00000
1024	3072	1	444	256	6.20228
1024	3072	1	32	228	6.27262
1024	3072	1	94	104	0.43908
1024	3072	1	178	92	3.58430
1024	3584	1	62	202	5.84828
1024	3584	1	36	292	3.28099
1024	3072	1	270	200	0.34890
1024	3072	1	332	290	0.23628
1024	3072	1	188	224	3.64110
1024	3072	1	94	280	3.45001
1024	3072	1	262	52	3.14666
1024	3072	1	144	16	3.33832
1024	3072	1	376	12	1.70191
1024	3072	1	218	338	0.91268
1024	3072	1	230	426	3.86192
1024	3072	1	288	502	0.61108
1024	3584	1	204	114	5.21026
1024	3072	1	408	502	2.19929
1024	3072	1	466	452	2.15933
1024	3072	1	478	390	1.28049
1536	3072	1	50	302	0.90650
1536	3072	1	32	118	1.87624
1536	3072	1	70	56	1.87708
1024	3584	1	134	372	1.19445
1024	3584	1	286	438	0.65205
1024	3584	1	452	474	5.93242
1536	3584	1	68	438	0.00000
1024	3584	1	48	516	2.23400
1536	3584	1	130	438	0.00000
1536	3072	2	370	454	0.00000
1536	3584	1	214	438	0.63584
1536	3584	1	292	498	0.00000
1536	3584	1	386	402	5.44807
1536	3584	1	394	336	2.38371
1536	3584	1	506	418	5.87829
1536	3584	1	2	350	1.25920
1024	3584	1	162	208	5.05027
1024	3584	1	344	132	1.37372
1024	3584	1	320	206	4.92016
1024	3584	1	396	280	1.48922
1024	3584	1	484	68	3.53444
1536	3584	1	50	108	3.66840
1536	3584	2	32	210	0.00000
1536	3584	1	114	204	5.51731
1536	3584	1	262	284	2.71812
1536	3584	1	452	266	4.60412
1536	3584	1	230	160	1.13137
1536	3584	1	402	156	5.01319
1536	3072	1	82	474	5.61563
1536	3072	1	176	444	5.30234
1536	3072	1	278	408	5.62334
1536	3584	1	292	6	2.10728
1536	3584	1	422	24	3.49612
1536	3072	1	368	90	5.54095
1536	3072	1	462	56	5.32085
1536	3072	1	148	314	4.35362
1536	3072	1	122	212	4.70034
1536	3072	1	200	96	2.82562
1536	3072	1	282	126	3.07706
1536	3072	1	294	280	0.70339
1536	3072	1	394	352	2.34969
1536	3072	1	412	228	5.39379
1536	3072	1	512	160	0.83082
2048	2048	1	84	52	2.12601
2048	2048	1	192	66	4.10567
2048	2048	1	314	46	1.13085
2048	2048	1	468	36	5.03772
2048	2048	1	344	148	3.90764
2048	2048	1	34	246	0.29246
2048	2048	1	228	324	2.67255
2048	2048	1	298	270	5.60023
2048	2048	1	460	342	6.06564
2048	2048	1	510	224	2.05997
2560	2048	1	108	240	5.82855
2560	2048	1	58	122	3.39415
2560	2048	1	192	76	0.00000
2560	2048	1	196	226	3.46797
2560	2048	1	312	86	0.04835
2560	2048	1	430	104	1.94852
2560	2048	1	416	20	4.32075
2048	2048	1	74	438	1.23162
2048	2048	1	380	458	4.63849
2560	2048	1	58	360	4.68038
2560	2048	1	250	364	0.69149
2560	2048	1	368	262	3.73438
2560	2048	1	462	258	0.40000
2560	2048	1	512	38	5.61759
2048	2560	1	138	48	2.82691
2048	2560	1	38	78	3.40346
2048	2560	2	354	50	0.00000
2048	2560	2	408	50	0.00000
2048	2560	2	168	150	0.00000
2048	2560	2	224	148	0.00000
2048	2560	2	318	210	0.00000
2560	2560	2	24	158	0.00000
2560	2560	1	26	22	3.58285
2048	2560	1	414	152	4.31041
2048	2560	1	284	104	4.78666
2560	2560	1	200	26	2.15075
2560	2048	1	346	422	1.24695
2560	2048	1	482	472	0.00000
2560	2560	1	402	66	4.20907
2560	2560	1	296	108	3.32470
2560	2560	1	442	144	0.98125
2560	2560	1	184	184	1.64518
2048	2560	1	156	276	1.75226
2048	2560	1	266	388	3.14540
2048	2560	2	194	414	0.00000
2048	2560	2	322	424	0.00000
2560	2560	2	18	492	0.00000
2560	2560	1	512	174	1.84740
2048	2560	1	402	244	0.56622
2048	2560	1	76	388	0.62166
2048	2560	1	26	344	0.80143
2048	2560	2	168	364	0.00000
2048	2560	1	160	512	0.66669
2048	2560	1	470	454	1.17713
2048	2560	2	430	332	0.00000
2560	2560	1	24	298	5.39249
2560	2560	1	204	338	5.44713
2560	2560	1	336	270	2.03975
2560	2560	2	458	330	0.00000
2560	2560	1	512	344	3.16082
2560	2560	1	278	430	4.62710
2560	2560	1	140	412	4.75306
2560	2560	1	410	452	3.90883
2560	2560	1	346	2	4.60922
2560	2560	2	310	484	0.00000
2048	2560	2	290	480	0.00000
3072	2048	1	62	106	6.01239
3072	2048	1	118	212	3.62940
3072	2048	1	188	36	3.46842
3584	2048	1	450	56	0.00000
3584	2048	1	224	92	4.09097
3584	2048	1	384	86	0.00000
3584	2560	1	150	360	0.00000
3072	2048	1	452	118	4.74057
3072	2048	1	296	114	4.63703
3072	2048	1	504	218	1.79781
3584	2048	1	138	114	6.22706
3584	2048	1	126	270	2.48196
3584	2048	1	210	244	3.02887
3584	2048	1	352	226	5.24903
3072	2048	1	234	224	5.53226
3072	2048	1	412	356	2.36513
3072	2048	1	356	208	3.32019
3584	2048	1	20	306	1.89459
3584	2048	1	86	386	1.29135
3584	2048	1	296	372	2.51764
3072	2048	1	102	328	3.56949
3072	2048	1	272	448	1.31508
3072	2048	1	502	456	4.65902
3072	2048	1	394	456	3.10278
3072	2560	1	98	2	1.93136
3072	2560	1	72	102	1.63638
3072	2560	2	156	72	0.00000
3072	2560	2	250	22	0.00000
3072	2048	2	320	512	0.00000
3072	2560	2	470	190	0.00000
3584	2048	1	128	472	0.00000
3584	2048	1	244	494	1.35654
3584	2048	1	386	508	3.55711
3072	2560	1	156	278	3.04444
3072	2560	1	454	72	2.25424
3584	2560	1	12	32	2.19475
3584	2560	1	302	144	0.61385
3584	2560	1	118	184	5.54603
3584	2560	1	38	206	5.73978
3584	2560	1	196	110	2.79324
3584	2048	2	512	472	0.00000
3584	2560	2	390	246	0.00000
3072	2560	1	42	224	2.57774
3584	2560	1	388	410	2.73344
3072	2560	1	110	336	6.11800
3584	2560	1	470	470	5.12262
3584	2560	1	462	372	3.09401
3584	2560	1	512	372	3.08643
3584	2560	1	462	138	2.81984
3584	2560	1	286	256	2.57967
3072	2560	1	318	266	2.51462
3072	2560	1	400	196	3.25330
3072	2560	1	214	106	0.69419
3584	2560	1	168	458	5.13544
3584	2560	1	258	388	2.18205
3584	2560	1	338	512	5.52698
3072	2560	1	492	292	1.56335
3072	2560	1	454	386	5.94389
3072	2560	1	360	376	2.72918
3072	2560	1	212	494	0.92785
3072	2560	1	320	472	2.81984
3072	2560	1	42	480	3.43371
3072	2560	2	182	424	0.00000
3072	2560	1	360	88	5.88160
3072	2560	1	248	364	3.56024
3072	3072	1	214	188	0.00000
3072	3072	1	460	178	0.79582
3072	3072	1	408	88	5.96312
3072	3072	1	88	66	1.07326
3072	3072	2	180	26	0.00000
3072	3072	2	282	78	0.00000
3072	3072	1	110	192	4.01176
3072	3584	1	56	30	2.38859
3072	3072	1	108	492	2.35904
3072	3072	2	32	398	0.00000
3584	3072	1	122	66	3.99830
3584	3072	1	286	56	4.91926
3584	3072	1	446	66	4.01951
3072	3072	1	340	210	1.10715
3072	3072	1	224	334	2.28254
3072	3072	1	138	388	2.18992
3072	3072	1	338	294	1.86944
3584	3072	1	206	114	1.20936
3584	3072	1	26	246	1.10072
3584	3072	1	360	172	6.04817
3584	3072	1	438	182	0.59010
3584	3072	2	512	140	0.00000
3584	3072	2	512	278	0.00000
3584	3072	2	512	340	0.00000
3584	3072	2	426	362	0.00000
3072	3072	1	332	408	4.22656
3072	3072	1	448	382	3.33677
3072	3072	2	438	258	0.00000
3072	3072	2	242	454	0.00000
3072	3584	1	296	98	3.93582
3584	3072	1	180	336	1.98782
3584	3072	1	52	456	2.95254
3584	3072	2	6	406	0.00000
3584	3072	1	280	316	2.89690
3584	3072	1	208	404	1.86251
3584	3584	1	188	54	0.00435
3072	3072	1	478	508	4.17886
3072	3584	1	370	30	2.35619
3584	3584	1	66	44	1.32877
3584	3072	1	142	456	5.08538
3584	3072	1	178	194	3.97061
3584	3072	1	348	464	1.85774
3584	3584	1	266	8	5.67065
3584	3584	1	402	2	1.79795
3584	3584	1	466	68	2.32988
3584	3072	1	478	464	1.72310
3072	3072	2	506	30	0.00000
3584	3584	1	370	130	0.44865
3584	3584	1	284	136	3.63454
3072	3584	1	56	136	1.01536
3072	3584	1	64	194	1.31871
3072	3584	1	194	150	2.64356
3584	3584	1	2	122	1.65922
3584	3584	1	452	170	1.16067
3584	3584	1	422	262	2.83571
3584	3584	1	34	204	1.09473
3584	3584	1	218	252	2.31977
3584	3584	1	154	270	2.15107
3584	3584	2	50	298	0.00000
3072	3584	1	310	228	1.89478
3072	3584	1	126	272	0.00000
3072	3584	2	18	300	0.00000
3072	3584	1	448	356	0.97283
3072	3584	1	324	332	2.68974
3072	3584	1	224	298	4.50130
3584	3584	1	134	412	5.34067
3584	3584	2	434	390	0.00000
3584	3584	2	322	468	0.00000
3584	3584	2	438	470	0.00000
3584	3584	2	512	450	0.00000
3072	3584	1	214	404	0.69443
3584	3584	2	14	440	0.00000
3584	3584	1	206	376	2.19943
3072	3584	1	104	448	0.92189
3072	3584	1	298	454	0.38832
3072	3584	2	28	386	0.00000
3072	3584	2	18	486	0.00000
3072	3584	2	436	472	0.00000
3584	3584	1	282	332	2.08185
2048	3072	2	162	482	0.00000
2560	3072	2	98	234	0.00000
2560	3072	2	352	252	0.00000
2560	3072	2	242	150	0.00000
2560	3072	2	132	76	0.00000
2048	3584	1	136	436	0.58634
2048	3584	1	228	452	0.00000
2048	3584	1	196	242	0.00000
2048	3584	1	258	248	0.00000
2048	3584	1	418	416	0.00000
2048	3584	1	362	342	0.51573
2048	3584	1	480	472	0.93429
2048	3584	1	476	280	5.59012
2560	3584	1	32	380	0.87811
2560	3584	1	194	328	3.53497
2560	3584	1	228	452	0.00000
2560	3584	1	304	360	4.53614
2560	3584	1	428	238	2.87602
2560	3584	1	480	278	5.90365
2048	3584	1	66	92	0.78540
2048	3584	1	196	106	5.09601
2048	3584	1	68	224	3.59011
2048	3584	1	424	180	1.13820
2560	3584	1	136	244	1.20362
2560	3584	1	312	254	0.55761
2560	3584	1	274	180	0.56437
2560	3584	1	424	454	4.44838
2560	3584	1	454	354	2.18405
2048	3584	1	334	182	3.58994
2560	3584	1	18	208	1.57996
2560	3584	1	448	114	2.60015
2560	3584	1	364	100	2.96857
2560	3584	1	468	26	3.25037
2560	3072	2	354	446	0.00000
2048	3584	1	390	72	2.50601
2560	3584	1	8	86	1.23974
2560	3584	1	112	140	2.14062
2560	3584	1	180	84	3.04975
2560	3584	1	84	10	1.35772
2560	3072	1	228	480	3.15598
2560	3584	1	284	26	3.76868
2560	3072	1	386	304	0.18273
2048	3072	1	372	404	0.41965
2048	3072	1	308	372	3.64464
2048	3072	1	206	366	4.49703
2048	3072	1	468	390	5.61471
2048	3072	1	446	482	2.47610
2560	3072	1	46	406	2.72732
2560	3072	2	116	416	0.00000
2560	3072	1	236	346	1.28717
2560	3072	1	458	384	3.66093
2560	3072	1	480	242	0.05665
2048	3072	1	56	140	0.43309
2048	3072	1	76	316	3.75820
2048	3072	1	246	216	5.13902
2048	3072	1	198	96	0.49642
2048	3072	1	120	62	4.10684
2048	3072	1	298	100	5.84382
2048	3072	1	376	258	4.95965
2048	3072	1	488	214	2.27714
2560	3072	1	142	196	5.68090
2560	3072	1	360	200	1.32035
2560	3072	1	320	142	1.25486
2048	3072	1	412	56	1.12092
2560	3072	1	26	92	4.59732
2560	3072	1	196	84	3.01724
2560	3072	1	264	68	5.81954
2560	3072	1	366	72	5.15966
2048	3584	2	336	450	0.00000
