1536	2560	1	392	430	1.94169
1536	2560	1	196	402	2.73910
1536	2560	1	76	426	5.32167
1024	2560	1	494	462	1.77192
1536	2560	1	436	512	4.22549
1536	2560	1	86	512	0.94747
1024	2560	1	356	376	4.56998
1024	2560	1	240	450	2.71039
1024	2560	1	158	486	2.80797
1024	2560	1	28	432	2.06012
1024	2560	1	120	368	0.99649
1024	2560	1	84	172	6.12009
1024	2560	1	266	228	4.85694
1024	2560	1	438	276	1.42890
1024	2560	1	210	288	1.97377
1536	2560	1	36	286	0.00000
1024	2560	1	484	150	6.10223
1536	2560	1	226	330	1.96895
1536	2560	1	330	338	3.57418
1536	2560	1	274	248	5.97439
1536	2560	2	476	414	0.00000
1024	2560	1	194	134	4.15336
1536	2560	1	162	196	0.00000
1536	2560	1	84	122	1.12469
1536	2560	1	476	148	0.00000
1536	2560	1	242	120	3.61262
1536	2048	1	198	490	2.84705
1536	2560	1	92	28	1.40110
1024	2048	1	488	500	3.81979
1024	2560	1	404	102	2.72474
1536	2048	1	428	372	4.10713
1536	2048	1	346	484	4.05604
1536	2048	1	198	372	0.70521
1536	2048	1	462	420	4.11010
1536	2048	1	232	302	1.64478
1536	2048	1	184	220	1.41961
1536	2048	1	388	232	3.17770
1536	2048	1	488	238	5.74895
1536	2048	1	408	50	0.54723
1536	2048	1	330	94	0.00000
1536	2048	1	226	126	6.07286
1536	2048	1	196	44	4.16464
1536	2048	1	108	26	0.43414
1536	2048	1	30	0	0.42993
1024	2048	1	462	0	0.23384
1024	2048	1	266	0	0.00000
1024	2048	1	286	98	4.40492
1024	2048	1	196	64	0.23116
1024	2048	1	232	184	2.01035
1024	2048	1	456	238	3.01104
1024	2048	1	124	262	3.10827
1024	2048	1	42	420	0.61224
1024	2048	1	230	350	0.43309
1024	2048	1	240	470	4.34998
1024	2560	1	260	38	1.12207
1024	2560	1	54	102	1.50614
1536	2560	2	274	461	0.00000
1024	2560	2	352	450	0.00000
1024	2560	2	10	326	0.00000
1536	2048	2	502	69	0.00000
1024	3072	1	116	186	0.88378
1024	3072	1	172	226	0.98279
1024	3072	1	88	48	2.36181
1024	3072	1	168	4	6.01917
1024	3072	1	276	144	5.40511
1024	3072	1	412	88	3.57042
1024	3072	1	448	216	4.13601
1024	3072	1	512	108	2.71121
1536	3072	1	50	38	4.25296
1024	3072	1	206	388	6.10007
1024	3072	1	76	334	0.89363
1024	3584	1	206	24	5.88597
1024	3584	1	116	64	5.89693
1024	3584	1	34	124	0.11866
1024	3072	1	60	460	0.19313
1024	3072	2	148	406	0.00000
1024	3584	1	368	72	2.56047
1024	3584	2	312	96	0.00000
1024	3072	1	274	426	5.75616
1024	3072	1	242	270	0.29146
1024	3072	1	298	318	0.18711
1024	3072	1	392	304	5.52672
1536	3072	1	36	336	2.37963
1536	3072	1	66	280	5.31071
1536	3072	1	130	196	4.42289
1536	3072	1	118	76	3.73932
1536	3072	1	174	112	0.62880
1536	3072	1	250	102	3.27130
1536	3072	1	368	110	2.97558
1536	3072	1	452	106	3.72701
1536	3584	1	78	14	5.33971
1536	3072	1	168	414	5.60439
1536	3072	1	194	292	5.37343
1024	3072	1	476	454	2.78165
1024	3072	1	400	480	2.42558
1024	3584	1	340	190	3.57026
1024	3584	1	220	204	5.68674
1024	3584	1	136	274	3.12481
1536	3584	1	216	68	5.63211
1536	3072	1	78	442	2.12706
1024	3072	2	500	378	0.00000
1536	3072	1	408	422	1.63552
1536	3072	1	430	262	5.85533
1536	3072	1	294	494	3.63711
1536	3584	1	396	248	1.42090
1536	3584	1	340	168	2.23412
1536	3584	2	404	124	0.00000
1536	3584	2	470	118	0.00000
1536	3584	1	66	144	2.53034
1536	3584	2	14	52	0.00000
1024	3072	2	362	64	0.00000
1024	3072	1	20	100	2.37866
1536	3584	2	258	262	0.00000
1536	3584	2	264	368	0.00000
1024	3584	1	490	212	5.60413
1024	3584	1	420	294	4.67241
1024	3584	1	260	330	1.06717
1024	3584	1	280	442	4.74097
1024	3584	1	154	446	0.34155
1024	3584	1	46	516	2.19763
1536	3584	1	86	316	0.59457
1536	3584	2	190	322	0.00000
1536	3584	1	200	418	0.38056
1536	3584	1	244	508	0.68232
1536	3584	1	354	496	6.24558
1536	3584	1	432	396	6.05209
1024	3072	1	0	276	3.73183
1536	3072	1	512	496	5.86926
1536	3072	1	482	10	1.50503
2560	2048	1	76	360	5.43186
2560	2560	1	400	288	0.09332
2560	2560	2	466	325	0.00000
2560	2560	2	312	485	0.00000
2048	2048	1	480	108	6.09035
2048	2048	1	358	112	0.56361
2048	2048	1	190	138	5.24333
2048	2048	1	74	114	5.78847
2048	2048	1	278	50	4.93216
2560	2048	1	24	32	4.26691
2560	2048	1	166	56	4.00571
2560	2048	1	218	128	0.00000
2560	2048	1	62	206	2.60041
2560	2048	1	304	100	0.00000
2560	2048	1	414	120	4.40328
2560	2048	1	512	194	1.63323
2560	2048	1	392	240	0.00000
2560	2048	1	252	226	0.82249
2048	2048	1	252	288	0.00000
2048	2048	1	72	208	4.90415
2048	2048	1	90	304	5.09690
2048	2048	1	146	386	1.89083
2560	2048	2	291	399	0.00000
2560	2048	2	356	389	0.00000
2048	2048	1	462	362	5.78786
2560	2048	1	254	340	4.70346
2560	2048	1	510	330	4.26605
2560	2048	1	512	444	3.80446
2560	2560	1	398	14	4.43074
2560	2560	1	272	2	3.16910
2560	2048	1	174	426	0.00000
2560	2560	1	158	40	2.28125
2560	2560	1	510	24	1.18709
2560	2560	1	508	102	1.34735
2048	2048	1	438	460	2.07659
2048	2560	1	374	4	5.51178
2048	2048	1	268	490	2.68639
2048	2560	1	122	2	2.83606
2048	2560	1	248	102	1.38257
2048	2560	1	74	98	3.76098
2048	2560	2	138	93	0.00000
2048	2560	2	166	153	0.00000
2048	2560	2	230	157	0.00000
2560	2560	1	46	148	2.67097
2048	2560	1	412	130	4.64479
2560	2560	1	172	190	0.76017
2560	2560	1	326	208	2.90999
2560	2560	1	146	286	6.03968
2048	2560	1	496	238	5.17808
2048	2560	1	368	234	1.01476
2048	2560	1	264	234	0.80467
2048	2560	1	328	352	2.28958
2048	2560	1	222	360	2.36935
2048	2560	1	72	332	1.44823
2560	2560	1	212	340	3.79454
2560	2560	1	274	378	3.66196
2560	2560	1	396	460	3.39381
2048	2560	1	170	458	4.47860
2560	2560	1	84	426	5.47444
2560	2560	1	210	446	5.93777
2048	2560	1	328	512	5.72166
2048	2560	1	84	408	4.25574
2048	2560	2	506	324	0.00000
2048	2560	2	434	328	0.00000
2048	2560	1	452	512	0.00000
2560	2560	1	506	386	0.35486
2048	2560	2	308	418	0.00000
3584	2560	1	482	464	5.55552
3584	2560	1	400	392	2.77375
3584	2560	2	394	512	0.00000
3584	2560	2	352	456	0.00000
3584	2560	1	512	374	4.03095
3584	2560	1	488	288	4.21216
3584	2560	1	252	458	1.82337
3584	2560	2	278	512	0.00000
3584	2560	1	140	512	2.33992
3584	2560	1	4	424	5.61309
3072	2560	1	460	502	5.45158
3584	2560	1	152	400	1.89921
3584	2560	2	219	333	0.00000
3584	2560	1	304	332	6.03398
3584	2560	1	418	190	6.25697
3584	2560	1	250	230	4.12691
3584	2560	1	328	204	5.56641
3072	2560	1	338	492	0.75126
3584	2560	1	48	386	2.88089
3584	2560	1	150	270	5.67267
3584	2560	1	80	286	2.43051
3072	2560	1	400	374	5.65673
3072	2560	1	80	452	3.51769
3072	2560	1	220	332	4.07668
3072	2560	1	498	282	3.48060
3072	2560	1	424	254	3.11048
3072	2560	1	328	238	2.46325
3072	2560	1	36	352	1.38621
3072	2560	1	160	512	0.00000
3072	2560	1	36	268	1.74987
3072	2560	1	60	210	2.13248
3072	2560	1	58	122	2.11885
3072	2560	1	56	22	1.18042
3072	2048	1	110	454	2.19658
3072	2048	1	10	426	3.85767
3072	2048	1	18	328	4.64231
3072	2048	1	22	212	1.91916
3072	2560	1	160	168	5.75388
3072	2560	1	262	116	5.39937
3072	2560	1	162	40	1.10942
3072	2048	1	248	474	1.45710
3072	2560	1	362	148	0.01457
3584	2560	1	490	94	5.21179
3072	2560	2	464	182	0.00000
3072	2560	2	440	128	0.00000
3584	2048	1	488	456	1.95374
3584	2048	1	458	318	5.78521
3584	2048	1	366	506	4.21509
3584	2560	1	182	170	4.60553
3584	2560	1	170	106	4.64313
3584	2560	1	46	116	3.88341
3072	2560	1	490	58	0.26193
3584	2048	1	90	512	4.60320
3584	2048	1	104	430	5.00801
3584	2048	1	134	360	4.84578
3072	2560	1	356	2	3.69911
3072	2560	2	418	42	0.00000
3072	2048	1	500	456	3.58407
3072	2048	1	394	410	1.19294
3072	2048	1	442	310	4.54057
3072	2048	1	280	340	3.33867
3072	2048	1	184	394	2.85648
3072	2048	1	118	258	0.12655
3584	2048	1	304	362	5.34511
3584	2048	1	352	236	5.61255
3584	2048	1	240	76	3.97521
3584	2048	1	482	68	0.00000
3584	2048	1	280	244	1.96613
3584	2048	1	22	220	3.48585
3584	2048	1	132	232	4.54699
3584	2048	1	130	96	5.82495
3584	2048	1	382	122	4.91844
3584	2048	1	46	22	0.59611
3072	2048	1	380	184	4.90205
3072	2048	1	508	136	3.67827
3072	2048	1	122	14	3.98521
3072	2048	1	200	22	3.77218
3072	2048	1	220	104	4.15065
3072	2048	1	406	30	4.93730
3072	2048	1	312	238	5.04547
3072	3072	1	160	46	0.00000
3072	3072	1	418	74	6.05260
3072	3072	1	508	26	5.26795
3584	3072	2	176	35	0.00000
3584	3072	2	248	33	0.00000
3584	3072	1	356	68	6.10325
3072	3584	1	430	68	4.71483
3072	3584	1	422	138	4.66188
3072	3072	1	184	152	0.26774
3072	3072	1	314	190	2.71557
3072	3072	2	248	253	0.00000
3072	3072	1	46	174	3.48848
3072	3072	1	124	272	2.53237
3072	3072	1	494	272	3.65967
3072	3072	1	510	134	3.87532
3584	3072	1	94	106	0.00000
3584	3072	1	240	118	1.28704
3072	3072	1	162	372	4.74739
3072	3072	1	66	418	5.22712
3072	3072	1	142	510	1.82372
3072	3072	1	254	510	0.46590
3072	3072	1	370	374	4.28204
3072	3072	1	462	408	1.61975
3072	3584	1	126	106	3.84962
3072	3072	1	18	504	5.87583
3072	3584	1	40	94	4.12582
3584	3072	1	134	296	5.50302
3584	3072	1	92	334	5.21805
3584	3072	1	72	384	5.33953
3584	3072	2	150	419	0.00000
3584	3072	1	274	188	5.02763
3584	3072	1	410	222	3.55288
3584	3072	1	284	258	1.30445
3584	3072	2	344	310	0.00000
3584	3072	2	290	412	0.00000
3584	3072	1	220	344	3.95158
3584	3072	1	360	436	1.10462
3584	3072	1	484	464	1.10737
3584	3584	2	352	8	0.00000
3584	3584	1	426	72	0.24442
3584	3584	2	512	94	0.00000
3072	3072	1	468	508	1.10077
3584	3584	2	76	14	0.00000
3072	3584	1	288	68	3.53390
3584	3584	1	102	102	4.18201
3584	3072	1	252	490	2.19069
3584	3584	1	242	52	2.03333
3584	3584	1	220	116	3.54743
3584	3584	1	264	206	0.16806
3584	3584	1	124	192	2.98162
3584	3584	1	196	240	3.07669
3072	3072	1	290	294	0.00000
3584	3072	1	450	298	3.70642
3072	3584	1	62	196	2.30092
3072	3584	1	182	142	1.55665
3072	3584	1	318	180	4.00824
3584	3584	1	12	172	4.33529
3584	3584	1	472	274	2.17841
3072	3584	2	229	239	0.00000
3072	3584	2	172	222	0.00000
3072	3584	1	316	286	2.36303
3072	3584	1	446	352	0.49771
3072	3584	1	124	312	0.89109
3072	3584	1	272	362	1.87006
3072	3584	1	32	274	2.57713
3072	3584	1	32	478	0.68776
3072	3584	1	110	470	5.88096
3072	3584	1	300	426	1.34676
3072	3584	1	198	482	1.06097
3072	3584	1	434	476	0.00000
3584	3584	1	116	426	0.33973
3584	3584	1	318	446	5.83354
2560	3584	1	360	464	2.70592
2560	3584	1	268	482	5.70980
2048	3584	1	96	458	0.00000
2048	3584	1	28	350	0.46273
2048	3584	2	59	247	0.00000
2560	3584	2	11	512	0.00000
2560	3584	1	480	492	0.81257
2560	3584	1	512	402	1.76585
2560	3584	1	418	410	3.75889
2560	3584	1	450	314	1.26135
2560	3584	1	512	254	2.42142
2560	3584	1	172	476	5.43431
2560	3584	1	340	338	3.47609
2560	3584	1	78	438	0.73721
2048	3584	1	478	440	0.88442
2048	3584	1	312	488	0.00000
2048	3584	1	190	486	5.17426
2048	3584	1	196	308	2.39419
2048	3584	1	248	416	0.48644
2048	3584	1	432	354	0.23756
2048	3584	1	350	336	0.00000
2560	3584	1	164	292	5.34822
2560	3584	2	273	366	0.00000
2560	3072	2	259	487	0.00000
2560	3072	2	349	443	0.00000
2560	3072	2	141	79	0.00000
2560	3072	2	224	135	0.00000
2560	3072	2	358	233	0.00000
2048	3072	2	158	471	0.00000
2048	3072	2	204	319	0.00000
2048	3584	1	272	234	0.31374
2560	3584	1	10	276	0.89134
2560	3584	1	440	226	1.21648
2560	3584	1	512	110	1.27947
2560	3072	1	506	492	5.97627
2560	3072	1	414	390	1.53618
2560	3072	1	478	302	2.44449
2560	3584	1	302	210	5.17591
2560	3584	1	414	122	5.20397
2560	3584	1	426	20	1.72181
2560	3584	1	184	208	2.17651
2560	3584	1	270	70	2.01991
2560	3584	1	156	130	4.27625
2560	3584	1	134	56	1.11151
2560	3072	1	204	434	0.72093
2048	3584	1	504	124	1.49091
2048	3584	1	442	220	1.45790
2048	3584	1	250	128	1.93757
2048	3584	2	132	227	0.00000
2048	3584	1	210	184	1.66062
2048	3584	1	90	108	0.33619
2048	3072	1	16	512	2.73955
2048	3072	1	30	278	2.92046
2048	3072	1	96	298	0.26686
2048	3072	2	82	397	0.00000
2048	3072	1	204	386	5.20165
2048	3584	1	376	108	0.55867
2048	3072	1	422	424	2.71493
2560	3584	1	44	22	1.49737
2560	3072	1	68	442	0.88604
2560	3072	1	78	330	4.72326
2560	3072	1	220	298	4.95750
2560	3072	1	400	100	4.64272
2560	3072	1	410	172	4.49274
2560	3072	1	238	22	2.94982
2048	3072	2	328	423	0.00000
2048	3584	2	368	25	0.00000
2048	3072	1	496	408	2.99044
2048	3072	1	498	230	1.41718
2560	3072	2	96	235	0.00000
2560	3072	1	286	200	3.19952
2560	3072	1	158	188	1.84129
2048	3072	1	292	322	5.88046
2048	3072	1	410	294	1.87750
2048	3072	1	72	154	0.00000
2048	3072	1	140	90	2.10854
2048	3072	1	306	130	5.44649
2048	3072	1	348	4	5.54962
2048	3072	1	448	24	0.00000
2048	3072	1	398	164	1.92644
2048	3072	2	204	21	0.00000
2048	3584	2	124	333	0.00000
2560	3584	1	334	150	1.92939
