1024	2048	1	236	376	0.25292
1024	2048	2	212	72	0.00000
1024	2048	1	102	382	2.60540
1024	2560	1	262	42	0.89500
1536	2048	1	24	96	3.64544
1024	2048	1	468	218	2.94899
1536	2048	1	184	228	1.71589
1536	2048	2	228	146	0.00000
1024	2048	1	74	152	4.60377
1024	2048	1	508	408	0.57505
1536	2048	1	108	430	4.87292
1536	2048	2	244	338	0.00000
1024	2560	2	482	52	0.00000
1536	2048	1	382	126	0.71938
1536	2048	1	462	146	3.73009
1536	2048	1	368	334	3.55426
1536	2048	1	370	458	3.12114
1024	2560	1	326	104	4.09450
1536	2560	1	74	126	0.43271
1024	2560	1	300	206	1.27960
1024	2048	1	42	498	0.78685
1536	2560	1	306	100	0.98965
1536	2560	1	172	210	3.57573
1536	2560	1	54	266	0.58174
1024	2560	1	118	252	3.93670
1024	2560	2	80	200	0.00000
1024	2560	1	372	240	1.40707
1024	2560	1	254	324	1.58973
1024	2560	1	356	356	3.75513
1024	2560	1	136	376	2.56908
1536	2560	1	430	140	3.61614
1536	2560	1	66	438	5.38550
1536	2560	1	180	344	3.61368
1536	2560	1	270	252	5.89503
1536	2560	1	312	348	3.64240
1024	2560	1	396	460	4.00906
1536	2560	1	394	420	2.05028
1536	2048	1	498	258	6.01654
1536	2048	1	172	64	2.96350
1536	2048	1	250	56	5.86514
1536	2048	1	378	34	4.85443
1024	2560	1	24	466	1.01445
1024	2560	1	242	482	3.67708
1024	2560	1	502	474	2.64320
1536	2560	1	266	490	1.25514
1536	2560	1	508	242	5.84219
1536	2048	1	504	372	4.56851
1536	2048	1	512	458	4.33592
1536	2560	1	484	492	1.24064
1024	3072	1	118	18	0.47438
1024	3072	1	206	4	3.79573
1024	3072	1	66	116	4.69401
1024	3072	1	60	260	0.93905
1024	3072	1	162	242	0.00000
1024	3072	1	232	102	3.84421
1024	3072	1	270	206	6.22621
1024	3072	1	110	364	2.35965
1024	3072	1	188	378	3.02359
1024	3072	1	44	496	4.07652
1024	3584	1	124	26	0.33940
1024	3584	1	108	190	1.30282
1024	3584	1	132	286	4.29724
1024	3072	1	410	174	0.00000
1024	3072	1	352	78	4.55226
1024	3072	1	472	156	3.28179
1536	3072	1	6	6	3.06133
1024	3072	2	468	37	0.00000
1536	3072	1	86	68	0.79498
1536	3072	1	160	120	6.27109
1536	3072	1	324	92	2.80395
1536	3072	1	248	100	3.38911
1536	3072	2	254	13	0.00000
1536	3072	1	486	76	1.18243
1536	3072	1	436	182	0.29272
1536	3072	1	108	260	1.78039
1024	3072	1	340	268	0.20978
1024	3072	1	428	364	1.32145
1024	3072	2	490	291	0.00000
1024	3072	1	296	432	2.29943
1024	3072	1	274	504	5.95172
1024	3584	1	398	52	1.92836
1024	3584	2	294	87	0.00000
1024	3072	1	452	460	3.63684
1536	3072	1	8	444	0.42964
1536	3072	1	68	470	3.70640
1536	3072	1	176	430	5.38436
1536	3072	1	282	394	4.32914
1536	3072	1	406	320	1.71827
1024	3584	1	338	216	3.04780
1024	3584	1	118	414	0.55201
1024	3584	1	250	498	5.95107
1024	3584	2	20	516	0.00000
1024	3584	1	282	338	6.06026
1024	3584	1	436	182	5.89535
1024	3584	1	512	142	5.80573
1536	3584	1	90	42	0.76940
1536	3072	1	432	422	2.20581
1536	3072	1	390	480	5.12300
1536	3072	1	286	504	3.53150
1536	3584	1	192	64	2.25472
1536	3584	1	100	122	4.58766
1536	3584	1	120	172	3.75617
1536	3584	1	172	206	3.82082
1536	3584	1	282	188	3.18229
1536	3584	1	384	132	0.96133
1536	3584	2	362	56	0.00000
1536	3584	2	466	112	0.00000
1536	3584	1	384	198	4.60809
1536	3584	1	384	282	4.26517
1536	3584	1	218	316	4.69144
1536	3072	2	194	360	0.00000
1536	3584	1	66	316	5.76763
1024	3584	1	410	418	1.42962
1024	3584	1	416	300	0.00000
1024	3584	1	498	486	1.24211
1536	3584	1	160	412	6.16263
1536	3584	1	236	478	0.14940
1536	3584	1	314	428	0.00000
1536	3584	1	448	426	0.15295
2048	2048	1	126	292	2.29782
2048	2560	2	410	70	0.00000
2048	2560	2	352	54	0.00000
2048	2560	2	504	324	0.00000
2048	2560	2	446	326	0.00000
2560	2560	2	10	166	0.00000
2560	2560	2	462	330	0.00000
2560	2560	2	316	494	0.00000
2048	2560	2	324	428	0.00000
2048	2560	2	198	416	0.00000
2048	2560	2	318	210	0.00000
2048	2560	2	228	160	0.00000
2048	2560	2	176	158	0.00000
2048	2048	1	252	318	0.57693
2048	2048	1	150	154	2.13060
2048	2048	1	302	60	0.54961
2048	2048	1	478	144	0.00000
2048	2048	1	460	348	0.00000
2560	2048	1	74	356	5.61194
2560	2048	1	204	132	0.00000
2560	2048	1	304	90	0.00000
2560	2048	1	128	278	5.64916
2048	2560	1	82	8	0.97911
2048	2048	1	384	476	1.24371
2048	2048	1	234	474	4.33796
2048	2560	1	80	84	0.44237
2048	2560	1	126	124	3.61573
2048	2560	1	250	100	4.50446
2048	2048	1	72	388	4.65951
2560	2048	1	410	80	0.34771
2560	2048	1	242	508	4.87230
2560	2048	1	398	384	5.42160
2560	2048	1	232	408	0.00000
2560	2048	1	328	428	0.84090
2560	2560	1	252	72	4.79807
2560	2560	1	460	136	5.16234
2560	2560	1	452	32	2.10101
2560	2560	1	94	182	3.00543
2560	2560	1	208	164	3.30589
2560	2560	1	390	212	5.52319
2048	2560	1	216	330	5.38101
2048	2560	1	120	450	5.48192
2048	2560	1	90	350	1.03038
2048	2560	1	390	468	0.97362
2560	2560	1	6	446	0.99227
2560	2560	1	108	448	2.40031
2560	2560	1	174	388	2.09208
2560	2560	1	228	326	2.37993
2560	2560	1	278	238	3.09418
2560	2560	1	332	404	3.97535
2560	2048	1	460	184	0.74464
3584	2048	1	464	64	0.00000
3584	2048	1	232	90	3.64431
3584	2048	1	130	86	0.00000
3584	2048	1	340	144	5.33328
3072	2048	1	370	48	3.89964
3584	2048	1	4	66	5.70376
3584	2048	1	378	70	0.23685
3072	2048	1	232	52	1.97778
3072	2048	1	88	34	1.29851
3072	2048	1	140	140	3.74374
3072	2048	1	204	148	5.94722
3072	2048	1	408	146	0.00000
3072	2048	1	472	116	5.99282
3584	2048	1	358	226	5.71161
3584	2048	1	310	336	4.83153
3584	2048	1	88	370	2.77227
3072	2048	1	304	238	3.27005
3072	2048	1	444	248	0.82430
3584	2048	1	196	422	6.02214
3584	2048	1	318	478	4.63735
3072	2048	1	136	426	0.98928
3072	2048	1	344	438	2.87277
3072	2048	1	456	462	4.47349
3584	2560	1	120	40	3.76854
3072	2560	1	448	94	3.24126
3072	2048	1	148	258	2.01558
3072	2048	1	54	290	2.31673
3072	2048	1	234	360	1.70019
3072	2560	1	208	30	2.34510
3072	2048	1	406	348	4.93106
3072	2560	1	358	66	0.49523
3072	2560	2	310	24	0.00000
3072	2560	1	60	80	3.60032
3584	2048	1	64	484	3.89896
3072	2560	1	158	178	3.94572
3072	2560	1	218	260	0.70532
3584	2560	1	414	128	5.67878
3584	2560	1	88	160	5.67218
3584	2560	2	212	136	0.00000
3072	2560	1	326	158	4.83510
3072	2560	2	164	382	0.00000
3072	2560	1	34	346	3.75129
3072	2560	1	70	456	2.93183
3072	2560	1	364	264	2.64555
3072	2560	1	442	258	2.40492
3584	2560	1	12	202	3.15536
3072	2560	1	284	372	4.21990
3072	2560	1	210	494	0.54944
3072	2560	1	342	452	0.79936
3584	2560	1	258	178	1.05542
3584	2560	1	66	296	3.33202
3072	2560	1	490	364	1.88626
3072	2560	1	474	464	3.94495
3584	2560	1	176	282	0.80077
3584	2560	1	304	252	3.54443
3584	2560	1	400	338	4.13714
3584	2560	2	402	234	0.00000
3584	2560	1	164	390	2.23557
3584	2560	1	304	398	3.39136
3584	2560	2	220	348	0.00000
3584	2560	1	486	380	4.95737
3584	2560	1	440	436	2.03716
3584	2560	2	358	452	0.00000
3584	2560	1	150	466	2.42092
3584	2560	1	250	468	5.14120
3584	2560	1	500	230	4.06674
3584	3584	1	454	460	0.00000
3584	3584	1	330	382	0.00000
3584	3584	1	266	406	5.42517
3584	3584	1	170	240	2.90623
3072	3584	1	56	358	5.30658
3072	3584	1	342	402	1.99680
3072	3584	1	420	48	4.45128
3072	3584	1	484	112	1.15425
3584	3584	1	36	18	5.53646
3584	3584	1	36	144	0.00000
3584	3584	1	148	478	0.00000
3584	3584	1	338	244	0.86469
3584	3584	1	152	320	2.81915
3584	3584	1	144	50	4.55259
3072	3584	1	168	242	5.35791
3072	3584	1	244	284	0.56732
3072	3584	1	332	258	0.00000
3584	3584	1	12	474	0.65642
3072	3584	1	454	358	2.97436
3072	3584	1	80	272	0.00000
3072	3584	1	384	278	3.47377
3584	3584	1	454	178	2.94284
3584	3072	1	138	484	1.59567
3072	3584	1	20	126	5.16434
3072	3584	1	190	134	1.38491
3072	3584	1	54	474	4.02893
3584	3584	1	236	200	1.73500
3584	3584	1	508	140	2.32105
3584	3584	1	170	112	2.02522
3072	3584	1	188	398	1.30705
3584	3584	1	42	330	0.58624
3072	3584	1	308	166	0.99905
3072	3584	1	256	66	1.50896
3584	3584	1	336	82	4.91688
3584	3584	1	114	162	3.10652
3584	3584	1	512	314	3.43440
3584	3584	1	320	2	3.06324
3584	3072	1	276	446	0.86939
3584	3072	1	396	394	0.92136
3584	3072	1	436	502	2.56056
3584	3072	1	490	380	3.34690
3584	3072	1	368	284	5.74875
3584	3072	1	452	190	0.00000
3584	3072	1	512	270	2.75493
3584	3072	1	512	132	0.49960
3584	3072	1	470	62	3.64622
3584	3072	1	388	44	5.54012
3584	3072	1	352	172	4.38223
3584	3072	1	286	18	5.30476
3584	3072	1	256	86	5.26395
3584	3072	1	260	262	3.13886
3584	3072	1	232	166	2.58968
3584	3072	1	114	54	4.02781
3584	3072	1	196	272	0.00000
3584	3072	1	156	182	0.00000
3584	3072	1	196	434	4.56199
3584	3072	1	152	362	1.20436
3584	3072	1	70	422	3.28855
3072	3072	1	476	420	0.83633
3584	3072	1	80	326	1.06488
3584	3072	1	62	258	3.77559
3584	3072	1	14	192	0.59396
3072	3072	1	404	60	5.77589
3072	3072	1	372	196	4.73939
3072	3072	1	370	294	1.09094
3072	3072	2	438	260	0.00000
3072	3072	1	450	352	3.37278
3072	3072	1	352	464	1.69956
3072	3072	2	244	450	0.00000
3072	3072	1	312	390	5.30309
3072	3584	1	200	4	3.15235
3072	3584	1	94	36	3.13435
3072	3072	1	0	438	5.59859
3072	3072	1	34	392	2.86568
3072	3072	1	134	412	4.11145
3072	3072	1	126	304	3.63244
3072	3072	1	246	262	0.59705
3072	3072	1	212	206	3.98684
3072	3072	1	42	256	3.89534
3072	3072	1	240	94	1.37440
3072	3072	1	228	0	0.00000
3072	3072	1	74	82	0.63542
3072	3072	1	92	174	1.49041
2048	3584	1	130	512	0.00000
2048	3584	1	82	370	5.10724
2048	3584	1	54	484	6.08579
2560	3584	1	454	448	0.87221
2560	3584	1	426	358	0.69337
2560	3584	1	272	500	0.00000
2048	3584	1	310	486	0.00000
2560	3584	1	74	410	0.00000
2560	3584	1	244	390	0.93284
2560	3584	1	334	382	3.59208
2560	3584	1	478	232	0.73740
2560	3584	1	160	408	6.01520
2048	3584	1	442	216	0.00000
2048	3584	1	500	418	2.11759
2048	3584	1	168	204	1.97895
2560	3584	1	306	248	5.77270
2560	3584	1	426	142	3.55650
2560	3584	1	358	236	2.83290
2560	3584	1	204	240	2.90272
2560	3072	1	444	512	2.85345
2560	3584	1	374	50	3.13570
2560	3584	1	12	260	2.89661
2048	3584	1	66	254	3.88519
2048	3584	1	388	316	0.17342
2560	3072	1	488	434	5.28613
2048	3584	1	208	320	1.32268
2560	3584	1	242	128	4.31735
2560	3584	1	162	224	2.94606
2560	3584	1	260	48	4.69492
2560	3584	1	66	218	6.05132
2048	3584	1	228	156	5.15896
2560	3584	1	138	108	1.51366
2048	3584	1	108	72	3.61623
2560	3584	1	4	94	1.70786
2048	3072	2	168	466	0.00000
2048	3072	1	106	398	3.12457
2048	3584	1	314	276	5.87546
2048	3072	1	368	498	2.19582
2048	3072	1	20	370	3.10089
2048	3072	1	204	402	4.95289
2048	3072	2	196	328	0.00000
2048	3072	1	48	120	4.28646
2048	3072	1	110	186	0.66104
2048	3584	1	24	8	3.05346
2560	3584	1	110	18	4.59573
2048	3072	1	494	472	4.70468
2048	3072	1	448	384	4.16784
2048	3072	1	312	362	2.89697
2560	3072	2	10	186	0.00000
2560	3072	2	144	80	0.00000
2560	3072	2	100	226	0.00000
2560	3072	2	226	126	0.00000
2560	3072	2	356	240	0.00000
2560	3072	1	280	454	6.06631
2560	3072	1	118	414	5.65611
2560	3072	1	40	290	1.54252
2048	3072	1	288	218	1.76608
2048	3072	1	294	92	5.98895
2048	3072	1	358	278	1.95192
2560	3072	1	448	244	0.80949
2560	3072	1	408	356	4.36174
2560	3072	1	512	278	4.34119
2560	3072	1	240	206	4.63723
2560	3072	1	140	152	4.76153
2560	3072	1	10	116	4.37138
2048	3072	1	472	34	1.30245
2048	3072	2	198	236	0.00000
2560	3072	1	258	50	2.89251
2560	3072	1	360	118	2.94711
2560	3072	1	386	14	6.12924
2560	3072	1	480	98	3.50297
2560	3072	1	188	306	1.25133
2560	3072	1	210	474	0.32650
2048	3072	2	436	236	0.00000
2048	3072	1	384	148	5.78088
2048	3584	1	378	464	0.43519
