1024	2048	1	486	262	6.11504
1536	2048	1	136	128	0.72696
1024	2048	1	334	112	2.40187
1024	2048	1	218	364	0.53428
1024	2048	1	298	262	3.55032
1024	2048	1	212	262	2.20911
1024	2048	1	354	412	5.41593
1536	2560	1	18	10	5.85054
1536	2048	1	162	292	3.34380
1024	2048	1	204	82	0.65845
1024	2048	1	380	40	0.00000
1536	2048	1	230	144	6.27122
1536	2048	1	262	24	5.04582
1536	2048	2	494	60	0.00000
1536	2048	1	448	256	2.19295
1536	2048	1	66	392	0.97553
1536	2048	1	266	296	3.27514
1536	2048	1	334	342	3.96473
1536	2048	1	248	376	0.00000
1536	2048	1	208	496	0.77235
1024	2560	1	322	16	1.63195
1536	2048	1	380	424	0.27518
1536	2048	1	488	382	6.04921
1536	2048	1	436	482	3.41131
1536	2560	1	288	40	1.31032
1536	2560	1	362	136	3.24972
1536	2560	1	464	160	2.95013
1024	2560	1	454	108	0.00000
1536	2560	1	498	300	3.43959
1536	2560	1	298	236	5.63912
1536	2560	1	176	144	1.28026
1536	2560	1	334	418	2.43042
1536	2560	1	436	326	2.71674
1536	2560	1	394	382	5.91157
1536	2560	1	200	288	0.43235
1024	2560	1	358	248	4.93958
1536	2560	1	6	392	0.09234
1536	2560	1	234	424	0.00000
1536	2560	1	88	348	3.79518
1536	2560	1	70	458	0.67858
1024	2560	1	208	484	4.06346
1024	2560	1	258	230	4.01685
1024	2560	1	372	344	2.29952
1024	2560	1	226	164	1.18838
1024	2560	1	52	330	5.93739
1024	2560	1	384	154	3.06514
1024	2560	1	290	366	2.62707
1024	2560	1	164	420	3.44364
1536	2560	1	322	512	4.94879
1024	2560	1	390	494	3.38255
1024	2560	1	60	198	2.94511
1536	2048	1	10	28	0.29422
1536	2048	1	276	90	5.43793
1024	2560	2	178	282	0.00000
1536	2560	2	472	402	0.00000
1024	2048	1	140	0	0.61595
1536	2560	1	512	38	0.74971
1536	3072	1	234	474	0.15657
1536	3072	1	322	458	0.00000
1536	3072	1	410	424	6.00276
1536	3072	1	170	466	3.05246
1536	3072	1	100	474	3.53896
1536	3072	1	36	434	0.42282
1024	3072	1	376	392	0.98279
1024	3072	1	476	410	3.55829
1024	3072	1	52	324	4.81012
1024	3072	1	388	232	4.63741
1024	3072	1	224	276	2.07944
1024	3072	1	244	132	5.81562
1024	3072	1	330	98	5.63968
1536	3072	1	18	302	6.21238
1536	3072	1	104	350	5.59589
1536	3072	1	104	256	2.03444
1024	3584	1	298	284	0.00000
1024	3584	1	434	368	0.00000
1024	3584	1	348	100	0.00000
1536	3584	1	118	252	0.30605
1536	3584	1	202	182	5.69662
1536	3584	1	230	98	1.82412
1024	3584	1	480	214	5.34408
1024	3584	1	110	268	0.00000
1536	3584	1	180	456	0.00000
1536	3584	1	396	354	0.31848
1536	3584	1	80	478	0.50444
1536	3584	1	118	374	0.93061
1536	3584	1	334	486	5.83822
1536	3584	1	492	426	5.63968
1536	3584	1	490	482	5.75660
1024	3072	1	292	494	0.94222
1024	3584	1	134	110	5.25918
1024	3072	1	38	504	0.00000
1024	3584	1	498	10	1.71430
1024	3584	1	480	82	5.40131
1024	3072	1	152	200	0.19476
1024	3072	2	68	192	0.00000
1536	3584	2	306	342	0.00000
1536	3584	2	464	100	0.00000
1536	3584	2	494	172	0.00000
1536	3584	2	388	154	0.00000
1536	3584	1	490	22	1.93888
1024	3584	1	98	474	5.76873
1024	3584	1	24	164	0.00000
1536	3072	1	268	252	4.91392
1024	3072	1	106	46	2.21987
1536	3072	1	58	128	0.59572
1024	3072	1	436	116	0.81327
1536	3072	1	238	128	2.25761
1536	3072	1	314	124	0.00000
1536	3072	1	440	266	2.92482
1536	3072	1	410	154	2.44924
1536	3072	1	416	78	5.26497
1536	3072	1	504	72	2.93775
1024	3072	1	386	48	2.64092
1024	3072	1	496	40	0.66871
1536	3584	1	350	218	2.78077
1536	3584	1	482	294	0.42976
2048	2048	1	60	12	0.60888
2048	2048	1	114	134	0.52816
2048	2048	1	180	76	3.05825
2048	2048	1	292	164	5.31802
2048	2048	1	234	264	0.00000
2048	2048	1	154	238	0.33543
2048	2048	1	58	280	6.04144
2048	2048	1	404	112	3.45724
2560	2048	1	38	30	4.86365
2560	2048	1	20	126	5.67422
2560	2048	1	180	172	5.63076
2560	2048	1	310	84	0.04830
2560	2048	1	422	48	0.00000
2560	2048	1	348	28	0.00000
2560	2048	1	258	20	3.22649
2560	2048	1	168	68	3.75195
2560	2048	1	12	216	1.65192
2560	2048	1	340	152	1.78782
2560	2048	1	502	130	4.13844
2560	2048	1	512	202	0.66609
2560	2048	1	508	302	0.50668
2560	2048	1	372	256	2.79427
2560	2048	1	118	354	2.49178
2048	2048	1	358	416	4.29634
2048	2048	1	212	416	4.01520
2048	2048	1	112	360	4.76201
2048	2048	1	64	478	4.39946
2048	2560	1	326	8	3.78918
2048	2048	2	206	506	0.00000
2048	2560	2	226	162	0.00000
2048	2560	2	180	162	0.00000
2560	2048	2	296	390	0.00000
2048	2560	1	380	108	3.84174
2048	2560	1	490	100	4.20509
2560	2048	1	10	510	4.89075
2560	2048	1	58	456	1.84603
2560	2048	1	188	460	4.14941
2560	2048	1	306	438	4.23489
2560	2048	1	392	498	0.92424
2560	2560	1	450	78	3.04414
2048	2560	1	238	96	5.30913
2048	2560	2	318	206	0.00000
2048	2560	1	66	120	4.03827
2048	2560	1	24	60	0.73933
2048	2560	1	102	190	3.36583
2048	2560	1	294	312	0.80437
2048	2560	1	144	318	0.82052
2048	2560	1	56	336	3.89320
2048	2560	1	0	246	3.82246
2560	2560	2	512	10	0.00000
2560	2560	1	220	72	1.63090
2560	2560	2	460	330	0.00000
2560	2560	1	238	202	6.04338
2560	2560	2	24	154	0.00000
2560	2560	1	72	96	0.22461
2560	2560	1	72	200	1.43467
2560	2560	1	74	302	4.57687
2560	2560	1	328	204	5.78340
2560	2560	1	380	128	5.71558
2560	2560	1	512	248	5.70969
2048	2560	1	406	388	5.46880
2048	2560	2	196	408	0.00000
2048	2560	2	170	364	0.00000
2560	2560	2	20	470	0.00000
2048	2560	2	470	484	0.00000
2048	2560	2	442	320	0.00000
2560	2560	1	332	298	4.27690
2560	2560	1	76	428	5.33559
2560	2560	1	186	324	3.61504
2560	2560	1	202	450	0.38570
2560	2560	1	328	450	2.36977
2560	2560	1	484	474	2.40106
2048	2560	1	274	468	3.46649
2048	2560	1	368	512	4.21191
2048	2560	1	162	512	6.02654
2048	2560	1	60	512	3.69707
3072	2560	1	168	480	5.68921
3072	2560	1	286	418	0.68892
3072	2560	1	366	484	0.00000
3072	2560	1	456	432	2.20015
3584	2560	1	34	400	2.44496
3072	2560	1	88	328	2.94420
3072	2560	1	178	306	2.65043
3072	2560	1	222	228	0.00000
3072	2560	1	354	274	4.01869
3072	2560	1	58	100	4.71582
3072	2560	1	188	18	1.13286
3072	2560	2	168	84	0.00000
3072	2560	2	464	188	0.00000
3072	2560	2	438	132	0.00000
3072	2048	1	24	304	0.70863
3072	2048	1	138	354	4.34173
3072	2048	1	160	140	0.00000
3072	2048	1	272	338	2.47093
3072	2560	1	322	74	0.58121
3072	2560	1	370	172	0.00000
3584	2560	1	16	166	0.60940
3072	2560	1	436	96	2.11773
3584	2560	1	62	274	0.00000
3584	2560	1	78	512	2.59565
3072	2560	1	490	512	2.63592
3584	2560	1	190	492	3.11465
3584	2560	1	160	390	1.51334
3072	2048	1	326	446	4.24874
3072	2048	1	378	304	2.06075
3072	2048	1	470	436	2.60516
3072	2048	1	478	312	2.94420
3584	2048	1	68	316	5.03414
3584	2560	1	18	42	1.95089
3584	2560	1	158	314	5.72548
3584	2560	1	448	464	3.50957
3584	2048	1	378	512	3.26595
3584	2048	1	450	480	3.20753
3584	2048	1	388	218	5.70288
3584	2048	1	146	102	0.00000
3072	2048	1	270	202	4.16784
3072	2048	1	44	198	0.98279
3072	2048	1	416	182	4.07546
3584	2048	1	36	164	2.48524
3584	2048	1	190	488	2.04751
3584	2048	1	60	384	5.44161
3584	2048	1	68	478	5.46554
3584	2560	1	124	100	5.06538
3584	2560	1	186	56	1.83807
3584	2560	1	160	236	1.60304
3584	2560	1	138	162	4.58803
3584	2560	1	292	200	4.79807
3584	2560	1	312	336	0.26625
3584	2560	1	242	312	3.29251
3584	2560	1	500	332	2.92292
3584	2560	1	444	332	2.77639
3584	2560	1	370	346	3.14159
3584	2560	2	344	454	0.00000
3584	2560	2	274	456	0.00000
3584	2560	1	430	130	0.00000
3584	2560	1	512	162	3.32845
3584	2560	2	402	240	0.00000
3584	2560	1	294	76	3.23639
3584	2048	1	246	360	4.90547
3584	2048	1	222	424	5.12054
3584	2048	1	238	272	1.49323
3584	2048	1	228	200	4.71239
3584	2048	1	238	94	3.91624
3584	2048	1	460	64	0.00000
3584	2048	1	380	92	0.00000
3584	2048	1	224	0	0.00000
3072	2048	1	462	76	4.78518
3072	2048	1	350	94	5.43903
3072	2048	1	248	116	5.42102
3072	2048	1	72	44	0.00000
3072	2048	1	184	30	1.49132
3072	2560	1	22	268	5.72858
3584	3584	1	114	352	0.21047
3584	3584	1	412	448	5.24734
3584	3584	1	184	386	5.34979
3584	3584	1	426	380	5.19968
3584	3584	1	500	306	0.70264
3584	3584	1	512	474	5.44836
3584	3584	1	316	472	5.23382
3584	3584	1	312	392	5.21864
3072	3584	1	434	436	1.29084
3584	3584	1	48	332	0.64134
3584	3584	1	64	478	0.89024
3584	3584	1	436	250	0.11875
3072	3584	1	260	406	0.27154
3584	3584	1	364	290	0.22587
3584	3584	1	24	436	0.90451
3072	3584	1	344	394	0.45185
3072	3584	1	450	318	2.21587
3072	3584	1	130	476	4.71714
3072	3584	1	154	356	2.45886
3072	3584	1	138	196	5.45158
3072	3584	1	218	312	3.16872
3072	3584	1	56	302	2.06474
3072	3584	1	302	184	0.87214
3072	3584	1	448	186	1.14148
3584	3584	1	84	128	0.03702
3584	3584	1	246	264	5.75282
3584	3584	1	186	302	5.85146
3584	3584	1	320	232	4.08411
3584	3584	1	496	176	6.01646
3072	3584	1	36	80	0.05852
3072	3584	1	136	70	5.98675
3072	3584	1	278	104	4.17934
3072	3584	1	504	64	0.92671
3072	3584	1	378	22	2.43013
3072	3072	1	286	500	5.68961
3072	3584	1	210	4	2.45523
3584	3584	1	274	144	2.95985
3584	3584	1	392	150	4.93811
3584	3584	1	430	60	5.76945
3584	3072	1	480	480	5.52309
3584	3584	1	178	170	0.65288
3584	3584	1	172	78	3.85575
3584	3584	1	358	34	3.65255
3584	3584	1	256	30	5.67525
3584	3072	1	344	460	0.81496
3584	3072	1	136	508	1.96050
3072	3072	1	492	436	5.07628
3072	3072	1	94	324	0.00000
3072	3072	2	42	392	0.00000
3072	3072	1	18	290	0.57029
3584	3072	1	146	394	3.02817
3584	3072	1	238	416	5.31239
3584	3072	1	350	400	4.66472
3584	3072	1	462	328	0.39892
3584	3072	1	72	326	6.19308
3072	3072	1	494	280	0.21474
3072	3072	2	422	256	0.00000
3072	3072	1	276	394	1.80739
3072	3072	1	356	314	2.65467
3072	3072	1	276	294	2.68947
3072	3072	1	194	194	6.01000
3584	3072	1	242	264	4.99866
3584	3072	1	436	140	5.29029
3584	3072	1	500	18	0.00000
3584	3072	1	408	58	1.05421
3584	3072	1	330	48	0.69474
3584	3072	1	284	24	0.76271
3584	3072	2	370	322	0.00000
3584	3072	1	342	184	6.17037
3584	3072	2	206	56	0.00000
3584	3072	2	236	144	0.00000
3072	3072	1	44	112	5.95074
3072	3072	1	112	60	2.77514
3072	3072	1	214	78	5.33264
3072	3072	1	304	192	5.30730
3072	3072	1	368	160	5.52538
3072	3072	1	456	140	5.86336
3584	3072	1	56	182	5.27292
3584	3072	1	204	210	1.21149
3584	3072	1	104	126	2.34314
3584	3072	1	128	44	2.40094
3584	3072	1	4	54	2.46849
3072	3072	1	382	0	0.00000
3072	3584	1	0	196	1.61014
2048	3072	1	166	220	6.18098
2048	3072	1	66	214	0.00000
2048	3072	1	76	14	0.33929
2048	3072	1	150	12	0.00000
2048	3072	2	132	114	0.00000
2560	3072	2	224	130	0.00000
2560	3072	2	140	76	0.00000
2048	3072	2	284	280	0.00000
2048	3072	2	164	476	0.00000
2048	3072	2	46	374	0.00000
2560	3072	2	100	232	0.00000
2560	3072	2	352	240	0.00000
2048	3072	2	310	430	0.00000
2560	3072	2	96	438	0.00000
2048	3584	2	190	266	0.00000
2048	3072	1	236	144	5.58749
2048	3072	1	434	90	5.57545
2048	3072	1	380	142	5.40713
2048	3072	1	358	222	2.37526
2048	3072	1	138	378	1.28584
2048	3072	1	342	324	4.13696
2560	3072	1	6	282	2.76434
2560	3072	1	14	124	2.84096
2560	3072	1	432	68	0.00000
2048	3584	1	4	432	5.60633
2048	3584	1	174	494	5.31118
2048	3584	1	130	418	5.19128
2048	3584	2	222	372	0.00000
2048	3584	1	54	270	0.00000
2560	3584	1	32	418	0.17908
2560	3072	1	512	282	0.60780
2048	3584	1	112	88	2.79857
2048	3072	1	252	464	5.35071
2048	3584	1	282	400	0.66656
2048	3584	1	460	392	0.00000
2048	3584	1	384	320	5.36794
2560	3584	1	224	470	2.57331
2560	3584	1	360	374	5.46655
2560	3584	1	184	268	0.24871
2560	3584	1	308	266	5.82808
2048	3584	1	140	208	1.37871
2048	3584	1	424	200	0.00000
2048	3584	1	212	88	3.50249
2048	3584	1	304	86	4.32602
2048	3584	1	288	174	1.61532
2048	3072	1	376	408	0.55676
2048	3072	1	462	384	0.48018
2560	3072	1	114	132	2.54001
2560	3072	1	174	2	0.32129
2560	3072	1	272	96	3.06847
2560	3072	1	350	126	0.00000
2560	3072	1	404	280	0.00000
2560	3072	1	76	328	2.69420
2560	3072	1	166	332	0.00000
2560	3072	1	228	300	0.00000
2560	3072	1	276	236	2.65859
2560	3072	1	368	400	5.74948
2048	3584	1	446	20	3.50734
2560	3072	1	30	480	3.06894
2560	3072	1	146	492	0.00000
2560	3072	1	212	458	0.00000
2560	3072	1	298	498	4.06736
2560	3584	1	422	36	1.35512
2560	3584	1	448	98	4.57375
2560	3584	1	506	374	3.20816
2560	3584	1	12	144	1.82742
2560	3584	1	92	84	0.00000
2560	3584	1	170	156	0.99187
2560	3584	1	470	198	1.66146
2560	3584	1	64	232	2.04915
2048	3584	1	300	246	4.54298
2048	3584	1	510	278	5.89631
2560	3584	2	328	148	0.00000
