1024	2048	1	106	70	3.05980
1024	2048	2	344	40	0.00000
1024	2048	2	250	26	0.00000
1024	2048	2	190	108	0.00000
1536	2048	2	18	68	0.00000
1024	2048	2	452	24	0.00000
1536	2048	2	246	328	0.00000
1536	2048	2	352	50	0.00000
1536	2048	2	480	52	0.00000
1024	2560	2	166	300	0.00000
1024	2560	2	10	436	0.00000
1024	2048	1	132	270	1.31938
1024	2048	1	450	384	3.83324
1024	2048	1	340	454	1.92597
1536	2048	1	154	222	5.79947
1536	2048	1	278	92	2.22955
1536	2048	1	360	386	5.82516
1536	2048	1	458	330	1.28344
1536	2048	1	62	280	3.93600
1024	2048	1	406	158	2.39814
1024	2048	1	212	362	0.58612
1536	2048	1	338	212	0.02919
1536	2048	1	402	136	5.08708
1536	2048	1	224	510	0.97562
1536	2048	1	90	460	2.64599
1024	2560	1	308	52	0.92623
1536	2560	1	8	8	5.74888
1536	2560	1	56	134	4.49210
1024	2560	1	150	174	3.73457
1024	2560	1	38	14	2.25793
1536	2560	1	204	200	3.23754
1536	2560	1	128	220	5.49305
1536	2560	1	324	24	1.92642
1536	2560	1	478	46	4.22415
1536	2560	1	290	108	2.48905
1536	2560	1	472	158	0.73560
1536	2048	2	212	200	0.00000
1536	2048	2	262	248	0.00000
1536	2048	1	452	212	1.55506
1024	2560	1	288	240	0.57148
1024	2560	1	414	316	3.37138
1536	2560	1	312	248	5.32869
1536	2560	1	428	342	4.49190
1536	2560	1	466	488	2.19012
1024	2560	1	188	406	2.98893
1024	2560	1	244	382	5.91815
1024	2048	1	140	148	1.81633
1536	2560	1	124	344	0.25745
1024	2560	1	432	46	2.52832
1024	2560	1	454	452	0.93784
1536	2560	1	240	336	1.69061
1536	2560	1	16	306	1.78382
1536	2560	1	222	448	1.02385
1536	2560	1	52	482	0.86255
1536	2560	2	320	512	0.00000
1024	2560	1	36	136	2.36477
1024	2560	1	334	306	3.33217
1024	2560	1	218	188	0.76240
1536	2560	2	392	148	0.00000
1024	3072	1	346	218	5.84226
1024	3072	1	282	230	5.80631
1024	3072	1	158	142	0.49762
1024	3072	1	100	44	0.25777
1024	3072	1	230	38	5.58970
1024	3072	1	358	38	5.36863
1024	3072	1	24	90	0.94333
1536	3072	1	100	94	0.64184
1024	3072	1	502	186	4.39064
1536	3072	1	224	132	2.48841
1024	3072	1	150	284	0.43418
1024	3072	1	262	328	6.12327
1536	3072	1	6	16	4.26874
1536	3072	1	466	98	5.70376
1536	3072	1	380	190	2.67795
1536	3072	1	496	238	5.65439
1024	3072	1	38	6	0.94099
1024	3072	1	82	322	4.02130
1024	3072	1	68	402	3.65451
1024	3072	1	170	398	0.39644
1024	3072	1	382	432	0.50486
1024	3072	1	244	494	1.17678
1024	3584	1	54	4	4.15808
1024	3584	1	70	78	1.10715
1024	3584	1	216	114	4.43606
1536	3072	1	30	310	0.72339
1536	3072	1	186	298	5.37895
1536	3072	1	270	278	5.44097
1536	3072	1	114	364	1.46561
1536	3584	2	76	46	0.00000
1536	3072	1	14	450	0.60431
1536	3072	1	108	480	3.35829
1536	3072	1	190	472	0.15517
1536	3072	1	258	490	0.00000
1536	3072	1	430	372	6.02513
1536	3072	1	500	390	0.00000
1536	3072	1	378	432	3.41629
1536	3584	1	376	26	2.46575
1536	3072	1	480	510	4.94162
1536	3584	2	470	110	0.00000
1024	3584	1	364	90	2.62671
1024	3584	1	446	76	5.77845
1536	3584	2	14	48	0.00000
1024	3072	2	346	342	0.00000
1024	3584	1	114	182	5.81954
1024	3584	1	126	290	5.78676
1536	3584	1	206	130	2.27069
1536	3584	1	352	162	1.62126
1024	3584	1	510	242	5.45020
1536	3584	1	90	244	0.39852
1536	3584	1	200	240	1.51530
1536	3584	1	334	246	1.58178
1536	3584	1	486	266	0.49935
1024	3584	1	352	316	0.00000
1024	3584	1	424	370	0.00000
1536	3584	1	30	396	6.00594
1024	3584	1	96	504	5.75379
1536	3584	1	68	492	0.46365
1536	3584	1	182	482	0.27536
1536	3584	1	422	372	0.00000
1536	3584	1	494	446	0.00000
1536	3584	1	206	356	2.13240
1536	3584	1	330	486	5.74843
1024	3584	1	20	258	0.47607
1024	3584	1	18	480	5.79141
1024	3584	2	440	198	0.00000
1536	3072	1	372	14	1.45537
2048	2560	1	96	512	2.56944
2560	2560	1	146	226	3.25963
2048	2560	1	198	238	0.79277
2560	2560	1	372	120	5.66959
2560	2048	1	406	468	3.03698
2560	2560	1	512	102	5.91751
2560	2560	1	222	70	1.28044
2560	2048	1	336	440	3.00952
2560	2560	1	96	88	4.55318
2048	2560	1	394	148	3.85771
2048	2560	1	260	90	5.73922
2048	2560	1	92	216	0.14823
2560	2560	1	156	504	5.11377
2560	2560	1	152	408	5.54048
2560	2560	1	512	494	2.13583
2560	2560	1	406	400	4.44482
2048	2560	1	244	458	3.69584
2048	2560	1	34	396	0.00000
2048	2560	1	114	332	4.49053
2560	2560	1	300	466	2.18564
2048	2560	1	294	314	4.14306
2560	2560	1	290	512	5.77032
2048	2560	1	154	490	0.00000
2560	2560	1	222	240	3.48164
2560	2560	1	78	216	6.18544
2048	2560	1	444	282	0.00000
2560	2560	1	496	232	0.55322
2560	2560	1	324	286	4.70868
2560	2560	1	362	194	1.90122
2048	2560	2	463	493	0.00000
2048	2560	2	195	409	0.00000
2048	2560	2	215	141	0.00000
2048	2560	2	167	153	0.00000
2560	2560	2	15	479	0.00000
2048	2560	2	311	199	0.00000
2048	2560	2	173	357	0.00000
2560	2560	2	460	328	0.00000
2560	2560	2	20	160	0.00000
2560	2048	2	280	504	0.00000
2048	2560	2	418	52	0.00000
2048	2560	2	374	100	0.00000
2048	2560	1	62	134	4.02752
2048	2560	1	74	44	0.96307
2048	2048	1	16	490	0.86683
2048	2560	1	164	46	3.05277
2048	2048	2	215	495	0.00000
2048	2048	2	238	440	0.00000
2048	2560	1	308	6	2.84313
2560	2048	1	506	312	0.83193
2560	2048	1	232	416	4.54304
2560	2048	1	108	502	2.09979
2048	2048	1	440	480	4.37412
2048	2048	1	330	386	4.62171
2560	2048	1	100	374	2.52065
2560	2048	1	220	348	5.08500
2560	2048	1	140	254	3.75955
2048	2048	1	142	404	4.20703
2048	2048	1	34	368	3.14357
2048	2048	1	66	294	5.95120
2048	2048	1	138	264	0.00000
2048	2048	1	242	316	0.00000
2560	2048	1	512	154	0.94528
2560	2048	1	342	214	3.82918
2560	2048	1	430	38	0.00000
2560	2048	1	372	2	0.00000
2560	2048	1	312	104	0.00000
2560	2048	1	296	62	2.68707
2560	2048	1	222	34	3.24288
2560	2048	1	186	158	0.00000
2560	2048	1	82	20	2.40831
2560	2048	1	52	116	4.88263
2048	2048	1	472	196	0.73948
2048	2048	1	462	30	0.41037
2048	2048	2	512	60	0.00000
2048	2048	1	92	66	0.00000
2048	2048	1	204	90	2.76072
2048	2048	1	36	66	2.96979
2560	2048	1	488	46	3.08286
3072	2048	1	86	48	0.33758
3072	2048	1	170	0	2.47454
3072	2048	1	196	50	4.21727
3072	2048	1	0	158	1.01677
3072	2048	1	216	116	4.39499
3072	2048	1	342	42	4.33376
3072	2048	1	460	0	2.71487
3072	2048	1	490	90	4.69658
3584	2048	1	148	120	0.00000
3072	2048	1	390	144	1.62683
3072	2048	1	262	242	2.84171
3072	2048	1	90	208	1.21382
3072	2048	1	152	276	2.03778
3072	2048	1	0	314	1.06431
3072	2048	1	58	408	0.33825
3072	2560	2	320	22	0.00000
3072	2560	2	432	128	0.00000
3072	2560	2	470	184	0.00000
3072	2560	2	6	17	0.00000
3072	2560	2	164	78	0.00000
3072	2560	1	70	282	0.35998
3072	2560	1	0	238	0.75899
3072	2048	1	182	368	5.17349
3072	2048	1	184	470	2.27166
3072	2560	1	52	118	5.72594
3072	2560	1	128	80	3.09506
3072	2560	1	154	230	3.35428
3072	2560	1	20	512	2.36520
3072	2560	1	96	412	4.78042
3072	2560	1	246	462	1.33303
3072	2560	1	116	512	3.25579
3072	2560	1	252	172	2.23280
3072	2560	1	320	364	0.14881
3072	2560	1	358	228	2.93499
3072	2560	1	316	78	1.51617
3584	2560	1	28	512	0.44252
3072	2560	1	492	418	4.81881
3072	2560	1	372	476	6.21241
3584	2560	1	156	408	1.47950
3584	2560	1	90	356	1.35963
3584	2560	1	2	274	3.19319
3584	2560	1	182	512	3.05897
3072	2560	1	424	298	3.50388
3584	2048	1	388	90	6.15014
3584	2048	1	512	116	0.15380
3584	2048	1	468	48	0.13245
3584	2048	1	266	92	3.57417
3584	2048	1	218	0	6.15840
3584	2048	1	382	214	5.41565
3584	2560	1	468	512	0.13855
3584	2560	1	258	512	2.66550
3584	2560	1	310	474	5.54724
3584	2560	2	349	453	0.00000
3584	2560	1	414	400	5.05597
3584	2560	1	246	364	5.08922
3584	2560	1	512	466	2.90852
3584	2560	1	512	336	1.31648
3584	2560	1	162	282	1.84280
3584	2560	1	286	272	2.36893
3584	2560	1	368	188	2.63513
3584	2560	1	512	234	2.03745
3072	2048	1	304	446	4.75953
3072	2048	1	412	352	0.96571
3072	2048	1	504	228	3.56908
3072	2048	1	318	334	4.09782
3072	2048	1	384	226	4.42303
3072	2048	1	440	420	4.00407
3584	2048	1	70	274	3.40735
3584	2048	1	184	258	4.29216
3584	2048	1	244	358	4.45085
3584	2560	1	512	138	2.78466
3584	2560	1	440	74	0.95664
3072	2560	1	476	56	1.95270
3584	2048	1	2	500	1.82796
3584	2560	1	72	168	2.24057
3584	2560	1	200	178	4.47312
3584	2560	1	162	110	1.32474
3584	2560	1	104	42	0.25232
3584	2048	1	90	400	3.33522
3584	2048	1	174	478	5.86531
3584	2048	1	244	482	5.90405
3584	2560	1	310	70	4.50879
3584	2048	1	356	434	3.02480
3584	2048	1	448	452	2.72836
3072	3584	1	410	486	0.86217
3072	3584	1	308	512	3.83204
3584	3584	1	84	436	0.28003
3584	3584	1	176	470	0.00000
3584	3584	1	276	436	2.00960
3584	3584	1	422	512	3.52543
3072	3584	1	356	426	1.51298
3072	3584	1	496	416	0.94095
3072	3584	1	44	480	0.91723
3584	3584	1	366	138	5.47320
3584	3584	1	496	170	4.60743
3584	3584	1	424	244	2.30581
3584	3584	1	356	240	5.55654
3584	3584	1	352	368	0.78540
3584	3584	1	480	414	1.45137
3584	3584	1	126	200	0.48166
3584	3584	1	302	312	0.00000
3584	3584	1	386	40	4.72905
3584	3584	1	464	60	3.82872
3584	3072	1	382	464	2.30471
3584	3584	1	254	82	4.39747
3584	3584	1	220	284	6.03898
3584	3584	1	478	334	1.05957
3584	3072	1	404	124	3.09611
3584	3072	1	466	42	0.00000
3584	3072	1	222	148	0.54959
3584	3072	1	208	440	3.89147
3584	3072	1	512	120	1.04983
3584	3072	1	354	294	1.11530
3584	3072	1	350	378	1.54484
3584	3072	1	466	260	3.57455
3584	3072	1	512	450	5.15602
3072	3072	2	434	262	0.00000
3584	3072	2	258	266	0.00000
3584	3072	2	306	222	0.00000
3584	3072	2	288	68	0.00000
3584	3072	2	348	116	0.00000
3072	3584	1	418	152	5.65053
3072	3584	1	476	134	2.64876
3072	3584	1	284	252	0.48554
3584	3584	1	92	16	2.72810
3072	3584	1	364	238	3.55266
3072	3584	1	374	298	4.53254
3072	3584	1	388	352	1.44493
3072	3584	1	510	254	1.11296
3584	3584	1	34	114	2.43864
3072	3584	1	184	264	3.51366
3072	3584	1	44	298	2.17634
3072	3584	1	0	190	0.84823
3072	3584	1	26	18	2.54407
3072	3584	1	92	228	1.52166
3072	3584	1	236	118	4.46994
3072	3584	1	116	48	5.91669
3072	3584	1	274	18	4.34045
3072	3584	1	164	512	2.43405
3072	3584	1	180	4	2.76529
3072	3072	1	402	488	2.21329
3072	3072	1	476	416	2.13723
3584	3072	1	218	52	1.73934
3584	3072	1	76	206	2.99883
3584	3072	1	16	50	0.00000
3584	3584	2	50	314	0.00000
3584	3584	1	252	188	0.57004
3584	3072	1	274	510	4.46935
3072	3072	1	266	420	4.34463
3072	3072	1	128	416	1.07852
3072	3072	1	106	318	0.37070
3072	3072	2	40	386	0.00000
3072	3072	1	338	304	2.75210
3072	3072	1	256	300	3.29001
3072	3072	1	200	254	0.42961
3072	3072	1	100	182	5.43592
3072	3072	1	116	60	3.39636
3072	3072	1	196	86	3.45633
3072	3072	1	278	166	5.95623
3072	3072	1	396	86	4.39780
3072	3072	1	370	0	0.00000
3072	3072	1	492	176	0.00000
3072	3072	1	376	186	5.23382
3584	3072	1	172	340	1.93253
3584	3072	1	322	0	5.49573
3584	3584	1	120	314	2.36873
3072	3072	1	16	2	2.42460
2048	3072	1	336	220	5.19863
2048	3072	1	90	264	0.22208
2048	3072	1	178	234	0.55165
2048	3072	1	460	86	0.74195
2048	3072	1	384	150	5.50218
2560	3072	1	46	118	0.37064
2560	3072	1	146	170	2.63875
2560	3072	1	292	56	5.58616
2560	3072	1	356	194	5.32239
2560	3072	1	456	116	5.20235
2048	3072	1	474	202	1.10715
2048	3072	1	128	400	1.12474
2048	3072	1	148	30	0.00000
2560	3072	1	140	16	5.18846
2560	3072	1	222	304	0.00000
2560	3072	1	172	370	0.00000
2560	3072	1	78	328	5.32526
2048	3072	1	456	374	1.93200
2048	3072	1	352	346	0.19037
2048	3072	2	130	114	0.00000
2048	3072	2	292	274	0.00000
2560	3072	2	104	232	0.00000
2560	3072	2	228	132	0.00000
2048	3072	1	6	240	5.63393
2048	3072	1	300	30	3.17861
2560	3072	2	344	240	0.00000
2560	3072	2	258	288	0.00000
2048	3072	2	448	280	0.00000
2048	3072	2	308	430	0.00000
2560	3072	2	100	432	0.00000
2560	3072	2	2	386	0.00000
2560	3072	1	212	448	0.16910
2560	3072	1	472	346	0.21033
2560	3072	1	350	428	4.75317
2560	3584	1	292	8	4.19859
2560	3584	1	398	74	1.05841
2560	3584	1	428	122	1.03038
2048	3584	1	266	10	5.54427
2560	3584	1	512	12	2.29038
2048	3584	1	382	12	3.27303
2048	3584	1	442	42	3.68432
2048	3072	1	108	500	0.90529
2048	3584	1	122	82	1.48014
2048	3584	1	98	188	1.54559
2048	3584	1	342	122	1.23516
2560	3584	1	96	78	5.95181
2560	3584	1	188	98	6.20004
2048	3584	1	508	104	0.19645
2048	3584	1	250	212	2.08568
2560	3584	1	30	200	6.24200
2048	3584	1	394	246	5.84081
2048	3584	1	446	208	6.01693
2560	3584	1	502	188	0.36694
2560	3584	1	242	218	0.00000
2560	3584	1	122	218	0.99329
2048	3584	1	232	328	0.00000
2560	3584	1	180	316	0.00000
2560	3584	1	380	296	0.40707
2048	3584	1	422	386	0.49961
2560	3584	1	360	410	5.30331
2560	3584	1	84	314	4.77682
2560	3584	1	510	380	0.00000
2048	3584	1	98	446	6.04395
2048	3584	1	300	402	0.00000
2048	3584	1	192	434	5.69636
2560	3584	1	14	396	4.14566
2048	3584	1	192	256	0.00000
2048	3584	1	10	356	3.93320
2560	3584	1	202	504	2.81163
2048	3072	2	76	14	0.00000
2048	3072	1	6	388	0.00000
