1024	2560	1	430	444	0.00000
1536	2560	1	32	468	1.17555
1536	2560	1	342	446	5.33037
1024	2560	1	50	428	3.43243
1024	2560	1	152	470	1.73795
1024	2560	1	202	414	4.67669
1024	2560	1	356	370	0.97784
1536	2560	1	18	344	5.28997
1536	2048	2	486	70	0.00000
1024	2048	2	204	90	0.00000
1024	2560	1	54	240	0.82885
1024	2560	1	104	282	4.16219
1024	2560	1	160	358	1.10154
1024	2560	1	340	284	3.68702
1024	2560	1	284	198	3.92182
1536	2560	1	318	344	1.66472
1536	2560	1	232	314	0.71368
1536	2560	1	146	290	0.78146
1536	2560	1	26	228	2.82038
1536	2560	1	394	220	0.00000
1536	2560	1	308	252	5.30336
1536	2560	1	454	138	0.00000
1536	2560	1	144	172	3.89335
1536	2560	1	326	128	1.30860
1536	2560	1	298	46	1.41273
1024	2560	1	428	82	4.39572
1024	2560	1	58	136	2.77361
1024	2048	1	224	396	0.00000
1536	2048	1	442	472	3.32945
1536	2048	1	340	404	0.17180
1536	2560	1	28	32	5.84846
1024	2560	1	294	42	0.77355
1024	2048	1	96	286	4.71742
1024	2048	1	68	136	1.38891
1024	2048	1	256	192	1.92499
1536	2048	1	92	460	5.95518
1536	2048	1	208	482	2.26430
1536	2048	2	234	384	0.00000
1536	2048	1	394	318	2.24183
1536	2048	1	294	210	0.64063
1536	2048	1	116	370	2.78804
1024	2048	1	490	306	3.91099
1536	2048	1	94	222	5.65281
1024	2048	1	496	186	3.47125
1536	2048	1	216	140	0.00000
1536	2048	1	98	84	1.14446
1536	2048	1	286	90	5.44680
1536	2560	1	430	362	0.53189
1024	2560	2	362	444	0.00000
1536	2048	1	20	370	1.16393
1536	3584	1	494	460	5.65894
1536	3584	1	342	514	5.68011
1536	3584	1	192	466	0.39160
1536	3584	1	76	484	0.26597
1024	3584	1	0	500	5.81713
1024	3584	1	110	484	5.75318
1024	3584	1	220	384	4.40048
1024	3584	1	112	310	0.94279
1024	3584	1	352	310	0.38051
1024	3584	1	498	282	5.94354
1536	3584	1	66	244	1.89217
1536	3584	1	400	358	0.00000
1536	3584	1	332	372	0.00000
1536	3584	1	180	322	0.00000
1536	3584	1	28	392	0.40485
1024	3584	1	404	402	0.38312
1536	3584	1	512	336	1.90081
1024	3072	1	180	466	0.41713
1024	3072	1	272	384	6.21217
1024	3584	1	300	26	0.84136
1024	3072	1	502	478	3.93296
1536	3072	1	96	490	3.40537
1536	3072	1	512	496	0.96356
1536	3584	1	138	84	3.18807
1536	3584	1	256	62	0.75350
1536	3584	1	286	182	0.70080
1024	3584	1	88	144	0.54517
1024	3584	1	204	140	1.69424
1024	3584	1	338	194	4.50977
1024	3584	1	372	82	3.92542
1536	3584	1	126	180	1.91174
1536	3584	1	390	154	3.28149
1536	3584	1	512	232	5.05242
1536	3584	1	302	268	4.55272
1536	3584	2	468	116	0.00000
1536	3072	2	372	466	0.00000
1536	3584	2	18	52	0.00000
1536	3072	1	192	310	5.14497
1536	3072	1	432	242	1.05435
1536	3072	1	290	260	1.60612
1536	3072	1	356	366	2.21291
1536	3072	1	332	162	5.13510
1536	3072	1	430	60	0.58660
1536	3072	1	510	102	3.47865
1536	3072	1	234	482	0.51915
1536	3072	1	198	408	3.76118
1536	3072	2	424	338	0.00000
1024	3072	1	126	366	5.91781
1024	3072	1	74	464	3.02356
1536	3072	1	32	330	0.63041
1024	3072	1	336	266	0.00000
1024	3072	1	464	190	5.67855
1536	3072	1	188	180	2.62040
1024	3072	1	166	176	6.09421
1024	3072	1	118	216	6.13033
1024	3072	1	308	112	5.29131
1536	3072	1	34	198	5.86152
1536	3072	1	54	42	0.21583
1024	3072	1	136	44	5.06250
1024	3072	1	36	92	1.96704
1024	3072	1	456	90	4.58958
1536	3072	2	146	40	0.00000
1536	3072	1	360	20	4.74744
1024	3072	1	468	4	4.66354
1024	3072	1	254	244	5.56406
1024	3072	1	26	198	0.00000
1536	3584	1	512	102	0.66403
1024	3072	2	342	354	0.00000
2048	2560	1	64	120	3.74454
2048	2560	1	10	36	3.09099
2048	2560	1	72	444	5.20046
2048	2560	1	54	260	5.70347
2048	2048	1	78	486	0.00000
2048	2560	1	222	76	4.92995
2048	2048	2	500	64	0.00000
2048	2048	2	404	6	0.00000
2048	2560	2	170	152	0.00000
2048	2560	2	226	156	0.00000
2048	2560	2	316	204	0.00000
2048	2560	2	378	108	0.00000
2048	2560	2	408	56	0.00000
2048	2560	2	196	422	0.00000
2048	2560	2	166	360	0.00000
2048	2560	2	444	318	0.00000
2560	2560	2	18	484	0.00000
2048	2560	2	470	478	0.00000
2560	2560	2	464	328	0.00000
2048	2560	2	70	512	0.00000
2048	2560	2	198	512	0.00000
2560	2560	2	290	8	0.00000
2560	2048	2	512	68	0.00000
2048	2048	2	204	508	0.00000
2048	2560	2	266	2	0.00000
2048	2560	1	196	246	4.62300
2048	2560	1	262	450	4.29447
2048	2560	1	294	366	4.83255
2048	2560	1	340	512	0.00000
2048	2560	1	430	438	4.32354
2048	2560	1	392	244	1.38649
2048	2560	1	466	136	4.50549
2560	2560	1	30	390	2.63520
2560	2560	2	318	482	0.00000
2560	2560	1	186	156	3.07381
2560	2560	1	112	512	0.52259
2560	2560	1	184	448	4.97308
2560	2560	1	150	300	0.78893
2560	2560	1	304	286	4.23115
2560	2560	1	232	386	4.86213
2560	2560	1	276	162	0.12309
2560	2560	1	464	512	2.67355
2560	2560	1	482	264	5.86062
2560	2560	1	56	198	0.79467
2560	2560	1	374	136	5.76630
2560	2560	1	386	2	5.48739
2560	2048	1	468	450	1.38923
2560	2560	1	496	52	0.00000
2560	2560	1	280	46	1.13597
2560	2048	1	512	322	1.11060
2560	2048	1	512	232	1.45493
2560	2048	1	392	292	1.52064
2560	2048	1	376	164	3.75492
2560	2560	1	86	34	0.00000
2560	2048	1	496	170	1.11131
2560	2048	1	220	452	4.47056
2560	2048	1	228	328	0.29390
2560	2048	1	30	482	3.25994
2560	2048	1	224	78	3.04541
2560	2048	1	426	46	5.99481
2560	2048	1	320	90	0.00000
2560	2048	2	296	394	0.00000
2560	2048	1	196	142	5.97935
2048	2560	1	454	18	2.69869
2560	2048	1	142	254	1.06928
2048	2048	1	474	396	3.32406
2560	2048	1	110	118	5.42150
2048	2048	1	344	430	4.23338
2048	2048	1	164	388	3.52418
2048	2048	1	258	416	3.90155
2048	2048	1	92	304	4.29107
2048	2048	1	474	140	0.66632
2048	2048	1	372	140	4.77081
2048	2048	1	322	54	3.79033
2048	2048	1	242	276	0.11032
2048	2048	1	168	172	1.34748
2048	2048	1	58	116	1.31101
2048	2048	1	36	8	3.14889
2048	2048	2	170	96	0.00000
3072	2048	1	338	170	6.09784
3072	2048	2	46	248	0.00000
3072	2048	1	264	220	2.52742
3072	2048	1	204	306	2.13777
3072	2048	1	156	362	5.22032
3072	2048	2	30	306	0.00000
3072	2048	2	22	162	0.00000
3072	2048	1	76	46	0.28843
3072	2048	1	178	46	4.34984
3072	2048	1	230	100	4.31845
3072	2048	1	360	42	2.74680
3072	2048	1	512	90	1.05037
3584	2048	1	152	106	0.00000
3584	2048	1	268	88	3.70417
3584	2048	1	386	98	6.15841
3584	2048	1	462	56	0.00000
3584	2048	1	384	226	5.34219
3584	2048	1	396	328	2.73344
3584	2048	1	186	294	4.38499
3584	2048	1	26	250	5.42102
3072	2048	1	404	192	6.10345
3072	2048	1	362	320	1.26595
3072	2048	1	468	326	3.94963
3072	2048	1	150	484	1.72740
3072	2048	2	22	450	0.00000
3072	2560	1	46	122	0.34927
3072	2560	1	120	114	0.00000
3072	2560	1	260	94	1.29663
3072	2048	1	376	440	3.30226
3072	2048	1	472	416	3.93580
3584	2048	1	28	472	3.48771
3584	2048	1	108	398	5.37248
3584	2048	1	228	422	4.97757
3584	2048	1	392	466	5.85788
3584	2560	1	290	18	0.60587
3584	2560	1	112	16	1.83123
3072	2560	1	478	68	1.61446
3072	2560	1	372	90	0.33734
3584	2560	1	248	124	1.84431
3584	2560	1	76	126	1.95912
3072	2560	1	490	170	4.96528
3072	2560	1	350	228	4.02431
3072	2560	1	242	274	3.39150
3072	2560	1	108	264	1.91630
3584	2560	1	372	186	3.65892
3584	2560	1	506	60	5.57279
3584	2560	1	462	210	0.00000
3584	2560	1	108	292	0.00000
3584	2560	1	216	172	4.84494
3584	2560	1	236	242	5.28310
3072	2560	1	302	362	3.43243
3072	2560	1	100	400	3.86224
3072	2560	1	122	468	3.98106
3072	2560	1	424	388	2.10051
3072	2560	1	374	470	0.00000
3584	2560	1	8	322	4.22685
3584	2560	1	404	298	3.13378
3584	2560	1	478	304	3.97294
3584	2560	1	306	358	0.72990
3584	2560	1	202	320	2.73142
3584	2560	2	328	448	0.00000
3072	2048	2	266	366	0.00000
3584	2560	2	270	464	0.00000
3584	2560	1	68	444	5.91432
3584	2560	1	158	396	1.93797
3584	2560	1	8	492	2.68893
3584	2560	1	406	444	5.63968
3584	2560	1	464	466	5.99385
3584	2560	1	508	394	2.19436
3584	2560	1	166	488	2.17634
3072	3584	1	438	436	5.82520
3584	3584	1	230	418	0.08674
3072	3584	1	364	486	2.73638
3584	3584	1	138	340	2.52800
3072	3584	1	170	396	3.18362
3584	3584	1	30	462	4.82917
3584	3584	1	102	390	5.97432
3072	3584	2	212	478	0.00000
3584	3584	1	428	460	2.89079
3584	3584	1	480	396	5.19971
3584	3584	1	340	280	0.91453
3584	3584	1	322	356	0.86154
3584	3584	1	436	246	3.22637
3584	3584	1	320	460	1.09294
3584	3584	1	204	300	5.23833
3072	3584	1	468	380	5.77401
3584	3584	1	88	244	0.98931
3072	3584	1	502	292	5.33966
3072	3584	1	308	288	0.49935
3072	3584	1	192	292	2.56613
3072	3584	1	376	322	0.47977
3072	3584	1	28	476	3.92246
3072	3584	1	296	88	2.18400
3072	3584	1	264	216	3.38703
3072	3584	1	172	164	2.22329
3072	3584	1	182	24	2.95619
3072	3584	1	54	318	1.92049
3072	3584	1	44	390	2.02211
3072	3584	1	58	228	2.11903
3072	3584	1	96	512	3.43814
3072	3584	1	490	42	5.77430
3072	3584	1	282	10	2.06403
3072	3584	1	434	92	5.43903
3072	3072	1	52	332	5.96628
3072	3072	1	328	416	2.48055
3584	3584	1	56	128	6.14786
3584	3584	1	8	200	1.92957
3072	3072	1	30	436	2.49390
3584	3584	1	124	78	3.67343
3584	3584	1	186	126	0.55102
3584	3584	1	278	232	4.16561
3584	3072	1	272	506	3.50303
3584	3584	1	284	100	1.04272
3584	3584	1	320	156	3.87819
3584	3584	1	202	210	0.66447
3584	3584	1	392	76	6.03821
3584	3584	1	446	22	2.81811
3584	3584	1	512	152	2.66295
3584	3072	1	512	490	5.75689
3584	3072	1	464	348	2.13822
3584	3072	1	362	402	2.22596
3584	3072	1	212	358	1.88633
3584	3072	1	368	160	2.26516
3584	3072	1	44	370	0.92765
3584	3072	1	44	470	0.58446
3584	3072	1	160	428	1.44644
3584	3072	1	130	512	4.40734
3584	3072	1	274	282	4.95015
3584	3072	1	312	226	5.59612
3584	3072	1	456	78	3.68163
3584	3072	1	468	206	3.83529
3072	3072	1	276	228	2.47823
3072	3072	1	210	336	0.22123
3072	3072	1	128	250	4.93106
3072	3072	1	34	154	4.61325
3072	3072	1	156	110	2.68866
3072	3072	1	212	60	5.21949
3072	3072	1	344	154	5.91903
3072	3072	1	366	0	0.00000
3072	3072	1	466	54	3.98507
3072	3072	1	486	126	4.04599
3072	3072	1	472	218	1.28309
3584	3072	1	62	168	1.54041
3584	3072	1	152	134	6.16223
3584	3072	1	232	52	1.87528
3072	3072	1	422	354	1.01239
3072	3072	2	242	456	0.00000
3584	3072	1	246	126	0.39230
3584	3072	1	308	24	4.96687
3584	3072	1	110	264	2.24061
3584	3072	1	36	24	2.94653
3072	3072	1	110	0	3.82905
3072	3584	2	292	480	0.00000
2048	3072	1	150	92	0.00000
2048	3072	1	62	154	0.34518
2048	3072	1	328	60	0.46490
2048	3072	1	428	74	5.68191
2560	3072	1	96	48	0.38242
2560	3072	1	474	38	2.77142
2560	3072	1	386	120	2.81521
2560	3072	1	132	174	3.02280
2560	3072	1	270	170	0.63001
2048	3072	1	208	192	4.05135
2048	3072	1	182	344	3.69489
2048	3072	1	504	252	0.26243
2560	3072	1	58	350	0.05945
2560	3072	1	164	376	0.19092
2560	3072	1	248	334	0.00000
2560	3072	1	396	378	1.93838
2560	3072	1	460	292	5.12054
2560	3072	1	512	408	2.29060
2560	3584	1	324	68	6.23905
2048	3072	1	64	280	0.36164
2048	3072	1	364	400	3.36417
2048	3584	1	442	12	2.96871
2560	3584	1	114	28	3.31856
2560	3072	1	224	466	0.00000
2560	3584	1	244	110	0.42600
2560	3072	1	400	460	5.09427
2560	3584	1	464	62	0.98781
2560	3584	1	446	272	5.68284
2560	3584	1	484	146	4.63875
2048	3584	1	220	70	5.74409
2048	3584	1	308	18	0.57898
2048	3584	1	368	94	0.02597
2048	3584	1	500	100	0.39234
2560	3584	1	20	182	0.50997
2560	3584	1	128	204	2.39372
2560	3584	1	308	312	1.77619
2560	3584	1	330	218	0.67991
2560	3584	1	204	182	5.74168
2048	3584	1	156	90	2.49809
2048	3584	1	232	188	4.07944
2048	3584	1	110	186	5.34472
2048	3584	1	16	100	3.83176
2048	3584	1	408	200	0.45028
2560	3584	1	64	316	4.88008
2048	3584	1	356	278	5.57467
2048	3584	1	244	344	0.22680
2048	3584	1	178	406	5.96755
2560	3584	1	76	490	2.64604
2560	3584	1	256	426	0.00000
2560	3584	1	512	472	0.52571
2560	3584	1	512	380	2.07981
2560	3584	1	512	300	2.14007
2048	3584	1	22	330	1.29441
2048	3584	1	476	422	4.14445
2048	3584	1	8	216	1.83007
2048	3584	1	316	482	0.00000
2048	3072	2	280	280	0.00000
2560	3072	2	352	238	0.00000
2048	3072	2	156	480	0.00000
2560	3072	2	96	234	0.00000
2560	3072	2	98	438	0.00000
2048	3072	1	8	492	0.94317
2560	3072	1	32	362	0.24498
2560	3584	1	382	410	5.58339
2048	3584	1	132	476	5.83589
2048	3072	2	498	438	0.00000
2048	3584	1	186	230	0.00000
2048	3584	1	496	500	0.00000
