1024	2048	1	128	44	0.80740
1024	2048	2	194	86	0.00000
1024	2048	1	252	0	0.19740
1024	2048	1	350	12	0.00000
1536	2048	1	10	20	0.00000
1536	2048	1	110	0	3.73664
1024	2048	1	262	120	0.98279
1024	2048	1	296	222	3.32182
1024	2048	1	196	250	1.80189
1024	2048	1	224	376	0.31856
1024	2048	1	390	394	5.09714
1024	2048	1	486	290	6.03821
1536	2048	1	394	214	3.12153
1536	2048	2	228	156	0.00000
1536	2048	2	266	96	0.00000
1536	2048	2	486	62	0.00000
1536	2048	1	272	0	6.02976
1536	2048	1	380	0	5.68048
1536	2048	1	92	268	0.00000
1536	2048	1	146	180	2.77735
1536	2048	1	262	288	2.82448
1536	2048	2	264	398	0.00000
1536	2048	1	328	342	2.94711
1536	2048	1	406	396	0.00000
1536	2048	1	488	374	2.78386
1024	2560	1	314	22	1.17725
1024	2048	1	424	492	0.00000
1536	2560	1	18	14	5.70681
1536	2048	1	232	480	0.75158
1024	2560	1	120	166	2.23557
1024	2560	1	376	136	3.34861
1024	2560	1	248	200	4.46741
1024	2560	1	126	290	0.18165
1024	2560	1	6	356	4.12177
1024	2560	1	154	410	3.79411
1024	2560	1	472	154	0.26461
1024	2560	1	358	314	2.65373
1024	2560	1	252	336	1.09536
1024	2560	2	192	284	0.00000
1536	2560	1	164	168	0.72664
1536	2048	1	512	494	0.83306
1536	2560	1	252	80	0.04471
1536	2560	1	400	102	2.46238
1536	2560	1	424	24	2.64865
1536	2560	1	512	84	0.95146
1024	2560	1	468	264	4.27998
1024	2560	1	272	488	1.92957
1024	2560	2	354	442	0.00000
1024	2560	1	486	376	6.07286
1536	2560	1	78	282	1.28795
1536	2560	1	180	284	0.74201
1536	2560	1	300	238	5.58950
1536	2560	1	512	230	4.61643
1536	2560	1	400	252	3.23841
1536	2560	1	324	402	3.03318
1536	2560	1	54	472	0.49734
1536	2560	1	222	416	6.00776
1536	2560	1	444	374	3.37747
1536	2560	1	512	472	1.55844
1536	2560	1	362	510	4.55414
1536	2560	2	396	402	0.00000
1024	2560	1	428	472	0.28625
1024	3072	2	20	26	0.00000
1536	3072	2	10	20	0.00000
1024	3072	2	20	190	0.00000
1024	3584	2	20	96	0.00000
1024	3584	2	24	220	0.00000
1536	3584	2	474	114	0.00000
1536	3584	2	406	100	0.00000
1024	3072	1	94	68	3.76866
1024	3072	1	148	224	0.75407
1024	3072	1	62	312	4.29879
1024	3072	1	44	502	5.94512
1024	3072	1	122	412	5.51148
1024	3072	1	196	370	2.20678
1024	3072	1	222	226	3.60827
1024	3072	1	294	132	5.43471
1024	3072	1	424	124	1.19991
1024	3072	1	284	316	6.16453
1024	3072	1	380	268	4.44114
1536	3072	1	56	152	0.78540
1536	3072	1	182	70	2.51727
1536	3072	1	462	86	5.38656
1536	3072	1	414	154	2.33642
1536	3072	1	288	138	0.00000
1536	3072	1	160	198	4.02821
1024	3072	1	410	382	0.82777
1024	3072	1	234	490	1.18581
1024	3584	1	162	96	4.63824
1024	3584	1	366	136	1.22457
1024	3584	1	430	4	1.42709
1536	3072	1	34	326	0.00000
1536	3072	1	184	322	4.95115
1536	3072	1	398	270	1.28660
1536	3072	1	484	304	3.86139
1536	3072	1	342	406	0.98958
1536	3072	1	68	416	0.69535
1536	3072	1	106	504	3.51319
1536	3072	1	178	442	2.85750
1536	3072	1	230	474	0.00000
1536	3072	1	314	508	2.43337
1536	3584	1	478	12	1.88931
1536	3584	1	236	130	2.11967
1536	3584	1	378	184	1.36651
1024	3584	2	30	516	0.00000
1024	3584	1	480	258	5.07190
1536	3584	1	84	244	0.42554
1536	3584	1	206	228	1.24905
1536	3584	1	424	240	0.94382
1536	3584	1	486	288	0.80148
1536	3584	1	312	334	1.59817
1536	3584	1	404	366	0.00000
1536	3584	1	74	384	1.28749
1024	3584	1	122	300	5.74575
1024	3584	1	106	494	5.72164
1024	3584	1	318	332	5.76629
1024	3584	1	414	370	0.00000
1536	3584	1	174	460	0.00000
1536	3584	1	334	498	5.60922
1536	3584	1	480	446	0.00000
1536	3584	1	68	486	0.82634
1536	3584	1	16	136	4.28036
2048	2048	1	48	22	0.00000
2048	2048	1	234	260	0.00000
2048	2048	1	174	222	0.56332
2048	2048	1	84	156	1.51530
2048	2048	1	158	58	3.05907
2560	2048	1	196	170	5.47618
2560	2048	1	186	70	3.39301
2048	2048	1	400	122	3.64120
2048	2048	2	212	508	0.00000
2048	2560	2	230	148	0.00000
2560	2560	2	20	162	0.00000
2048	2560	2	418	58	0.00000
2560	2560	2	462	338	0.00000
2560	2560	2	12	478	0.00000
2048	2560	2	164	374	0.00000
2048	2560	2	190	420	0.00000
2048	2560	2	68	512	0.00000
2560	2048	1	330	268	3.15475
2560	2048	1	512	202	0.47285
2560	2048	1	512	318	0.77663
2560	2048	1	308	94	0.00000
2048	2048	1	504	192	0.98600
2560	2048	1	6	112	4.89402
2560	2048	1	490	132	3.95752
2560	2048	1	422	46	0.00000
2560	2048	1	356	36	6.16093
2560	2048	1	106	74	3.46631
2048	2048	1	330	330	0.00000
2048	2048	1	492	284	4.73031
2048	2048	1	132	344	4.07662
2048	2048	1	48	278	6.03360
2048	2560	1	334	146	5.30989
2048	2560	1	394	128	2.70622
2560	2048	1	102	398	1.96295
2048	2048	1	492	418	2.21825
2048	2560	1	232	294	1.03462
2048	2048	1	254	424	3.76705
2048	2560	1	322	2	4.07095
2048	2048	1	356	422	4.11775
2560	2048	1	346	462	3.05099
2560	2560	1	426	18	2.92528
2560	2048	1	212	452	2.79883
2048	2048	1	506	502	5.04313
2048	2560	1	152	104	4.06134
2048	2560	1	444	240	1.43722
2048	2560	1	24	242	4.44843
2048	2560	1	54	130	4.09454
2048	2048	1	112	446	2.55822
2048	2048	1	8	486	4.06476
2048	2560	1	16	80	3.90222
2560	2560	1	182	28	2.41779
2560	2560	1	2	98	4.16384
2560	2560	1	104	114	0.00000
2048	2560	1	60	372	4.72000
2048	2560	1	452	450	4.34352
2560	2560	1	270	84	0.94677
2560	2560	1	324	190	5.49244
2560	2560	1	104	266	4.16307
2560	2560	1	378	130	4.99712
2560	2560	1	498	230	5.98313
2560	2560	1	408	292	3.65901
2560	2560	1	294	308	5.79993
2560	2560	1	490	478	2.42931
2560	2560	1	196	338	3.23849
2560	2560	1	328	462	2.69420
2560	2560	1	246	486	2.81632
2560	2560	1	120	436	0.31423
2560	2560	1	28	276	0.68161
2048	2560	1	314	482	2.90800
2048	2560	1	146	492	6.11548
3072	2560	1	152	468	6.12453
3072	2560	1	246	276	0.00000
3584	2560	1	228	466	5.24523
3584	2560	1	214	336	5.42066
3584	2560	1	10	356	1.24905
3584	2560	1	110	330	0.00000
3072	2560	1	414	314	3.28349
3584	2560	1	308	454	0.00000
3072	2560	1	182	322	2.90658
3584	2560	1	358	334	3.17723
3072	2560	1	338	184	0.81569
3584	2560	1	12	504	3.01564
3072	2560	1	100	312	2.80759
3584	2560	1	16	290	1.26274
3072	2560	1	380	470	0.00000
3584	2560	1	176	494	2.89582
3584	2560	1	436	444	3.76292
3584	2560	1	290	284	3.06777
3584	2560	1	500	296	2.75379
3584	2560	1	170	234	2.14976
3584	2560	1	52	186	2.34849
3584	2560	1	188	118	3.52991
3584	2560	1	254	54	2.90381
3072	2560	1	54	84	4.73081
3584	2560	1	432	320	3.29502
3584	2560	1	272	172	4.68065
3072	2560	1	344	298	3.38493
3072	2560	1	274	426	0.79910
3072	2560	2	466	194	0.00000
3072	2560	1	488	124	2.01982
3584	2048	1	298	480	5.63968
3584	2560	1	508	122	2.76563
3072	2560	1	310	58	1.89580
3072	2560	1	208	38	0.88063
3584	2048	1	150	488	3.10277
3584	2048	1	470	474	3.34347
3584	2048	1	380	468	3.02222
3072	2560	1	450	42	4.60684
3584	2560	1	74	104	2.03011
3584	2560	1	432	102	6.08579
3584	2048	1	52	506	5.85364
3072	2048	1	320	334	2.05653
3072	2048	1	350	414	4.11829
3584	2048	1	72	378	2.41605
3584	2048	1	172	370	5.20235
3072	2048	1	476	430	2.64832
3072	2048	1	232	344	2.70999
3072	2048	1	118	366	4.36071
3072	2048	1	388	500	1.53378
3072	2048	1	452	304	1.51564
3584	2048	1	222	218	4.65964
3584	2048	1	56	234	1.67982
3072	2048	1	386	254	1.61078
3584	2048	1	130	282	4.77864
3584	2048	1	370	204	5.42283
3584	2048	1	158	96	0.00000
3584	2560	1	162	398	1.18235
3584	2048	1	388	88	6.18823
3072	2048	1	344	132	0.00000
3072	2048	1	434	72	0.08965
3072	2048	1	160	120	6.09487
3584	2048	1	276	86	4.18999
3584	2048	1	464	64	0.00000
3584	2048	1	512	118	0.00000
3072	2048	1	40	174	0.41062
3072	2048	1	76	54	0.15660
3584	2048	1	24	90	4.36542
3072	2048	1	256	104	5.20039
3072	2048	1	188	22	2.01179
3072	2048	1	334	0	5.85198
3072	2048	1	26	296	0.81765
3072	2048	1	490	180	4.07007
3584	2560	2	408	236	0.00000
3584	2560	2	478	504	0.00000
3584	3584	1	500	448	4.65883
3584	3584	1	492	512	5.25920
3584	3584	1	410	512	3.54115
3584	3584	1	502	380	5.00737
3072	3584	1	430	272	1.40767
3584	3584	1	402	400	1.32894
3584	3584	1	294	442	5.95719
3584	3584	1	198	452	0.33367
3584	3584	1	240	242	4.94856
3584	3584	1	208	376	0.61821
3584	3584	1	92	352	1.71930
3584	3584	1	46	264	1.91661
3584	3584	1	14	196	1.98851
3584	3584	1	8	412	1.43627
3072	3584	1	204	454	5.58500
3584	3584	1	90	460	0.00000
3584	3584	1	502	238	5.61394
3584	3584	1	498	90	3.94866
3584	3584	1	20	458	5.84002
3584	3584	1	512	180	4.31216
3584	3584	1	332	224	4.80194
3584	3584	1	326	160	4.43646
3584	3072	1	476	498	2.54126
3072	3584	1	330	294	5.48470
3072	3584	1	254	410	0.31188
3584	3584	1	422	56	0.00000
3072	3584	1	94	468	2.98498
3584	3072	1	488	424	4.56744
3072	3584	1	464	472	0.17879
3584	3584	1	324	62	5.62290
3072	3584	1	286	346	5.20843
3584	3584	1	274	352	6.12886
3584	3584	1	330	318	0.00000
3584	3584	1	146	270	5.71968
3072	3584	1	54	278	1.68195
3072	3584	1	52	158	0.56411
3072	3584	1	168	206	3.70180
3584	3584	1	230	130	3.95459
3072	3584	1	348	464	2.46570
3072	3584	1	194	288	2.95452
3072	3584	1	234	174	0.70347
3072	3584	1	0	388	3.50865
3072	3584	1	374	170	0.25350
3584	3584	1	408	296	5.89619
3072	3584	2	114	366	0.00000
3584	3584	1	138	128	5.61684
3584	3072	1	366	442	0.00000
3584	3072	1	322	460	2.79132
3584	3072	1	192	492	4.18652
3584	3584	1	18	100	3.90087
3072	3584	1	274	100	4.26743
3072	3072	1	300	500	5.46030
3072	3072	2	236	452	0.00000
3072	3584	1	230	4	2.21631
3072	3584	1	138	44	0.00000
3072	3584	1	40	40	3.51307
3072	3072	1	420	444	0.00000
3584	3072	1	512	320	2.42482
3584	3072	2	366	322	0.00000
3584	3072	1	448	296	3.16399
3584	3072	1	486	202	4.90924
3584	3072	1	512	140	2.18198
3584	3072	1	468	30	0.79630
3584	3072	1	420	172	0.45576
3584	3072	1	354	128	3.76736
3584	3072	1	348	62	0.00000
3584	3072	1	318	0	0.00000
3584	3072	1	286	86	5.76156
3584	3072	1	210	54	1.69910
3584	3072	1	232	144	3.81594
3584	3072	1	242	244	4.99335
3584	3072	1	296	334	4.31113
3584	3072	1	152	398	3.60467
3584	3072	1	64	362	0.00000
3584	3072	1	2	440	2.76602
3584	3072	1	18	278	5.66876
3584	3072	1	126	270	1.98904
3584	3072	1	76	204	4.80377
3584	3072	1	92	128	1.40988
3584	3072	1	24	42	2.62821
3072	3072	1	486	126	5.57964
3072	3072	1	360	8	0.00000
3072	3072	1	352	292	1.97504
3072	3072	2	430	250	0.00000
3072	3072	1	322	394	3.96205
3072	3072	1	170	358	2.02673
3072	3072	1	106	314	0.00000
3072	3072	1	52	380	2.85816
3072	3072	1	0	438	5.06420
3072	3072	1	280	290	3.03113
3072	3072	1	400	176	5.58076
3072	3072	1	306	190	4.96631
3072	3072	1	126	190	5.33423
3072	3072	1	280	86	4.80837
3072	3072	1	176	14	0.00000
3072	3072	1	112	38	3.44473
3072	3072	1	28	108	5.62888
2048	3584	1	92	432	0.00000
2048	3584	1	222	492	4.89041
2048	3584	1	268	144	2.97828
2048	3584	1	210	30	1.62108
2048	3584	1	76	30	5.80874
2048	3584	1	302	308	5.31534
2048	3584	1	192	362	4.95816
2048	3584	1	66	172	2.52276
2048	3584	1	206	426	4.60366
2048	3584	2	54	240	0.00000
2048	3584	2	134	294	0.00000
2048	3584	2	172	278	0.00000
2048	3584	2	226	216	0.00000
2048	3072	2	156	468	0.00000
2560	3584	1	22	406	0.00000
2048	3584	1	444	390	0.00000
2048	3584	1	372	254	6.02929
2048	3584	1	336	472	0.00000
2560	3584	1	354	390	5.61312
2560	3584	1	338	260	5.62359
2560	3584	1	452	146	2.55987
2560	3584	1	158	286	5.80874
2560	3584	1	206	480	5.97343
2560	3584	1	500	358	3.06067
2048	3584	1	436	210	0.00000
2560	3584	1	304	114	4.56756
2560	3584	1	40	236	1.70321
2560	3584	1	152	166	1.41786
2560	3584	1	16	306	4.72353
2560	3584	1	6	142	0.16523
2048	3584	1	448	44	3.21336
2560	3584	1	82	90	0.00000
2048	3072	1	392	470	0.25897
2048	3584	1	346	92	5.93559
2048	3072	1	258	478	5.15683
2560	3584	1	146	4	0.00000
2560	3584	1	424	36	1.13048
2560	3584	1	294	12	3.95154
2560	3072	1	226	484	0.00000
2560	3072	1	22	448	3.12890
2048	3072	1	144	388	1.33440
2560	3072	2	90	438	0.00000
2048	3072	1	68	188	5.98699
2048	3072	2	62	35	0.00000
2048	3072	2	134	115	0.00000
2048	3072	2	24	289	0.00000
2048	3072	1	182	240	0.27919
2048	3072	2	146	33	0.00000
2048	3072	1	246	110	0.00000
2048	3072	1	294	196	3.13909
2048	3072	1	342	338	4.22938
2048	3072	1	478	350	0.58455
2048	3072	1	358	130	5.44660
2048	3072	1	416	54	2.42456
2048	3072	1	500	136	4.68896
2048	3072	1	506	230	1.77996
2560	3072	1	30	54	1.43587
2560	3072	2	138	77	0.00000
2560	3072	2	102	219	0.00000
2560	3072	1	70	334	2.89024
2560	3072	1	158	350	5.93279
2560	3072	1	236	298	0.00000
2560	3072	1	334	430	5.58341
2560	3072	1	198	58	5.53638
2560	3072	1	234	188	1.93782
2560	3072	1	316	106	5.75974
2560	3072	1	442	82	0.00000
2560	3072	2	348	239	0.00000
2560	3072	1	460	272	1.00345
2560	3072	1	470	412	5.31763
2560	3584	1	384	478	0.00000
