1024	2048	1	252	364	0.37879
1024	2048	1	46	116	0.00000
1024	2048	1	100	238	0.83715
1024	2048	1	502	224	3.66808
1024	2048	1	320	28	3.75704
1536	2048	1	366	116	0.00000
1536	2048	1	122	314	3.24779
1536	2048	1	44	320	3.71017
1024	2048	1	432	430	3.98275
1024	2560	1	266	36	1.07277
1024	2560	1	88	126	3.24439
1024	2560	1	30	248	0.22735
1536	2048	1	346	248	5.55533
1536	2048	1	286	278	5.69065
1536	2048	1	258	384	2.23502
1536	2048	1	152	474	2.20077
1536	2048	1	28	470	0.00000
1024	2560	1	474	80	1.39161
1536	2560	1	80	76	6.18295
1536	2560	1	194	82	0.62943
1536	2048	1	346	462	0.57264
1536	2048	1	448	504	5.77604
1536	2048	1	98	122	6.04661
1024	2560	1	510	190	1.22754
1024	2560	1	168	224	5.07700
1024	2560	1	110	344	2.16442
1024	2560	1	372	360	0.59805
1024	2560	1	504	306	1.90006
1536	2560	1	200	326	1.76887
1536	2560	1	222	218	5.91378
1536	2560	1	300	98	6.08541
1536	2560	1	460	224	0.00000
1536	2560	1	302	248	5.82118
1536	2560	1	404	314	2.70401
1536	2048	1	482	132	5.10558
1024	2560	1	52	456	3.80171
1024	2560	1	222	460	3.63736
1024	2560	1	464	466	2.00665
1536	2560	1	68	430	5.18199
1536	2560	1	400	436	1.85420
1536	2560	1	314	500	2.03547
1536	2560	1	388	44	2.41075
1536	2048	1	492	236	4.97721
1024	2048	2	201	91	0.00000
1536	2048	2	223	134	0.00000
1536	2048	2	30	31	0.00000
1024	2048	2	180	23	0.00000
1536	2048	2	420	25	0.00000
1536	2048	2	352	31	0.00000
1536	2048	2	494	55	0.00000
1024	3584	1	436	268	2.27536
1536	3584	1	180	356	1.92937
1536	3584	1	302	426	0.53862
1024	3584	1	308	226	5.80212
1024	3584	1	50	258	4.79553
1024	3584	1	36	174	4.52928
1024	3584	1	252	112	0.61888
1024	3584	1	488	440	0.46747
1024	3584	1	250	400	0.40857
1024	3584	1	388	364	1.36248
1536	3584	1	4	210	3.15072
1024	3584	1	66	400	2.41923
1536	3584	1	170	452	0.74195
1536	3584	1	42	516	0.66664
1536	3584	1	260	212	0.72074
1536	3584	1	124	276	1.77297
1536	3584	1	376	322	5.47807
1536	3584	1	506	180	1.24727
1536	3584	2	472	102	0.00000
1536	3584	1	128	172	0.19740
1024	3584	1	320	116	1.69650
1024	3584	1	78	88	1.20049
1024	3584	2	174	22	0.00000
1024	3072	1	90	472	0.00000
1024	3072	1	220	350	0.35555
1024	3584	1	392	12	2.91050
1024	3584	1	464	38	3.30297
1536	3584	2	12	40	0.00000
1536	3072	1	116	486	5.82871
1536	3584	1	200	82	2.43871
1536	3584	1	348	502	3.87010
1536	3072	1	394	190	4.47047
1536	3584	1	424	32	1.94242
1536	3584	1	384	104	4.27536
1536	3584	1	254	12	2.63510
1536	3072	1	490	420	2.75327
1536	3072	1	392	326	5.55112
1536	3072	2	378	458	0.00000
1536	3072	1	194	402	0.00000
1024	3072	1	472	386	4.47759
1024	3072	1	318	262	0.00000
1024	3072	1	114	284	2.36006
1024	3072	1	174	172	0.25793
1024	3072	1	32	142	5.72126
1536	3072	1	150	146	3.84545
1536	3072	1	122	280	2.67918
1024	3072	2	512	300	0.00000
1024	3072	2	340	346	0.00000
1536	3072	1	22	142	0.67700
1536	3072	1	286	114	4.22747
1536	3072	1	238	212	4.19684
1536	3072	1	318	422	6.20925
1024	3072	1	422	154	2.96268
1024	3072	1	294	78	5.15834
1024	3072	1	132	90	0.94531
1024	3072	1	72	54	4.35220
1024	3072	1	246	204	3.42467
1536	3072	1	188	30	1.73473
1536	3072	1	512	30	0.00000
1536	3072	1	96	48	5.89820
1024	3072	2	498	42	0.00000
2560	2560	1	428	366	4.93919
2560	2560	1	356	224	0.00000
2560	2560	1	134	152	3.74104
2048	2560	1	70	512	3.50503
2560	2048	1	306	94	0.00000
2560	2560	1	56	334	5.26022
2560	2048	1	122	254	6.11519
2048	2560	1	490	236	1.46343
2048	2560	1	430	444	1.55080
2560	2048	1	196	102	0.00000
2048	2560	1	254	448	0.55556
2048	2560	1	82	290	1.59782
2048	2560	1	306	342	2.27942
2048	2560	1	78	360	4.74158
2560	2560	1	66	448	6.01035
2560	2560	1	294	74	5.45020
2048	2048	1	48	478	4.22701
2560	2048	1	462	60	0.00000
2560	2048	1	406	512	3.78509
2560	2560	1	164	300	5.08049
2560	2048	1	162	344	4.21861
2560	2048	1	370	238	3.72624
2560	2048	1	464	342	1.31068
2560	2048	1	512	216	0.87030
2048	2048	1	364	252	5.96552
2048	2048	1	426	150	2.81783
2560	2560	1	76	30	0.57856
2048	2560	1	72	218	4.76971
2048	2560	1	460	112	3.67805
2048	2048	1	316	102	1.09204
2048	2048	1	510	440	4.16544
2048	2048	1	512	212	1.08721
2560	2560	1	212	46	3.98911
2048	2048	1	402	476	5.48172
2048	2048	1	316	322	0.08067
2048	2048	1	188	84	3.53104
2048	2048	1	468	32	4.68183
2048	2560	1	294	92	0.51999
2048	2048	1	94	254	0.00000
2560	2048	1	66	106	3.14159
2048	2048	1	136	304	0.00000
2560	2560	1	260	386	0.80998
2560	2560	1	372	446	5.20936
2048	2048	1	166	394	3.10420
2048	2048	1	212	508	5.35442
2048	2560	1	104	50	2.20396
2048	2560	1	24	110	5.28091
2048	2560	2	168	148	0.00000
2048	2560	1	388	90	0.30041
2048	2048	1	34	388	4.28872
2048	2048	1	0	104	5.18604
2048	2048	1	10	244	5.25281
2560	2048	2	290	398	0.00000
2560	2048	1	204	394	1.18019
2560	2048	2	296	512	0.00000
2560	2560	1	478	120	4.46343
2560	2560	1	234	200	0.20113
2048	2560	2	222	138	0.00000
2048	2560	2	316	206	0.00000
2048	2560	2	438	318	0.00000
2048	2560	2	192	430	0.00000
2048	2560	2	324	418	0.00000
2560	2560	2	316	502	0.00000
2048	2560	2	468	480	0.00000
2560	2560	2	22	478	0.00000
2048	2560	1	154	508	0.53098
2560	2560	2	18	166	0.00000
3072	2048	1	430	186	5.70466
3072	2048	1	506	142	6.08774
3584	2048	1	166	134	0.22083
3072	2048	1	408	60	4.02250
3072	2048	1	122	112	2.57650
3072	2048	1	226	126	3.74214
3072	2048	1	324	142	2.70409
3584	2048	1	84	410	4.01456
3584	2048	1	102	508	4.41279
3072	2560	1	510	98	1.82358
3584	2048	1	402	480	2.45306
3072	2560	1	54	216	5.37500
3584	2560	1	310	306	2.68120
3584	2560	1	512	12	0.92012
3584	2560	1	108	216	2.66369
3072	2560	1	146	202	1.74209
3584	2560	1	148	96	3.50037
3584	2560	1	52	236	5.56228
3584	2560	1	374	250	0.24624
3584	2560	1	404	418	2.73579
3072	2560	2	160	408	0.00000
3584	2560	2	336	452	0.00000
3072	2560	1	338	266	2.69766
3072	2560	1	252	340	2.88289
3072	2560	1	32	510	2.42972
3584	2560	1	250	348	2.36550
3584	2560	1	460	422	6.21028
3072	2560	1	178	512	3.84840
3584	2048	1	86	64	1.07685
3584	2048	1	262	106	3.91181
3584	2048	1	448	392	2.77522
3584	2048	1	390	86	6.10729
3584	2048	1	468	64	0.28756
3584	2560	1	328	30	2.60277
3584	2560	1	446	78	3.83977
3584	2560	1	212	232	2.44678
3584	2560	1	212	416	2.63237
3072	2560	1	458	258	3.79427
3584	2560	1	510	344	2.97445
3072	2560	1	474	360	1.10330
3072	2048	1	28	184	0.63149
3584	2048	1	226	0	0.00000
3584	2048	1	378	220	5.39812
3584	2048	1	502	238	2.67261
3584	2048	1	512	120	6.22619
3072	2048	1	162	22	4.19616
3072	2048	2	288	27	0.00000
3072	2048	2	18	69	0.00000
3072	2048	1	96	0	0.77101
3584	2560	1	478	260	2.89790
3584	2560	1	296	140	5.09201
3584	2560	1	62	452	5.66660
3584	2560	1	100	326	1.14306
3072	2560	1	406	480	0.08120
3584	2560	1	176	484	2.25132
3072	2560	1	476	464	2.87644
3072	2560	2	460	180	0.00000
3072	2560	2	434	132	0.00000
3584	2048	1	296	288	5.80591
3072	2048	1	454	510	4.68944
3072	2560	1	376	104	5.92741
3072	2560	1	298	114	5.99353
3072	2048	1	498	330	4.93587
3584	2048	1	512	382	5.17656
3072	2048	1	342	242	2.16374
3072	2048	1	402	426	3.91156
3072	2048	1	246	314	2.87515
3072	2048	1	128	236	5.89458
3072	2048	1	328	362	3.45602
3072	2048	1	70	376	0.00000
3072	2560	1	6	100	4.54161
3072	2048	1	0	322	0.86700
3072	2048	1	268	452	2.13289
3072	2048	1	108	492	4.26004
3072	2560	1	244	120	2.76987
3072	2560	2	166	75	0.00000
3072	2560	2	260	33	0.00000
3072	3072	1	40	134	5.90254
3072	3072	1	50	20	2.64939
3072	3072	1	158	52	3.74181
3072	3072	1	182	238	2.00202
3072	3072	1	244	150	6.01343
3072	3072	1	314	146	0.51652
3072	3072	1	394	22	0.14273
3072	3072	1	52	304	2.31970
3072	3072	1	220	368	5.81640
3072	3072	1	422	122	3.81237
3584	3072	1	364	74	5.77568
3584	3072	1	210	104	4.01360
3584	3072	1	212	38	4.17831
3584	3072	1	108	76	2.69391
3072	3072	1	506	96	3.76189
3584	3072	1	454	88	3.46383
3584	3072	1	330	128	5.85603
3584	3072	1	242	156	4.02252
3584	3072	1	512	114	1.10147
3584	3072	1	44	164	0.00000
3072	3072	1	422	200	1.21476
3584	3072	1	180	254	2.43109
3584	3072	1	510	360	5.97311
3072	3584	1	128	78	1.86667
3072	3072	1	444	252	1.70918
3584	3072	1	444	316	0.00000
3584	3072	1	276	222	5.07415
3584	3072	1	96	230	3.17543
3584	3072	1	38	312	3.19851
3072	3072	1	454	342	5.53394
3584	3072	1	266	324	4.52240
3072	3072	1	342	298	5.51066
3584	3072	1	70	380	4.10972
3584	3072	1	272	408	2.21768
3072	3072	2	250	467	0.00000
3584	3072	2	358	333	0.00000
3584	3072	1	402	432	5.99379
3072	3072	1	336	364	1.91930
3584	3584	1	70	134	0.44715
3584	3072	1	92	460	0.90975
3072	3072	1	350	512	3.97369
3072	3072	1	30	404	0.00000
3072	3072	1	114	504	2.14040
3072	3072	1	186	452	2.42512
3072	3584	1	250	84	6.09993
3584	3584	1	512	30	5.00971
3072	3072	1	466	450	1.60210
3584	3072	1	512	476	5.06313
3584	3584	1	332	22	0.64655
3584	3584	1	404	52	0.48700
3584	3072	1	194	458	1.65303
3072	3584	1	492	210	3.20642
3584	3584	1	272	180	5.22763
3584	3584	1	52	40	0.96398
3584	3584	1	140	184	3.78817
3072	3584	1	384	96	4.47130
3072	3584	1	452	132	3.84558
3072	3584	1	326	206	4.08236
3584	3584	1	40	278	0.19080
3584	3584	1	226	230	5.72679
3584	3584	1	198	82	5.12151
3584	3584	1	466	126	6.11739
3072	3584	1	172	232	0.49229
3072	3584	1	74	188	5.29926
3072	3584	1	116	142	1.93077
3072	3584	1	236	260	0.31717
3072	3584	1	394	334	6.01128
3072	3584	1	320	334	6.06407
3072	3584	1	450	314	5.78061
3072	3584	1	196	342	1.09112
3072	3584	1	48	334	0.90083
3072	3584	1	34	234	1.95169
3072	3584	1	74	460	1.20259
3072	3584	1	254	412	0.47049
3072	3584	1	346	480	4.97976
3584	3584	1	82	428	5.67537
3072	3584	1	484	450	5.26125
3584	3584	1	464	260	2.10104
3584	3584	1	144	286	1.51224
3584	3584	1	130	332	4.69641
3584	3584	1	434	328	5.57614
3584	3584	1	502	448	2.39740
3584	3584	1	344	366	5.58688
3584	3584	1	322	272	5.79964
3584	3584	1	374	212	3.03292
3584	3584	1	244	382	0.00000
3584	3584	1	366	424	1.14966
3584	3584	1	72	512	1.06846
3584	3584	1	442	512	2.71770
3072	3584	1	154	512	3.87296
3584	3584	1	230	32	2.36585
2048	3072	1	10	16	0.00000
2048	3072	1	142	24	0.70600
2048	3072	1	312	40	1.39865
2048	3072	1	134	126	0.85297
2048	3072	1	188	158	3.95138
2048	3072	1	60	242	5.37734
2048	3072	1	312	218	5.80648
2048	3072	1	448	52	1.18540
2560	3072	1	4	106	1.14268
2048	3072	1	430	230	0.78932
2560	3072	1	206	52	0.00000
2560	3072	1	350	76	4.25278
2560	3072	1	100	150	4.53474
2560	3072	1	326	178	0.98964
2560	3072	1	446	190	0.93962
2560	3072	1	118	334	6.06937
2048	3072	1	502	274	0.00000
2560	3072	1	274	360	0.50659
2560	3072	1	416	296	4.12916
2560	3072	1	448	372	3.59162
2560	3584	1	368	6	5.60484
2560	3584	1	284	34	6.06096
2560	3072	1	210	474	0.00000
2560	3584	1	178	48	5.57932
2560	3584	1	206	134	4.44843
2048	3072	1	442	486	6.14585
2048	3072	1	506	370	2.17634
2048	3072	1	264	416	0.90975
2048	3072	1	354	360	5.70338
2048	3072	1	142	348	0.57033
2048	3584	1	64	14	0.00000
2048	3584	2	24	164	0.00000
2048	3584	2	106	230	0.00000
2048	3584	1	208	260	5.22555
2048	3584	1	212	52	5.22523
2048	3072	1	340	508	0.56238
2048	3584	1	328	134	2.77324
2048	3584	1	408	160	3.30151
2048	3584	1	502	136	1.56556
2560	3584	1	106	180	6.22794
2048	3584	1	410	322	3.89896
2560	3584	1	24	242	5.31081
2560	3072	2	104	246	0.00000
2560	3072	2	224	132	0.00000
2560	3072	2	342	244	0.00000
2560	3072	2	94	436	0.00000
2048	3072	2	502	444	0.00000
2560	3584	1	478	70	5.81894
2560	3584	1	392	130	2.03129
2560	3584	1	264	186	4.44614
2560	3584	1	296	284	0.66818
2560	3584	1	170	308	5.71815
2048	3584	1	268	328	0.72450
2048	3584	1	328	344	0.36717
2048	3584	1	288	214	2.12966
2560	3584	1	448	256	5.91650
2560	3584	1	512	228	2.07240
2560	3584	1	474	402	6.03739
2560	3584	1	384	302	2.97029
2560	3584	1	328	390	0.20699
2560	3584	1	420	416	5.35043
2560	3584	1	220	420	1.94513
2560	3584	1	82	422	1.10035
2048	3584	1	440	412	0.00000
2048	3584	1	504	466	0.00000
2048	3584	1	58	436	0.20847
2048	3584	1	260	512	0.00000
2048	3584	1	412	508	5.63968
2048	3584	1	368	510	3.01609
2560	3584	1	86	512	3.04192
2560	3584	1	198	510	2.24707
2048	3072	2	174	476	0.00000
