1024	2048	1	220	152	4.79505
1024	2048	2	206	94	0.00000
1024	2048	1	228	380	0.35971
1024	2048	1	72	122	5.82862
1024	2048	1	80	236	0.89682
1536	2048	1	6	26	0.00000
1024	2048	1	498	220	3.55999
1536	2048	1	90	62	0.00000
1536	2048	2	230	174	0.00000
1536	2048	1	362	76	5.27824
1536	2048	2	496	72	0.00000
1536	2048	1	224	282	3.84908
1536	2048	1	460	234	3.41600
1536	2048	2	268	346	0.00000
1536	2048	2	370	324	0.00000
1536	2048	1	134	386	6.09196
1536	2048	1	250	42	5.98030
1024	2560	1	268	30	0.89398
1024	2560	2	84	118	0.00000
1024	2560	1	456	62	2.41026
1536	2560	1	104	36	1.58193
1536	2048	1	268	448	1.74799
1536	2048	1	438	490	5.39994
1536	2560	1	286	68	4.02328
1536	2560	1	156	194	6.10165
1536	2560	1	48	130	6.22233
1024	2560	1	232	320	4.02028
1024	2560	1	134	316	3.43634
1024	2560	2	200	272	0.00000
1024	2560	1	42	200	4.87754
1024	2560	1	54	292	5.50531
1024	2560	1	376	326	5.70949
1536	2560	1	8	224	1.51026
1536	2560	1	164	322	5.10445
1536	2560	1	264	242	5.74756
1536	2560	1	66	432	5.00485
1536	2560	1	58	316	3.44502
1024	2560	1	382	486	4.37293
1024	2560	1	264	494	0.66595
1024	2560	1	270	390	0.92316
1024	2560	1	478	314	2.35442
1536	2560	1	404	428	1.91600
1536	2560	2	430	288	0.00000
1536	2560	2	348	248	0.00000
1536	2560	2	422	136	0.00000
1536	2560	2	512	148	0.00000
1536	2048	2	508	308	0.00000
1536	2560	1	184	448	2.67795
1536	2560	1	54	510	2.06344
1024	2560	1	162	444	5.03746
1024	2560	2	20	488	0.00000
1024	2560	1	138	512	5.31244
1024	3072	1	92	78	5.40357
1024	3072	1	252	110	0.21826
1024	3072	1	330	124	0.11393
1024	3072	1	408	74	3.06357
1536	3072	1	6	96	3.74725
1536	3072	1	100	178	0.00000
1024	3072	1	96	280	5.62520
1024	3072	1	174	192	0.00000
1024	3072	1	318	292	0.21712
1024	3072	2	256	256	0.00000
1024	3072	1	404	356	2.99530
1024	3072	1	506	246	5.56442
1536	3072	1	12	352	1.36953
1536	3072	1	18	430	1.71689
1024	3072	1	342	480	0.99816
1024	3072	1	210	382	0.31035
1024	3072	1	68	488	3.85744
1024	3584	1	224	2	2.16696
1024	3584	1	426	4	1.19029
1024	3584	1	490	54	3.49546
1536	3584	1	96	18	3.16866
1536	3072	1	156	444	4.90377
1536	3584	1	278	20	2.60355
1536	3584	1	394	128	0.41988
1536	3584	2	472	112	0.00000
1536	3072	1	304	312	0.00000
1536	3072	1	406	282	6.01971
1536	3072	1	230	254	3.34690
1536	3072	1	174	208	3.54614
1536	3072	1	280	100	0.54161
1536	3072	1	406	148	5.56548
1536	3072	1	310	172	3.64599
1536	3072	2	370	462	0.00000
1024	3584	1	90	128	0.58798
1024	3584	1	246	104	0.70832
1024	3584	1	354	136	1.38139
1024	3584	1	496	158	4.20233
1536	3584	1	158	172	3.70287
1536	3584	1	304	224	3.53529
1536	3584	1	408	228	3.89626
1536	3584	1	462	292	2.20521
1024	3584	1	188	206	1.94582
1024	3584	1	342	240	5.13735
1024	3584	1	102	278	6.27275
1024	3584	1	52	382	2.40961
1024	3584	1	290	378	6.07568
1024	3584	1	464	292	0.91007
1024	3584	1	476	380	1.08424
1536	3584	1	108	292	2.12868
1536	3584	1	240	414	1.21737
1536	3584	1	70	450	0.00000
1536	3584	1	144	436	0.00000
1024	3584	1	488	466	0.78812
1536	3584	1	348	364	6.10841
1536	3584	1	468	396	5.33114
1536	3584	1	422	454	4.82832
2048	2048	1	402	72	0.81827
2560	2048	1	74	128	3.71677
2048	2048	1	340	294	3.86966
2048	2048	1	220	346	2.78873
2560	2560	1	238	472	2.82289
2048	2048	1	106	472	5.17333
2048	2560	1	78	28	2.32684
2048	2048	2	141	73	0.00000
2560	2048	1	24	52	3.81365
2048	2048	1	68	134	0.84590
2048	2048	1	472	200	1.52678
2048	2048	1	362	442	4.96474
2048	2048	1	452	376	6.20279
2560	2048	1	114	246	5.63719
2560	2048	1	190	130	0.00000
2560	2048	1	314	104	0.00000
2560	2048	1	456	84	2.23312
2560	2048	1	420	170	1.56965
2560	2048	1	206	346	4.25744
2560	2048	1	34	408	3.53071
2560	2560	2	463	327	0.00000
2560	2048	1	462	340	1.45407
2560	2048	1	366	492	3.37975
2560	2560	2	292	3	0.00000
2560	2048	2	290	395	0.00000
2048	2560	2	408	49	0.00000
2048	2560	1	252	80	5.00262
2048	2560	2	236	151	0.00000
2048	2560	2	173	147	0.00000
2048	2560	2	406	157	0.00000
2560	2560	2	18	163	0.00000
2048	2048	2	324	507	0.00000
2560	2560	1	468	14	3.69433
2560	2560	1	432	120	2.17412
2560	2560	1	182	88	2.35768
2560	2560	2	314	479	0.00000
2560	2048	1	206	472	2.78546
2048	2560	1	92	202	0.75867
2048	2560	1	378	244	6.21256
2048	2560	2	324	204	0.00000
2048	2560	1	154	282	0.47850
2048	2560	1	478	62	3.87893
2560	2560	1	12	284	2.45746
2048	2560	2	438	318	0.00000
2048	2560	1	282	344	4.88306
2048	2560	2	28	405	0.00000
2048	2560	2	197	415	0.00000
2048	2560	2	322	425	0.00000
2560	2560	2	14	479	0.00000
2560	2560	1	138	196	0.00000
2560	2560	1	228	234	4.12006
2560	2560	1	402	228	0.33831
2560	2560	1	118	398	3.34555
2560	2560	1	262	340	5.26690
2048	2048	1	44	244	0.51342
2560	2048	1	208	214	2.43373
2560	2560	1	408	450	5.47172
2048	2560	1	420	456	0.00000
2048	2560	1	90	468	3.40622
2048	2560	1	304	510	4.40518
2048	2048	1	64	354	4.74477
2560	2560	1	136	512	1.51786
2048	2048	1	74	46	2.25242
3072	2048	1	406	154	5.47892
3584	2048	1	384	106	0.00000
3584	2048	1	466	62	0.00000
3072	2048	1	68	84	2.50529
3072	2048	1	166	108	2.34410
3072	2048	1	198	44	5.31699
3072	2048	2	290	22	0.00000
3072	2048	1	42	232	0.00000
3072	2048	1	142	276	5.42648
3072	2048	1	202	244	2.31622
3072	2048	1	282	200	2.88576
3072	2048	1	338	250	3.37043
3072	2048	1	430	300	2.59828
3584	2048	1	130	114	5.79826
3584	2048	1	244	86	4.00702
3584	2048	1	160	218	1.28319
3072	2048	1	98	348	5.03037
3072	2048	1	120	436	1.85300
3072	2048	1	306	374	4.47818
3072	2048	1	364	480	2.54242
3584	2048	1	76	460	0.58800
3584	2048	1	104	362	2.28315
3584	2048	1	264	398	1.87429
3584	2048	1	428	336	5.37821
3584	2048	1	374	226	5.62580
3584	2048	1	314	290	2.95700
3072	2560	2	160	74	0.00000
3072	2560	2	256	22	0.00000
3072	2560	2	464	186	0.00000
3072	2560	2	130	130	0.00000
3584	2560	1	44	62	5.54124
3584	2048	1	200	500	2.26847
3584	2048	1	316	506	3.40531
3584	2560	1	388	14	0.53436
3584	2560	1	478	78	5.61985
3584	2048	1	512	502	5.19394
3072	2560	1	38	354	4.35034
3072	2560	1	46	452	4.22058
3072	2560	1	162	388	6.20346
3072	2560	1	62	164	0.26890
3072	2560	1	96	30	4.28349
3072	2560	1	222	52	5.87306
3072	2560	1	332	104	3.27906
3072	2560	2	314	22	0.00000
3072	2560	1	502	124	2.02869
3072	2560	2	430	138	0.00000
3584	2560	1	56	234	1.36100
3584	2560	1	154	40	2.31974
3584	2560	1	236	170	3.20401
3584	2560	1	296	264	3.33911
3584	2560	1	376	154	3.30972
3584	2560	1	464	176	2.81205
3584	2560	1	504	362	2.92551
3072	2560	1	178	260	3.40929
3072	2560	1	254	180	2.27689
3072	2560	1	352	222	3.56407
3072	2560	1	402	316	4.65299
3072	2560	1	272	346	3.04683
3072	2560	1	380	428	1.26109
3072	2560	1	254	480	2.07897
3584	2560	1	74	336	2.65751
3584	2560	1	18	406	2.33492
3072	2560	1	510	498	4.97802
3584	2560	1	248	410	4.87754
3584	2560	1	118	128	4.90627
3584	2560	1	182	236	2.99628
3584	2560	1	386	354	1.41815
3584	2560	1	390	284	1.22203
3584	2560	1	140	508	4.30083
3584	2560	1	240	448	4.99442
3584	2560	1	362	450	2.96620
3584	2560	1	230	362	3.30869
3072	3072	1	130	16	1.32974
3072	3072	1	140	110	4.12551
3072	3072	1	254	92	5.72325
3072	3072	1	398	56	0.00000
3072	3072	2	302	18	0.00000
3584	3072	1	48	132	6.13495
3584	3072	1	30	16	5.25281
3584	3072	1	140	148	2.64990
3584	3072	1	262	54	0.00000
3584	3072	1	368	72	0.87450
3584	3072	1	512	78	2.21196
3584	3072	1	466	156	2.64092
3072	3072	1	270	184	4.64446
3072	3072	1	56	256	4.13449
3072	3072	1	204	266	1.94579
3072	3072	1	296	306	1.91472
3072	3072	1	448	264	1.60561
3584	3072	2	2	204	0.00000
3072	3072	1	258	416	2.69755
3072	3072	1	116	376	0.23646
3072	3072	1	50	444	3.88886
3072	3072	1	222	488	2.54242
3072	3072	1	140	512	2.55372
3072	3072	1	462	370	3.92699
3072	3072	1	330	422	3.76507
3072	3072	1	448	468	3.60460
3584	3072	1	48	454	3.72680
3584	3584	2	116	12	0.00000
3584	3072	1	78	314	1.11560
3584	3072	1	160	346	1.26852
3584	3072	1	258	202	5.57887
3584	3072	1	398	330	0.63145
3584	3072	2	426	426	0.00000
3584	3072	1	276	366	5.83281
3584	3072	2	354	258	0.00000
3584	3072	1	512	278	5.61603
3584	3584	1	484	6	5.57277
3584	3072	1	206	490	2.76540
3584	3584	1	356	14	3.14677
3584	3584	1	264	60	3.26595
3584	3584	1	196	110	5.79344
3584	3584	1	70	144	5.94348
3584	3072	2	506	420	0.00000
3072	3584	1	368	90	5.66071
3072	3584	1	476	102	2.45513
3072	3584	1	220	118	1.59182
3072	3584	1	60	140	1.27656
3072	3584	1	62	14	1.71215
3072	3584	1	216	198	5.72907
3072	3584	1	162	266	0.00000
3072	3584	1	54	264	2.01403
3072	3584	1	354	216	3.12024
3072	3584	1	466	238	3.71982
3584	3584	1	38	268	3.66400
3584	3584	2	172	370	0.00000
3584	3584	2	308	368	0.00000
3072	3584	2	230	398	0.00000
3584	3584	2	376	346	0.00000
3584	3584	1	244	248	0.40297
3584	3584	1	46	72	0.00000
3584	3584	1	322	238	3.12459
3584	3584	1	376	136	4.09781
3584	3584	1	496	164	5.92441
3584	3584	1	430	48	3.20467
3584	3584	1	464	430	2.43860
3584	3584	1	174	188	5.61158
3584	3584	1	152	276	2.58095
3072	3584	1	454	382	0.44882
3584	3584	1	90	368	1.77592
3584	3584	2	428	512	0.00000
3072	3584	1	170	318	2.05870
3584	3584	1	498	306	0.43867
3584	3584	1	444	324	4.80927
3072	3584	1	348	454	0.00000
3072	3584	1	286	432	0.00000
3584	3584	1	4	464	0.00000
3584	3584	1	344	460	5.55654
3072	3584	2	168	414	0.00000
3072	3584	1	68	354	2.47107
3072	3584	1	112	448	1.50730
3072	3584	2	64	422	0.00000
3584	3584	1	424	238	2.57486
3584	3584	2	142	458	0.00000
3072	3584	2	170	506	0.00000
3584	3584	1	230	402	0.42663
3584	3584	1	288	474	5.52104
2048	3072	1	58	122	2.31329
2048	3072	1	154	34	0.22120
2048	3072	1	184	200	4.28702
2048	3072	1	70	390	5.81954
2048	3072	1	32	202	4.49472
2048	3072	1	50	276	4.61207
2048	3072	1	198	340	3.91278
2048	3072	1	94	500	2.69521
2048	3072	1	28	512	5.39668
2048	3072	2	180	478	0.00000
2048	3072	2	322	442	0.00000
2048	3072	2	286	278	0.00000
2560	3072	2	354	242	0.00000
2560	3072	2	234	144	0.00000
2048	3072	1	418	2	0.00000
2048	3072	1	278	4	4.14201
2048	3072	1	494	48	0.00000
2560	3072	1	370	60	5.56848
2560	3072	1	504	44	0.00000
2560	3072	1	136	4	1.49503
2560	3072	2	148	90	0.00000
2560	3072	1	490	234	0.42959
2560	3072	1	56	156	1.83892
2560	3072	2	80	230	0.00000
2560	3072	1	160	180	0.00000
2560	3072	1	288	102	5.00290
2560	3072	1	406	184	2.86050
2048	3072	1	380	148	5.43122
2048	3072	1	304	168	5.68090
2048	3072	1	500	260	2.14064
2048	3072	1	392	288	2.14118
2560	3072	1	78	332	1.24731
2560	3072	1	186	334	0.38051
2560	3072	1	282	274	0.00000
2048	3072	1	336	360	4.62925
2048	3072	1	408	416	4.01465
2048	3584	2	226	42	0.00000
2048	3584	1	52	122	4.25971
2048	3584	1	38	230	0.00000
2048	3584	1	154	268	1.11472
2048	3584	1	238	158	4.39064
2048	3584	1	406	124	0.30245
2048	3584	1	482	26	0.00000
2048	3584	2	380	14	0.00000
2560	3072	1	436	478	0.00000
2560	3072	1	400	352	2.72918
2560	3072	1	512	400	0.00000
2560	3072	2	50	432	0.00000
2560	3072	2	126	424	0.00000
2560	3072	1	242	400	1.13153
2560	3072	2	222	486	0.00000
2560	3584	1	102	32	4.84938
2560	3584	1	364	46	6.16461
2560	3584	1	512	50	1.32395
2560	3584	1	264	24	1.21145
2560	3584	1	112	82	4.71892
2048	3584	1	326	274	4.77814
2048	3584	1	466	196	4.52704
2560	3584	1	72	194	3.07717
2560	3584	1	162	180	2.79309
2560	3584	1	450	158	0.72121
2048	3584	1	418	352	0.44237
2048	3584	1	308	450	3.51658
2048	3584	1	132	418	0.98757
2560	3584	1	14	390	0.73216
2560	3584	1	20	280	1.53231
2048	3584	1	508	474	0.69517
2560	3584	1	116	404	5.84529
2560	3584	1	292	204	2.51981
2560	3584	1	186	350	3.07274
2560	3584	1	412	246	1.93136
2560	3584	1	236	264	4.10365
2560	3584	1	242	392	3.36663
2560	3584	1	206	504	6.20280
2560	3584	1	90	512	0.00000
2048	3584	1	394	512	3.56179
2560	3584	1	368	352	0.21278
2560	3584	1	300	488	3.10214
2560	3584	1	398	480	3.49361
2560	3584	1	476	364	4.69239
2560	3584	1	512	496	3.31843
2560	3584	1	512	248	1.89255
2560	3584	1	308	336	3.20707
2560	3584	1	328	98	2.58729
