1024	2048	1	48	108	0.00000
1024	2048	1	112	34	2.57238
1024	2048	1	242	362	0.46908
1024	2048	1	92	238	1.18007
1024	2048	1	344	16	6.27063
1024	2048	2	206	70	0.00000
1536	2048	1	10	0	0.00000
1024	2048	1	502	232	3.46736
1536	2048	1	96	144	5.98047
1536	2048	1	250	70	5.78432
1536	2048	1	44	310	3.28607
1536	2048	1	144	248	4.31595
1024	2560	1	306	34	1.05361
1024	2560	1	424	56	3.27013
1536	2048	1	420	194	2.96745
1536	2048	1	218	470	1.44699
1536	2048	1	328	368	3.05340
1536	2048	1	136	376	3.14159
1536	2048	1	342	24	5.05008
1536	2048	2	500	74	0.00000
1536	2048	1	244	326	3.20319
1536	2048	1	224	128	0.00000
1536	2048	1	466	354	3.92150
1024	2560	1	178	228	4.49265
1536	2048	1	60	458	2.42446
1024	2560	1	498	96	0.66273
1536	2560	1	80	82	5.73577
1024	2560	1	72	126	3.11861
1536	2560	1	478	4	4.85947
1536	2560	1	354	52	3.71677
1536	2560	1	182	66	0.80351
1536	2560	1	84	200	1.53378
1536	2560	1	220	176	0.68845
1536	2560	1	304	250	5.62084
1536	2560	1	348	196	5.82660
1536	2560	1	436	100	3.61743
1536	2560	1	470	268	3.07390
1536	2560	1	4	302	1.96122
1024	2560	1	376	296	5.83524
1024	2560	1	32	290	1.10715
1024	2560	1	124	356	4.44614
1024	2560	1	98	450	5.37914
1024	2560	1	64	512	2.14969
1024	2560	1	252	438	6.14766
1024	2560	1	356	492	0.63964
1536	2560	1	56	428	5.39513
1024	2560	1	452	424	3.10608
1536	2560	1	416	314	3.36332
1536	2560	1	138	340	3.92404
1536	2560	1	398	420	1.93025
1536	2560	1	262	368	0.90349
1536	2560	1	242	512	0.62580
1024	2560	1	228	304	1.95765
1536	2560	2	482	416	0.00000
1024	3072	1	64	22	2.07789
1024	3072	1	154	76	0.84090
1024	3072	1	286	92	5.53388
1024	3072	1	410	150	3.05286
1024	3072	2	476	26	0.00000
1024	3072	1	126	196	0.40312
1024	3072	1	222	194	3.05070
1024	3072	1	312	254	0.00000
1024	3072	1	190	320	5.83061
1024	3072	1	146	404	3.05161
1024	3072	1	70	386	6.26145
1024	3072	1	350	4	1.04310
1536	3072	1	64	78	0.56997
1536	3072	1	46	180	4.31370
1536	3072	1	102	280	3.07794
1536	3072	1	182	300	3.13723
1536	3072	1	228	32	0.73810
1536	3072	1	354	178	4.45681
1536	3072	1	438	112	6.06304
1024	3584	1	234	82	0.48012
1024	3584	1	74	88	1.02041
1024	3072	1	416	326	1.81399
1536	3072	1	10	492	4.33188
1536	3072	1	116	466	3.74714
1536	3584	1	8	98	1.25857
1024	3584	1	434	162	2.29936
1024	3584	1	322	130	2.46620
1024	3584	1	182	296	0.95450
1024	3584	1	144	176	5.19709
1024	3584	1	236	404	0.00000
1024	3584	1	142	432	0.00000
1024	3584	1	406	342	0.98446
1024	3584	1	490	392	0.51435
1024	3584	1	56	246	1.60714
1024	3584	1	414	502	5.01943
1536	3072	1	376	256	1.16590
1536	3072	1	364	348	0.65739
1536	3072	1	252	484	0.18698
1536	3584	1	212	80	1.94344
1536	3584	1	190	184	2.96540
1536	3584	1	388	122	5.04365
1536	3584	1	284	186	4.61808
1536	3072	1	482	304	1.11726
1536	3072	1	482	220	4.96034
1536	3072	2	504	72	0.00000
1536	3072	1	512	410	5.25522
1536	3584	1	484	2	1.73156
1536	3584	2	462	112	0.00000
1536	3584	1	496	72	2.06579
1536	3584	1	488	300	5.61693
1536	3584	1	358	292	5.22146
1536	3584	1	74	216	2.93257
1536	3584	2	136	236	0.00000
1536	3584	1	504	196	5.23154
1536	3584	1	248	342	3.43544
1536	3584	1	54	444	0.28885
1536	3584	1	142	460	0.00000
1536	3584	1	308	472	5.67615
1536	3584	1	470	406	2.36500
1536	3584	1	236	516	6.05097
1536	3072	1	312	94	0.00000
1536	3072	2	376	458	0.00000
1536	3584	2	376	68	0.00000
2560	2560	1	238	326	5.14954
2048	2560	1	376	492	0.92420
2560	2560	1	88	428	0.00000
2048	2560	1	86	510	2.97740
2048	2560	1	248	484	2.65678
2048	2560	1	40	208	0.00000
2048	2560	1	258	332	0.00000
2560	2560	1	458	392	5.65232
2560	2560	1	248	28	1.19743
2048	2560	1	356	308	2.23808
2560	2560	1	386	444	5.90148
2048	2560	1	136	198	2.70210
2048	2560	1	296	86	0.19175
2048	2048	1	372	472	5.33892
2560	2560	1	242	510	3.54154
2048	2560	1	30	490	3.22267
2048	2560	1	502	244	1.39071
2560	2560	1	202	172	0.16860
2560	2560	1	134	136	3.71975
2560	2560	1	418	256	4.63429
2560	2048	1	24	204	5.86774
2048	2048	1	302	310	0.00000
2048	2560	1	116	26	0.00000
2048	2048	1	54	442	3.04171
2048	2048	1	62	272	0.00000
2048	2048	1	168	388	3.20718
2048	2048	1	446	56	0.50231
2560	2048	1	186	122	0.00000
2048	2048	1	512	426	4.01791
2560	2048	1	104	416	3.92504
2560	2048	1	120	254	5.82272
2048	2048	1	466	274	3.26705
2048	2048	1	376	256	6.00135
2560	2048	1	402	482	4.88745
2560	2560	1	360	106	0.00000
2560	2560	1	270	170	0.00000
2560	2560	1	458	96	3.96071
2560	2048	1	282	320	1.45147
2560	2048	1	262	432	4.11736
2560	2048	1	448	50	0.00000
2560	2048	1	366	34	0.00000
2560	2560	1	82	24	1.80768
2048	2560	1	470	100	3.31188
2048	2048	1	140	262	6.10124
2048	2048	1	142	160	1.69093
2560	2048	1	458	332	1.22446
2560	2048	1	304	106	0.00000
2048	2560	2	220	2	0.00000
2048	2560	2	372	110	0.00000
2048	2560	2	232	156	0.00000
2048	2048	2	158	78	0.00000
2048	2048	2	116	48	0.00000
2560	2048	2	84	152	0.00000
2560	2560	2	22	482	0.00000
2048	2560	2	194	404	0.00000
2048	2560	2	162	354	0.00000
2048	2560	2	310	418	0.00000
2048	2560	1	488	350	3.79680
2048	2560	2	440	306	0.00000
2048	2560	2	412	58	0.00000
2560	2560	2	102	224	0.00000
2560	2560	2	26	162	0.00000
2048	2560	2	316	224	0.00000
2560	2048	1	260	246	4.55844
2560	2560	1	512	168	0.95344
2560	2560	2	316	492	0.00000
3072	2560	2	172	400	0.00000
3072	2048	1	98	22	0.00000
3072	2048	1	192	44	4.07087
3072	2048	1	366	60	4.85443
3072	2048	1	222	100	4.68914
3072	2048	1	138	214	0.00000
3072	2048	1	214	222	4.07435
3584	2048	1	44	56	3.33841
3584	2048	1	166	108	0.00000
3584	2048	1	262	100	3.89172
3584	2048	1	386	80	5.94994
3584	2048	1	462	58	0.00000
3072	2048	1	258	316	1.83742
3072	2048	1	350	248	2.75019
3072	2048	1	430	254	2.93050
3072	2048	1	480	206	2.90474
3584	2048	1	38	286	0.31802
3584	2048	1	210	264	4.81206
3584	2048	1	384	214	5.24141
3072	2048	1	404	370	3.25124
3072	2048	1	260	382	4.84036
3584	2048	1	80	418	3.95507
3584	2048	1	106	510	4.45643
3584	2048	1	406	486	2.96835
3584	2560	1	490	52	3.92699
3072	2048	1	82	436	3.92518
3072	2560	1	116	30	4.17027
3072	2048	1	308	470	1.57572
3072	2560	1	494	10	2.91769
3584	2560	1	246	24	0.00000
3072	2560	1	350	226	3.39072
3072	2560	1	422	92	1.73595
3072	2560	1	294	100	2.61449
3072	2560	2	312	24	0.00000
3072	2560	2	452	182	0.00000
3072	2560	2	250	18	0.00000
3584	2560	1	384	88	2.28987
3072	2560	1	188	96	1.20217
3072	2560	1	66	152	1.53836
3072	2560	1	224	202	1.15670
3584	2560	1	32	166	0.09258
3584	2560	2	412	258	0.00000
3072	2560	1	246	340	3.11969
3072	2560	1	452	282	4.01681
3584	2560	1	242	194	5.86154
3584	2560	1	318	134	5.53863
3584	2560	1	118	80	1.68924
3584	2560	1	206	324	1.56411
3072	2560	1	374	486	0.00000
3072	2560	1	472	416	4.07049
3584	2560	1	28	300	4.06227
3584	2560	1	64	414	6.17850
3584	2560	1	166	512	2.54618
3584	2560	1	140	192	3.69930
3584	2560	1	432	332	0.00000
3584	2560	1	334	300	0.00000
3584	2560	1	196	412	5.34703
3584	2560	1	472	216	3.03851
3584	2560	1	406	456	2.81984
3584	2560	1	494	456	5.33702
3072	2560	1	82	496	2.11382
3584	2560	1	272	440	2.92292
3584	2560	2	344	446	0.00000
3072	2048	1	0	164	5.05930
3072	2560	2	436	140	0.00000
3584	2048	1	512	216	1.31935
3584	2048	1	222	0	0.00000
3072	3072	1	0	70	5.28788
3072	3072	1	22	178	5.21277
3072	3072	1	216	74	5.90927
3072	3072	1	274	212	2.51855
3072	3072	1	342	118	5.61318
3072	3072	1	380	0	0.00000
3072	3072	1	504	74	1.17601
3584	3072	1	146	58	5.47788
3584	3072	1	108	132	2.84986
3072	3072	1	506	150	0.77019
3584	3072	1	460	82	2.95424
3584	3072	2	234	120	0.00000
3584	3072	1	362	70	5.15579
3584	3072	1	326	110	4.90257
3584	3072	1	370	184	3.85052
3584	3072	1	210	204	1.55131
3584	3072	1	492	260	5.62149
3584	3072	1	384	294	1.76798
3072	3072	1	416	280	2.99159
3072	3072	1	490	322	2.95837
3584	3072	1	70	286	6.19032
3584	3072	1	200	306	0.48630
3584	3072	1	296	338	6.23441
3584	3072	1	210	374	0.83274
3584	3072	1	132	346	3.31616
3584	3072	1	32	398	3.03564
3072	3072	1	348	384	4.14424
3072	3072	1	42	344	3.04978
3072	3072	1	158	390	2.91319
3072	3072	1	236	388	3.32125
3072	3072	1	44	464	1.94649
3072	3584	1	66	132	0.65108
3072	3584	1	184	44	2.58577
3072	3072	1	334	498	2.22931
3072	3072	1	428	452	4.26499
3072	3584	1	482	4	4.09398
3584	3072	1	154	450	1.33261
3584	3072	1	432	392	0.56562
3584	3072	1	488	422	3.80611
3584	3072	1	286	478	3.07797
3584	3072	1	366	472	2.21057
3584	3584	1	512	32	5.98559
3584	3072	1	156	510	1.45579
3072	3584	1	294	90	6.00489
3072	3584	1	368	116	3.28854
3584	3584	1	6	98	1.53510
3584	3584	1	154	68	4.84677
3584	3584	1	312	82	1.60239
3584	3584	1	140	144	1.54682
3584	3584	1	282	136	2.34720
3584	3584	1	408	140	3.60524
3584	3584	1	476	134	0.25315
3584	3584	1	486	236	1.33826
3584	3584	1	512	142	0.37445
3584	3584	1	2	160	1.68916
3072	3584	1	206	180	0.73072
3072	3584	1	30	254	2.58526
3072	3584	1	220	246	1.35027
3072	3584	1	338	284	2.56503
3072	3584	1	206	324	1.24905
3072	3584	1	426	220	1.47584
3584	3584	1	86	226	3.62516
3584	3584	1	372	262	2.51611
3072	3584	1	470	294	1.17885
3584	3584	2	252	218	0.00000
3072	3584	1	136	484	0.63108
3072	3584	2	46	426	0.00000
3072	3584	1	252	510	0.26195
3072	3584	1	240	386	0.96369
3072	3584	1	308	438	1.98073
3072	3584	1	388	406	2.44967
3072	3584	1	502	426	3.87668
3072	3584	1	434	364	6.01474
3072	3584	1	498	340	0.57546
3584	3584	1	90	312	3.83929
3584	3584	1	182	338	2.88408
3584	3584	1	326	294	5.67764
3584	3584	1	436	350	1.01715
3584	3584	1	434	436	4.20043
3584	3584	2	270	376	0.00000
3584	3584	1	78	458	5.92647
3584	3584	1	130	424	6.05475
3584	3584	1	194	462	0.81069
3584	3584	1	320	416	1.39604
3072	3072	1	112	18	2.87371
2048	3072	2	202	224	0.00000
2048	3072	2	216	272	0.00000
2048	3072	2	290	278	0.00000
2048	3072	1	140	74	0.74299
2048	3072	1	16	104	5.80336
2048	3072	1	122	176	4.28263
2048	3072	1	14	220	4.85340
2048	3072	1	264	152	5.76978
2048	3072	1	430	48	0.92162
2048	3072	1	372	148	5.54327
2048	3072	1	376	300	2.04003
2048	3072	2	468	292	0.00000
2048	3072	1	512	164	4.29453
2560	3072	1	30	78	1.11272
2560	3072	2	142	76	0.00000
2560	3072	2	230	132	0.00000
2560	3072	1	222	30	3.55504
2560	3072	1	308	102	3.72157
2560	3072	1	478	44	5.53724
2560	3072	1	512	172	5.23071
2560	3072	2	358	230	0.00000
2560	3072	2	114	234	0.00000
2560	3072	1	34	288	3.08125
2560	3072	1	178	294	5.02891
2560	3072	1	106	374	1.09317
2560	3072	2	208	396	0.00000
2560	3072	1	376	286	4.35476
2560	3072	1	472	370	0.55651
2048	3072	1	110	310	1.27230
2048	3072	1	208	346	1.11925
2048	3072	1	138	420	5.13918
2048	3072	1	316	398	5.08784
2048	3072	1	474	488	1.39712
2560	3072	2	86	438	0.00000
2560	3584	1	130	10	0.30001
2560	3072	2	214	468	0.00000
2560	3072	1	420	502	3.76337
2560	3584	1	310	78	6.12026
2560	3584	1	220	44	3.87164
2048	3072	1	302	492	4.61047
2048	3584	2	218	44	0.00000
2048	3584	1	40	16	1.26763
2048	3584	1	38	114	2.15932
2048	3584	2	368	22	0.00000
2048	3584	1	414	118	1.31347
2048	3584	1	136	100	5.36274
2048	3584	2	126	208	0.00000
2048	3584	2	184	266	0.00000
2560	3584	1	44	80	0.61931
2560	3584	1	58	172	0.68625
2560	3584	1	188	148	1.38019
2560	3584	1	310	196	4.80472
2560	3584	1	480	156	5.07759
2560	3584	1	96	242	3.84829
2048	3584	1	478	228	5.92417
2048	3584	1	396	238	2.69663
2560	3584	1	428	336	3.50855
2560	3584	1	330	298	6.05971
2560	3584	1	222	230	2.81984
2560	3584	1	178	318	2.26128
2048	3584	1	354	294	5.93019
2048	3584	1	444	348	0.80787
2048	3584	1	78	440	0.00000
2048	3584	1	208	438	5.88839
2048	3584	1	476	460	1.42215
2560	3584	1	74	390	5.06538
2560	3584	1	186	422	5.89538
2560	3584	1	274	452	5.61317
2560	3584	1	298	378	6.08713
2560	3584	2	376	440	0.00000
2560	3584	1	450	512	0.03602
2048	3584	1	16	214	5.27236
