1536	2560	1	374	510	5.22794
1024	2560	1	454	418	2.64570
1536	2560	1	168	396	2.58702
1536	2560	1	62	438	5.06466
1024	2560	1	384	512	4.27436
1536	2560	1	246	138	4.13613
1024	2560	1	218	346	0.79590
1536	2560	1	434	258	0.74802
1536	2560	1	114	58	5.41489
1536	2560	1	512	386	2.40677
1536	2048	1	312	478	3.23497
1536	2560	1	32	512	3.18119
1024	2560	1	284	408	0.74838
1536	2560	1	64	202	0.00000
1536	2560	1	158	216	2.90981
1536	2560	1	512	508	2.45510
1024	2560	1	98	242	4.65814
1536	2560	1	320	328	3.58397
1536	2560	1	260	250	5.96895
1024	2560	1	504	312	1.66300
1024	2560	1	436	206	2.27378
1024	2560	1	244	30	1.35175
1024	2560	1	44	130	1.46680
1024	2048	1	486	504	4.05500
1536	2048	1	390	292	2.60869
1536	2048	1	174	324	0.48939
1536	2048	1	244	244	2.13097
1536	2048	1	234	124	0.00000
1024	2048	1	210	186	2.38218
1536	2048	1	120	106	1.42543
1024	2048	1	426	244	2.54922
1024	2048	1	92	444	0.00000
1536	2048	1	2	356	4.00836
1536	2048	1	238	50	2.00233
1024	2048	1	106	18	5.49779
1536	2560	1	462	92	1.30281
1536	2048	1	410	106	1.15482
1536	2560	1	266	512	5.78568
1536	2560	1	414	430	1.96058
1024	2560	2	116	166	0.00000
1024	2560	2	430	76	0.00000
1536	2048	1	246	362	2.15624
1536	2048	1	212	384	0.61279
1536	2048	1	420	420	3.01550
1536	2048	1	450	264	0.00000
1024	2048	2	202	78	0.00000
1024	2048	1	224	356	0.68573
1536	2048	1	20	8	0.00000
1536	2048	1	376	24	4.78125
1536	2048	2	512	58	0.00000
1536	2048	2	512	236	0.00000
1024	2560	1	8	302	1.56436
1024	2048	2	254	10	0.00000
1024	3072	1	268	332	0.34302
1024	3072	1	174	244	0.72569
1024	3072	1	114	130	0.14963
1024	3072	1	308	170	3.87826
1536	3584	2	254	158	0.00000
1536	3584	2	392	116	0.00000
1536	3584	2	44	200	0.00000
1536	3584	2	246	262	0.00000
1024	3584	2	312	94	0.00000
1024	3072	2	500	294	0.00000
1024	3072	2	344	336	0.00000
1024	3072	2	22	370	0.00000
1536	3072	1	76	432	0.48833
1536	3072	1	222	424	0.33474
1536	3072	1	416	504	0.00000
1536	3072	1	176	184	5.87727
1536	3072	1	388	296	4.82975
1536	3584	1	170	40	2.06819
1536	3584	1	70	70	2.34690
1024	3584	1	496	118	2.47511
1024	3072	1	338	474	3.88041
1024	3584	2	168	28	0.00000
1024	3584	1	390	70	2.49883
1536	3584	1	138	200	2.03121
1536	3584	1	440	156	0.52925
1536	3072	1	238	300	5.05168
1536	3072	1	344	416	3.78509
1536	3072	1	312	230	4.25961
1024	3072	1	466	444	2.72961
1024	3072	1	484	130	3.60909
1024	3072	2	382	78	0.00000
1024	3072	2	470	32	0.00000
1024	3072	1	124	400	0.86965
1024	3584	1	50	28	2.73799
1024	3584	1	222	112	0.00000
1024	3584	1	144	142	5.94435
1024	3584	1	26	476	5.45852
1024	3584	1	396	246	5.24164
1024	3584	1	152	290	0.57033
1024	3584	1	68	188	2.35875
1024	3072	1	236	458	1.24851
1024	3072	1	206	54	0.57612
1024	3072	1	260	100	3.74083
1024	3072	1	444	250	4.54687
1536	3072	1	86	232	2.09056
1536	3072	1	334	138	1.52586
1536	3072	1	244	114	3.22782
1536	3072	1	52	324	4.04489
1536	3072	1	108	114	0.75585
1536	3072	1	44	60	2.99771
1536	3072	1	116	36	0.84056
1536	3072	1	484	144	1.08026
1536	3072	1	386	90	5.48144
1024	3584	1	384	320	5.49988
1024	3584	1	488	224	5.52910
1536	3584	1	410	378	5.69451
1536	3584	1	198	402	0.15155
1536	3584	1	114	340	0.97140
1024	3584	1	58	348	0.34668
1024	3584	1	298	436	1.29250
1536	3584	1	502	258	2.47626
1536	3072	1	290	30	5.73532
1536	3072	1	398	8	5.32382
1024	3072	1	12	240	3.48228
1536	3072	1	512	416	5.32311
1024	3584	1	266	212	0.00000
1536	3072	1	512	14	2.23042
1024	3584	1	324	164	1.46196
1536	3584	1	350	516	5.77929
1536	3584	1	438	516	5.69531
1536	3584	1	512	516	5.47223
1024	3584	1	148	502	0.00000
1536	3584	1	228	516	5.71540
2048	2048	1	76	68	2.03974
2048	2048	1	88	148	1.20990
2048	2048	1	214	162	3.20035
2048	2048	1	402	86	4.24874
2048	2048	2	126	24	0.00000
2048	2048	2	184	50	0.00000
2048	2048	1	94	366	2.45478
2048	2048	1	48	238	2.14084
2048	2048	1	108	234	0.00000
2048	2048	1	212	320	0.25192
2048	2048	1	86	486	1.42336
2048	2048	1	352	186	4.59521
2048	2048	1	436	272	0.83458
2048	2048	1	278	282	2.49115
2560	2048	1	146	94	3.16857
2560	2048	1	6	348	5.21174
2048	2048	1	332	402	1.20959
2560	2048	1	224	122	0.00000
2560	2048	1	312	90	0.00000
2560	2048	1	458	68	0.97235
2560	2048	1	430	178	1.44910
2560	2048	1	364	260	1.63807
2560	2048	1	222	428	0.32183
2560	2048	1	178	302	0.58418
2560	2048	1	400	406	3.44154
2560	2048	2	264	398	0.00000
2560	2048	2	334	404	0.00000
2560	2560	2	480	112	0.00000
2560	2560	1	366	162	3.12947
2560	2560	1	256	80	2.88681
2560	2048	1	76	506	1.06795
2048	2048	1	454	430	0.20687
2048	2560	1	250	24	4.79511
2048	2048	1	364	470	5.19473
2048	2560	1	406	50	4.01944
2560	2560	1	2	108	3.72960
2048	2560	1	270	166	0.77779
2048	2560	1	112	256	2.12051
2048	2560	2	76	86	0.00000
2048	2560	1	70	184	1.49734
2560	2560	1	496	216	4.77114
2560	2560	2	494	308	0.00000
2048	2560	1	420	166	0.00000
2048	2560	1	112	386	0.11717
2048	2560	1	258	286	1.50864
2048	2560	1	274	482	5.59426
2560	2560	1	78	172	0.35171
2560	2560	2	10	326	0.00000
2048	2560	2	446	334	0.00000
2560	2560	1	192	164	2.39021
2560	2560	1	126	16	4.10166
2560	2560	1	72	388	0.69919
2048	2560	1	256	352	4.40084
2560	2560	2	400	494	0.00000
2560	2560	2	512	442	0.00000
2560	2560	1	392	384	1.70242
2560	2560	1	166	318	5.52481
2048	2560	1	378	392	6.04395
2560	2560	1	210	414	1.32930
2560	2560	1	224	488	0.95759
2048	2560	2	12	512	0.00000
2560	2560	1	280	308	3.71949
2048	2560	2	312	418	0.00000
2048	2560	1	22	408	2.48982
2048	2560	2	380	512	0.00000
2560	2560	2	320	488	0.00000
2048	2560	2	324	202	0.00000
2560	2048	2	508	432	0.00000
3072	2048	1	206	70	0.58040
3072	2048	1	120	62	2.35619
3072	2048	2	6	80	0.00000
3072	2048	1	294	70	5.23185
3072	2048	1	454	52	5.64059
3584	2048	1	48	0	0.57634
3584	2048	1	230	94	3.95573
3584	2048	1	80	152	0.39101
3584	2048	1	472	72	0.00000
3584	2048	1	352	248	5.83431
3584	2048	2	334	150	0.00000
3584	2048	1	438	380	0.00000
3584	2048	1	482	304	1.25621
3584	2048	1	344	364	2.66573
3584	2048	1	226	370	5.12711
3072	2048	1	462	230	2.62153
3072	2048	1	180	218	5.05033
3072	2048	1	210	404	4.77114
3072	2048	1	364	306	0.97030
3072	2048	1	468	398	6.14574
3072	2048	1	378	502	2.93541
3584	2048	1	68	436	0.00000
3584	2048	1	72	326	4.68099
3584	2048	1	148	250	4.57807
3072	2048	1	34	392	3.71488
3584	2048	1	160	472	3.39792
3584	2048	1	258	462	4.82723
3584	2560	1	282	22	4.78624
3584	2560	1	412	8	5.85107
3584	2048	1	500	446	4.14065
3584	2560	1	510	76	4.00294
3584	2560	1	388	86	5.76681
3072	2560	1	286	512	2.33372
3584	2560	1	288	146	2.67315
3584	2560	1	78	70	2.25219
3584	2560	1	186	132	3.27888
3072	2560	1	466	60	5.01505
3584	2560	1	390	388	0.11618
3584	2560	1	480	306	3.30611
3584	2560	1	444	216	3.74317
3584	2560	1	348	242	3.81481
3584	2560	1	66	136	5.27078
3584	2560	1	476	458	5.60620
3584	2560	1	122	240	5.07637
3584	2560	1	326	394	3.59442
3584	2560	1	224	230	3.64271
3584	2560	1	42	468	0.33989
3584	2560	1	180	450	5.52700
3584	2560	1	236	408	2.69029
3584	2560	1	116	356	1.79299
3584	2560	1	4	236	0.52328
3072	2560	1	488	166	0.47156
3072	2560	1	408	240	2.82952
3072	2560	1	452	448	2.97648
3072	2560	1	302	104	0.00000
3072	2560	1	360	154	0.04758
3072	2560	1	354	448	5.08451
3072	2560	1	138	280	5.27213
3072	2560	1	62	410	1.10418
3072	2560	1	130	512	0.00000
3072	2560	1	24	202	4.72896
3072	2560	1	34	126	1.43587
3072	2048	1	88	508	3.57028
3072	2560	1	288	300	2.34612
3072	2560	1	232	394	3.76788
3072	2560	1	228	114	0.79745
3072	2560	2	430	140	0.00000
3072	2560	2	150	78	0.00000
3072	2560	2	258	18	0.00000
3584	2048	2	400	118	0.00000
3072	2560	2	126	110	0.00000
3072	2560	1	18	306	1.43268
3072	2560	1	50	512	3.25702
3072	3072	1	46	64	3.31724
3072	3072	1	116	52	0.24924
3072	3072	1	184	104	3.61471
3072	3072	2	192	36	0.00000
3072	3072	1	300	38	2.60829
3072	3072	1	406	66	5.96709
3072	3072	1	504	94	2.65659
3584	3072	1	84	50	0.00000
3584	3072	2	10	16	0.00000
3584	3072	1	168	58	5.81954
3584	3072	1	248	62	0.15338
3584	3072	1	322	40	0.00000
3584	3072	1	390	92	5.97200
3584	3072	1	500	152	0.00000
3072	3072	1	128	226	5.66872
3072	3072	1	20	198	3.63131
3072	3072	1	66	292	2.95624
3072	3072	1	20	358	2.81984
3072	3072	1	246	186	0.29310
3072	3072	1	344	222	2.06453
3072	3072	2	434	256	0.00000
3072	3072	1	332	312	3.08756
3072	3072	1	440	342	1.12730
3584	3072	1	20	270	4.99009
3584	3072	1	98	220	2.19843
3584	3072	1	160	168	2.50244
3584	3072	1	242	216	2.69868
3584	3072	1	308	178	6.04609
3584	3072	2	352	312	0.00000
3584	3072	1	360	184	0.00000
3584	3072	1	436	284	6.03288
3584	3072	1	218	352	4.27913
3584	3072	1	146	344	0.75093
3584	3072	1	50	378	0.75064
3072	3072	1	440	420	1.02316
3584	3072	1	122	440	1.88714
3584	3072	1	278	466	3.46852
3584	3072	1	336	408	0.00000
3584	3072	1	486	434	1.50567
3584	3072	2	508	342	0.00000
3072	3072	1	168	428	5.72293
3072	3072	1	80	466	5.16899
3072	3584	1	2	12	0.00000
3072	3072	1	296	444	2.54546
3584	3072	1	40	484	2.00848
3584	3584	1	158	30	1.09621
3072	3584	1	390	72	3.00035
3072	3584	1	196	88	2.76109
3072	3584	1	78	74	1.09166
3072	3584	1	144	160	2.87065
3072	3584	1	230	216	3.93075
3072	3584	1	66	242	2.52228
3072	3584	2	6	154	0.00000
3072	3584	1	466	116	3.39415
3584	3584	1	44	94	3.42473
3584	3584	1	154	170	2.27796
3584	3584	1	180	82	1.25039
3584	3584	1	304	66	3.05749
3584	3584	1	392	6	0.00000
3584	3584	2	482	10	0.00000
3072	3584	1	334	200	0.00000
3584	3584	1	250	154	0.00000
3584	3584	1	266	248	3.68501
3072	3584	1	172	310	2.36703
3072	3584	2	454	222	0.00000
3072	3584	1	426	306	5.74395
3072	3584	1	302	314	5.17332
3584	3584	1	414	178	0.37348
3584	3584	1	342	176	0.52265
3584	3584	1	104	214	0.00000
3584	3584	1	190	302	0.00000
3584	3584	1	146	320	0.00000
3584	3584	1	66	352	2.76956
3072	3584	2	504	384	0.00000
3584	3584	1	414	308	0.00000
3584	3584	1	262	342	0.54042
3072	3584	2	22	318	0.00000
3072	3584	2	26	410	0.00000
3072	3584	1	124	388	5.08031
3072	3584	1	34	456	1.12104
3584	3584	1	484	450	0.68810
3584	3584	1	350	374	1.90675
3584	3584	1	368	458	2.52754
3072	3584	1	384	414	0.00000
3584	3584	2	232	472	0.00000
3072	3584	1	258	460	0.55029
3072	3584	1	314	462	0.48204
3584	3584	1	96	464	5.43986
3072	3584	1	448	430	4.91576
3072	3584	1	402	510	4.65595
3584	3584	2	34	490	0.00000
3072	3584	1	206	432	0.63889
3072	3584	1	112	512	0.66327
3584	3584	2	296	512	0.00000
3584	3584	1	512	192	5.41395
3584	3072	2	500	8	0.00000
3584	3072	2	444	0	0.00000
2560	3072	1	88	56	5.03990
2048	3072	1	242	76	5.73887
2560	3584	1	230	190	3.64034
2560	3584	1	318	184	0.00000
2048	3584	1	106	116	1.08984
2048	3584	1	350	108	1.14998
2048	3584	1	336	254	0.00000
2048	3584	1	416	214	0.00000
2048	3584	1	46	460	0.00000
2560	3584	1	262	292	1.13455
2560	3584	1	132	240	2.73189
2048	3584	1	198	294	0.25293
2048	3584	1	238	354	0.00000
2048	3584	1	94	288	1.79864
2560	3584	1	494	302	1.91986
2560	3584	1	462	366	1.39896
2560	3584	1	482	162	4.29632
2560	3584	1	28	470	3.71419
2560	3584	1	282	480	0.00000
2048	3584	1	440	356	0.26924
2560	3584	1	220	398	3.78906
2560	3584	1	410	460	1.01944
2560	3584	1	392	310	5.66253
2560	3584	1	158	480	0.00000
2560	3584	1	416	140	3.56484
2560	3584	1	340	372	2.36829
2560	3584	1	28	288	0.00000
2048	3584	1	374	428	6.16516
2048	3584	1	302	460	0.00000
2048	3584	1	236	484	2.72681
2048	3584	1	128	468	0.00000
2048	3584	1	468	458	0.45235
2048	3584	2	180	197	0.00000
2048	3584	2	130	217	0.00000
2048	3584	2	14	231	0.00000
2560	3072	2	260	487	0.00000
2560	3072	1	390	508	0.00000
2560	3584	1	122	22	0.00000
2560	3584	1	178	132	1.69929
2048	3584	1	434	74	6.05983
2048	3072	1	444	458	5.58310
2048	3584	1	272	36	2.63172
2048	3584	1	46	30	5.59607
2048	3072	1	20	444	5.42917
2048	3072	2	72	403	0.00000
2048	3072	1	188	432	4.20340
2048	3072	1	136	274	3.97626
2048	3072	1	54	214	0.80975
2048	3072	1	290	330	3.24665
2048	3072	1	388	334	2.31851
2048	3072	1	490	376	0.00000
2560	3072	1	92	336	4.23778
2560	3072	1	60	452	0.71667
2560	3072	1	424	402	1.67548
2560	3584	1	512	12	0.00000
2048	3072	2	310	439	0.00000
2048	3072	2	352	425	0.00000
2048	3072	2	166	477	0.00000
2048	3072	2	200	331	0.00000
2560	3072	2	104	229	0.00000
2560	3072	2	350	243	0.00000
2560	3072	2	220	135	0.00000
2560	3072	2	330	449	0.00000
2560	3072	1	506	336	2.29178
2560	3072	2	426	265	0.00000
2560	3072	1	360	320	1.08172
2560	3072	1	486	216	4.01564
2560	3072	1	476	108	0.46700
2560	3072	1	410	36	2.74011
2560	3072	1	358	98	5.95302
2560	3072	1	278	116	5.62117
2560	3072	1	244	204	4.64751
2560	3072	1	90	152	2.10622
2560	3072	1	28	216	2.58171
2048	3072	2	422	237	0.00000
2048	3072	2	282	191	0.00000
2048	3072	1	208	182	1.60308
2048	3072	1	46	150	0.79765
2048	3072	1	62	48	2.21334
2048	3072	1	310	26	5.91949
2048	3072	1	398	30	5.89307
2048	3072	1	354	122	2.27925
2560	3072	1	192	12	1.07663
