1024	2048	1	244	356	0.35310
1024	2048	1	96	250	0.52358
1536	2048	1	172	462	1.92480
1024	2048	1	54	102	0.02724
1024	2048	1	202	66	0.22019
1024	2048	1	300	80	2.08201
1024	2048	1	248	0	0.00000
1536	2048	1	38	0	0.00000
1536	2048	1	232	18	4.66148
1536	2048	1	454	92	5.09915
1536	2048	1	342	110	5.85923
1536	2048	1	472	214	3.60753
1536	2048	1	220	132	0.00000
1536	2048	1	96	160	6.21468
1024	2048	1	498	240	3.49882
1536	2048	1	50	304	3.41379
1536	2048	1	120	312	3.29572
1024	2560	1	320	28	1.17494
1024	2560	1	78	122	3.01575
1024	2560	1	186	218	5.11051
1024	2560	1	42	276	0.44390
1024	2048	1	464	466	3.22116
1536	2048	1	50	492	3.64476
1536	2048	1	310	394	1.25104
1536	2560	1	98	94	0.00000
1024	2560	1	460	90	1.24668
1536	2560	1	46	214	2.19894
1536	2560	1	4	314	2.05350
1536	2048	1	274	292	5.80223
1536	2048	1	318	204	4.95355
1536	2048	1	472	420	0.00000
1536	2048	1	382	478	0.12128
1536	2560	1	314	90	6.14411
1536	2560	1	214	52	0.89636
1536	2560	1	400	178	3.86408
1536	2560	1	454	264	2.96693
1024	2560	1	136	378	3.09535
1024	2560	1	174	474	4.19435
1024	2560	1	372	356	0.51417
1024	2560	1	446	424	3.27231
1024	2560	1	380	488	0.80420
1536	2560	1	46	428	5.01674
1536	2560	1	162	360	3.35463
1536	2560	1	220	212	5.98937
1536	2560	1	300	244	5.73336
1536	2560	1	408	332	2.46659
1536	2560	1	408	434	2.01508
1536	2560	1	208	512	2.15487
1536	3072	1	136	506	5.03698
1536	3584	1	224	162	2.61904
1536	3584	1	368	118	4.93106
1536	3072	1	240	494	3.40350
1536	3072	1	148	344	3.81633
1536	3072	1	490	410	5.62480
1536	3584	1	364	516	3.83228
1536	3584	1	178	380	1.01571
1536	3584	1	306	428	5.92893
1536	3584	1	370	322	5.66949
1536	3584	1	154	258	1.07711
1536	3584	1	94	336	1.54243
1536	3584	1	190	466	0.87471
1536	3584	1	38	492	0.75325
1536	3584	1	298	222	0.17325
1024	3584	1	496	448	0.23861
1024	3584	1	392	362	1.50232
1024	3584	1	248	394	0.39366
1024	3584	1	100	280	2.75172
1024	3584	1	20	494	5.29576
1536	3584	1	450	60	1.83705
1024	3584	1	18	218	3.35775
1536	3072	1	490	498	2.27559
1024	3584	1	476	52	2.97752
1024	3584	1	108	428	0.86693
1024	3072	1	452	434	0.00000
1024	3584	1	86	100	0.83934
1024	3584	1	294	210	5.07637
1024	3584	1	342	126	2.21984
1024	3584	1	386	36	2.87860
1536	3584	1	96	106	0.54565
1536	3584	1	28	218	2.74925
1536	3072	1	340	426	0.32175
1536	3072	1	228	400	0.66443
1536	3072	1	388	66	2.29245
1536	3072	1	250	228	4.03078
1536	3072	1	388	312	5.30162
1536	3072	1	214	176	3.82838
1536	3072	1	512	18	0.06861
1536	3072	1	128	148	3.76129
1536	3072	1	234	40	1.86928
1536	3072	1	112	38	0.52240
1024	3072	1	308	248	0.00000
1536	3072	1	34	142	0.00000
1024	3072	1	452	178	2.86106
1024	3072	1	218	364	5.85581
1536	3072	1	10	386	2.95784
1024	3584	1	230	70	0.24498
1024	3072	1	78	458	6.26841
1024	3072	1	14	442	5.99088
1024	3072	1	106	324	2.65614
1024	3072	1	148	182	0.51355
1024	3072	1	232	172	3.33899
1024	3072	1	304	94	5.55574
1024	3072	1	150	78	1.22658
1024	3072	1	76	64	3.85520
1024	3072	1	6	138	5.89365
1024	3072	1	364	4	0.77111
1024	3072	2	500	303	0.00000
1536	3072	2	378	462	0.00000
1536	3584	2	252	264	0.00000
1024	3584	2	170	22	0.00000
1536	3584	2	14	50	0.00000
1024	3072	2	352	342	0.00000
2560	2560	1	304	86	5.61869
2560	2560	1	194	32	2.65163
2560	2560	1	500	216	4.83674
2560	2560	1	470	108	4.08258
2560	2560	1	422	16	4.16141
2048	2048	1	72	500	4.04124
2560	2560	1	358	244	5.92262
2560	2560	1	460	388	5.71080
2560	2560	1	378	416	5.04076
2560	2560	1	88	442	0.00000
2560	2560	1	238	204	0.41133
2560	2560	1	406	512	2.11122
2560	2560	1	282	312	0.17467
2560	2560	1	148	300	5.17604
2048	2560	1	400	468	0.85314
2048	2560	1	272	392	0.59306
2048	2560	1	336	328	1.94716
2048	2560	1	490	250	1.20825
2048	2560	1	312	76	0.52977
2048	2560	1	466	116	3.91383
2560	2560	1	130	168	4.03007
2560	2560	1	10	346	4.30065
2048	2560	1	188	334	1.72640
2048	2560	1	162	512	1.15604
2048	2560	1	74	508	3.19891
2048	2560	1	14	498	0.00000
2048	2560	1	60	380	4.89280
2048	2560	1	80	278	1.37901
2048	2560	1	50	172	5.50110
2048	2560	1	116	66	1.96394
2560	2560	1	54	24	0.91496
2048	2048	1	510	446	3.49003
2048	2048	1	186	396	3.22206
2048	2048	1	66	368	1.61465
2560	2048	1	442	54	0.00000
2560	2048	1	512	200	0.64350
2560	2048	1	364	268	3.24404
2560	2048	1	304	100	0.00000
2560	2048	1	200	114	0.00000
2560	2048	1	120	258	6.07639
2048	2048	1	386	478	5.41465
2560	2048	1	458	332	1.00910
2048	2048	1	498	236	0.70754
2048	2048	1	374	268	0.00000
2048	2048	1	126	242	0.00000
2048	2048	1	318	336	0.00000
2048	2048	1	312	70	4.41342
2048	2048	1	404	154	2.79677
2048	2048	1	306	180	0.00000
2048	2048	2	164	80	0.00000
2560	2048	2	294	394	0.00000
2560	2048	1	234	342	0.84860
2560	2048	1	114	394	3.95832
2560	2048	1	378	0	0.00000
2048	2048	2	18	179	0.00000
2048	2048	2	406	15	0.00000
2560	2048	2	134	5	0.00000
2048	2048	2	220	507	0.00000
2048	2048	2	260	503	0.00000
2048	2560	2	172	160	0.00000
2048	2560	2	230	150	0.00000
2048	2560	2	322	212	0.00000
2048	2560	2	414	58	0.00000
2048	2560	2	376	112	0.00000
2560	2560	2	22	164	0.00000
2048	2560	2	322	426	0.00000
2048	2560	2	434	322	0.00000
2048	2560	2	194	424	0.00000
2560	2560	2	310	492	0.00000
2560	2560	2	16	484	0.00000
2048	2560	2	470	494	0.00000
2560	2560	2	296	4	0.00000
2560	2560	2	512	16	0.00000
2560	2048	1	54	114	2.94419
2048	2048	2	506	60	0.00000
3072	2560	1	38	510	2.77583
3584	2560	1	236	472	2.65260
3584	2560	1	86	306	1.15795
3584	2560	1	512	490	5.99195
3584	2560	1	364	468	2.62296
3584	2560	1	406	492	3.44965
3072	2560	1	0	224	4.98033
3584	2560	1	436	512	3.29545
3072	2560	1	502	470	2.72967
3584	2560	1	512	348	3.16793
3584	2560	1	64	448	5.83369
3072	2560	1	164	512	3.71712
3584	2560	1	174	328	0.38906
3584	2560	1	446	374	0.00000
3072	2560	1	380	466	0.00000
3584	2560	1	368	332	2.31383
3584	2560	1	174	488	2.38131
3072	2560	1	168	378	6.04618
3584	2560	1	288	408	3.07855
3584	2560	1	160	140	2.86626
3072	2560	1	344	234	3.17971
3072	2560	1	458	278	3.96633
3584	2560	1	22	200	5.82893
3072	2560	1	366	48	0.00000
3072	2560	1	174	174	1.24274
3072	2560	1	82	56	3.74061
3072	2048	1	108	416	2.09387
3072	2560	1	262	138	2.86391
3072	2560	1	196	6	5.20953
3584	2560	1	248	272	2.81065
3584	2560	1	130	200	2.88863
3072	2560	1	244	298	2.60410
3072	2560	1	0	98	4.59811
3072	2560	2	460	184	0.00000
3072	2560	2	428	130	0.00000
3072	2560	2	172	72	0.00000
3584	2048	1	376	466	2.85636
3584	2560	1	38	90	1.76314
3584	2048	1	462	458	2.94045
3072	2560	1	452	32	3.30167
3584	2560	1	312	56	4.43980
3584	2560	1	348	218	5.28405
3584	2560	1	474	234	2.50377
3584	2048	1	512	420	3.16989
3584	2560	2	336	142	0.00000
3584	2560	1	440	70	4.18634
3584	2560	1	220	80	6.25235
3072	2560	2	308	28	0.00000
3072	2048	1	272	460	1.63245
3072	2048	1	402	422	3.24555
3584	2048	1	98	498	4.43869
3584	2048	1	66	426	3.88283
3072	2048	1	502	310	5.46470
3072	2048	1	304	344	3.99374
3584	2048	1	256	284	5.09290
3584	2048	1	388	220	5.22269
3584	2048	1	512	198	2.10039
3584	2048	1	462	64	0.00000
3584	2048	1	382	86	0.00000
3072	2048	1	342	268	2.71127
3072	2048	1	136	260	6.07258
3072	2048	1	212	314	3.33282
3584	2048	1	260	78	3.72550
3584	2048	1	170	108	0.00000
3584	2048	1	144	46	1.19361
3072	2048	1	496	110	0.00000
3072	2048	1	366	44	4.19220
3072	2048	1	422	118	5.69518
3072	2048	1	390	192	2.27636
3072	2048	1	246	124	3.96389
3072	2048	1	204	66	3.95644
3072	2048	1	92	84	3.42906
3072	2048	1	36	168	0.34670
3072	3072	1	56	42	2.72339
3072	3072	1	148	88	4.18711
3072	3072	1	228	116	6.10170
3072	3072	1	376	0	0.00000
3072	3072	1	440	84	0.98785
3584	3072	1	14	0	0.00000
3584	3072	1	104	90	2.90990
3584	3072	1	196	90	4.18042
3584	3072	1	348	52	5.55884
3584	3072	1	432	54	3.55650
3072	3584	1	474	262	6.18303
3584	3072	1	38	126	0.00000
3072	3072	1	62	276	2.48515
3072	3072	1	210	254	2.70619
3072	3072	1	168	324	5.83533
3072	3072	1	300	242	3.55743
3072	3072	1	348	272	3.31260
3072	3072	1	404	222	6.09678
3072	3072	1	506	230	2.71125
3584	3072	1	124	208	4.25102
3584	3072	1	308	186	5.79549
3584	3072	2	228	154	0.00000
3584	3072	2	344	124	0.00000
3584	3072	1	416	200	5.59500
3072	3072	1	136	406	2.60117
3072	3072	1	298	364	4.65005
3072	3072	1	470	338	3.55150
3584	3072	1	12	382	3.71175
3584	3072	1	188	282	1.82335
3584	3072	1	120	322	1.89429
3584	3072	1	272	258	0.00000
3584	3072	2	352	318	0.00000
3584	3072	1	486	420	0.28739
3584	3072	1	406	370	1.34840
3072	3072	1	390	424	1.40299
3072	3072	2	266	452	0.00000
3072	3584	1	64	8	1.78590
3072	3584	1	186	20	5.56436
3072	3584	1	306	16	4.53919
3584	3072	1	28	458	0.61743
3584	3072	1	114	410	2.86721
3584	3072	1	246	376	1.43891
3584	3072	1	240	472	2.55359
3584	3072	1	160	510	1.85427
3072	3584	1	462	50	5.42102
3072	3584	1	398	84	5.49125
3072	3584	1	314	96	5.14480
3072	3584	1	132	124	1.40132
3072	3584	1	204	176	0.87938
3072	3584	1	338	204	5.35589
3584	3584	1	20	182	0.00000
3584	3584	1	86	90	4.24191
3584	3584	1	510	42	2.22104
3584	3584	1	394	64	2.76252
3584	3584	1	302	58	2.64584
3584	3584	1	216	96	5.42874
3584	3584	1	200	196	2.21972
3584	3584	1	96	230	3.52597
3584	3584	1	176	284	2.17867
3584	3584	1	480	134	6.02586
3072	3584	1	310	286	6.14970
3072	3584	1	126	266	1.80439
3072	3584	1	232	248	0.70050
3584	3584	1	338	194	1.52915
3584	3584	1	404	248	4.32739
3584	3584	1	310	296	0.37264
3584	3584	1	418	326	4.97532
3584	3072	1	512	282	0.00000
3072	3584	1	404	306	0.00000
3072	3584	1	106	338	1.40882
3584	3584	1	18	336	3.34396
3072	3584	1	502	432	5.47636
3072	3584	1	180	396	1.99812
3072	3584	1	466	478	5.63968
3072	3584	1	128	462	5.34651
3072	3584	1	334	436	2.15628
3584	3584	1	366	398	1.24384
3584	3584	1	116	344	5.29029
3584	3584	1	466	406	0.71285
3584	3584	1	262	446	5.64943
3584	3584	1	424	502	0.80218
3584	3584	1	370	470	1.26556
3584	3584	1	156	434	0.00000
2048	3584	1	50	392	0.00000
2048	3584	1	234	448	6.12553
2048	3584	1	314	490	0.00000
2048	3584	1	462	420	0.41514
2560	3584	1	512	444	2.72656
2560	3584	1	318	406	0.00000
2048	3584	1	314	344	0.56578
2560	3584	1	430	374	0.86287
2560	3584	1	188	474	5.77609
2560	3584	1	94	416	0.00000
2560	3584	1	22	392	0.00000
2048	3584	1	68	118	0.00000
2048	3584	1	224	252	5.99713
2048	3584	1	300	220	3.59391
2048	3584	1	384	412	0.39061
2048	3584	1	428	258	2.54090
2560	3584	1	266	430	2.68842
2560	3584	1	264	318	3.79388
2560	3584	1	190	290	3.63277
2048	3584	1	512	238	0.14190
2560	3584	1	98	234	3.51164
2560	3584	1	398	284	4.55699
2048	3584	2	122	212	0.00000
2048	3072	1	68	250	2.19754
2048	3072	1	132	0	0.81636
2048	3072	1	68	142	5.27099
2048	3072	1	248	80	4.35839
2048	3072	1	178	182	3.90482
2560	3072	2	134	88	0.00000
2560	3072	2	216	136	0.00000
2048	3072	1	120	386	0.83536
2048	3072	2	178	478	0.00000
2048	3584	1	230	130	5.28405
2048	3584	1	230	50	5.18153
2048	3072	1	264	386	4.18505
2048	3584	1	344	2	0.89413
2048	3584	1	394	166	3.76879
2048	3072	1	458	438	6.06038
2048	3072	1	360	368	0.00000
2048	3072	1	290	242	5.73525
2048	3072	2	224	276	0.00000
2560	3584	1	436	128	2.18815
2560	3584	1	496	214	4.44822
2560	3584	1	362	202	5.84137
2560	3584	1	232	206	1.78189
2560	3584	1	208	112	1.80022
2560	3584	1	42	108	0.99615
2560	3072	2	98	438	0.00000
2560	3584	1	172	36	5.73796
2560	3584	1	308	38	5.51410
2560	3072	1	358	506	5.35260
2560	3072	1	354	388	1.09567
2048	3072	1	2	444	5.20689
2048	3072	1	450	36	1.09574
2048	3072	1	360	128	5.30039
2560	3072	1	10	86	0.93268
2048	3072	1	410	240	4.04761
2560	3072	1	20	190	3.96641
2560	3072	1	304	44	4.52826
2560	3072	1	420	8	5.22816
2560	3072	1	444	104	1.38597
2560	3072	1	368	192	4.96305
2560	3072	2	346	242	0.00000
2560	3072	1	416	298	4.26367
2560	3072	2	102	226	0.00000
2048	3072	1	470	308	4.18212
2560	3072	1	148	326	0.00000
2560	3072	1	48	348	1.07879
2560	3072	1	214	464	0.05097
2560	3072	1	478	448	3.51248
2560	3584	1	512	82	3.42601
2048	3072	2	300	446	0.00000
2048	3584	2	160	282	0.00000
