1024	2048	1	88	154	4.89982
1024	2048	1	206	82	0.38051
1024	2048	1	462	240	0.00000
1536	2048	1	44	102	5.24128
1536	2048	1	146	218	1.63043
1024	2048	1	250	358	0.54288
1024	2048	1	90	370	3.70684
1536	2048	1	236	144	6.20815
1536	2048	1	172	54	5.74277
1536	2048	1	346	142	5.85050
1536	2048	1	444	112	5.06674
1536	2048	2	496	56	0.00000
1536	2048	1	380	24	4.45414
1536	2048	1	248	42	6.07583
1536	2048	1	8	446	4.27034
1536	2048	1	260	406	4.33888
1536	2048	1	244	366	2.32228
1536	2048	1	408	288	3.72402
1536	2048	1	512	236	5.54308
1024	2048	1	20	510	5.81430
1024	2560	1	250	50	1.00407
1024	2560	1	146	248	3.75190
1024	2560	2	86	198	0.00000
1024	2560	1	372	104	3.69865
1024	2560	1	498	64	4.42859
1536	2560	1	88	116	0.76121
1536	2560	1	198	146	3.64149
1536	2560	1	316	82	1.00910
1536	2048	1	396	456	2.62734
1536	2560	1	432	96	2.98436
1536	2560	1	512	80	0.40250
1024	2560	1	274	214	4.58826
1536	2560	1	270	242	6.08579
1536	2560	1	354	274	3.44996
1536	2560	1	482	278	5.34940
1024	2560	1	200	350	1.50423
1024	2560	1	364	256	1.09345
1536	2560	1	70	266	1.14597
1536	2560	1	154	348	4.58785
1536	2560	1	400	418	1.83013
1536	2560	2	482	410	0.00000
1024	2560	1	318	358	3.78083
1024	2560	1	94	372	1.99742
1024	2560	1	236	458	3.18622
1536	2560	1	48	428	5.05262
1536	2560	1	16	482	2.16104
1024	2560	1	416	466	3.95024
1536	2560	1	224	476	0.27988
1536	2560	1	412	506	1.14113
1536	2048	1	494	370	0.47085
1024	2560	2	188	280	0.00000
1024	2560	1	48	510	1.31666
1024	2560	2	24	450	0.00000
1536	3584	1	434	412	0.00000
1536	3584	1	512	516	0.00000
1536	3584	1	446	516	0.00000
1536	3584	1	322	506	0.00000
1536	3584	1	240	516	0.30925
1536	3584	1	192	412	0.27051
1024	3584	1	466	494	0.89868
1024	3584	1	384	446	1.01220
1024	3584	1	136	408	0.22572
1024	3584	1	164	242	0.00000
1024	3584	1	36	132	0.00000
1024	3584	1	92	92	0.00000
1024	3072	1	70	476	3.92699
1024	3072	1	192	400	0.00000
1024	3072	2	96	382	0.00000
1024	3072	1	60	244	2.27780
1024	3072	1	110	158	1.23247
1024	3072	1	254	182	4.24583
1024	3072	1	168	286	0.83172
1024	3072	1	268	336	0.00000
1024	3584	1	254	6	0.00000
1024	3072	1	330	462	0.00000
1024	3072	2	386	396	0.00000
1024	3072	2	500	300	0.00000
1024	3072	2	462	364	0.00000
1024	3072	1	338	292	0.00000
1024	3072	1	472	206	5.67764
1024	3072	1	216	66	2.51114
1024	3072	1	20	22	4.42093
1024	3072	1	378	80	5.12690
1536	3072	1	60	72	0.00000
1536	3072	1	62	210	3.42141
1536	3072	1	244	114	0.00000
1536	3072	1	196	4	0.00000
1536	3072	1	306	44	0.00000
1536	3072	1	450	10	0.00000
1536	3072	1	434	112	0.00000
1536	3072	2	512	80	0.00000
1536	3072	1	152	192	6.11018
1536	3584	1	264	286	3.53164
1536	3584	1	120	326	0.08866
1024	3584	1	410	284	6.11937
1024	3584	1	278	362	5.76665
1024	3584	1	10	474	5.54537
1024	3584	1	348	212	0.00000
1024	3584	2	300	98	0.00000
1024	3584	1	400	38	0.59951
1024	3584	1	500	132	5.76808
1024	3584	1	468	224	5.94886
1024	3072	1	504	392	3.79729
1536	3072	1	44	482	0.32175
1536	3072	1	108	312	0.00000
1536	3072	1	258	270	2.87289
1536	3072	1	424	234	0.51630
1536	3072	1	288	394	3.87576
1536	3072	1	390	420	1.21875
1536	3584	1	458	24	5.93674
1536	3072	1	510	510	5.80833
1536	3072	1	512	368	0.00000
1536	3072	1	512	204	0.00000
1536	3072	1	194	450	5.49779
1536	3072	1	158	502	2.47839
1536	3584	1	72	50	0.41948
1536	3584	1	290	4	3.62873
1536	3584	1	142	162	4.20313
1536	3584	1	174	86	0.00000
1536	3584	1	316	178	1.76470
1536	3584	2	388	54	0.00000
1536	3584	2	392	124	0.00000
1536	3584	1	466	132	3.25629
1536	3584	1	392	264	4.09713
1536	3584	1	512	268	5.74675
1536	3584	2	48	206	0.00000
1536	3072	2	200	352	0.00000
1024	3072	1	500	100	2.79618
2048	2048	1	458	136	5.94041
2048	2048	1	244	304	6.12494
2048	2048	1	132	284	5.35204
2048	2048	1	470	346	0.00000
2560	2048	1	60	356	5.39105
2560	2048	1	120	264	5.64056
2560	2048	1	70	116	3.40818
2560	2560	1	444	42	1.89595
2560	2048	1	376	452	0.70012
2048	2048	1	182	78	3.99063
2048	2048	1	112	66	3.03214
2048	2048	1	302	50	0.51376
2560	2048	1	202	118	0.13923
2560	2048	1	310	76	0.14112
2560	2048	1	442	42	1.19772
2048	2048	1	392	468	1.24355
2048	2560	1	286	72	4.93447
2560	2560	2	2	318	0.00000
2560	2560	2	462	328	0.00000
2048	2560	2	230	154	0.00000
2048	2560	2	346	54	0.00000
2048	2560	2	404	48	0.00000
2048	2560	2	166	150	0.00000
2048	2560	2	318	206	0.00000
2048	2560	2	192	414	0.00000
2048	2560	2	162	368	0.00000
2048	2560	2	322	424	0.00000
2560	2560	2	312	484	0.00000
2560	2048	2	432	472	0.00000
2048	2048	1	214	490	3.30895
2048	2048	1	80	438	2.98455
2560	2560	1	120	154	1.18544
2560	2560	1	310	108	5.34842
2560	2560	1	232	126	5.90859
2560	2048	2	286	398	0.00000
2560	2048	2	342	398	0.00000
2560	2560	1	380	226	0.00000
2560	2560	1	216	230	1.12469
2048	2560	1	162	68	3.64094
2048	2560	1	76	112	3.53393
2048	2560	2	42	46	0.00000
2048	2560	1	378	276	3.15077
2560	2048	1	232	370	0.34315
2560	2048	1	350	226	3.23815
2560	2048	1	472	172	0.37318
2048	2048	1	8	360	4.11010
2560	2560	1	88	328	2.31858
2048	2048	1	462	4	0.76744
2048	2048	2	484	56	0.00000
2560	2560	1	306	280	3.28368
2560	2560	1	156	460	1.05953
2048	2560	1	440	282	0.00000
2560	2048	1	498	414	3.47461
2048	2560	1	94	336	4.00911
2560	2560	1	6	468	1.78282
2048	2560	1	278	360	4.78364
2560	2560	1	508	206	5.43245
2048	2560	1	318	496	2.09601
2560	2048	2	258	509	0.00000
2048	2560	1	116	460	5.76648
2560	2560	1	398	378	5.16152
2560	2560	1	462	504	2.56325
2048	2560	1	10	298	5.38801
2048	2048	1	0	244	5.65006
3584	2048	1	122	296	5.64818
3584	2048	1	312	338	4.76476
3584	2048	1	346	226	5.57138
3072	2048	1	24	10	5.34478
3072	2048	1	88	68	5.36522
3072	2048	1	208	40	1.95994
3072	2048	1	302	12	1.57839
3072	2048	1	436	26	6.19423
3584	2048	1	34	0	0.00000
3584	2048	1	22	72	5.22365
3584	2048	1	128	78	0.00000
3584	2048	1	238	100	3.74127
3584	2048	1	228	0	0.00000
3584	2048	1	326	66	0.61762
3584	2048	1	478	78	0.00000
3584	2048	1	512	118	0.00000
3072	2048	1	310	108	1.27391
3072	2048	1	164	150	2.99482
3072	2048	1	102	222	2.17061
3072	2048	1	64	280	1.92457
3072	2048	1	220	124	0.00000
3072	2048	1	490	220	0.00000
3072	2048	1	414	174	0.00000
3072	2048	1	332	188	4.30811
3072	2048	1	256	264	4.69600
3072	2048	1	210	354	1.88751
3072	2048	1	360	340	0.73782
3072	2048	1	472	366	5.06581
3584	2048	1	82	362	2.72052
3072	2048	1	372	454	3.29601
3072	2048	1	450	456	4.91198
3584	2048	1	104	472	4.48864
3584	2560	1	178	2	4.07067
3584	2048	1	322	490	4.25972
3584	2560	1	296	62	5.03581
3584	2560	1	430	146	6.05971
3584	2560	1	188	114	1.87747
3584	2560	1	20	64	3.55983
3072	2560	1	470	66	3.34674
3072	2560	1	352	60	0.79080
3072	2560	2	318	11	0.00000
3072	2560	2	258	11	0.00000
3072	2560	2	158	77	0.00000
3584	2560	2	338	139	0.00000
3072	2560	2	462	191	0.00000
3072	2048	1	68	420	0.83789
3072	2048	1	200	480	3.01427
3072	2560	1	58	34	2.85632
3072	2560	1	202	116	3.79097
3072	2560	1	202	236	0.43825
3072	2560	1	28	220	5.37314
3072	2560	1	360	166	0.35076
3072	2560	1	314	256	2.55616
3584	2560	1	22	210	3.25718
3584	2560	1	110	188	6.05323
3584	2560	1	226	182	0.94543
3584	2560	1	296	234	4.17153
3072	2560	1	424	264	2.54823
3584	2560	1	92	296	1.02710
3584	2560	1	156	374	1.72863
3584	2560	1	224	350	3.22344
3584	2560	1	446	292	4.30266
3072	2560	1	158	372	1.93844
3072	2560	1	278	374	4.43496
3072	2560	1	356	422	0.94964
3072	2560	1	474	450	3.35383
3584	2560	1	304	366	4.18175
3072	2560	1	28	332	3.69114
3072	2560	1	82	472	3.02486
3072	2560	1	198	492	0.32175
3584	2560	1	20	478	2.87860
3584	2560	1	480	404	5.39510
3584	2560	1	346	468	2.70391
3584	2560	1	426	238	1.54241
3584	2560	1	432	454	2.57137
3584	2560	1	262	466	1.75065
3584	2560	1	256	512	4.03494
3072	2560	1	386	512	0.00000
3072	2560	1	460	512	0.00000
3072	2560	1	306	512	0.00000
3584	2048	1	364	114	1.14794
3584	3584	1	506	398	0.44349
3584	3584	1	436	442	2.38272
3584	3584	1	346	456	0.00000
3584	3584	1	280	460	0.00000
3584	3584	1	78	472	0.00000
3072	3584	1	502	462	0.41409
3072	3584	1	204	418	3.33790
3072	3584	1	128	444	0.00000
3072	3584	1	54	384	5.58636
3072	3584	1	230	288	0.52632
3072	3584	1	88	306	4.10304
3072	3584	1	330	356	2.90446
3072	3584	1	244	332	0.33180
3584	3584	1	186	468	0.00000
3072	3584	1	448	354	0.00000
3072	3584	1	408	364	2.74920
3584	3584	1	6	338	0.00000
3584	3584	1	52	274	6.03986
3584	3584	1	122	324	2.78115
3584	3584	1	378	94	1.61803
3584	3584	1	80	172	0.25366
3584	3584	1	218	208	2.69188
3072	3584	1	316	440	5.73668
3584	3584	1	304	320	0.00000
3584	3584	1	512	86	2.49555
3584	3584	1	436	298	3.82537
3584	3584	1	302	180	5.78598
3584	3584	1	392	178	5.45131
3584	3584	1	154	236	2.46771
3584	3584	1	346	16	1.16939
3072	3584	1	392	258	1.59241
3072	3584	1	312	170	1.59857
3072	3584	1	418	140	0.49260
3072	3584	1	504	150	4.20384
3072	3584	1	152	232	5.86197
3072	3584	1	170	160	1.97404
3072	3584	1	30	262	0.91151
3072	3584	1	74	114	3.92905
3072	3584	1	14	16	2.00379
3072	3584	1	196	92	1.82656
3072	3584	1	326	14	1.06060
3072	3584	1	236	512	1.96829
3072	3584	1	418	46	4.11558
3072	3072	1	462	468	0.80043
3584	3584	1	44	66	4.33196
3584	3584	1	180	130	4.12679
3584	3584	1	216	84	1.56262
3584	3584	1	174	10	4.42011
3584	3072	1	298	476	1.46801
3584	3072	1	144	474	1.22317
3072	3584	1	178	24	2.67962
3072	3072	1	44	456	5.54406
3072	3072	2	262	454	0.00000
3072	3072	1	162	418	4.67023
3072	3072	1	178	358	1.82351
3072	3072	1	42	342	3.66876
3072	3072	1	142	268	3.94693
3072	3072	1	360	366	5.30865
3072	3072	1	502	392	0.98792
3072	3072	1	452	332	4.49523
3584	3072	1	84	412	3.79963
3584	3072	1	226	406	0.00000
3584	3072	1	162	298	0.41344
3584	3072	1	422	476	1.88897
3584	3072	1	512	500	0.00000
3584	3072	1	512	364	3.25236
3584	3072	1	366	416	0.60951
3584	3072	1	404	318	5.22938
3584	3072	1	298	278	3.33451
3584	3072	1	502	230	2.88829
3584	3072	1	382	240	5.33682
3584	3072	1	386	152	5.31011
3584	3072	1	506	48	3.65233
3584	3072	1	486	140	1.42301
3584	3072	1	360	22	1.56483
3584	3072	1	262	148	3.51867
3584	3072	1	248	0	4.04358
3584	3072	1	130	72	4.54034
3584	3072	1	200	166	4.68863
3584	3072	1	78	172	3.96103
3584	3072	1	142	226	0.40013
3072	3072	1	492	180	0.00000
3072	3072	1	398	216	3.05972
3072	3072	1	296	176	5.43210
3072	3072	1	230	274	1.71321
3072	3072	1	382	66	0.00000
3072	3072	1	300	24	1.53481
3072	3072	1	174	0	0.00000
3072	3072	1	186	98	1.52708
3072	3072	1	94	236	4.24758
3072	3072	1	22	146	1.56001
3072	3072	1	88	24	0.00000
2048	3072	1	48	94	5.20828
2048	3072	1	216	136	2.46107
2048	3072	1	304	92	5.99513
2048	3072	2	354	22	0.00000
2048	3072	2	202	22	0.00000
2048	3072	1	420	48	0.98279
2560	3072	1	22	80	4.38900
2560	3072	1	168	130	4.09652
2560	3072	2	144	66	0.00000
2560	3072	2	100	230	0.00000
2560	3072	2	12	182	0.00000
2048	3072	2	198	326	0.00000
2048	3072	2	194	218	0.00000
2048	3072	1	56	194	1.62629
2560	3072	1	240	66	3.11614
2560	3072	1	324	70	3.44056
2560	3072	1	410	106	6.23058
2560	3072	2	412	28	0.00000
2560	3072	2	490	30	0.00000
2560	3072	1	492	108	1.98723
2048	3072	1	288	232	1.07117
2048	3072	1	416	280	1.55325
2048	3072	2	168	484	0.00000
2048	3072	1	406	172	2.35205
2560	3072	1	140	272	1.20362
2560	3072	1	294	202	6.21188
2560	3072	1	458	214	1.60304
2560	3072	1	346	286	1.15257
2560	3072	1	468	340	4.42065
2048	3072	1	224	396	5.09290
2048	3072	1	332	318	2.28572
2048	3072	1	42	502	2.08894
2048	3072	1	472	380	3.69136
2560	3072	1	124	432	5.69747
2560	3072	1	208	478	0.00000
2560	3072	1	332	422	3.22142
2560	3072	1	410	474	2.90025
2560	3072	1	496	504	2.34385
2560	3072	2	508	434	0.00000
2048	3584	1	112	68	3.92699
2048	3072	1	86	406	3.43305
2048	3072	1	20	376	3.17413
2048	3072	1	336	472	1.29936
2560	3072	1	42	480	4.76789
2560	3584	1	78	104	0.05213
2048	3584	1	448	92	2.36140
2048	3584	2	366	30	0.00000
2560	3072	1	294	500	2.72032
2560	3584	1	492	142	3.41576
2560	3584	1	422	108	2.74680
2560	3584	1	300	122	4.24874
2560	3584	1	200	42	4.76567
2560	3584	1	192	256	2.49006
2560	3584	1	360	194	1.78178
2048	3584	1	174	198	1.81648
2560	3584	1	266	252	5.85890
2560	3584	1	82	262	0.24929
2048	3584	1	254	86	0.00000
2560	3584	1	190	142	3.56872
2048	3584	1	504	214	2.09524
2048	3584	1	308	194	5.31902
2048	3584	1	392	320	0.00000
2560	3584	1	346	334	0.57017
2048	3584	1	468	334	0.00000
2048	3584	1	80	246	2.34840
2048	3584	1	34	280	5.72508
2048	3584	1	226	294	1.28182
2048	3584	1	318	304	0.00000
2560	3584	1	498	258	3.66572
2560	3584	1	400	356	0.40489
2560	3584	1	458	404	0.55143
2560	3584	2	512	469	0.00000
2560	3584	1	84	412	6.14208
2560	3584	1	146	406	0.00000
2048	3584	1	74	466	6.13064
2048	3584	1	238	394	4.54413
2560	3584	1	318	478	0.38572
2560	3584	1	234	450	1.16385
2560	3584	1	2	428	1.67930
2560	3584	2	12	499	0.00000
2048	3584	1	334	480	0.00000
2048	3584	1	400	476	0.00000
