1024	2048	2	78	254	0.00000
1024	2048	1	244	354	0.46301
1024	2048	1	502	246	3.40893
1024	2048	1	54	118	0.00000
1024	2048	1	128	64	5.70795
1024	2048	2	198	86	0.00000
1024	2048	2	258	20	0.00000
1024	2048	2	440	20	0.00000
1536	2048	2	16	30	0.00000
1536	2048	1	90	60	0.00000
1536	2048	2	230	156	0.00000
1536	2048	1	242	50	5.89424
1536	2048	1	346	40	5.53224
1536	2048	2	492	64	0.00000
1536	2048	1	182	266	4.23255
1536	2048	1	102	356	5.33106
1536	2048	1	272	348	4.25029
1536	2048	1	378	154	0.33387
1536	2048	1	454	404	2.08100
1536	2048	2	494	274	0.00000
1024	2560	1	266	38	0.81300
1024	2560	1	472	62	2.36188
1536	2560	1	104	4	1.15971
1536	2048	1	310	456	1.78883
1536	2560	1	384	74	3.29625
1536	2560	1	166	70	1.48808
1536	2560	1	100	162	6.06842
1024	2560	1	80	126	3.22834
1024	2560	1	98	218	1.82737
1024	2560	2	18	308	0.00000
1024	2560	2	190	284	0.00000
1024	2560	1	270	210	0.00000
1024	2560	1	44	362	1.20200
1024	2560	1	50	440	4.27284
1024	2560	1	58	508	4.36927
1024	2560	1	186	424	3.06489
1024	2560	1	250	456	5.54334
1024	2560	1	346	326	3.90578
1536	2560	1	128	350	2.00948
1536	2560	1	42	188	0.37479
1024	2560	1	432	420	1.71956
1536	2560	1	32	424	5.10525
1536	2560	1	288	422	5.68860
1536	2560	1	246	226	5.91079
1536	2560	1	218	278	5.70758
1536	2560	1	428	134	4.40809
1536	2560	1	158	462	2.77778
1536	2560	1	234	472	2.99550
1536	2560	1	406	442	1.88143
1536	2560	1	372	324	2.89670
1536	2560	1	506	300	5.96984
1536	2560	2	436	242	0.00000
1536	2560	2	506	148	0.00000
1024	3072	1	136	74	1.15629
1024	3072	1	288	94	5.06538
1024	3072	1	166	220	0.66997
1024	3072	1	88	472	5.55644
1024	3072	1	190	356	0.00000
1024	3072	1	318	298	0.00000
1024	3072	1	404	134	5.40912
1024	3072	1	444	62	1.81577
1536	3072	1	46	218	0.98742
1536	3072	1	126	116	3.85568
1536	3072	1	114	316	2.35356
1536	3072	1	192	250	2.32632
1536	3072	1	242	128	0.83414
1536	3072	1	356	72	0.00000
1536	3072	1	430	62	3.17794
1536	3072	1	504	126	0.00000
1536	3072	1	502	298	3.32200
1024	3072	1	500	380	0.32175
1024	3072	1	398	358	0.00000
1024	3584	1	86	132	0.35877
1024	3584	1	26	144	0.00000
1024	3072	1	312	506	2.33579
1024	3584	1	278	66	2.07240
1024	3584	1	178	160	0.00000
1024	3584	1	266	218	0.87042
1024	3584	1	312	136	1.25790
1024	3584	1	394	4	2.73344
1024	3584	1	476	68	3.74164
1536	3584	1	46	8	2.50253
1536	3072	1	124	504	2.17932
1536	3072	1	172	442	1.65789
1536	3584	1	270	12	2.72918
1536	3072	1	312	484	3.01970
1536	3072	1	432	406	2.18905
1536	3584	1	42	138	4.03333
1536	3584	1	152	110	3.29010
1536	3584	1	216	106	3.02097
1536	3584	1	330	138	4.65052
1536	3584	1	386	226	4.72963
1536	3584	1	442	64	0.00000
1536	3584	1	12	274	1.76582
1024	3584	1	398	298	0.00000
1024	3584	1	272	334	0.89095
1024	3584	1	52	298	4.94701
1024	3584	1	452	488	0.00000
1536	3584	1	274	468	2.41262
1536	3584	1	288	278	1.76647
1536	3584	1	488	298	4.42108
1536	3584	1	392	450	0.00000
1024	3584	1	200	462	0.00000
1024	3584	1	78	412	2.24377
1536	3584	1	254	388	5.16767
1536	3584	1	136	436	0.00000
1536	3584	1	48	474	0.00000
1024	3072	1	32	264	1.20282
1536	3072	2	48	24	0.00000
1536	3584	2	512	60	0.00000
1024	3584	2	14	516	0.00000
1024	3072	2	16	90	0.00000
1536	3584	2	52	200	0.00000
1024	3072	2	310	20	0.00000
1024	3072	2	48	16	0.00000
2560	2560	1	420	354	0.09624
2560	2560	2	472	329	0.00000
2560	2560	1	278	352	5.83914
2560	2560	2	310	493	0.00000
2560	2560	1	386	512	0.16334
2560	2560	1	226	462	3.49983
2560	2560	1	64	456	5.21581
2560	2560	1	110	352	4.53164
2560	2560	1	120	212	5.04042
2560	2560	1	266	222	4.38086
2560	2560	1	422	180	0.17506
2048	2560	1	504	256	2.22483
2560	2560	2	11	485	0.00000
2048	2560	1	356	356	4.71940
2048	2560	2	325	431	0.00000
2048	2560	2	195	415	0.00000
2560	2560	1	512	216	3.14207
2560	2560	1	472	16	3.62004
2560	2560	1	356	114	3.09064
2560	2560	1	182	76	2.77483
2048	2560	2	437	321	0.00000
2048	2560	1	76	352	2.90640
2048	2560	1	146	300	0.33831
2048	2560	1	232	262	6.03485
2048	2560	2	75	479	0.00000
2048	2560	2	381	493	0.00000
2048	2560	1	70	152	2.71073
2048	2560	1	120	70	2.99151
2048	2560	2	320	208	0.00000
2048	2560	2	234	160	0.00000
2048	2560	2	162	154	0.00000
2048	2048	2	270	508	0.00000
2048	2048	2	196	472	0.00000
2048	2048	1	42	370	6.10294
2048	2560	2	412	56	0.00000
2048	2560	1	304	96	0.55582
2560	2560	2	28	170	0.00000
2048	2560	1	502	100	3.79075
2560	2048	2	318	484	0.00000
2560	2048	2	294	390	0.00000
2048	2048	1	398	480	5.22458
2560	2048	1	34	422	3.84013
2048	2048	1	324	302	6.00720
2048	2048	1	224	336	3.60532
2048	2048	1	458	338	0.25238
2560	2048	1	70	324	4.85085
2560	2048	1	116	254	5.73576
2560	2048	1	224	256	2.68043
2048	2048	1	176	216	4.73252
2048	2048	1	10	228	0.92388
2048	2048	2	80	119	0.00000
2048	2048	2	160	135	0.00000
2048	2048	1	160	34	2.22030
2048	2048	1	352	134	4.22172
2048	2048	1	484	204	0.77810
2560	2048	1	66	134	3.73497
2560	2048	2	504	397	0.00000
2560	2048	1	400	284	0.68475
2560	2048	1	192	124	0.00000
2560	2048	1	328	76	0.00000
2560	2048	1	402	160	1.90447
2560	2048	1	438	58	0.50137
2560	2048	2	158	21	0.00000
3584	2048	1	464	70	0.00000
3584	2048	1	376	80	6.11724
3584	2048	1	252	102	3.74496
3584	2048	1	154	114	0.33488
3584	2048	1	298	164	0.61681
3072	2048	1	362	60	0.00000
3072	2048	1	32	74	5.22417
3584	2048	1	194	368	0.19590
3072	2048	1	436	14	2.64322
3584	2048	1	96	0	3.45533
3584	2048	1	302	336	2.86645
3072	2048	1	434	348	4.24146
3072	2048	1	500	182	2.69820
3072	2048	1	270	278	3.57163
3072	2048	1	382	208	0.00000
3072	2048	1	252	94	2.17033
3072	2048	1	158	158	1.72821
3072	2048	1	40	194	5.94913
3072	2048	1	212	250	0.34861
3072	2048	1	126	270	6.16102
3072	2560	2	318	27	0.00000
3072	2048	1	6	290	5.59797
3072	2048	1	30	392	1.54755
3072	2048	1	198	480	0.14190
3072	2048	1	304	394	3.30150
3072	2048	1	80	496	5.38039
3072	2560	1	44	110	5.72785
3584	2048	1	16	426	5.55323
3584	2048	1	90	402	5.93598
3584	2048	1	348	500	4.00093
3584	2560	1	472	22	4.37502
3584	2560	1	178	4	4.96239
3072	2560	1	474	4	2.30744
3584	2048	1	378	202	5.34068
3584	2048	1	378	300	5.54321
3072	2560	1	216	120	3.88132
3072	2560	1	332	150	6.07430
3072	2560	1	130	204	3.33727
3072	2560	1	222	220	0.64206
3072	2560	1	506	150	2.58653
3584	2560	1	90	66	2.76200
3584	2560	1	156	146	4.29259
3584	2560	2	42	112	0.00000
3072	2560	1	424	218	2.96216
3072	2560	1	88	346	0.18505
3072	2560	2	162	406	0.00000
3072	2560	1	238	398	2.82387
3072	2560	1	292	352	2.65538
3072	2560	1	342	284	5.37407
3072	2560	1	482	304	1.19341
3584	2560	1	84	236	4.46886
3072	2560	2	256	29	0.00000
3584	2048	2	228	23	0.00000
3072	2048	1	90	12	1.48763
3584	2048	1	512	122	0.00000
3072	2560	1	72	508	2.28361
3072	2560	1	400	392	1.24444
3072	2560	1	486	460	0.00000
3072	2560	1	340	472	1.14033
3072	2560	1	412	512	0.00000
3584	2560	1	52	472	3.36511
3584	2560	1	34	338	4.39047
3584	2560	1	110	426	3.41649
3584	2560	1	200	274	4.99603
3584	2560	1	226	372	5.06802
3584	2560	1	268	206	3.46115
3584	2560	1	298	78	1.39006
3584	2560	1	390	110	5.99713
3584	2560	1	512	88	4.18474
3584	2560	1	182	512	2.68729
3584	2560	1	236	452	4.22217
3584	2560	1	462	248	0.17804
3584	2560	1	332	262	0.43676
3584	2560	2	340	448	0.00000
3584	2560	2	282	512	0.00000
3584	2560	2	426	512	0.00000
3584	2560	1	488	480	5.33641
3584	2560	1	504	374	3.00046
3584	2560	1	388	330	3.47528
3072	3584	1	38	98	2.45969
3072	3072	1	134	468	1.89139
3072	3584	1	152	52	1.93258
3584	3584	1	168	420	3.00862
3584	3584	1	46	412	0.00000
3584	3584	1	244	466	0.37705
3584	3584	1	94	424	0.00000
3584	3584	1	140	290	3.57102
3072	3072	1	314	484	4.11993
3584	3072	1	478	462	0.21867
3072	3584	1	384	448	0.00000
3584	3584	1	498	446	2.49608
3584	3584	1	448	308	2.92907
3584	3584	1	404	118	3.52210
3584	3584	1	512	300	6.14571
3072	3584	1	300	80	4.68537
3072	3584	1	476	310	3.40785
3072	3584	1	124	266	3.80727
3072	3584	1	400	200	1.57779
3072	3584	1	296	338	5.69270
3584	3584	1	442	482	5.78513
3584	3584	1	214	312	0.08812
3072	3584	1	162	370	0.18230
3072	3584	1	102	362	3.95507
3072	3584	1	204	304	0.00000
3584	3584	1	326	38	1.37050
3584	3584	1	346	468	0.36709
3072	3584	1	198	150	1.70822
3584	3584	1	292	336	6.20911
3584	3584	1	314	180	3.53638
3584	3584	1	362	300	5.77801
3584	3072	1	20	494	0.56436
3584	3584	2	268	134	0.00000
3072	3584	2	502	500	0.00000
3072	3584	1	206	512	0.90975
3584	3584	1	162	72	0.00000
3584	3584	1	22	256	2.39321
3584	3584	1	426	204	4.33416
3072	3584	1	446	134	1.66083
3584	3584	1	204	184	3.15497
3072	3584	1	362	314	2.98765
3584	3584	1	104	18	6.06496
3072	3584	1	506	62	5.04201
3584	3584	1	78	160	0.00000
3584	3072	1	190	446	5.09352
3072	3072	1	118	330	0.45815
3584	3072	1	266	132	4.48753
3584	3072	1	402	134	0.00000
3072	3072	1	414	58	0.00000
3584	3072	1	460	64	0.00000
3584	3072	1	266	328	0.81817
3584	3072	1	98	154	5.31991
3072	3072	1	456	304	3.65736
3584	3072	1	342	338	0.41033
3584	3584	1	512	132	2.08576
3584	3072	1	456	248	4.57807
3584	3072	1	298	452	1.90687
3584	3072	1	308	224	0.83134
3584	3072	1	130	60	2.79545
3584	3072	1	374	284	5.54537
3584	3072	2	8	203	0.00000
3072	3072	1	234	342	5.54508
3072	3072	1	446	190	0.73282
3584	3072	1	256	36	0.28068
3584	3072	2	412	374	0.00000
3584	3072	1	90	284	3.67349
3072	3072	1	236	92	4.25374
3072	3072	1	132	170	2.81165
3072	3072	1	118	34	2.29778
3072	3072	1	308	148	1.12402
3072	3072	1	320	238	0.34794
3072	3072	2	292	22	0.00000
3072	3072	1	60	280	4.14816
3072	3072	1	18	196	0.75366
3072	3072	1	44	382	0.66362
3072	3072	1	348	396	2.27942
3584	3072	1	18	388	4.36046
3584	3072	2	428	440	0.00000
3584	3072	1	512	326	4.21786
3584	3072	1	22	78	4.36034
3072	3072	2	484	36	0.00000
3584	3072	1	206	224	2.46685
3072	3072	2	238	454	0.00000
3072	3584	1	366	34	1.91009
2048	3584	1	80	372	2.20199
2048	3584	1	178	366	2.03444
2048	3584	1	482	472	0.78394
2048	3584	1	376	444	0.00000
2048	3584	1	316	356	5.68401
2048	3584	1	122	482	5.33589
2560	3584	1	104	410	6.00467
2560	3584	1	202	446	1.33908
2560	3584	1	436	370	5.80878
2560	3584	1	12	282	2.05913
2048	3584	1	496	388	1.16232
2560	3584	1	188	332	0.85989
2560	3584	1	298	364	4.49466
2560	3584	1	344	432	0.82090
2048	3584	1	402	314	0.50216
2048	3584	1	280	250	5.23053
2048	3584	1	134	174	0.00000
2048	3584	1	188	292	1.92084
2560	3584	1	346	198	5.58199
2560	3584	1	502	338	2.52079
2560	3584	1	98	204	3.92699
2048	3584	1	500	178	1.34446
2560	3584	1	166	196	3.12603
2560	3584	1	220	192	3.28482
2048	3584	1	378	140	0.92506
2560	3584	1	474	168	5.84155
2560	3584	2	442	258	0.00000
2560	3584	1	314	256	2.41407
2048	3072	1	40	502	5.30583
2048	3584	1	60	72	1.87951
2048	3584	1	482	38	0.69972
2560	3584	1	16	86	3.99916
2560	3584	1	114	64	2.57067
2560	3584	1	194	56	5.70267
2560	3072	1	436	512	4.24419
2560	3584	1	396	100	1.53275
2560	3072	1	310	490	2.50711
2560	3072	1	158	334	5.96834
2560	3072	1	232	488	5.88466
2560	3072	1	134	408	2.83785
2560	3072	1	416	346	0.00000
2560	3072	1	352	386	0.11120
2560	3072	1	240	306	5.67318
2560	3072	1	318	226	4.33211
2560	3072	1	488	208	1.03709
2560	3072	1	26	402	3.64320
2048	3072	1	440	332	1.63965
2048	3072	1	414	454	5.13524
2048	3072	1	276	364	4.65019
2048	3584	2	214	40	0.00000
2048	3072	1	182	328	3.39877
2048	3072	1	54	294	4.01339
2048	3072	1	142	150	0.81113
2048	3072	1	378	224	0.95168
2560	3072	1	4	264	1.89079
2560	3072	2	94	227	0.00000
2560	3072	2	144	77	0.00000
2048	3072	1	148	50	0.41146
2048	3072	1	296	60	3.37362
2048	3072	1	404	58	6.15883
2048	3072	1	496	88	2.19505
2560	3072	1	118	168	1.52160
2560	3072	1	246	86	4.13970
2560	3072	1	400	154	2.17308
2560	3072	1	360	52	0.41869
2048	3072	2	166	484	0.00000
2048	3584	2	372	26	0.00000
