1024	2048	1	228	372	0.28950
1024	2048	1	112	256	2.61984
1024	2048	1	34	116	3.43556
1024	2048	1	102	34	2.63346
1024	2048	2	200	82	0.00000
1536	2048	2	210	142	0.00000
1024	2560	2	356	436	0.00000
1536	2048	2	494	76	0.00000
1024	2560	2	194	284	0.00000
1536	2560	2	326	148	0.00000
1024	2048	1	430	122	1.72779
1024	2048	2	242	18	0.00000
1536	2048	1	20	2	0.00000
1536	2048	1	180	40	3.88023
1536	2048	2	280	88	0.00000
1536	2048	1	284	178	4.50327
1536	2048	1	106	198	6.14922
1024	2048	1	508	220	3.42655
1536	2048	1	12	328	4.09824
1024	2048	1	400	446	0.97661
1024	2560	1	302	48	0.88566
1024	2560	1	78	144	3.35304
1024	2560	1	142	222	3.94159
1024	2560	1	118	340	2.03776
1024	2560	1	52	374	4.47823
1536	2048	1	358	264	2.30278
1536	2048	1	234	324	5.27792
1536	2048	1	132	368	3.45594
1536	2048	1	190	450	3.32701
1536	2048	1	360	416	5.92418
1536	2048	1	264	418	5.81778
1536	2048	1	82	492	2.59637
1536	2048	1	472	456	3.31042
1536	2560	1	208	40	1.27536
1024	2560	1	486	98	0.38312
1536	2560	1	64	110	6.04215
1024	2560	1	372	204	3.09444
1024	2560	1	304	322	4.68840
1536	2560	1	332	74	1.06480
1536	2560	1	216	122	3.39204
1536	2560	1	438	90	3.38657
1536	2560	1	512	88	2.67652
1536	2560	1	310	256	5.62789
1536	2560	1	162	232	5.74728
1536	2560	1	32	228	1.42890
1536	2560	1	464	232	0.00000
1536	2560	1	188	366	2.19277
1536	2560	1	366	206	6.15802
1024	2560	1	504	314	5.18397
1024	2560	1	272	430	5.65439
1024	2560	1	100	434	1.34624
1024	2560	1	168	474	1.46964
1024	2560	1	440	402	2.61095
1536	2560	1	166	492	0.78540
1536	2560	1	62	446	4.94697
1536	2560	1	336	510	5.38661
1536	2560	1	396	410	2.83108
1536	2560	1	502	468	0.42663
1024	2560	1	384	512	4.27420
1024	3072	1	140	76	1.11813
1024	3072	1	356	24	3.94992
1024	3072	1	280	86	5.57451
1024	3072	1	418	124	5.86932
1024	3072	1	338	246	0.00000
1024	3072	1	284	250	3.21262
1024	3072	1	156	196	0.90556
1024	3072	1	48	146	1.54068
1024	3072	1	116	332	5.80049
1024	3072	1	186	298	0.17985
1024	3072	1	444	338	1.90415
1536	3072	1	98	254	0.00000
1536	3072	1	32	200	6.07209
1536	3072	1	234	54	1.33268
1536	3072	1	170	4	0.84684
1536	3072	1	320	164	0.06124
1536	3072	1	254	142	0.44075
1536	3072	1	394	136	0.07948
1536	3072	1	484	66	5.64283
1536	3072	1	368	4	5.42200
1024	3072	1	272	442	0.00000
1024	3072	1	168	464	0.70335
1024	3584	1	26	38	3.54137
1024	3584	1	74	124	1.14728
1024	3584	1	140	184	1.01783
1024	3584	1	256	52	1.47444
1024	3584	1	344	160	6.24376
1536	3584	1	40	134	5.05133
1536	3072	1	100	462	3.50903
1536	3072	1	212	314	3.65034
1536	3072	1	400	238	3.89575
1536	3584	2	466	116	0.00000
1536	3584	2	10	38	0.00000
1536	3072	1	382	354	0.54042
1536	3072	1	498	296	3.43881
1536	3072	1	488	486	3.01010
1536	3072	2	378	456	0.00000
1536	3072	1	316	452	5.72614
1536	3072	1	204	408	1.01506
1536	3584	1	106	76	4.45913
1536	3584	1	196	54	5.82441
1536	3584	1	252	10	0.00000
1536	3584	1	414	68	3.76050
1536	3584	1	232	180	2.28377
1536	3584	1	170	270	2.88858
1536	3584	1	122	314	2.46117
1536	3584	1	358	172	2.29796
1024	3584	1	226	344	5.66543
1024	3584	1	142	344	0.00000
1024	3584	1	284	250	1.82110
1024	3584	1	394	280	0.38369
1024	3584	1	500	292	1.85784
1536	3584	1	20	204	2.17691
1024	3584	1	396	74	2.99970
1536	3584	1	352	322	4.35867
1536	3584	2	254	266	0.00000
1536	3584	2	246	370	0.00000
1024	3584	1	486	424	0.62331
1536	3584	1	68	470	0.42565
1536	3584	1	178	482	0.26060
1536	3584	1	332	504	5.84928
1536	3584	1	482	426	1.74547
1024	3584	1	128	466	5.70011
1024	3072	2	468	32	0.00000
1024	3072	2	502	300	0.00000
1024	3072	2	24	378	0.00000
1024	3072	2	0	212	0.00000
2560	2560	1	420	400	3.20945
2560	2560	2	460	328	0.00000
2560	2560	2	310	484	0.00000
2560	2560	1	320	400	0.67098
2560	2560	1	244	296	5.78999
2560	2560	1	328	232	5.64354
2560	2560	1	418	200	2.87503
2560	2560	1	512	154	2.73468
2560	2560	1	132	298	0.28084
2560	2560	1	214	176	4.21138
2560	2560	1	114	148	4.38700
2560	2560	1	44	234	4.85996
2560	2560	2	20	166	0.00000
2048	2560	1	476	266	5.61177
2560	2560	1	50	420	0.00000
2048	2560	1	462	408	0.01756
2048	2560	1	376	354	0.00000
2048	2560	2	444	310	0.00000
2048	2560	1	306	464	4.88653
2048	2560	2	328	420	0.00000
2048	2560	2	198	420	0.00000
2048	2560	2	170	358	0.00000
2048	2560	2	82	504	0.00000
2048	2560	1	126	244	2.87534
2048	2560	2	50	352	0.00000
2048	2560	2	168	152	0.00000
2048	2560	2	230	150	0.00000
2048	2560	2	320	204	0.00000
2048	2560	1	12	104	2.46862
2048	2560	1	116	52	1.02360
2048	2048	2	274	504	0.00000
2048	2048	2	208	508	0.00000
2048	2048	1	104	454	2.08319
2048	2560	1	336	148	5.70816
2048	2560	2	414	50	0.00000
2048	2560	2	380	96	0.00000
2048	2560	1	312	34	0.69866
2048	2560	1	434	148	3.73661
2048	2560	1	310	284	0.85501
2560	2560	2	290	2	0.00000
2560	2048	2	292	382	0.00000
2560	2560	1	436	44	0.95198
2560	2048	1	372	420	5.76953
2560	2048	1	334	478	5.06897
2560	2048	1	462	348	1.21414
2560	2048	2	512	448	0.00000
2560	2048	1	180	508	0.34820
2560	2560	1	56	14	2.00426
2560	2048	1	14	438	4.37310
2048	2048	1	378	448	5.37716
2560	2048	1	490	150	1.04075
2560	2048	1	382	152	3.91822
2560	2048	1	418	230	5.21929
2560	2048	1	440	36	0.00000
2560	2048	1	308	86	0.00000
2560	2048	1	210	28	2.52454
2560	2048	2	126	0	0.00000
2560	2048	1	120	78	2.48283
2560	2048	1	76	126	2.51800
2560	2048	1	328	314	1.51402
2560	2048	1	246	236	4.31994
2560	2048	1	180	180	0.40294
2560	2048	1	106	314	0.41753
2048	2048	1	460	140	1.05525
2048	2048	2	504	66	0.00000
2048	2048	2	406	2	0.00000
2048	2560	2	188	512	0.00000
2560	2048	1	14	208	0.00000
2048	2048	1	494	324	4.78543
2048	2048	1	400	372	2.18841
2048	2048	1	290	320	0.00000
2048	2048	1	102	42	6.14455
2048	2048	2	184	114	0.00000
2048	2048	1	62	212	0.15866
2048	2048	1	152	244	5.54887
2048	2048	1	158	368	2.02419
3584	2048	1	148	134	0.00000
3584	2048	1	386	98	0.00000
3584	2048	1	468	66	0.00000
3584	2048	1	380	220	5.46236
3072	2560	2	166	76	0.00000
3072	2048	1	386	84	4.81512
3584	2048	1	12	148	3.36026
3584	2048	1	208	278	4.69065
3072	2048	1	224	38	4.81618
3072	2048	1	238	126	4.67150
3072	2048	1	84	58	0.39479
3072	2048	1	78	238	3.20534
3072	2048	1	56	420	4.36468
3072	2048	1	206	374	4.71239
3072	2048	1	322	240	2.98793
3072	2048	1	418	240	4.02194
3584	2048	1	52	306	0.00000
3072	2048	1	482	304	3.88685
3072	2048	1	324	342	1.84846
3072	2048	1	452	456	2.52639
3584	2048	1	72	426	3.94128
3584	2048	1	114	488	4.17518
3584	2048	1	256	462	3.24530
3584	2048	1	378	458	3.09391
3072	2560	2	468	186	0.00000
3072	2048	1	244	458	1.27531
3072	2048	1	368	478	2.55159
3072	2560	2	314	30	0.00000
3072	2560	1	234	52	2.14051
3072	2560	1	86	118	3.18394
3072	2560	1	28	180	2.86999
3072	2560	1	138	208	3.80078
3072	2560	1	206	234	0.56648
3072	2560	1	244	332	3.35389
3584	2560	1	226	72	1.32094
3584	2560	1	430	64	3.57497
3584	2560	1	306	136	3.79826
3584	2560	1	98	58	1.59948
3072	2560	1	338	254	0.46365
3072	2560	1	486	108	5.71332
3584	2560	1	124	224	0.38051
3584	2560	1	226	214	6.01922
3584	2560	1	432	174	4.28263
3584	2560	1	42	206	3.31600
3072	2560	1	280	210	0.30757
3072	2560	1	372	116	3.59279
3072	2560	1	438	352	2.45305
3072	2560	1	502	304	5.65661
3072	2560	1	124	424	1.33395
3072	2560	1	320	398	4.16141
3584	2560	1	172	338	5.55846
3584	2560	1	90	414	3.18391
3584	2560	1	180	484	2.54130
3584	2560	1	246	426	3.23346
3584	2560	2	354	446	0.00000
3584	2560	1	290	304	2.51587
3584	2560	1	398	304	0.99664
3584	2560	1	496	232	0.00000
3584	2560	1	448	370	1.11532
3584	2560	1	436	476	5.93441
3072	2560	1	506	468	3.07106
3072	2560	1	386	480	0.00000
3072	2560	1	216	512	0.00000
3584	2560	1	310	490	2.49844
3584	2560	1	500	452	2.02155
3584	2560	1	104	512	2.10652
3072	2560	2	304	122	0.00000
3584	2048	1	512	238	2.07827
3584	2048	1	220	0	0.00000
3584	2048	1	258	96	3.85022
3072	2048	1	32	0	0.00000
3584	3584	1	512	506	2.44282
3584	3584	1	394	486	0.00000
3072	3584	1	372	180	0.40331
3072	3584	1	38	314	5.81529
3584	3584	1	448	382	4.04338
3072	3584	1	490	386	1.08187
3072	3584	1	152	240	0.00000
3584	3584	1	146	364	4.27527
3584	3584	1	194	434	0.00000
3584	3584	1	282	440	5.78019
3072	3584	1	256	476	0.00000
3072	3584	1	116	454	3.18255
3584	3584	1	326	344	5.02649
3584	3584	1	500	184	3.68391
3072	3584	1	402	290	1.77411
3072	3584	1	270	338	0.82802
3584	3584	1	512	292	2.18713
3584	3584	1	402	298	4.63647
3584	3584	1	74	456	0.00000
3072	3584	1	326	384	0.00000
3072	3584	1	490	468	0.00000
3072	3584	1	396	418	0.00000
3584	3584	1	456	96	5.34137
3072	3584	1	190	406	0.00000
3584	3584	1	430	180	0.00000
3584	3584	1	348	172	3.49069
3584	3584	1	216	252	3.25331
3584	3584	1	126	230	5.82175
3584	3584	1	46	278	2.07525
3584	3584	1	154	108	0.00000
3584	3584	1	278	242	0.00000
3072	3584	1	24	124	1.09610
3072	3584	2	132	154	0.00000
3584	3584	1	352	96	3.20349
3584	3584	1	264	62	3.25631
3584	3072	1	196	506	2.98063
3584	3584	1	92	86	0.00000
3584	3584	1	32	146	0.00000
3072	3584	1	464	174	0.00000
3072	3584	1	258	154	0.80211
3072	3584	1	184	112	0.46033
3072	3072	1	146	476	3.69193
3584	3072	1	466	492	0.00000
3584	3072	1	512	426	0.00000
3584	3072	1	354	512	1.26626
3584	3072	1	310	442	1.08053
3584	3072	1	238	420	0.00000
3584	3072	1	124	442	0.00000
3584	3584	1	4	32	0.89117
3072	3584	1	344	38	1.54459
3072	3072	1	428	486	1.61941
3072	3072	1	508	404	1.82597
3072	3072	1	270	446	3.03249
3072	3072	1	20	440	0.00000
3072	3072	1	124	376	0.00000
3072	3072	1	0	364	0.88379
3072	3072	1	234	348	4.58761
3584	3072	1	498	328	0.60721
3584	3072	1	424	324	3.66314
3584	3072	1	300	394	4.68796
3584	3072	2	356	314	0.00000
3584	3072	1	502	246	5.63759
3584	3072	1	188	348	5.03319
3584	3072	1	264	282	5.41225
3584	3072	1	134	266	2.14984
3584	3072	1	38	312	2.97623
3072	3072	1	344	396	3.00711
3072	3072	1	432	332	3.49805
3072	3072	1	376	268	3.79707
3584	3072	1	384	214	0.52695
3584	3072	1	306	182	0.66411
3584	3072	1	512	150	3.55277
3584	3072	1	498	50	4.22452
3584	3072	1	466	0	0.00000
3584	3072	1	408	76	0.00000
3584	3072	1	318	110	4.70741
3584	3072	1	246	124	3.95489
3584	3072	1	152	210	1.69237
3584	3072	1	116	130	3.97753
3584	3072	1	108	26	5.19129
3584	3072	1	226	28	0.37299
3584	3072	1	340	0	0.00000
3584	3072	1	28	142	0.00000
3072	3072	1	432	142	0.00000
3072	3072	1	376	14	0.00000
3584	3072	1	34	10	3.00150
3072	3072	1	220	52	0.00000
3072	3072	1	276	250	2.30619
3072	3072	1	130	266	1.45480
3072	3072	1	62	228	4.38093
3072	3072	1	68	42	2.79239
2560	3072	1	318	54	0.58357
2560	3072	1	464	68	2.80326
2560	3072	1	406	164	5.07186
2560	3072	1	410	284	4.29416
2560	3072	1	278	240	3.58706
2560	3072	1	102	136	2.37685
2048	3072	1	490	88	5.69518
2048	3072	1	420	84	5.84585
2048	3072	1	294	62	0.00000
2048	3072	1	118	100	0.51102
2048	3072	2	194	26	0.00000
2048	3072	2	80	28	0.00000
2048	3072	1	218	166	4.64437
2560	3072	1	304	410	4.97864
2560	3072	1	138	292	4.86690
2560	3072	1	116	350	4.47983
2560	3072	1	8	436	0.00000
2048	3072	1	300	356	0.77339
2048	3072	1	348	228	4.49872
2048	3072	1	406	300	3.69236
2048	3072	1	90	300	1.05165
2048	3072	1	166	364	1.57080
2048	3072	1	74	450	4.88656
2048	3072	2	18	100	0.00000
2560	3072	2	228	128	0.00000
2560	3072	2	148	70	0.00000
2560	3072	2	102	230	0.00000
2048	3072	2	282	270	0.00000
2048	3072	2	232	272	0.00000
2048	3072	2	192	226	0.00000
2560	3584	1	438	64	5.49115
2560	3072	1	474	402	0.78540
2560	3072	2	354	240	0.00000
2048	3072	1	376	444	3.85822
2048	3072	2	314	430	0.00000
2048	3584	2	378	28	0.00000
2048	3072	2	166	488	0.00000
2048	3584	1	134	38	2.50465
2048	3584	1	56	108	2.06370
2048	3584	1	36	196	5.45447
2560	3072	2	86	430	0.00000
2560	3072	1	224	482	0.00000
2560	3072	1	154	456	5.69518
2560	3584	1	396	236	0.00000
2560	3584	1	310	238	0.23517
2560	3584	1	96	40	1.90034
2048	3584	1	230	48	5.25918
2048	3584	1	276	182	0.00000
2560	3584	1	2	104	0.45368
2560	3584	1	46	190	0.84090
2048	3584	1	410	128	2.83314
2560	3584	1	200	218	2.49416
2560	3584	1	98	230	3.66126
2560	3584	1	6	332	3.75158
2048	3584	1	314	320	0.00000
2048	3584	1	78	314	2.21785
2048	3584	1	184	196	1.85286
2048	3584	1	188	272	0.00000
2560	3584	1	256	144	4.32673
2560	3584	1	174	106	3.89625
2560	3584	1	290	52	2.82196
2048	3584	1	380	238	5.60898
2560	3584	1	210	310	2.07789
2560	3584	1	264	454	0.66622
2048	3584	1	240	478	4.55244
2560	3584	1	92	424	2.31246
2560	3584	1	158	392	5.14200
2560	3584	1	354	384	0.00000
2560	3072	1	512	458	0.00000
2560	3584	2	512	290	0.00000
2560	3584	2	504	158	0.00000
2560	3584	1	418	458	4.05273
2560	3584	1	422	334	0.00000
2560	3584	1	150	480	4.09808
