1536	2560	1	290	512	2.13684
1536	2560	1	152	352	2.66990
1024	2560	1	68	122	0.11153
1024	2560	1	340	512	1.27066
1536	2560	1	60	436	5.39168
1536	2560	1	182	512	1.93374
1024	2560	1	124	364	2.68329
1024	2560	1	490	316	1.84696
1024	2560	1	278	30	0.95339
1024	2560	1	52	258	5.84081
1024	2560	1	454	88	1.58449
1536	2560	1	406	430	2.01158
1536	2560	1	90	90	0.00000
1024	2560	1	362	354	0.00000
1536	2560	1	220	228	0.00000
1024	2560	1	200	450	3.77991
1536	2560	1	306	258	5.96144
1536	2560	1	400	326	2.58165
1024	2048	1	438	418	3.99803
1536	2560	1	458	232	0.00000
1024	2560	1	32	444	4.29370
1536	2560	1	508	308	0.37171
1536	2560	1	508	132	1.44644
1536	2560	1	314	128	6.20078
1536	2560	1	204	54	0.35019
1536	2048	1	142	488	2.86492
1536	2048	1	12	456	0.77151
1536	2560	1	408	18	0.00000
1024	2560	1	180	218	5.00279
1024	2560	1	512	188	1.32582
1536	2048	1	238	366	2.35446
1536	2048	1	512	394	1.63939
1536	2048	1	102	142	0.00000
1536	2048	1	504	458	5.43742
1024	2048	1	234	372	0.23256
1536	2048	1	384	384	0.00000
1536	2048	1	52	318	3.66073
1536	2048	1	480	228	5.30521
1536	2048	1	124	280	3.42593
1536	2048	1	476	126	4.92998
1536	2048	1	498	86	2.91479
1536	2048	1	284	292	5.52104
1024	2048	1	504	220	3.33242
1536	2048	1	342	248	5.50416
1536	2048	1	358	108	0.14901
1536	2048	1	290	26	4.80472
1536	2048	1	220	136	0.00000
1024	2048	1	90	246	0.62223
1024	2048	1	52	98	0.00000
1024	2048	1	206	68	0.26714
1536	2048	1	30	12	0.00000
1024	2048	1	316	28	0.96126
1024	2560	1	438	458	2.12421
1024	2560	2	356	446	0.00000
1024	2560	2	188	286	0.00000
1024	3072	2	468	36	0.00000
1024	3072	1	360	10	4.49884
1024	3072	1	78	26	3.94559
1024	3072	1	126	82	1.12827
1024	3072	1	292	94	5.57595
1024	3072	1	34	170	5.64648
1024	3072	1	178	218	0.04364
1024	3072	1	118	292	2.81393
1024	3072	2	22	384	0.00000
1024	3072	1	246	194	3.26043
1024	3072	2	382	184	0.00000
1024	3072	1	308	250	0.00000
1024	3072	1	450	182	3.14793
1024	3072	2	350	344	0.00000
1536	3072	1	90	48	0.00000
1536	3072	1	32	144	0.29305
1536	3072	1	206	18	2.26624
1536	3072	1	312	6	2.20229
1536	3072	1	268	118	4.18236
1536	3072	1	134	114	3.67784
1024	3072	2	502	294	0.00000
1536	3072	1	50	264	3.39967
1024	3072	1	216	378	0.58449
1024	3584	2	170	30	0.00000
1024	3072	1	6	464	5.87693
1024	3584	1	74	92	1.13985
1024	3584	1	232	102	0.46279
1024	3584	1	390	2	3.66203
1024	3072	1	510	398	4.67552
1536	3072	1	184	236	4.13662
1536	3072	1	338	200	4.80886
1536	3072	1	186	400	0.81602
1536	3072	1	394	324	5.30477
1536	3072	2	380	456	0.00000
1536	3072	1	320	440	6.19351
1536	3072	1	482	468	2.75760
1536	3584	2	472	102	0.00000
1536	3584	1	414	38	1.86037
1024	3584	1	38	194	3.96939
1024	3584	1	326	122	1.57837
1536	3584	2	18	44	0.00000
1024	3584	1	484	50	3.50791
1536	3584	1	128	4	5.25626
1536	3584	1	240	18	2.37576
1536	3072	1	512	42	0.00000
1024	3584	1	72	272	4.30513
1024	3584	1	300	224	6.02906
1536	3584	1	20	208	3.16199
1536	3584	1	90	152	0.00000
1536	3584	1	202	102	2.58105
1536	3584	1	282	234	0.44365
1536	3584	1	390	114	4.76446
1536	3584	1	512	136	0.65596
1536	3584	1	140	276	1.58277
1024	3584	1	468	298	2.15518
1024	3584	1	64	412	1.38439
1024	3584	1	248	402	0.64930
1024	3072	1	82	440	0.00000
1536	3584	1	374	328	5.45401
1024	3584	1	382	352	1.71499
1024	3584	1	488	468	0.55805
1536	3584	1	140	370	1.89444
1536	3584	1	166	474	0.89145
1536	3584	1	38	516	0.51033
1536	3584	1	304	444	0.20975
1536	3584	1	480	516	0.00000
1536	3584	2	242	374	0.00000
1536	3584	1	354	516	3.53414
1536	3584	1	238	516	0.00000
2560	2048	1	370	10	5.85078
2560	2048	1	446	66	0.11675
2560	2048	1	304	112	6.16256
2560	2048	1	202	118	5.99201
2560	2048	1	452	354	1.18184
2048	2048	1	430	60	4.49031
2048	2048	1	94	254	0.00000
2560	2048	1	348	250	3.73635
2560	2048	1	120	254	5.94455
2560	2048	1	66	122	3.11638
2048	2048	1	502	228	0.75208
2048	2048	1	168	86	3.58350
2048	2048	1	294	140	1.01420
2048	2048	1	384	488	5.53349
2048	2048	1	0	118	5.22430
2048	2048	1	0	244	5.41351
2560	2048	1	8	430	3.74348
2048	2048	1	184	386	3.14859
2048	2048	1	414	166	3.15417
2560	2048	1	164	30	3.87105
2560	2560	1	412	22	3.79253
2560	2560	1	204	20	3.32185
2560	2560	1	476	108	4.53331
2560	2560	1	88	30	0.84587
2560	2560	1	320	96	5.13221
2048	2048	1	298	336	0.00000
2048	2048	1	364	306	0.00000
2048	2048	1	350	172	0.00000
2560	2048	2	300	400	0.00000
2560	2048	2	298	510	0.00000
2560	2560	2	20	168	0.00000
2048	2560	2	414	60	0.00000
2048	2560	2	176	146	0.00000
2048	2560	2	314	214	0.00000
2560	2048	1	156	344	3.85891
2560	2560	2	512	26	0.00000
2560	2560	1	248	206	0.45155
2560	2048	1	224	386	0.79728
2048	2048	1	112	458	3.41196
2048	2048	1	26	376	4.76384
2048	2048	1	0	456	5.57764
2048	2560	1	108	66	2.15457
2048	2048	2	208	512	0.00000
2048	2560	1	260	110	0.89246
2560	2560	1	132	162	3.98338
2048	2560	1	478	104	3.97294
2048	2560	2	378	116	0.00000
2048	2560	1	100	202	5.19577
2048	2560	1	108	312	1.89564
2048	2560	1	406	388	0.00000
2048	2560	1	312	324	1.65063
2048	2560	1	254	400	0.37043
2560	2560	1	448	368	4.88706
2560	2560	1	418	428	5.02604
2560	2560	2	316	490	0.00000
2560	2560	1	358	236	0.00000
2560	2560	1	164	494	5.48805
2560	2560	1	262	358	0.23140
2560	2560	1	166	284	5.59911
2048	2560	1	498	242	1.28607
2560	2560	1	46	324	4.83880
2560	2560	2	16	482	0.00000
2048	2560	2	322	408	0.00000
2048	2560	1	66	366	4.36823
2048	2560	1	62	512	3.35067
2048	2560	1	440	454	1.10222
2560	2560	1	74	442	0.00000
2048	2560	1	172	496	0.00000
2560	2560	1	512	188	4.76396
2048	2560	1	0	134	4.64779
3072	2560	1	380	466	6.15883
3584	2560	1	218	442	2.72283
3584	2560	1	356	484	2.71497
3584	2560	1	474	252	3.12848
3584	2560	1	408	474	2.71735
3584	2560	1	512	512	5.94429
3584	2560	1	390	222	0.13340
3584	2560	1	170	486	2.60503
3584	2560	1	344	358	2.69522
3584	2560	1	512	188	3.11093
3072	2560	1	474	470	2.88099
3072	2560	1	54	512	2.62920
3072	2560	1	164	380	5.96506
3584	2048	1	402	466	2.60678
3584	2560	1	512	326	3.07058
3584	2560	1	238	512	4.22243
3072	2560	1	248	328	2.99725
3584	2560	1	48	450	5.98562
3584	2560	1	272	406	2.67325
3584	2560	1	472	390	5.87343
3072	2560	1	42	208	5.32178
3072	2560	1	168	170	1.19635
3584	2560	1	30	346	1.23666
3072	2560	1	444	274	4.01863
3584	2560	1	134	346	0.41644
3584	2048	1	512	374	4.19525
3584	2560	1	234	240	2.55242
3072	2560	1	0	90	4.63484
3584	2048	1	456	428	2.45825
3072	2560	1	350	252	3.04450
3584	2560	1	434	84	3.86693
3072	2560	2	168	78	0.00000
3584	2560	1	100	12	4.35682
3584	2560	1	34	220	5.80152
3584	2560	1	134	226	2.40976
3584	2560	1	294	52	4.36321
3584	2048	1	56	424	3.97950
3584	2560	1	158	78	3.07005
3584	2560	1	250	136	5.76194
3072	2048	1	70	358	0.32564
3072	2560	1	102	2	4.16913
3072	2560	1	472	8	4.60379
3072	2560	1	270	168	2.84705
3072	2560	1	280	66	5.72972
3072	2048	1	312	362	3.54648
3072	2560	1	374	68	0.00000
3584	2560	1	2	92	2.30861
3072	2048	1	260	450	2.01840
3072	2048	1	394	426	3.62043
3072	2560	2	460	188	0.00000
3584	2560	2	348	132	0.00000
3072	2560	2	438	128	0.00000
3072	2560	2	314	18	0.00000
3072	2048	1	10	252	3.57276
3584	2048	1	288	280	5.49072
3584	2048	1	512	236	2.45381
3584	2048	1	512	110	0.00000
3584	2048	1	382	208	5.17354
3584	2048	1	462	54	0.00000
3584	2048	1	390	86	0.00000
3072	2048	1	484	326	5.17604
3072	2048	1	128	226	6.04103
3584	2048	1	262	94	3.78807
3584	2048	1	166	120	0.07961
3584	2048	1	226	0	0.00000
3584	2048	1	116	54	1.26073
3072	2048	1	508	104	0.00000
3072	2048	1	334	248	2.25509
3072	2048	1	376	50	4.41727
3072	2048	1	414	146	5.31483
3072	2048	1	232	302	2.56769
3072	2048	1	352	174	2.20249
3072	2048	1	224	130	3.98814
3072	2048	1	120	122	2.73046
3072	2048	1	64	110	0.49067
3072	2048	1	182	20	4.43974
3072	2048	1	90	0	1.06919
3072	2048	2	18	72	0.00000
3072	3072	2	236	464	0.00000
3584	3072	2	366	344	0.00000
3584	3584	1	456	466	0.31604
3584	3584	1	48	12	1.30097
3072	3584	1	116	452	1.23817
3584	3584	1	106	194	3.57893
3584	3584	1	282	212	5.28273
3584	3584	1	378	284	3.58603
3072	3584	1	490	290	2.92819
3584	3584	1	108	334	4.59532
3584	3584	1	476	334	4.93522
3072	3584	1	246	58	5.36934
3072	3584	1	394	242	5.30926
3072	3584	1	476	128	3.83198
3072	3584	1	200	188	0.55642
3584	3584	1	216	116	3.87901
3584	3584	1	484	262	5.43631
3584	3584	1	58	124	5.79088
3072	3584	1	358	166	5.19554
3072	3584	1	64	194	2.20499
3072	3584	1	320	484	4.75355
3072	3584	1	120	112	1.60976
3072	3584	1	198	380	1.38018
3072	3584	1	216	244	0.51900
3072	3584	1	84	20	1.96241
3584	3584	1	156	58	4.42089
3584	3072	1	206	38	4.35275
3584	3072	1	40	144	0.00000
3584	3072	1	486	120	1.21508
3584	3584	1	472	16	0.94654
3584	3072	1	426	86	3.52141
3584	3072	1	376	56	0.00000
3584	3072	1	330	120	5.43684
3584	3584	1	30	258	0.00000
3072	3584	1	362	374	5.68617
3584	3072	1	86	268	2.77296
3584	3072	1	248	150	3.78216
3072	3584	1	76	342	1.30854
3584	3072	1	104	70	2.50039
3584	3072	1	190	156	3.25161
3584	3584	1	264	28	2.13101
3584	3584	1	140	274	1.68416
3584	3072	1	322	242	5.50357
3584	3072	1	482	314	0.47120
3584	3072	1	262	318	1.25872
3584	3072	1	448	254	5.88543
3584	3072	1	402	416	5.27641
3584	3584	1	390	32	0.22518
3584	3072	1	302	462	2.67011
3584	3072	1	192	470	1.55879
3584	3072	1	144	404	0.96308
3584	3072	1	60	386	3.54632
3584	3072	1	20	344	3.73400
3584	3072	1	176	268	1.96300
3072	3072	1	240	130	5.85259
3072	3072	1	342	92	0.95929
3072	3072	1	378	136	4.03840
3072	3072	1	480	136	3.48288
3072	3072	1	402	322	5.70136
3072	3072	1	458	260	2.18222
3072	3072	1	334	228	4.30803
3072	3072	1	56	50	2.80002
3072	3072	1	150	74	3.39145
3072	3072	1	186	238	2.20930
3072	3072	1	64	290	2.51042
3072	3072	1	212	354	5.25055
3072	3072	1	334	332	5.79136
3072	3072	1	390	418	1.33183
3072	3072	1	488	474	1.30534
3072	3584	1	384	24	4.26260
3072	3072	1	142	424	2.47643
3072	3072	1	34	418	0.00000
3072	3072	1	0	84	5.76672
3072	3072	1	384	16	0.00000
3072	3072	1	498	0	3.30502
3584	3584	1	462	142	0.16912
3072	3584	1	284	290	3.33818
3072	3584	1	54	280	1.75420
3072	3584	1	8	202	5.47350
3072	3584	1	12	452	2.84186
3072	3584	1	488	440	5.89865
3584	3584	1	74	426	5.56355
3584	3584	1	236	248	5.90546
3584	3584	1	202	386	0.00000
3584	3584	1	334	396	5.28949
3584	3584	1	512	482	2.10100
3584	3584	1	348	478	1.88373
3584	3584	1	290	492	5.38314
3072	3584	1	410	338	5.70738
3072	3584	1	164	512	0.86060
3072	3584	1	424	512	0.03017
3072	3584	1	290	430	0.95330
3584	3584	1	512	38	1.52765
2560	3072	2	226	130	0.00000
2560	3072	2	130	76	0.00000
2560	3072	2	94	230	0.00000
2048	3072	2	176	472	0.00000
2048	3072	2	38	376	0.00000
2048	3072	2	490	442	0.00000
2560	3072	2	88	434	0.00000
2560	3072	2	340	238	0.00000
2560	3072	1	140	316	0.00000
2560	3072	1	424	284	4.40160
2560	3072	1	416	192	3.79231
2560	3072	1	358	148	4.06034
2560	3584	1	166	28	5.85224
2560	3072	1	214	462	0.00000
2560	3072	1	278	368	0.23374
2048	3584	2	376	20	0.00000
2048	3072	1	69	239	5.25311
2048	3072	1	128	366	0.42724
2048	3072	1	50	494	0.00000
2048	3072	2	4	512	0.00000
2048	3584	1	126	222	2.32017
2048	3584	1	36	144	0.76938
2048	3584	1	56	400	0.00000
2048	3072	1	316	228	5.63946
2048	3072	2	285	285	0.00000
2560	3072	1	78	156	4.41652
2560	3072	1	22	100	0.82772
2048	3072	1	446	60	0.89465
2048	3072	1	330	38	5.19657
2048	3072	1	222	162	0.58779
2048	3072	1	134	130	1.05374
2048	3072	1	122	42	0.77419
2048	3072	1	24	38	0.00000
2048	3072	2	65	13	0.00000
2048	3072	1	370	156	5.69037
2048	3072	1	434	238	1.04459
2048	3072	1	444	314	4.72565
2048	3072	1	350	386	0.15626
2048	3072	1	266	406	3.49905
2048	3072	1	436	434	0.00000
2048	3584	1	330	22	0.70978
2048	3584	1	224	50	2.27681
2560	3072	1	22	364	1.57205
2560	3072	1	286	508	0.00000
2560	3072	1	364	500	0.00000
2560	3072	1	458	414	3.08297
2560	3072	1	356	68	4.21190
2560	3072	1	186	18	5.47415
2560	3072	1	486	98	2.47037
2048	3584	1	264	170	3.30758
2048	3584	1	336	180	3.18394
2048	3584	1	424	6	0.00000
2048	3584	1	398	166	3.03283
2560	3584	1	29	117	1.18322
2560	3584	1	393	119	5.52795
2560	3584	1	493	75	0.43209
2560	3584	1	207	131	4.67192
2048	3584	1	483	219	4.27961
2560	3584	1	97	243	4.13246
2560	3584	1	161	279	0.00000
2560	3584	1	233	199	1.47071
2560	3584	1	295	313	3.96974
2560	3584	1	381	249	0.00000
2560	3584	1	449	289	3.89930
2560	3584	1	435	407	1.07086
2560	3584	1	511	221	4.94678
2048	3584	1	191	261	0.00000
2048	3584	1	257	343	0.00000
2048	3584	1	335	337	0.00000
2048	3584	1	427	323	0.66832
2560	3584	1	19	385	0.07111
2048	3584	1	453	397	0.00000
2560	3584	1	91	411	0.43735
2560	3584	1	317	395	0.00000
2560	3584	1	211	427	2.13665
2560	3584	1	511	453	6.06809
2560	3584	1	411	511	0.00000
2560	3584	1	319	511	0.58117
2560	3584	1	11	495	0.00000
2048	3584	1	231	457	0.00000
2048	3584	1	313	481	0.11332
2048	3584	1	395	485	5.86457
2560	3584	1	97	511	0.00000
2560	3584	1	199	505	5.49326
2048	3072	2	227	285	0.00000
