1024	2048	1	216	410	0.00000
1024	2048	1	490	300	5.87417
1536	2048	1	238	380	6.04126
1024	2048	1	190	258	1.44753
1024	2048	1	310	224	3.70832
1024	2048	1	24	430	0.58408
1024	2048	1	338	414	5.07227
1024	2048	1	208	72	0.48005
1024	2048	1	366	124	2.03422
1024	2048	1	150	0	0.38577
1024	2048	1	254	0	0.00000
1024	2048	1	370	44	0.20750
1536	2048	1	10	20	0.00000
1536	2048	1	66	18	3.52599
1536	2048	1	152	100	0.88095
1536	2048	1	222	126	0.00000
1536	2048	1	256	80	5.45447
1536	2048	1	256	4	4.79198
1536	2048	1	502	74	2.22281
1024	2560	2	352	442	0.00000
1024	2560	1	292	20	1.55810
1536	2048	1	64	404	1.14679
1536	2048	1	156	322	2.91054
1536	2048	1	264	274	3.85963
1536	2048	1	436	250	2.36163
1536	2048	1	340	324	4.02292
1536	2048	1	346	432	0.00000
1536	2048	1	428	490	3.36850
1536	2560	1	512	38	0.91147
1536	2048	1	512	460	4.79573
1536	2048	1	512	332	0.00000
1024	2560	1	76	196	2.52918
1024	2560	1	254	114	0.83427
1024	2560	1	466	106	6.17984
1536	2560	1	24	38	5.68218
1536	2048	1	188	506	0.72774
1536	2560	1	156	148	1.19533
1536	2560	1	274	72	0.82279
1024	2560	1	380	124	3.63854
1024	2560	1	234	190	4.26885
1024	2560	2	190	290	0.00000
1024	2560	1	312	250	4.70589
1536	2560	1	356	116	3.42060
1536	2560	1	452	152	2.68308
1536	2560	1	386	386	5.69634
1536	2560	1	484	308	3.84473
1536	2560	1	310	262	2.42140
1536	2560	1	272	382	1.70548
1536	2560	1	408	268	3.12413
1536	2560	1	100	338	3.48136
1536	2560	1	172	306	0.39736
1024	2560	1	16	344	5.48295
1024	2560	1	170	402	3.55968
1024	2560	1	202	498	4.22748
1536	2560	1	204	468	5.84638
1024	2560	1	502	416	0.51738
1024	2560	1	264	348	2.66004
1024	2560	1	362	356	2.22080
1536	2560	1	342	508	4.90787
1024	2560	1	388	508	3.42444
1536	2560	1	32	496	3.87221
1536	2560	2	484	511	0.00000
1024	3072	1	426	298	0.17418
1024	3072	1	316	90	6.02129
1024	3072	1	244	124	5.71537
1024	3584	1	438	46	5.77875
1024	3072	1	150	202	1.02800
1024	3072	2	220	288	0.00000
1024	3072	1	324	228	5.03958
1024	3072	1	446	106	1.08140
1536	3072	1	324	108	5.72737
1536	3072	1	254	124	2.46055
1536	3072	1	118	100	0.00000
1024	3072	1	64	396	1.66224
1024	3072	1	32	334	4.54950
1024	3072	2	28	252	0.00000
1536	3072	1	50	132	0.51071
1536	3072	1	30	4	0.92730
1024	3072	1	394	4	3.52568
1024	3072	1	308	484	0.70788
1024	3584	1	128	100	5.52663
1024	3072	1	54	498	0.82242
1024	3584	1	362	98	0.00000
1024	3584	1	20	178	0.00000
1024	3584	1	114	240	0.01205
1536	3072	1	194	232	5.21550
1024	3072	1	468	402	0.35564
1536	3584	1	44	54	2.27942
1536	3072	1	38	436	0.70898
1536	3072	1	106	472	3.39559
1536	3072	1	186	454	3.13447
1536	3072	1	16	310	5.86758
1536	3072	1	110	284	2.03444
1536	3072	1	128	384	2.32618
1536	3072	1	236	482	0.00000
1536	3072	1	280	360	5.72380
1536	3072	1	378	416	5.74932
1536	3072	1	440	316	2.97691
1536	3072	1	426	170	2.58451
1536	3072	1	436	92	5.21181
1536	3072	1	494	54	2.68669
1536	3584	1	232	112	2.89472
1536	3584	2	374	58	0.00000
1536	3584	2	404	116	0.00000
1536	3584	2	470	120	0.00000
1536	3584	2	512	132	0.00000
1536	3584	1	512	26	1.09075
1536	3584	2	46	208	0.00000
1024	3584	1	284	270	0.00000
1024	3584	1	436	358	0.00000
1024	3584	1	480	222	5.43590
1536	3584	1	88	368	0.91598
1536	3584	1	104	252	0.88660
1536	3584	1	188	190	5.55351
1536	3584	2	250	266	0.00000
1536	3584	1	344	226	2.96565
1536	3584	1	306	364	3.55724
1536	3584	1	482	276	0.00000
1536	3584	1	404	366	0.00000
1536	3584	1	512	420	2.24261
1536	3584	1	62	486	4.07227
1024	3584	1	104	480	5.61663
1024	3072	1	60	44	5.08964
1536	3584	1	186	462	0.00000
1536	3584	1	332	506	5.73105
1536	3584	1	494	496	2.26999
1024	3584	1	12	494	5.38548
1024	3584	2	158	26	0.00000
2048	2048	1	64	20	0.81089
2048	2048	1	116	110	0.17550
2048	2048	1	184	52	3.52260
2048	2048	1	248	170	5.08777
2048	2048	1	156	238	0.18188
2048	2048	1	236	270	6.19044
2048	2048	1	50	278	6.05955
2048	2048	1	132	370	4.60455
2048	2048	1	62	476	4.66083
2048	2048	1	174	446	3.93072
2048	2048	1	362	408	4.27998
2048	2560	1	40	40	1.20362
2048	2048	1	14	382	0.00000
2048	2560	1	78	120	3.97515
2048	2048	2	206	506	0.00000
2048	2048	2	262	504	0.00000
2048	2560	1	320	14	3.29947
2048	2560	1	244	102	4.92919
2048	2560	2	174	152	0.00000
2048	2560	2	228	158	0.00000
2048	2560	2	320	206	0.00000
2048	2560	1	110	208	3.60111
2048	2560	1	46	360	3.61983
2048	2560	1	174	284	1.15163
2048	2560	1	158	490	5.88466
2048	2560	2	168	362	0.00000
2048	2560	2	192	414	0.00000
2048	2560	1	358	282	1.20936
2048	2560	1	400	388	5.40941
2048	2560	1	282	454	3.59820
2048	2560	1	346	512	3.92251
2048	2560	2	468	480	0.00000
2560	2560	2	16	482	0.00000
2048	2560	2	444	312	0.00000
2560	2560	2	18	164	0.00000
2560	2560	2	460	334	0.00000
2560	2048	2	290	388	0.00000
2560	2048	1	82	452	1.48224
2560	2048	1	106	346	2.42215
2048	2560	1	498	88	3.86990
2048	2560	2	384	98	0.00000
2048	2560	2	412	50	0.00000
2048	2048	1	504	502	4.71530
2560	2560	1	90	76	0.28898
2560	2048	1	194	466	3.85850
2560	2048	1	302	444	4.32822
2560	2048	1	406	482	1.34576
2560	2560	1	220	54	1.73344
2560	2560	2	292	6	0.00000
2560	2560	1	366	104	5.96173
2560	2560	1	466	66	4.33648
2560	2560	1	302	178	6.01522
2560	2560	1	232	182	5.76404
2560	2560	1	120	212	1.92695
2560	2560	1	74	302	4.45600
2560	2560	1	60	422	4.75584
2560	2560	1	192	336	4.12099
2560	2560	1	346	306	4.51117
2560	2560	1	486	214	5.73022
2560	2560	1	404	512	0.00000
2560	2560	1	326	426	3.28434
2560	2560	1	192	470	1.16957
2560	2560	1	486	472	2.45788
2048	2048	1	428	130	2.77688
2560	2048	1	28	46	5.15991
2560	2048	1	4	122	5.42246
2560	2048	1	16	218	1.57797
2560	2048	1	144	88	4.20047
2560	2048	1	300	102	0.20806
2560	2048	1	248	56	3.39415
2560	2048	1	430	58	0.00000
2560	2048	1	350	38	6.05395
2560	2048	1	170	180	5.45513
2560	2048	1	376	238	2.25311
2560	2048	1	342	166	1.43351
2560	2048	1	474	152	4.51080
2560	2048	1	512	224	0.75621
2560	2048	1	512	316	0.76841
2048	2048	2	408	14	0.00000
2048	2560	1	0	274	3.77407
3072	2048	1	186	46	1.58201
3072	2048	2	96	62	0.00000
3072	2048	1	164	128	0.54168
3072	2048	1	266	108	5.83982
3072	2048	1	344	106	0.30970
3072	2048	1	474	86	4.80237
3584	2048	2	218	22	0.00000
3584	2048	1	144	108	0.00000
3584	2048	1	244	102	3.80264
3584	2048	1	400	100	6.07400
3584	2048	1	470	70	0.00000
3584	2048	1	382	220	5.60501
3584	2048	1	234	202	4.55069
3584	2048	1	24	196	2.96940
3072	2048	1	400	200	4.19743
3072	2048	1	258	214	4.37391
3072	2048	1	40	286	0.76362
3072	2048	1	34	176	0.88344
3072	2048	1	136	362	4.55807
3072	2048	1	274	328	2.50990
3072	2048	1	352	312	2.66160
3072	2048	1	424	298	2.46428
3584	2048	1	280	308	2.43638
3584	2048	1	492	346	4.71059
3584	2048	1	464	472	3.15262
3584	2560	1	372	10	3.37660
3584	2048	1	202	330	5.44229
3584	2048	1	48	332	4.14884
3072	2048	2	446	412	0.00000
3072	2048	1	328	428	4.29888
3072	2560	1	198	26	1.73860
3072	2560	1	70	100	4.87805
3072	2560	1	358	18	1.25298
3072	2560	1	428	80	1.07888
3584	2048	1	108	388	1.14832
3584	2048	1	214	420	4.86899
3584	2048	1	202	488	1.68964
3584	2560	2	76	28	0.00000
3584	2560	1	68	92	2.24974
3584	2560	1	188	54	1.84496
3584	2560	1	296	92	3.16540
3584	2560	1	420	150	0.00000
3584	2560	1	504	164	0.36530
3584	2560	1	296	202	4.43538
3584	2560	2	206	138	0.00000
3072	2560	2	166	74	0.00000
3584	2560	1	124	196	4.28216
3584	2560	1	314	324	6.27681
3584	2560	1	378	372	3.12207
3584	2560	1	438	330	5.71646
3072	2560	2	466	184	0.00000
3584	2560	2	512	332	0.00000
3584	2560	2	154	396	0.00000
3584	2560	2	202	266	0.00000
3584	2560	2	258	480	0.00000
3584	2560	2	346	458	0.00000
3072	2560	2	478	496	0.00000
3072	2560	1	352	184	5.51286
3072	2560	1	240	230	0.18039
3072	2560	1	188	328	2.79769
3584	2560	1	30	312	0.21867
3584	2560	1	12	166	0.00000
3584	2560	1	136	292	5.49779
3584	2560	1	240	348	3.07077
3072	2560	1	330	308	4.31037
3072	2560	1	296	412	0.71825
3072	2560	1	106	334	2.59551
3072	2560	1	158	484	5.13773
3072	2560	1	368	460	6.18876
3072	2560	1	462	442	2.15359
3584	2560	1	52	438	2.03444
3584	2560	2	46	512	0.00000
3584	2560	1	176	476	3.63139
3584	2560	1	436	468	0.00000
3072	3072	2	434	262	0.00000
3072	3072	1	336	212	5.36138
3072	3072	1	386	132	5.57456
3072	3072	1	382	14	0.00000
3072	3072	1	242	76	5.03414
3072	3072	1	126	58	2.85036
3072	3072	1	36	126	5.72769
3072	3072	1	194	198	0.00000
3072	3072	1	266	276	3.06482
3072	3072	1	368	322	2.46702
3072	3072	1	112	336	0.00000
3072	3072	2	38	386	0.00000
3072	3072	1	38	258	5.72459
3072	3072	1	464	152	6.01810
3072	3072	1	510	54	2.53285
3584	3072	1	80	34	2.21732
3584	3072	1	36	198	4.33145
3584	3072	1	118	128	2.25237
3584	3072	2	196	52	0.00000
3584	3072	2	242	124	0.00000
3584	3072	1	264	0	0.56309
3584	3072	1	340	38	0.79622
3584	3072	1	418	74	1.37014
3584	3072	2	438	150	0.00000
3584	3072	1	340	176	5.98251
3584	3072	1	512	42	6.02451
3584	3072	1	230	192	1.14652
3584	3072	2	272	276	0.00000
3584	3072	1	82	288	0.53697
3072	3072	1	504	334	2.51361
3072	3072	1	342	408	1.95232
3584	3072	1	142	378	3.34851
3584	3072	1	254	344	4.30634
3584	3072	1	364	372	3.72666
3584	3072	2	478	304	0.00000
3584	3072	1	416	404	0.32812
3584	3072	1	486	404	0.00000
3584	3072	1	110	496	1.88050
3584	3072	1	268	468	4.05068
3072	3584	1	310	2	5.78898
3072	3584	1	30	60	0.49555
3072	3584	1	144	86	6.20212
3072	3584	1	226	12	3.01724
3072	3584	1	112	202	5.34823
3072	3584	1	300	192	0.62797
3072	3584	1	460	28	2.53310
3072	3584	1	390	98	2.78140
3072	3584	1	260	108	3.79874
3072	3584	1	462	182	1.02357
3584	3584	1	146	74	1.39861
3584	3584	1	502	40	5.57576
3584	3584	1	400	10	5.15252
3584	3584	1	366	68	2.02678
3584	3584	1	290	118	3.63814
3584	3584	1	152	176	3.11395
3072	3584	1	106	444	6.04272
3072	3584	1	40	296	4.88398
3072	3584	1	208	280	2.93721
3072	3584	1	178	394	2.78282
3072	3584	1	240	418	3.58199
3072	3584	1	350	328	0.24146
3584	3584	1	38	234	0.45006
3072	3584	1	484	356	1.81951
3072	3584	1	470	416	1.57880
3072	3584	1	294	476	0.86593
3584	3584	1	162	334	5.95053
3584	3584	1	92	326	5.99729
3584	3584	1	46	438	0.64350
3584	3584	1	120	474	1.39755
3584	3584	1	298	464	5.82281
3584	3584	1	218	418	1.19277
3584	3584	1	356	488	5.39159
3584	3584	1	400	446	5.42217
3584	3584	1	512	484	2.60348
3584	3584	1	422	388	5.16846
3584	3584	1	236	288	5.34654
3584	3584	1	224	186	3.22809
3584	3584	1	384	158	4.47889
3584	3584	1	290	232	3.51029
3584	3584	1	496	128	5.52299
3584	3584	1	338	272	3.34834
3584	3584	1	398	298	3.21965
3584	3584	1	464	244	0.22131
2560	3072	2	142	74	0.00000
2560	3072	2	222	128	0.00000
2048	3072	2	290	276	0.00000
2048	3072	2	324	54	0.00000
2048	3072	2	134	116	0.00000
2048	3072	2	230	270	0.00000
2048	3072	2	250	158	0.00000
2048	3072	2	162	476	0.00000
2560	3584	2	124	304	0.00000
2560	3072	2	354	242	0.00000
2560	3584	2	212	352	0.00000
2560	3584	2	270	356	0.00000
2048	3072	1	68	74	0.00000
2048	3072	1	362	448	0.50868
2048	3584	1	240	88	4.38493
2048	3584	1	322	396	0.81502
2048	3584	1	424	196	6.19311
2048	3584	1	192	218	1.68408
2048	3072	1	58	242	0.18796
2048	3072	1	174	236	0.00000
2048	3072	1	430	86	5.33657
2048	3072	1	382	240	1.78189
2560	3072	1	42	222	2.78560
2560	3072	1	104	128	2.07096
2560	3072	1	348	126	6.09764
2560	3072	1	418	48	0.00000
2560	3072	1	436	220	0.54462
2048	3584	1	458	380	0.00000
2560	3584	1	52	402	0.35792
2560	3584	1	206	452	5.81099
2560	3584	1	310	258	5.74061
2560	3584	1	190	256	0.29423
2560	3584	1	24	152	1.84113
2560	3072	1	16	494	3.29868
2560	3072	1	148	462	6.19431
2048	3072	1	158	394	1.01088
2048	3584	1	44	264	5.82905
2560	3584	1	424	34	1.77323
2560	3072	1	368	402	5.99905
2560	3072	1	286	244	2.41719
2048	3584	1	48	146	2.24554
2560	3584	1	350	382	5.33773
2560	3584	1	506	384	3.51823
2560	3584	1	472	210	1.67444
2560	3584	1	446	104	4.79453
2560	3584	1	168	170	0.77917
2560	3072	1	228	290	5.98416
2048	3072	1	368	330	4.46668
2048	3072	1	268	476	1.76700
2048	3584	1	438	44	3.63247
2048	3072	1	486	232	2.75435
2048	3072	1	384	158	5.64937
2560	3584	1	298	6	4.04588
2560	3072	1	90	360	4.01218
2560	3072	1	182	348	0.00000
2048	3584	1	500	262	0.00000
2560	3584	1	64	262	2.60001
2048	3584	1	272	276	3.56945
2048	3584	1	84	410	2.09311
2048	3584	1	134	336	0.60846
2560	3072	2	488	300	0.00000
2560	3584	1	316	124	5.34581
2048	3584	1	116	94	5.96953
2048	3584	1	30	20	0.84693
2560	3072	2	100	234	0.00000
2048	3584	1	270	144	4.21597
2048	3584	2	304	194	0.00000
2048	3584	2	310	346	0.00000
2560	3584	1	94	508	0.00000
2048	3584	1	392	296	5.96843
2560	3584	1	100	98	0.00000
2048	3072	2	44	380	0.00000
2048	3584	1	16	466	2.23557
2048	3584	2	230	386	0.00000
2048	3072	1	488	374	0.56746
2560	3072	2	90	436	0.00000
2560	3584	1	512	278	1.77926
