1024	2048	2	190	98	0.00000
1024	2048	1	456	90	2.18434
1024	2048	1	250	356	0.48567
1024	2048	1	8	290	6.09565
1024	2048	1	26	140	4.47251
1024	2048	1	510	216	3.73998
1024	2048	2	486	270	0.00000
1024	2048	1	174	468	2.58593
1024	2560	1	264	28	1.07652
1536	2048	1	62	438	6.05006
1024	2048	1	254	0	0.00000
1536	2048	1	10	0	0.00000
1536	2048	1	338	330	2.66704
1536	2048	2	298	337	0.00000
1536	2048	1	448	208	3.76317
1536	2048	2	236	190	0.00000
1536	2048	2	68	112	0.00000
1536	2048	1	112	60	0.97090
1536	2048	1	244	32	0.00000
1536	2048	1	330	148	5.30374
1536	2048	1	356	48	4.67648
1536	2048	2	484	46	0.00000
1536	2048	1	512	276	0.34985
1536	2048	1	210	510	3.18736
1024	2560	1	484	56	2.11871
1536	2560	1	310	124	3.38822
1024	2560	1	464	262	2.12510
1536	2560	1	440	2	3.10072
1536	2048	1	310	496	3.80913
1024	2560	1	308	224	1.65751
1536	2560	1	90	94	0.62770
1536	2560	1	130	186	0.18796
1024	2560	1	280	326	4.71914
1536	2560	1	260	232	5.79501
1536	2560	1	438	258	2.72487
1024	2560	1	126	354	2.59643
1024	2560	1	180	174	3.48302
1024	2560	1	96	224	5.61396
1024	2560	1	32	170	0.62671
1536	2560	1	14	206	1.57526
1024	2560	1	24	344	0.00000
1536	2560	1	164	324	3.40159
1536	2560	1	58	362	2.07197
1024	2560	1	294	394	1.65277
1536	2560	1	340	242	0.00000
1024	2560	1	480	460	5.82211
1024	2560	2	172	284	0.00000
1536	2560	1	332	358	1.44086
1536	2560	1	254	446	1.92887
1536	2560	1	510	342	1.20278
1536	2560	1	32	416	5.02760
1024	2560	1	154	512	3.18034
1536	2560	1	422	438	2.14280
1536	2560	1	424	512	5.43087
1024	2560	1	342	502	4.98836
1536	2560	1	228	510	1.84620
1024	2560	1	248	512	3.15515
1536	2560	2	476	418	0.00000
1536	2560	1	86	512	3.19117
1024	2048	2	454	8	0.00000
1024	3072	1	76	80	0.00525
1024	3072	1	180	142	3.94810
1024	3072	1	272	66	3.15494
1024	3072	1	280	176	0.10663
1024	3072	1	46	232	0.00000
1024	3072	1	100	282	3.62755
1024	3072	1	180	282	3.23066
1024	3072	1	246	318	0.59368
1024	3072	1	330	286	0.43557
1024	3072	1	476	260	1.04519
1536	3072	1	6	156	4.88013
1536	3072	1	78	66	3.47176
1536	3072	1	148	100	3.34161
1536	3072	1	248	90	3.27703
1536	3072	1	354	74	0.00000
1536	3072	1	394	200	5.27278
1536	3072	1	270	202	4.26187
1536	3072	1	344	276	1.55413
1536	3072	1	244	340	5.72007
1536	3072	1	394	360	2.32243
1536	3072	1	166	436	5.21610
1536	3072	1	80	268	0.66757
1536	3072	1	124	340	4.31963
1024	3072	1	486	370	0.88196
1024	3072	1	296	498	0.22476
1024	3072	1	232	436	3.72473
1024	3072	1	134	452	6.10209
1024	3072	1	46	470	0.00000
1024	3072	1	392	490	2.43916
1024	3072	1	472	460	2.26286
1536	3072	1	80	480	5.72993
1024	3584	1	216	124	5.31919
1024	3584	1	356	130	1.52612
1024	3584	1	486	60	3.72520
1536	3584	1	38	136	4.46203
1024	3584	1	58	160	0.00000
1024	3584	1	120	254	4.64220
1024	3584	1	336	232	4.98023
1024	3584	1	462	284	1.42999
1536	3584	1	116	212	5.98367
1536	3584	2	40	208	0.00000
1536	3072	2	376	452	0.00000
1536	3584	1	304	18	1.95044
1536	3584	1	436	32	3.40706
1536	3584	2	470	98	0.00000
1536	3584	1	410	154	4.45749
1536	3584	1	256	126	1.13111
1024	3584	1	132	356	0.90509
1024	3584	1	284	422	0.25115
1536	3584	1	36	334	1.22391
1536	3584	1	254	278	2.47072
1536	3584	1	222	430	0.79240
1024	3584	1	460	472	0.00000
1536	3584	1	70	442	0.00000
1536	3584	1	142	420	0.00000
1536	3584	1	300	472	0.00000
1536	3584	1	378	394	5.11121
1536	3584	1	394	324	2.22135
1536	3584	1	458	260	5.19509
2048	2048	1	30	266	0.41425
2048	2048	1	114	145	3.27992
2048	2048	2	200	76	0.00000
2048	2048	1	298	42	0.86601
2048	2048	2	438	35	0.00000
2048	2048	1	349	161	3.36578
2560	2048	1	37	17	1.45328
2560	2048	1	67	133	3.55052
2560	2048	1	390	30	4.49374
2560	2048	1	413	96	1.95077
2560	2048	1	194	101	0.00000
2560	2048	2	298	139	0.00000
2048	2048	1	303	276	5.37741
2048	2048	1	215	325	2.58804
2048	2048	1	496	222	1.08388
2560	2048	1	103	247	5.64323
2560	2048	1	216	232	3.63220
2560	2048	1	375	256	3.34856
2560	2048	1	458	290	0.00000
2048	2048	1	461	356	6.11850
2560	2048	1	80	373	4.46558
2560	2048	2	290	402	0.00000
2560	2048	1	220	388	0.56131
2560	2048	1	367	419	0.97927
2048	2048	1	69	424	0.84379
2048	2048	1	388	450	4.68148
2560	2048	1	470	479	3.18512
2560	2560	1	322	7	4.80649
2560	2560	1	220	17	2.21426
2560	2560	1	381	91	3.67742
2560	2560	1	476	86	0.79672
2560	2560	1	512	186	2.27507
2560	2560	1	40	18	3.76494
2048	2560	1	365	8	3.82115
2048	2560	2	421	51	0.00000
2048	2560	1	147	25	3.14835
2048	2560	1	65	55	3.73202
2048	2560	2	163	151	0.00000
2048	2560	2	226	152	0.00000
2048	2560	1	312	121	1.81396
2560	2560	2	20	158	0.00000
2048	2560	2	412	151	0.00000
2560	2560	1	185	198	2.13195
2560	2560	1	298	158	2.96409
2560	2560	2	455	326	0.00000
2048	2560	1	180	272	1.81083
2048	2560	1	413	253	0.63379
2560	2560	1	17	310	5.36109
2560	2560	1	208	328	5.42468
2560	2560	1	350	310	2.17208
2048	2560	1	71	398	0.54917
2048	2560	2	163	368	0.00000
2048	2560	2	318	427	0.00000
2048	2560	2	195	410	0.00000
2048	2560	1	170	512	0.47845
2048	2560	1	253	446	3.30706
2048	2560	1	450	449	0.80288
2560	2560	2	18	477	0.00000
2560	2560	1	116	420	4.63219
2560	2560	1	271	427	4.62921
2560	2560	1	418	433	4.44509
2048	2560	2	137	107	0.00000
2560	2560	1	503	512	4.66309
3072	2048	1	278	106	5.86601
3072	2048	1	32	98	5.95037
3072	2048	1	404	116	5.31156
3072	2048	1	408	24	1.78853
3584	2048	1	234	62	3.80168
3584	2048	1	382	100	0.00000
3584	2048	1	488	58	0.00000
3584	2048	1	130	118	0.00000
3072	2048	1	256	212	5.32630
3072	2048	1	116	222	3.79472
3072	2048	1	64	350	4.66433
3072	2048	1	418	352	1.94286
3072	2048	1	230	322	5.77411
3072	2048	1	494	208	1.63379
3584	2048	1	218	222	2.93460
3584	2048	1	376	228	5.32311
3584	2048	1	316	420	2.68166
3584	2048	1	26	306	1.46184
3584	2048	1	74	380	1.32006
3584	2048	1	138	436	0.28473
3584	2048	1	176	308	2.43366
3072	2048	1	184	50	3.30025
3072	2048	2	100	12	0.00000
3072	2048	1	278	464	1.27850
3072	2048	1	74	496	2.25432
3072	2048	1	416	450	2.13009
3584	2048	1	28	480	5.05497
3584	2560	1	188	68	3.68976
3584	2048	1	252	486	2.25228
3584	2560	1	374	56	3.19727
3584	2048	1	510	470	5.29299
3072	2560	1	470	276	1.68987
3072	2560	1	448	82	2.14553
3584	2560	1	18	60	2.61012
3072	2560	1	346	114	5.81346
3072	2560	1	232	136	0.23799
3584	2560	1	136	184	5.27090
3584	2560	1	4	206	5.36551
3072	2560	1	404	220	3.43876
3584	2560	1	254	166	0.00000
3584	2560	1	360	220	0.00000
3584	2560	2	428	176	0.00000
3584	2560	1	482	214	3.25724
3072	2560	1	156	252	2.19578
3072	2560	1	220	482	6.20996
3584	2560	1	132	444	5.62395
3584	2560	1	260	452	1.18984
3584	2560	2	332	432	0.00000
3584	2560	1	304	296	2.28046
3584	2560	2	200	326	0.00000
3584	2560	2	242	334	0.00000
3072	2560	1	458	418	0.00000
3072	2560	1	38	220	2.07160
3584	2560	1	454	392	2.61704
3072	2560	1	110	366	0.00000
3584	2560	1	84	320	3.46682
3072	2560	1	28	104	0.00000
3072	2560	1	244	336	3.02529
3072	2560	1	342	322	1.80921
3584	2560	1	220	404	0.00000
3072	3072	1	52	90	4.32268
3072	3072	1	198	68	4.43901
3072	3072	1	304	76	3.41777
3072	3072	1	398	72	5.84629
3584	3072	1	200	122	0.91757
3584	3072	1	128	58	3.91920
3584	3072	1	274	36	5.21352
3584	3072	1	364	34	2.74688
3584	3072	1	426	80	3.25302
3584	3072	1	488	100	0.00000
3584	3072	1	340	154	0.00000
3072	3072	1	220	172	0.10820
3072	3072	1	124	214	3.58943
3072	3072	1	472	160	0.87214
3072	3072	1	338	196	1.29596
3584	3072	1	36	198	1.27083
3584	3072	1	48	296	0.56472
3072	3072	2	428	252	0.00000
3584	3072	1	236	224	3.09849
3072	3072	1	48	374	0.26843
3072	3072	1	312	278	1.78054
3072	3072	1	228	334	2.11551
3072	3072	1	188	408	2.48590
3072	3072	1	322	414	3.84633
3072	3072	1	448	380	3.41141
3584	3072	1	502	202	3.71560
3584	3072	1	440	298	4.51007
3584	3072	2	352	272	0.00000
3584	3072	1	30	428	4.61363
3584	3072	1	112	370	6.22270
3584	3072	1	196	340	2.26050
3584	3072	1	318	326	2.70487
3584	3072	1	358	404	3.41910
3584	3072	1	392	476	0.47681
3584	3072	1	450	506	0.84415
3584	3072	2	410	364	0.00000
3584	3072	1	266	416	2.09058
3584	3072	1	216	472	5.24859
3584	3584	1	512	78	2.46012
3584	3584	1	228	80	1.10293
3584	3584	1	404	120	0.95684
3584	3584	1	456	172	1.25875
3584	3584	1	466	268	1.62721
3584	3584	1	434	466	5.24337
3584	3072	1	98	498	1.81577
3584	3584	1	80	44	2.33823
3072	3584	1	468	20	3.71395
3584	3584	1	18	108	1.56650
3072	3584	1	338	34	2.22067
3072	3584	1	330	124	2.56237
3072	3072	1	140	478	2.23946
3072	3584	1	134	48	1.63592
3072	3584	1	106	134	1.47370
3072	3584	1	70	198	1.63387
3072	3584	1	262	206	1.98146
3072	3584	1	412	220	0.83454
3584	3584	1	36	202	0.98279
3584	3584	1	148	206	0.00000
3584	3584	1	240	266	4.17241
3584	3584	1	136	288	2.02971
3584	3584	1	80	328	1.96640
3072	3584	1	150	252	0.54617
3072	3584	1	206	296	3.98249
3072	3584	1	316	320	2.68707
3072	3584	1	432	308	1.10715
3072	3584	1	102	368	5.19451
3072	3584	1	104	456	0.62223
3072	3584	1	214	396	0.60731
3072	3584	1	278	440	0.32588
3072	3584	1	336	502	0.42331
3072	3584	1	396	486	6.02356
3072	3584	1	462	446	0.00000
3584	3584	1	18	390	0.29940
3584	3584	1	120	482	1.70050
3584	3584	1	230	512	0.74131
3584	3584	1	252	428	0.95520
3584	3584	1	282	316	0.77170
3584	3584	1	346	384	0.20621
2560	3584	1	468	484	0.00000
2560	3584	1	408	464	3.75259
2048	3584	1	202	246	0.00000
2560	3584	1	512	482	2.33508
2560	3584	1	12	380	0.69406
2048	3584	1	142	278	5.72311
2048	3584	1	416	412	0.00000
2048	3584	1	232	462	0.00000
2048	3584	1	72	244	3.32631
2560	3584	1	102	490	0.24650
2048	3584	1	138	424	0.00000
2048	3584	1	22	446	2.79205
2560	3584	1	390	410	5.81021
2560	3584	1	484	258	5.80478
2048	3584	1	464	502	0.63678
2560	3584	1	322	472	0.73019
2560	3584	1	502	388	2.14519
2560	3584	1	244	474	0.74935
2560	3584	1	414	276	2.91727
2048	3584	1	356	332	0.43727
2048	3584	1	468	282	5.79179
2560	3584	1	50	242	1.94220
2560	3584	1	326	264	0.51729
2560	3584	1	190	410	5.41434
2560	3584	2	274	357	0.00000
2048	3584	2	330	433	0.00000
2560	3584	1	196	316	4.50443
2560	3584	1	166	270	4.17202
2048	3584	1	330	248	3.53274
2048	3584	1	278	184	0.49419
2048	3584	1	194	118	5.61254
2048	3584	1	96	104	0.42497
2048	3072	2	152	491	0.00000
2048	3584	1	40	6	3.36587
2048	3584	1	482	176	1.45206
2048	3584	1	436	106	1.12406
2048	3584	2	374	27	0.00000
2560	3584	1	92	166	2.47577
2560	3584	1	78	66	2.12545
2560	3584	1	470	134	1.93451
2560	3584	1	512	192	1.84632
2560	3584	1	458	28	4.21621
2560	3584	1	348	116	3.72602
2560	3584	1	282	126	0.67486
2560	3584	1	184	100	3.43898
2560	3584	1	282	20	3.89549
2560	3072	1	126	502	1.66167
2560	3072	1	226	456	0.00000
2048	3072	1	472	468	2.37578
2048	3072	1	360	408	0.00000
2048	3072	1	208	354	4.40926
2048	3072	1	74	372	3.14181
2560	3072	1	52	374	2.53979
2048	3072	1	452	350	5.77914
2560	3072	1	452	438	3.98479
2560	3072	1	382	422	3.80323
2048	3072	1	294	348	3.72907
2048	3072	1	368	244	4.89401
2560	3072	1	190	316	0.56725
2560	3072	1	116	430	3.56592
2560	3072	1	400	312	0.59939
2560	3072	1	512	278	0.69613
2560	3072	1	360	200	1.71244
2560	3072	1	420	134	1.85307
2560	3072	1	382	64	4.73268
2560	3072	1	178	86	0.00000
2560	3072	1	248	54	5.91854
2560	3072	1	106	168	5.10453
2560	3072	2	94	243	0.00000
2560	3072	2	350	251	0.00000
2560	3072	1	24	84	4.23859
2048	3072	1	422	36	0.63190
2048	3072	1	494	226	2.59343
2048	3072	1	392	150	5.68044
2048	3072	1	300	88	5.99131
2048	3072	1	230	202	4.79210
2048	3072	1	44	250	4.40973
2048	3072	1	28	150	0.00000
2048	3072	1	168	140	0.78033
2048	3072	1	128	38	0.58997
2560	3072	2	132	87	0.00000
