1536	2048	2	108	252	0.00000
1024	2048	1	242	374	0.12090
1024	2560	1	312	44	0.81424
1024	2048	1	500	240	3.34391
1536	2048	1	88	372	3.50023
1536	2048	1	36	306	3.64487
1536	2048	1	238	304	2.33204
1536	2048	1	354	222	3.92699
1024	2048	2	190	114	0.00000
1536	2048	2	234	192	0.00000
1536	2048	1	446	380	3.44405
1536	2048	1	256	462	1.01220
1536	2048	1	370	372	3.01149
1536	2048	2	486	42	0.00000
1024	2048	2	338	68	0.00000
1024	2048	1	88	250	1.13571
1536	2048	1	90	496	1.85885
1536	2048	1	180	420	3.18382
1024	2560	1	502	90	0.30128
1536	2560	1	86	102	5.95147
1536	2560	1	196	70	1.19299
1536	2560	1	326	88	3.02484
1536	2560	1	406	92	3.69078
1536	2560	1	480	112	3.86187
1024	2560	1	336	316	5.27499
1024	2560	1	174	226	4.49770
1536	2560	1	220	188	0.60159
1536	2560	1	310	258	5.60112
1536	2560	1	376	220	2.98894
1024	2560	1	506	298	2.01715
1536	2560	1	100	248	2.03055
1024	2560	1	366	188	3.47299
1024	2560	2	176	292	0.00000
1024	2560	1	128	362	5.52247
1536	2560	1	66	430	5.40149
1024	2560	1	284	432	0.00000
1024	2560	1	470	398	2.77226
1536	2560	2	192	320	0.00000
1536	2560	2	226	452	0.00000
1024	2560	1	32	394	0.00000
1024	2560	1	170	500	1.10715
1024	2560	1	396	508	1.61838
1536	2560	1	354	476	1.31712
1536	2560	1	394	334	3.95461
1536	2048	2	326	104	0.00000
1536	2048	1	472	130	5.21949
1024	3072	1	152	76	1.10715
1024	3072	1	138	4	0.86693
1024	3072	1	298	92	5.67642
1024	3072	1	232	188	2.68087
1024	3072	1	148	188	0.27417
1024	3072	1	40	212	2.73250
1024	3072	1	0	270	2.34410
1024	3072	1	218	316	5.95373
1024	3072	1	110	390	0.00000
1024	3072	1	194	412	2.23500
1024	3072	1	312	262	0.00000
1024	3072	1	416	150	2.97487
1024	3072	1	412	308	2.52110
1536	3072	1	10	170	5.59216
1024	3072	2	472	38	0.00000
1024	3072	2	500	300	0.00000
1536	3072	1	112	32	0.79353
1536	3072	1	218	48	0.00000
1536	3072	1	400	4	0.62025
1536	3072	1	400	120	2.15990
1536	3072	1	296	200	3.72960
1536	3072	1	250	154	3.75236
1536	3072	1	416	236	5.50223
1536	3072	1	490	82	5.27824
1536	3072	1	302	314	0.60042
1536	3072	1	376	356	0.23955
1536	3072	1	122	278	2.41059
1024	3584	1	242	54	0.08545
1024	3072	1	438	512	2.58151
1536	3072	1	106	456	3.49458
1536	3584	1	216	4	0.49368
1536	3584	1	316	60	5.23645
1536	3072	1	458	438	2.97976
1536	3072	2	376	468	0.00000
1536	3584	1	44	100	1.55893
1536	3584	1	170	142	2.15023
1024	3584	1	74	96	0.98635
1024	3072	1	0	434	5.64194
1024	3584	1	358	136	0.96840
1536	3584	1	54	188	2.65369
1536	3584	1	116	276	3.73697
1536	3584	1	340	182	4.59595
1536	3584	1	292	108	1.60000
1536	3584	1	342	244	4.29231
1536	3584	1	480	50	4.77410
1536	3584	1	512	270	1.26109
1536	3584	1	400	328	4.60651
1536	3584	2	464	114	0.00000
1536	3072	1	512	236	3.91684
1024	3584	1	86	186	4.09622
1024	3584	1	78	314	2.76997
1024	3584	1	292	244	1.12469
1024	3584	1	190	356	0.06250
1024	3584	1	284	416	5.98227
1024	3584	1	380	322	0.47847
1024	3584	1	486	268	2.32281
1536	3584	1	208	314	6.01328
1024	3584	1	484	440	0.63555
1536	3584	1	48	470	0.48996
1536	3584	1	164	486	0.00000
1536	3584	1	326	490	5.78034
1536	3584	1	474	416	2.26344
1024	3584	1	138	488	0.00000
2560	2048	1	42	14	1.99230
2048	2048	2	166	99	0.00000
2048	2048	2	406	15	0.00000
2048	2048	2	498	65	0.00000
2048	2048	1	402	174	0.67171
2560	2048	1	22	180	5.86597
2560	2048	1	112	248	0.25631
2560	2048	1	94	102	2.22736
2560	2048	1	186	140	0.00000
2560	2048	1	182	24	3.80525
2560	2048	1	292	86	0.00000
2560	2048	1	400	154	4.37594
2560	2048	1	358	32	0.00000
2560	2048	1	444	34	0.25916
2560	2048	1	508	190	0.24096
2560	2048	1	226	236	5.01076
2560	2048	1	338	296	1.18289
2560	2048	1	446	326	0.99058
2048	2048	1	294	322	5.99049
2048	2048	1	156	244	5.54590
2048	2048	1	174	406	3.18439
2048	2048	1	34	252	0.00000
2048	2048	1	48	476	3.05088
2048	2048	1	390	332	3.49653
2048	2048	1	486	396	4.82226
2560	2048	1	54	446	3.98776
2048	2048	1	388	474	5.26309
2048	2560	2	418	48	0.00000
2048	2560	2	376	100	0.00000
2048	2560	2	328	200	0.00000
2048	2560	2	170	148	0.00000
2048	2560	2	232	162	0.00000
2048	2048	2	208	504	0.00000
2048	2048	2	254	498	0.00000
2560	2048	1	216	444	1.78093
2560	2048	2	288	394	0.00000
2560	2048	1	388	416	4.80319
2560	2560	1	380	14	5.76438
2560	2048	2	434	461	0.00000
2560	2560	2	512	12	0.00000
2560	2560	1	454	96	3.52950
2048	2560	2	106	379	0.00000
2048	2560	1	42	174	5.89177
2048	2560	1	154	56	1.13113
2048	2560	1	274	94	4.63367
2048	2560	1	438	132	3.53402
2560	2560	1	106	46	1.70655
2560	2560	1	284	42	1.87270
2560	2560	1	322	156	1.22988
2560	2560	1	236	136	0.31781
2560	2560	1	144	168	3.72747
2048	2560	1	374	320	0.50118
2048	2560	1	128	286	3.45196
2048	2560	1	272	290	0.92345
2048	2560	2	170	357	0.00000
2048	2560	2	198	413	0.00000
2048	2560	2	322	413	0.00000
2048	2560	1	20	426	0.23321
2048	2560	1	78	512	3.23851
2560	2560	1	432	398	5.36930
2560	2560	1	408	236	4.77609
2560	2560	1	276	330	5.93146
2560	2560	1	88	444	6.06984
2560	2560	1	182	406	6.05652
2560	2560	1	254	482	2.92478
2560	2560	1	134	288	4.72473
2048	2560	1	492	242	1.41829
2560	2560	2	22	151	0.00000
2048	2560	2	448	303	0.00000
2048	2560	1	494	400	1.48069
2560	2560	2	20	479	0.00000
2048	2560	2	462	476	0.00000
2048	2560	2	188	512	0.00000
2048	2560	1	258	494	2.27407
2048	2560	1	382	504	5.97888
2560	2560	2	462	325	0.00000
2560	2560	2	314	479	0.00000
2048	2048	1	104	44	0.00000
3072	2560	1	378	470	0.00000
3072	2560	1	272	348	2.72553
3072	2560	1	390	394	5.24616
3584	2560	1	492	444	1.33694
3584	2560	1	102	456	6.10131
3584	2560	1	170	476	2.82923
3584	2560	1	290	482	2.78236
3072	2560	2	112	506	0.00000
3584	2560	2	356	444	0.00000
3072	2560	2	172	400	0.00000
3584	2560	2	418	512	0.00000
3584	2560	1	42	348	0.00000
3072	2560	1	438	278	3.27922
3072	2560	1	356	250	3.37289
3072	2560	1	496	376	3.09617
3072	2560	1	260	232	1.78555
3584	2560	1	196	392	5.44427
3584	2560	1	228	320	1.83415
3584	2560	1	386	398	5.20621
3584	2560	1	410	344	5.62905
3584	2560	1	486	246	3.45383
3584	2560	1	394	150	3.25703
3584	2560	1	512	338	0.71229
3584	2560	1	32	182	0.28196
3584	2560	1	326	250	5.71556
3584	2560	1	228	208	6.21623
3584	2560	1	136	244	3.78898
3072	2560	2	232	504	0.00000
3584	2560	1	458	70	3.35931
3584	2048	1	396	458	2.56010
3584	2560	1	312	74	6.04935
3584	2560	1	246	30	0.48414
3072	2560	1	118	174	0.87734
3584	2048	1	100	500	4.33156
3072	2048	2	0	0	0.00000
3072	2560	2	434	124	0.00000
3072	2560	2	466	180	0.00000
3072	2560	1	322	132	1.16272
3072	2560	1	480	76	4.93574
3072	2560	1	418	28	4.15134
3584	2048	1	80	424	4.19474
3072	2560	1	198	20	0.00000
3072	2560	1	78	74	3.53749
3072	2048	1	60	442	3.91480
3072	2048	1	310	468	2.45044
3072	2048	1	206	382	4.58056
3072	2048	1	76	324	4.63203
3072	2048	1	100	174	5.59106
3072	2048	2	58	218	0.00000
3072	2048	1	82	58	0.18183
3072	2048	2	40	12	0.00000
3072	2048	1	198	50	4.29129
3072	2048	1	228	120	4.65779
3072	2048	1	372	76	4.67075
3584	2048	1	44	84	3.52246
3584	2048	1	390	218	5.14317
3584	2048	2	482	210	0.00000
3584	2048	1	468	64	0.00000
3584	2048	1	512	120	0.00000
3584	2048	1	396	106	5.95289
3584	2048	1	262	100	3.77434
3584	2048	1	162	130	0.00000
3584	2048	2	234	20	0.00000
3584	2048	1	228	268	4.97086
3584	2048	1	68	330	0.89688
3072	2048	1	494	322	2.99249
3072	2048	1	418	236	3.18680
3072	2048	1	322	238	2.85647
3072	2048	1	310	354	2.22695
3072	2048	1	428	418	3.04182
3072	2560	2	264	20	0.00000
3072	2560	2	324	22	0.00000
3584	2560	1	148	92	2.86329
3584	3072	2	16	208	0.00000
3584	3072	2	370	330	0.00000
3584	3584	1	282	270	0.00000
3584	3584	1	360	258	3.38020
3584	3584	1	434	450	2.82328
3072	3584	1	62	288	2.46762
3072	3584	1	148	296	0.23288
3072	3584	1	242	314	0.52147
3072	3584	1	386	474	1.17783
3072	3584	1	300	434	3.19632
3072	3584	1	406	406	4.06889
3072	3584	1	350	208	0.30509
3072	3584	1	360	328	1.86702
3072	3584	1	170	122	2.13753
3584	3584	1	72	452	6.04668
3072	3584	1	504	388	0.28662
3072	3584	1	430	266	5.94467
3072	3584	1	500	290	0.82949
3584	3584	1	144	424	2.47574
3584	3584	1	276	372	1.57630
3584	3584	1	428	330	3.08865
3584	3584	1	454	222	4.87512
3584	3584	1	474	294	2.62174
3584	3584	1	102	234	3.05927
3072	3584	1	292	92	4.75933
3072	3584	1	480	204	1.75001
3584	3584	1	232	142	1.07844
3584	3584	1	404	106	3.04728
3584	3072	1	474	510	0.56182
3584	3584	1	382	16	0.70863
3584	3584	1	128	148	2.52668
3584	3584	1	230	64	0.91972
3584	3584	1	18	120	2.19327
3072	3584	1	422	108	2.22251
3072	3072	1	108	460	2.83593
3072	3072	1	178	414	2.92521
3072	3584	1	230	6	4.16910
3072	3072	1	322	396	4.21318
3072	3584	1	418	18	4.00123
3584	3072	1	4	504	3.30182
3584	3584	1	90	32	2.56481
3584	3072	1	266	464	3.76588
3584	3072	1	164	470	2.78577
3072	3072	1	424	420	4.35940
3584	3072	1	42	380	3.00606
3584	3072	1	104	366	3.03194
3584	3072	1	182	370	5.58845
3584	3072	1	358	406	5.42828
3584	3072	1	308	308	0.57693
3584	3072	1	460	408	4.71091
3584	3072	1	394	268	2.51515
3584	3072	1	442	210	5.77001
3072	3072	1	418	310	2.89537
3072	3072	1	496	284	3.02734
3584	3072	1	94	244	0.59586
3584	3072	1	250	210	1.28409
3072	3072	1	266	200	2.17527
3072	3072	1	318	140	5.23154
3072	3072	1	86	318	1.61044
3072	3072	1	472	174	0.60608
3584	3072	1	80	122	1.96719
3584	3072	1	6	60	1.15823
3584	3072	1	190	72	3.18702
3584	3072	1	282	56	4.87847
3584	3072	1	432	74	5.72306
3584	3072	1	202	298	3.68438
3072	3072	1	190	72	0.49642
3584	3072	1	228	150	3.56822
3072	3072	1	116	172	3.78835
3584	3072	1	388	94	5.82855
3584	3072	1	336	122	5.59772
2560	3584	1	512	404	4.17165
2560	3584	1	344	510	5.66742
2560	3584	1	420	512	2.96535
2560	3584	1	122	452	0.00000
2560	3584	1	374	440	5.02116
2560	3584	1	512	290	2.22683
2560	3584	1	186	382	5.25497
2560	3584	1	396	372	4.49068
2560	3584	1	274	362	0.00000
2560	3584	1	358	274	0.16665
2560	3584	1	4	454	1.42393
2048	3584	1	360	296	0.00000
2048	3584	1	390	220	2.12919
2048	3584	1	348	414	5.99475
2048	3584	1	216	402	0.00000
2048	3584	1	192	268	3.38930
2048	3584	1	318	486	5.89471
2560	3584	1	46	370	4.79562
2048	3584	1	450	332	0.00000
2048	3584	1	196	460	5.92605
2048	3584	1	62	370	0.00000
2560	3584	1	322	170	4.66427
2560	3584	1	14	196	0.77322
2048	3584	1	26	248	0.83454
2560	3584	1	84	264	3.54703
2560	3584	1	182	304	1.68310
2560	3584	1	186	206	1.99472
2560	3584	1	472	144	5.61632
2048	3584	1	136	210	3.13766
2560	3584	1	302	112	1.41633
2048	3584	1	44	138	0.75192
2048	3584	1	0	62	4.83124
2048	3584	1	110	10	2.18313
2048	3584	1	218	46	5.61873
2048	3584	1	332	124	5.30620
2560	3584	1	12	132	1.27578
2048	3584	1	502	58	1.09793
2560	3584	1	176	86	3.67757
2560	3584	1	512	24	0.75760
2560	3072	1	468	392	1.06610
2560	3072	1	372	488	5.03997
2560	3584	1	302	44	4.85049
2560	3072	1	238	436	0.00000
2560	3072	1	158	494	0.00000
2560	3072	2	98	436	0.00000
2048	3584	2	378	18	0.00000
2048	3072	2	488	422	0.00000
2560	3072	1	6	480	1.01285
2048	3072	1	280	468	4.71974
2048	3072	1	128	422	5.37617
2048	3072	2	42	370	0.00000
2048	3072	1	288	368	0.46486
2048	3072	1	390	402	3.78073
2048	3072	1	160	352	1.98973
2048	3072	2	220	276	0.00000
2048	3072	2	276	272	0.00000
2048	3072	2	201	220	0.00000
2048	3072	1	82	240	0.00000
2048	3072	1	476	350	3.99334
2560	3072	1	138	366	5.29036
2560	3072	1	136	260	4.31812
2560	3072	2	102	220	0.00000
2560	3072	2	144	72	0.00000
2560	3072	2	346	246	0.00000
2560	3072	1	416	294	3.87214
2560	3072	1	452	160	3.90194
2560	3072	1	468	58	4.22592
2560	3072	1	338	96	3.25951
2560	3072	1	246	150	0.00000
2560	3072	1	20	106	1.73185
2048	3072	1	478	218	4.18604
2048	3072	1	346	252	0.00000
2048	3072	1	358	148	5.67558
2048	3072	1	470	42	0.74132
2048	3072	1	380	10	0.00000
2048	3072	1	318	30	2.65323
2048	3072	1	276	160	6.14686
2048	3072	2	190	22	0.00000
2048	3072	1	126	102	1.36032
2048	3072	1	38	208	3.80454
2048	3072	2	26	86	0.00000
2048	3072	2	64	34	0.00000
2560	3072	1	96	0	0.00000
2560	3072	1	264	32	3.36909
