1024	2048	1	90	210	0.45028
1024	2048	1	310	186	4.06979
1024	2048	2	184	92	0.00000
1024	2048	1	368	2	0.00000
1024	2048	1	266	0	0.00000
1536	2048	1	14	0	0.00000
1536	2048	1	84	34	4.10109
1536	2048	1	174	54	0.70984
1536	2048	1	444	224	0.71928
1536	2048	2	350	26	0.00000
1536	2048	2	502	70	0.00000
1536	2048	1	284	92	5.52046
1536	2048	1	234	138	6.02389
1024	2048	1	186	272	1.99601
1024	2048	1	414	172	1.96614
1536	2048	1	46	178	0.07340
1536	2048	1	148	236	3.88096
1024	2048	1	222	362	0.55807
1024	2048	1	312	414	4.78897
1536	2048	1	252	304	4.64298
1536	2048	1	368	382	0.95213
1536	2048	1	248	370	5.81612
1024	2560	1	318	4	1.24379
1024	2560	1	130	166	4.77067
1536	2048	1	94	488	3.69846
1024	2048	1	486	258	5.97945
1024	2560	1	166	232	4.63031
1024	2560	1	38	240	0.21869
1024	2560	1	330	182	0.78548
1024	2560	1	418	90	0.97577
1536	2560	1	18	18	5.86040
1536	2048	1	192	484	0.88399
1536	2560	1	348	2	0.56899
1536	2048	1	460	476	4.78107
1536	2560	1	456	64	2.58396
1536	2560	1	8	150	1.62412
1536	2560	1	182	150	1.26188
1536	2560	1	294	236	5.48575
1536	2560	1	354	148	3.46033
1536	2560	1	500	166	2.12703
1536	2560	1	438	246	1.57349
1024	2560	1	120	318	2.46599
1024	2560	1	404	354	1.22469
1024	2560	1	288	398	2.69194
1024	2560	1	134	412	4.59037
1024	2560	1	222	512	6.11647
1536	2560	1	6	394	0.39985
1024	2560	1	382	512	3.92710
1536	2560	1	92	294	2.85057
1536	2560	1	188	284	0.16756
1536	2560	1	256	328	5.66588
1536	2560	1	362	396	0.13882
1536	2560	1	408	424	3.61768
1536	2560	1	172	418	5.71216
1536	2560	1	66	462	0.81862
1536	2560	1	106	512	1.04200
1536	2560	1	316	512	4.81563
1536	2560	1	512	414	3.37378
1024	3072	1	102	66	3.65424
1024	3072	1	18	154	3.15188
1024	3072	1	232	20	5.83512
1024	3072	1	196	114	1.26053
1024	3072	1	306	82	6.16139
1024	3072	1	424	132	5.95239
1536	3072	1	64	118	0.50494
1024	3072	2	474	42	0.00000
1024	3072	1	364	44	0.62934
1536	3072	1	222	56	4.83108
1536	3072	1	84	36	1.02456
1536	3072	1	18	24	0.90122
1536	3072	1	396	66	1.16127
1536	3072	1	342	24	4.74025
1024	3072	1	142	218	0.85066
1024	3072	1	298	200	5.34382
1536	3072	1	48	230	1.11606
1536	3072	1	98	268	1.30808
1536	3072	1	214	200	5.87922
1536	3072	1	290	148	2.15317
1536	3072	1	380	244	3.52268
1536	3072	1	490	220	3.60996
1024	3072	1	232	322	0.83122
1024	3072	1	48	346	4.18087
1024	3072	1	62	502	1.61071
1024	3072	1	144	384	5.56227
1024	3072	1	298	426	0.56874
1024	3072	1	432	386	0.67658
1536	3072	1	30	474	3.70395
1024	3072	1	464	468	0.26629
1536	3072	1	352	412	6.05418
1536	3072	1	412	330	5.07978
1536	3072	1	258	322	0.97917
1536	3072	1	178	462	3.14831
1536	3072	1	92	502	3.60373
1536	3072	1	236	462	6.16127
1024	3584	1	394	34	5.65230
1024	3584	1	288	56	1.05756
1024	3584	1	144	98	5.42024
1536	3584	1	180	96	2.23525
1536	3584	1	100	134	5.24812
1024	3584	1	162	218	0.95253
1536	3584	2	356	68	0.00000
1536	3584	2	472	102	0.00000
1536	3584	2	412	130	0.00000
1024	3584	1	300	302	0.00000
1024	3584	1	94	498	5.90443
1024	3584	2	18	516	0.00000
1024	3584	1	352	516	0.00000
1024	3584	1	256	516	0.44325
1536	3584	1	78	488	0.90411
1536	3584	1	176	466	0.13671
1536	3584	1	308	474	5.95382
1536	3584	1	258	198	4.37251
1024	3584	1	456	202	5.81467
1024	3584	1	434	338	0.00000
1536	3584	1	112	252	6.27665
1536	3584	1	346	258	0.03256
1536	3584	1	458	246	0.22823
1536	3584	1	128	364	1.14961
1536	3584	1	384	346	0.21733
1536	3584	1	432	496	0.55828
1536	3584	1	498	450	5.97434
1536	3584	2	508	330	0.00000
1536	3584	2	322	378	0.00000
1536	3584	2	232	266	0.00000
1536	3584	2	46	200	0.00000
1536	3072	2	512	416	0.00000
1024	3584	2	162	24	0.00000
1024	3072	2	348	340	0.00000
1024	3072	2	496	308	0.00000
1024	3072	2	8	440	0.00000
1024	3584	1	26	116	0.34428
2560	2560	1	512	452	2.33536
2560	2560	1	402	354	0.04026
2048	2560	1	388	366	6.04357
2048	2560	1	358	512	3.99090
2560	2560	1	42	428	5.20828
2560	2560	1	302	410	2.45016
2560	2560	1	222	440	2.32297
2048	2560	1	20	390	3.73862
2048	2560	1	268	340	2.42179
2560	2560	1	512	246	0.99860
2560	2560	1	180	222	1.71364
2560	2560	1	156	322	4.61617
2560	2560	1	330	252	4.04869
2048	2560	1	422	242	0.92097
2048	2560	1	262	452	3.59400
2048	2560	1	154	480	5.77936
2560	2560	1	10	274	5.07440
2560	2560	1	442	500	5.63563
2048	2560	2	444	302	0.00000
2048	2560	2	460	470	0.00000
2560	2560	2	12	482	0.00000
2048	2560	2	158	362	0.00000
2048	2560	2	202	418	0.00000
2048	2560	2	228	150	0.00000
2048	2048	2	216	502	0.00000
2048	2560	2	176	156	0.00000
2048	2048	2	268	500	0.00000
2560	2560	2	468	328	0.00000
2048	2560	2	324	210	0.00000
2560	2048	1	502	432	2.29363
2560	2048	1	420	486	3.28913
2560	2048	1	274	442	4.12147
2560	2560	1	346	42	2.30625
2560	2560	1	226	88	0.50244
2560	2560	1	286	154	0.78432
2560	2048	1	512	306	0.72921
2560	2560	1	418	162	4.05500
2560	2560	2	16	164	0.00000
2560	2560	1	82	82	0.61423
2048	2560	1	88	264	3.96250
2048	2560	1	402	92	3.66458
2048	2560	1	500	100	4.01839
2048	2560	1	190	82	4.40938
2048	2560	1	54	128	4.12956
2048	2560	1	332	94	3.24319
2560	2048	1	74	452	4.82297
2048	2048	1	480	496	4.65723
2048	2048	1	150	480	3.81606
2048	2560	1	82	26	1.75449
2048	2048	1	122	394	3.65761
2048	2048	1	242	258	0.00000
2560	2048	1	512	224	1.03038
2560	2048	1	306	110	0.00000
2560	2048	1	412	42	0.00000
2560	2048	1	344	34	0.00000
2560	2048	1	138	84	4.09366
2560	2048	1	262	36	3.24949
2560	2048	1	308	274	0.72353
2560	2048	1	508	138	4.16891
2560	2048	1	392	218	2.33330
2560	2048	1	12	364	4.19095
2048	2048	1	334	412	4.27164
2048	2048	1	140	220	0.00000
2048	2048	1	68	274	0.00000
2048	2048	1	60	20	0.94547
2048	2048	1	190	132	5.86496
2048	2048	1	204	10	4.14681
2048	2048	1	116	90	0.00000
2048	2048	1	34	160	0.80915
2560	2048	1	178	176	5.69112
2560	2048	1	30	218	1.81467
2560	2048	1	38	122	5.39534
2048	2048	1	486	0	3.61768
2048	2048	1	390	134	4.92623
2560	2560	2	512	20	0.00000
3072	2560	2	162	75	0.00000
3072	2560	2	466	185	0.00000
3584	2560	2	232	235	0.00000
3584	2560	2	410	255	0.00000
3584	2560	2	348	139	0.00000
3072	2560	1	426	404	2.67684
3072	2560	1	360	482	0.00000
3584	2560	1	8	398	5.23271
3584	2560	1	66	506	5.07744
3072	2560	1	2	480	2.25737
3584	2560	1	128	474	1.87073
3072	2560	1	84	318	4.17195
3072	2560	1	104	512	2.56495
3072	2560	1	186	338	3.05761
3072	2560	1	276	442	0.00000
3584	2560	1	492	494	2.38857
3072	2560	1	80	420	5.22581
3072	2560	1	16	232	1.55653
3584	2560	1	262	440	5.82875
3072	2560	1	316	312	4.46560
3584	2560	1	168	298	1.58666
3584	2560	1	232	504	5.98901
3584	2560	1	316	374	3.05210
3584	2560	1	172	404	1.10929
3584	2560	1	26	334	1.76097
3072	2560	1	304	224	1.91340
3584	2560	1	374	390	2.76555
3584	2560	1	490	336	6.16926
3584	2560	1	428	134	0.00000
3584	2560	1	328	226	4.75320
3072	2560	1	442	120	4.91955
3584	2560	1	502	168	3.37501
3072	2560	1	52	98	4.15162
3584	2560	1	188	224	3.48630
3072	2560	1	300	104	5.91689
3584	2560	1	266	290	4.69755
3584	2560	1	62	212	1.87730
3584	2560	1	428	350	5.83522
3584	2560	2	352	471	0.00000
3584	2560	2	374	512	0.00000
3072	2560	1	140	12	1.63611
3072	2048	1	16	438	2.70895
3072	2048	1	324	438	3.85560
3072	2560	2	14	25	0.00000
3072	2048	1	380	510	2.83757
3072	2560	2	322	19	0.00000
3072	2048	1	238	370	3.20384
3072	2048	1	134	358	4.38001
3072	2048	1	22	296	0.72199
3072	2048	1	16	198	0.85836
3072	2048	1	6	120	4.46113
3072	2048	1	94	32	0.35208
3072	2048	2	104	119	0.00000
3072	2048	1	170	48	1.03847
3072	2048	1	198	70	0.57942
3072	2048	1	154	226	4.00570
3072	2048	1	310	222	4.57637
3072	2048	1	270	90	0.00000
3072	2048	1	354	120	5.91454
3072	2048	1	446	108	4.36416
3072	2048	1	504	168	3.19956
3072	2048	1	472	272	2.17737
3072	2048	1	444	356	2.00824
3072	2048	1	440	450	2.81823
3584	2560	1	42	86	1.97423
3584	2048	1	30	474	3.72059
3584	2048	1	114	500	0.00000
3584	2560	1	202	98	1.22796
3584	2560	1	304	120	3.73680
3584	2560	1	192	4	2.06440
3584	2048	1	236	472	5.35664
3584	2048	1	310	458	3.22004
3584	2048	1	390	494	3.25511
3584	2048	1	468	496	3.08746
3584	2048	1	158	354	4.34897
3584	2048	1	104	270	5.17422
3584	2048	1	154	118	0.00000
3584	2048	1	240	218	3.86272
3584	2048	1	220	0	0.00000
3584	2048	1	250	86	3.84297
3584	2048	1	386	228	5.51853
3584	2048	1	400	70	5.95734
3584	2048	1	482	28	0.00000
3584	2048	1	490	318	5.73011
3584	3584	1	118	352	1.85385
3584	3584	1	208	378	0.90731
3072	3584	1	452	438	2.88305
3584	3584	1	16	432	0.00000
3584	3584	1	394	284	0.16578
3072	3584	1	276	380	5.59878
3584	3584	1	36	244	0.00000
3072	3584	1	84	316	0.57661
3072	3584	1	204	466	0.81708
3072	3584	1	192	384	1.02836
3584	3584	1	354	328	0.30939
3584	3584	1	388	478	3.74066
3072	3584	1	314	238	0.43545
3072	3584	1	290	160	0.39467
3072	3584	1	402	300	5.08208
3072	3584	1	432	184	2.57023
3584	3584	1	382	142	5.74584
3584	3584	1	488	480	3.68699
3072	3584	1	82	452	0.00000
3584	3584	1	164	208	5.46529
3072	3584	1	40	188	5.79304
3584	3584	1	12	108	1.87345
3072	3584	1	404	64	1.18615
3072	3072	1	334	494	5.94205
3072	3584	1	220	4	3.35216
3072	3584	1	136	10	0.00000
3072	3584	1	20	66	2.14664
3072	3072	1	26	484	5.28685
3072	3584	1	198	242	3.72031
3072	3584	1	218	100	3.40961
3584	3584	1	254	128	5.63086
3584	3584	1	180	118	6.08797
3584	3584	1	436	74	0.00000
3584	3584	1	512	136	1.76250
3584	3584	1	480	250	3.91564
3584	3072	1	394	498	3.61037
3584	3072	1	346	434	3.45314
3584	3584	1	246	20	2.37127
3584	3072	1	454	418	2.43629
3072	3072	1	420	438	2.18991
3584	3072	1	110	434	2.46157
3584	3584	1	502	12	1.98002
3072	3072	1	478	382	2.40885
3584	3584	1	52	10	4.51993
3584	3072	1	360	180	1.31456
3584	3072	1	422	254	4.71147
3584	3072	1	254	246	4.94604
3584	3072	1	104	258	1.54841
3584	3072	1	16	198	1.61650
3072	3072	1	388	134	5.45587
3072	3072	1	150	172	5.14446
3584	3072	1	190	98	1.55081
3072	3072	1	222	60	5.18846
3584	3072	1	318	62	5.84275
3072	3072	1	352	304	2.68290
3072	3072	1	104	346	0.00000
3072	3072	1	116	42	0.00000
3584	3072	1	8	40	2.25072
3072	3072	1	254	308	3.16011
3584	3072	1	82	14	1.71814
3584	3072	1	424	40	5.24437
3584	3072	1	478	102	0.73809
3072	3072	1	42	122	6.05807
3072	3072	1	292	174	5.52068
3072	3072	1	372	0	0.00000
3072	3072	1	442	94	5.01069
3584	3072	1	162	164	2.24979
3584	3072	1	204	354	3.52217
3072	3072	2	426	254	0.00000
3584	3072	2	242	154	0.00000
3072	3584	1	344	478	0.88036
3584	3584	1	270	470	0.00000
3584	3584	1	208	470	0.00000
3584	3584	1	464	372	4.58427
3072	3072	1	28	358	0.00000
3072	3072	1	26	272	0.00000
2048	3072	2	120	104	0.00000
2560	3072	2	144	72	0.00000
2560	3072	2	220	128	0.00000
2560	3072	2	352	240	0.00000
2048	3072	2	220	274	0.00000
2048	3072	2	34	378	0.00000
2048	3072	2	156	476	0.00000
2560	3072	2	96	224	0.00000
2560	3072	2	90	440	0.00000
2048	3072	2	274	270	0.00000
2048	3072	2	308	428	0.00000
2048	3584	2	230	328	0.00000
2048	3584	2	118	218	0.00000
2560	3584	2	204	354	0.00000
2560	3584	2	118	298	0.00000
2560	3584	2	276	358	0.00000
2048	3072	1	72	50	0.00000
2048	3072	1	152	14	0.00000
2048	3072	1	216	106	0.38051
2048	3072	1	280	178	0.24228
2048	3072	1	464	136	5.11848
2048	3072	1	388	54	4.59411
2560	3072	1	118	144	2.20703
2560	3072	1	344	68	1.41758
2560	3072	1	132	362	5.77267
2048	3072	1	66	226	0.72807
2048	3072	1	320	290	0.07066
2048	3072	1	398	154	5.17922
2048	3072	1	420	294	3.09558
2048	3072	1	162	388	5.31265
2048	3072	1	244	358	2.10231
2560	3072	1	26	302	0.78885
2560	3072	1	160	288	5.61720
2560	3072	1	210	260	5.69757
2560	3072	1	276	232	2.68614
2560	3072	1	394	200	2.15875
2048	3072	1	420	390	5.12531
2560	3072	1	36	410	3.50436
2048	3584	1	326	12	3.50649
2048	3584	1	428	34	3.55889
2560	3584	1	128	16	0.22631
2560	3072	1	356	390	6.05338
2560	3072	1	262	512	4.01098
2560	3584	1	512	184	5.57923
2048	3072	1	62	442	5.18843
2048	3584	1	34	14	4.67200
2560	3584	1	30	24	4.05472
2560	3072	1	210	478	3.39173
2048	3584	1	364	160	6.19646
2048	3584	1	432	192	6.09787
2048	3584	1	490	168	0.00000
2560	3584	1	50	174	2.67922
2560	3584	1	192	138	1.70422
2560	3584	1	390	78	4.78404
2560	3584	1	330	128	4.73761
2560	3584	1	320	250	5.82629
2560	3584	1	148	224	5.74746
2048	3584	1	26	144	5.97291
2048	3584	1	108	102	3.20873
2048	3584	1	200	144	3.59402
2048	3584	2	272	194	0.00000
2048	3584	2	188	276	0.00000
2048	3584	1	58	300	5.48194
2048	3584	1	50	404	5.48227
2048	3584	1	170	388	4.93590
2048	3584	1	350	392	1.06570
2048	3584	1	458	378	0.14812
2560	3584	1	16	414	0.00000
2560	3584	1	196	444	5.87176
2560	3584	1	44	308	2.50903
2048	3584	1	374	300	1.70402
2560	3584	1	354	370	5.08196
2560	3584	1	76	512	0.00000
2560	3584	1	500	284	2.10763
2560	3584	1	510	398	2.48436
2560	3072	1	510	280	0.41822
2560	3072	1	440	38	2.72875
2560	3584	1	354	486	5.51837
2560	3072	1	512	458	5.32620
2560	3584	1	512	68	2.07962
