1024	2048	1	90	136	0.21185
1024	2048	1	92	444	0.00000
1024	2048	1	224	370	0.18965
1024	2048	1	216	198	2.98746
1024	2560	2	448	80	0.00000
1024	2048	1	440	240	2.81697
1536	2048	1	30	288	0.20484
1024	2048	1	492	498	4.28200
1024	2560	1	256	44	1.10159
1536	2048	1	146	272	1.95402
1024	2048	1	488	102	1.65214
1536	2560	1	410	2	3.89407
1536	2048	1	154	428	0.32605
1536	2048	1	228	390	0.10305
1536	2048	1	292	248	0.85895
1536	2048	1	424	378	4.42538
1536	2048	1	462	266	0.10497
1536	2048	1	438	170	1.22951
1536	2048	1	216	146	5.94599
1536	2048	1	342	116	2.00686
1536	2048	1	418	78	5.08610
1536	2048	1	328	476	3.70474
1536	2048	1	286	402	3.71584
1536	2560	1	234	122	0.95468
1024	2560	1	134	140	4.28608
1024	2560	1	338	194	1.79181
1536	2560	1	40	210	0.00000
1536	2560	1	160	226	2.56611
1024	2560	1	254	344	0.08288
1024	2560	2	196	284	0.00000
1024	2048	2	208	72	0.00000
1536	2048	1	30	0	0.00000
1536	2048	1	242	0	3.35328
1536	2560	1	512	26	3.18207
1536	2560	1	486	134	2.58663
1536	2560	1	426	168	2.08767
1536	2560	1	346	208	2.00240
1536	2560	1	414	286	2.14870
1536	2560	1	464	246	1.63439
1024	2560	1	52	300	0.90080
1536	2560	1	134	336	0.00000
1536	2560	1	270	256	0.00000
1536	2560	1	52	364	4.91548
1024	2560	1	298	430	3.40077
1024	2560	1	138	376	0.75629
1024	2560	1	458	428	4.07542
1536	2560	1	392	448	1.97841
1536	2560	1	404	368	4.68106
1536	2560	2	318	346	0.00000
1536	2560	1	328	512	1.12918
1536	2560	1	78	442	4.88101
1536	2560	1	498	506	4.91666
1024	2560	1	100	506	1.23521
1024	2560	1	436	360	3.36132
1024	2560	1	226	512	0.00000
1024	2560	1	0	416	4.18400
1536	2048	1	512	90	2.42061
1536	2048	1	354	0	3.65443
1024	3072	1	102	118	0.98236
1024	3072	1	30	274	3.70398
1024	3072	1	178	226	0.75704
1024	3072	1	216	50	0.00000
1024	3072	1	312	62	0.52462
1024	3072	2	380	90	0.00000
1024	3072	2	472	36	0.00000
1024	3584	1	4	4	5.94515
1024	3072	1	66	462	0.00000
1024	3072	1	266	340	0.00000
1024	3072	1	228	462	1.45816
1024	3584	1	358	30	1.69681
1024	3072	1	372	402	0.78516
1024	3072	1	446	492	2.63017
1536	3072	1	6	440	0.33855
1024	3072	1	398	274	2.33708
1024	3072	1	474	206	5.25446
1024	3072	1	504	78	0.42558
1536	3072	1	118	10	1.52046
1536	3072	1	106	112	0.69385
1536	3072	1	248	98	3.11237
1536	3072	1	304	10	1.28968
1536	3072	1	462	14	1.06272
1536	3072	1	372	112	0.46632
1536	3072	1	446	124	0.69130
1536	3072	1	512	216	2.41894
1536	3072	1	492	340	5.78717
1536	3072	1	322	260	1.64348
1536	3072	1	202	216	3.98722
1536	3072	1	66	228	1.98652
1536	3072	1	102	302	4.80193
1024	3072	2	508	286	0.00000
1536	3072	1	244	308	1.80559
1536	3072	1	398	380	5.26459
1536	3072	1	350	448	2.29539
1536	3072	1	242	440	0.31373
1536	3072	1	114	444	2.93351
1536	3584	1	174	12	0.00000
1536	3584	1	62	22	2.41713
1536	3584	1	108	126	0.46657
1536	3584	2	370	57	0.00000
1536	3584	2	254	267	0.00000
1536	3584	2	396	126	0.00000
1536	3584	2	490	280	0.00000
1024	3584	2	296	102	0.00000
1024	3584	1	128	164	6.02580
1024	3584	1	20	168	3.97019
1024	3584	1	346	150	0.93008
1024	3584	1	252	194	5.92788
1024	3584	2	174	26	0.00000
1024	3584	1	482	176	5.53769
1024	3584	1	410	262	5.67201
1536	3584	1	458	136	0.19122
1536	3584	1	510	172	0.67638
1536	3584	1	382	260	1.45824
1536	3584	1	34	244	4.11050
1536	3584	1	196	400	0.00000
1536	3584	1	420	386	5.44817
1024	3584	1	52	256	4.61624
1024	3584	1	148	512	0.01270
1024	3584	1	170	314	0.75526
1024	3584	1	240	458	2.86921
1024	3584	1	36	398	5.83674
1024	3584	1	24	502	5.21781
1536	3584	1	28	432	0.88001
1536	3584	1	246	516	2.73042
1536	3584	1	362	504	2.51297
2560	2560	1	328	144	4.73210
2560	2560	1	440	450	2.00904
2560	2560	1	330	442	2.18793
2560	2560	1	410	278	2.78376
2560	2560	1	160	42	4.87155
2560	2560	1	490	140	2.53243
2560	2560	1	512	402	0.00000
2560	2560	1	334	338	0.00000
2560	2560	1	42	266	5.49189
2048	2560	1	240	146	6.19023
2560	2560	1	298	34	4.06336
2048	2560	1	94	240	0.64035
2048	2560	1	292	482	5.29196
2560	2560	1	6	78	3.84909
2048	2560	1	406	86	3.84823
2560	2560	1	144	132	2.49625
2048	2560	1	114	110	3.99915
2560	2560	1	166	426	1.53433
2048	2560	1	0	164	2.26118
2048	2048	1	400	474	5.46577
2560	2560	1	282	252	4.71016
2048	2560	1	328	76	3.03508
2048	2560	1	264	366	4.23093
2560	2048	1	372	378	2.23732
2048	2560	1	46	402	5.55432
2048	2560	1	404	512	0.00000
2560	2048	1	100	394	2.36281
2560	2560	1	34	486	0.00000
2048	2048	1	438	420	0.00000
2048	2560	1	34	512	4.83181
2560	2048	1	512	420	4.44720
2560	2048	1	232	422	0.00000
2560	2048	1	380	280	1.94115
2560	2048	1	274	226	0.48914
2560	2560	1	102	210	5.71141
2048	2560	2	334	420	0.00000
2048	2560	2	174	360	0.00000
2048	2560	2	76	306	0.00000
2048	2560	2	206	420	0.00000
2048	2560	2	442	318	0.00000
2048	2560	2	512	312	0.00000
2048	2560	2	330	202	0.00000
2560	2048	1	468	22	0.67231
2560	2048	1	324	64	0.00000
2560	2048	1	216	98	0.00000
2560	2048	1	128	242	5.27782
2560	2048	1	24	338	5.11305
2560	2048	1	38	190	4.09101
2048	2048	1	416	264	0.61920
2048	2048	1	278	404	0.45251
2048	2048	1	230	298	0.00000
2048	2048	1	62	350	3.17689
2048	2048	1	132	252	6.14658
2048	2048	1	50	158	1.24635
2048	2048	1	178	130	1.99479
2048	2048	1	292	124	2.91489
2048	2048	1	246	0	1.75395
2048	2048	1	192	98	3.26617
2048	2048	1	162	0	0.69659
2048	2048	1	398	126	2.01443
3584	2560	2	434	512	0.00000
3072	2560	2	254	18	0.00000
3072	2560	2	318	22	0.00000
3072	2560	2	160	388	0.00000
3072	2048	1	168	210	5.14874
3072	2048	1	414	196	2.95211
3072	2048	1	470	334	4.28819
3072	2048	1	200	414	5.15937
3072	2048	1	94	498	3.42023
3584	2048	1	88	180	0.55284
3072	2048	1	502	72	4.97077
3584	2048	1	230	82	4.04181
3584	2048	1	240	168	1.35125
3584	2048	1	132	262	4.51011
3584	2048	1	82	428	5.83510
3072	2048	1	498	454	2.10618
3072	2048	1	398	486	3.36367
3072	2048	1	190	50	0.31471
3584	2048	1	464	58	0.00000
3072	2560	1	356	144	0.13064
3072	2560	2	428	126	0.00000
3072	2560	2	468	188	0.00000
3584	2560	1	46	54	4.14376
3072	2560	1	156	128	2.43812
3072	2560	2	164	72	0.00000
3072	2560	1	94	208	4.27802
3072	2048	1	30	406	4.39610
3584	2048	1	354	322	2.07549
3584	2048	1	354	222	5.71185
3584	2048	1	460	296	0.30181
3584	2048	1	170	484	3.26544
3584	2048	1	130	340	4.81833
3584	2560	1	74	118	4.22608
3072	2560	1	284	230	2.23580
3072	2560	1	286	116	2.94480
3072	2560	1	182	276	0.29706
3584	2560	1	400	84	5.63127
3584	2560	1	448	2	5.44890
3072	2048	1	248	38	5.86514
3072	2048	1	336	30	6.00249
3584	2048	1	402	144	5.35589
3584	2048	1	272	392	4.37483
3584	2048	1	306	452	4.93362
3584	2560	1	264	10	5.29713
3584	2560	1	308	122	2.16961
3584	2560	1	250	192	2.63735
3584	2560	1	138	174	4.59033
3584	2560	1	138	246	5.08538
3072	2560	1	378	282	3.26250
3072	2560	1	294	364	5.46021
3584	2560	1	390	374	6.01327
3072	2560	1	20	388	0.18784
3072	2560	1	280	474	2.37497
3072	2560	1	466	326	0.00000
3584	2560	1	26	224	2.69549
3584	2560	1	68	326	1.04109
3584	2560	1	372	214	3.39176
3584	2048	1	498	394	3.57927
3584	2560	1	52	466	1.89959
3584	2560	1	204	424	4.56337
3584	2560	1	162	348	1.19029
3584	2560	1	296	330	3.48953
3584	2560	1	476	468	5.79297
3584	2560	1	488	276	1.95260
3584	2560	1	474	354	2.06991
3584	2560	1	500	134	3.64094
3584	2560	1	326	482	3.58277
3072	2048	1	58	34	0.29304
3072	2560	1	444	70	5.24272
3072	2560	1	46	504	3.75413
3072	3584	1	328	136	4.39064
3584	3584	1	60	280	4.24356
3072	3584	1	122	272	1.72542
3072	3584	1	498	198	5.85288
3072	3584	1	216	374	0.35146
3072	3584	1	202	120	2.74935
3584	3584	1	340	170	2.34250
3584	3584	1	128	352	5.89208
3584	3584	1	152	140	5.23997
3584	3584	1	456	134	1.17723
3584	3584	1	344	470	0.00000
3072	3584	1	128	382	6.08579
3072	3584	1	390	270	6.01496
3584	3584	1	434	446	5.89542
3584	3584	1	60	494	0.99892
3584	3584	1	466	298	0.36671
3072	3584	1	272	248	0.00000
3072	3584	1	38	452	0.63537
3584	3584	1	404	52	0.72761
3072	3584	1	272	448	0.38723
3584	3584	1	2	348	4.98393
3584	3584	1	338	360	0.97701
3072	3584	1	146	172	2.56674
3072	3584	1	26	354	0.61759
3584	3584	1	256	228	0.00000
3584	3584	1	252	336	0.90727
3584	3584	1	70	196	5.75533
3072	3584	1	420	430	2.58403
3072	3584	1	476	410	2.87860
3072	3584	1	472	70	3.63226
3072	3072	1	338	280	0.00000
3072	3072	1	148	236	0.00000
3072	3072	1	408	78	6.00223
3584	3072	1	216	272	2.56401
3072	3072	1	130	370	0.00000
3072	3072	1	446	380	0.00000
3584	3072	1	128	438	2.53429
3584	3584	1	324	28	3.85206
3584	3072	1	304	432	3.43893
3584	3584	1	226	34	3.40619
3584	3584	1	122	38	1.15282
3584	3072	1	438	384	0.00000
3072	3072	1	222	456	5.78277
3072	3584	1	164	20	3.78509
3072	3584	1	56	62	2.97862
3072	3072	1	474	254	3.02464
3072	3072	1	506	394	4.18951
3584	3072	1	168	352	2.27195
3072	3072	1	222	234	4.18504
3072	3072	1	512	78	3.06745
3584	3072	1	300	162	6.21795
3584	3072	1	474	136	5.97901
3584	3072	1	446	252	5.90268
3584	3072	1	328	284	3.87310
3072	3584	1	322	6	2.39566
3072	3072	1	386	448	0.76564
3072	3072	1	252	330	1.56776
3072	3072	1	366	372	1.15804
3584	3072	1	46	486	4.73412
3584	3072	1	256	38	0.00000
3584	3072	1	168	30	0.80184
3584	3072	1	174	152	0.34806
3072	3072	1	124	166	0.00874
3072	3072	1	416	184	0.92285
3072	3072	1	288	110	3.03031
3072	3072	1	208	64	3.14506
3072	3072	1	102	50	0.51204
3072	3072	1	90	242	2.51321
3072	3072	1	40	414	5.65329
3584	3072	1	358	186	3.26595
3584	3584	1	178	262	0.00000
3072	3584	1	42	184	5.69518
3584	3072	1	346	384	5.67519
2048	3584	1	82	472	0.39414
2560	3584	1	24	462	3.68742
2048	3584	1	342	458	0.00000
2048	3584	1	288	454	0.00000
2560	3584	1	374	310	6.01018
2560	3584	1	490	252	5.71314
2560	3584	1	414	454	0.00000
2048	3584	1	178	474	4.27998
2048	3584	1	440	438	0.63216
2560	3584	1	508	380	3.85022
2560	3584	1	436	274	2.84115
2560	3584	1	160	340	0.54302
2560	3584	1	164	500	0.00000
2560	3584	1	258	490	6.03821
2560	3584	1	234	348	3.79523
2048	3584	1	184	292	0.78540
2048	3584	1	424	352	0.66829
2560	3584	1	26	282	0.00000
2048	3584	1	40	148	0.82625
2048	3584	1	66	242	2.83034
2048	3584	1	234	368	0.00000
2048	3584	1	330	304	5.58844
2048	3584	1	200	178	1.07953
2048	3584	1	250	134	5.64661
2048	3584	1	394	204	0.00000
2048	3584	1	444	124	0.00000
2560	3584	1	122	216	1.78901
2560	3584	1	142	126	2.07310
2560	3584	1	310	164	0.00000
2560	3584	1	240	174	3.24522
2560	3584	1	428	108	4.56101
2560	3584	1	322	16	2.19803
2560	3072	1	410	470	0.00000
2560	3584	1	490	12	0.00000
2560	3584	1	142	4	3.88766
2048	3584	1	492	12	5.00189
2048	3072	1	82	470	4.43513
2048	3584	1	360	74	1.14688
2048	3072	1	230	506	4.41996
2048	3072	2	306	432	0.00000
2048	3072	1	100	242	3.10749
2048	3072	1	26	228	3.04678
2048	3072	1	72	96	1.63273
2048	3072	1	254	94	5.77339
2048	3072	1	240	356	4.19324
2048	3072	1	268	224	2.81984
2048	3072	1	478	388	5.19074
2560	3072	1	100	314	4.52526
2048	3072	1	382	276	4.64219
2048	3072	2	402	378	0.00000
2560	3072	1	206	312	0.42285
2560	3072	1	328	318	2.25311
2560	3072	1	348	192	4.31760
2560	3072	1	20	272	3.83204
2560	3072	1	64	452	0.37207
2560	3072	1	118	120	2.15359
2560	3072	1	26	174	4.92261
2048	3072	1	388	142	5.34911
2560	3072	1	332	106	4.94586
2048	3072	2	78	388	0.00000
2560	3072	2	226	134	0.00000
2560	3072	1	190	46	1.24491
2560	3072	1	380	54	5.22013
2560	3072	1	512	36	3.55780
2560	3072	1	438	286	0.00000
2560	3072	1	512	244	2.80230
2560	3072	2	248	484	0.00000
2048	3072	1	294	8	5.82489
2048	3072	1	392	0	0.00000
2560	3072	2	356	244	0.00000
2048	3584	2	388	26	0.00000
2048	3072	2	184	322	0.00000
