1024	2048	1	164	146	5.59551
1024	2048	1	54	94	0.00000
1024	2048	1	80	238	0.64350
1024	2048	2	146	232	0.00000
1024	2048	1	236	372	0.26625
1536	2048	1	2	230	2.88682
1536	2048	1	8	0	0.00000
1024	2048	1	266	0	0.00000
1536	2048	1	86	86	6.01175
1536	2048	1	228	44	5.47961
1536	2048	1	354	24	5.35555
1536	2048	2	488	70	0.00000
1536	2048	2	222	148	0.00000
1536	2048	1	408	184	5.83506
1536	2048	1	210	282	3.98249
1536	2048	1	392	378	3.43010
1536	2048	1	510	252	0.52885
1536	2048	1	262	346	4.39790
1536	2048	1	138	396	5.87254
1536	2048	1	280	452	1.84487
1024	2560	1	464	56	2.48702
1536	2560	1	102	24	1.25767
1024	2560	1	262	46	0.95703
1536	2560	1	264	70	3.50502
1536	2560	1	386	38	3.78693
1024	2560	1	78	128	3.09316
1536	2560	1	136	62	1.82817
1536	2560	1	436	134	1.20896
1536	2560	1	444	222	0.56022
1536	2560	1	152	188	0.17219
1536	2560	1	256	230	5.94809
1536	2560	1	380	310	2.75571
1536	2560	1	60	208	0.81417
1024	2560	1	492	324	2.29183
1536	2560	1	196	306	3.09894
1536	2560	1	112	374	2.33091
1024	2560	1	388	280	2.91879
1024	2560	1	134	274	3.72173
1024	2560	1	38	216	2.59724
1536	2560	1	502	342	5.54629
1024	2560	1	406	406	1.42714
1024	2560	1	266	350	0.41621
1024	2560	1	170	384	3.13084
1024	2560	1	78	420	2.60496
1024	2560	1	18	296	4.71239
1024	2560	1	288	512	4.78641
1536	2560	1	68	442	5.22451
1536	2560	1	216	466	2.85813
1536	2560	1	388	416	2.03192
1536	2560	1	420	494	2.07335
1024	3072	1	78	4	5.41105
1024	3072	1	22	124	5.12265
1024	3072	1	154	80	0.32175
1024	3072	1	304	118	5.50804
1024	3072	1	426	74	2.18301
1536	3072	1	30	20	0.97986
1536	3072	1	144	116	0.33504
1024	3072	1	434	184	5.84008
1536	3072	1	10	174	3.17504
1536	3072	2	86	220	0.00000
1024	3072	1	182	216	0.87773
1024	3072	1	42	308	4.16200
1024	3072	1	188	372	5.78830
1024	3072	1	302	322	0.53316
1536	3072	1	148	290	3.35632
1536	3072	1	208	144	0.14736
1536	3072	1	318	62	0.35838
1536	3072	1	460	100	1.00227
1536	3072	1	304	194	0.00000
1536	3072	1	376	180	5.91473
1536	3072	1	494	250	3.52546
1024	3072	1	500	392	0.78540
1024	3072	1	376	402	0.90730
1024	3072	1	54	474	5.57456
1024	3584	1	0	166	3.81592
1024	3584	1	96	136	0.34806
1024	3584	1	184	152	5.92026
1024	3584	1	296	2	1.94553
1024	3584	1	240	56	1.89499
1024	3584	1	398	4	2.45071
1536	3072	1	156	434	5.38615
1024	3072	1	496	484	2.02998
1536	3072	1	94	482	2.07054
1536	3072	1	300	454	2.95172
1536	3072	2	376	462	0.00000
1536	3072	1	468	430	5.24523
1536	3584	1	512	56	2.54297
1536	3584	1	412	90	0.14190
1536	3584	1	274	38	2.67090
1536	3584	1	184	66	3.51442
1536	3584	1	102	58	3.55118
1024	3584	1	496	52	3.72211
1024	3584	1	504	152	3.63163
1024	3584	1	334	118	1.40432
1024	3584	1	282	226	1.04611
1024	3584	1	434	264	5.72888
1024	3584	1	82	290	5.14326
1536	3584	1	234	158	6.22769
1536	3584	2	490	186	0.00000
1536	3584	1	194	224	1.97729
1536	3584	1	184	318	2.15818
1536	3584	1	38	284	0.85407
1536	3584	1	354	250	1.54864
1024	3584	1	276	338	1.15473
1024	3584	1	46	370	2.46834
1536	3584	1	368	434	0.00000
1536	3584	1	26	402	1.05945
1536	3584	1	140	386	1.34052
1536	3584	1	274	398	2.73641
1536	3584	1	52	516	0.00000
1024	3584	1	488	516	0.00000
1024	3584	1	202	516	3.14809
2048	2560	2	232	151	0.00000
2048	2560	2	170	151	0.00000
2048	2048	2	272	501	0.00000
2048	2560	2	414	47	0.00000
2048	2560	2	324	203	0.00000
2560	2560	2	22	163	0.00000
2560	2560	2	464	331	0.00000
2560	2560	2	318	485	0.00000
2560	2560	2	20	475	0.00000
2048	2560	2	326	423	0.00000
2048	2560	2	194	405	0.00000
2048	2560	2	436	323	0.00000
2048	2560	2	170	376	0.00000
2048	2560	2	90	487	0.00000
2560	2048	2	297	397	0.00000
2048	2560	1	290	86	0.00000
2048	2560	1	488	74	4.13877
2048	2560	2	398	188	0.00000
2048	2560	1	54	138	2.76543
2048	2048	1	98	48	1.55746
2048	2048	1	302	192	3.76184
2048	2048	1	418	112	4.92348
2048	2048	2	496	62	0.00000
2048	2048	2	410	10	0.00000
2560	2560	2	290	18	0.00000
2048	2048	1	492	210	1.37188
2560	2048	1	112	248	5.76049
2560	2048	1	232	258	2.28510
2560	2048	1	410	158	1.91390
2560	2048	1	468	390	1.87740
2048	2048	1	76	354	5.56605
2048	2048	1	306	350	5.22032
2048	2048	1	480	340	0.18948
2560	2048	1	60	440	2.87701
2560	2048	1	84	334	5.13013
2560	2048	1	192	108	0.00000
2560	2048	1	312	82	0.05550
2048	2048	2	62	112	0.00000
2048	2048	2	138	128	0.00000
2048	2048	1	216	318	0.00000
2048	2048	1	22	226	0.76210
2560	2048	1	82	122	3.64869
2560	2048	1	412	258	0.71273
2560	2048	1	512	282	5.91788
2048	2048	1	382	458	4.88217
2048	2560	1	134	58	2.38649
2048	2048	2	186	448	0.00000
2560	2560	1	182	102	2.91479
2560	2560	1	318	104	3.75393
2560	2048	1	364	502	1.87679
2560	2560	1	466	50	3.61479
2048	2560	1	56	308	2.62010
2048	2560	2	24	410	0.00000
2048	2560	1	152	294	0.32812
2048	2560	1	258	300	5.31898
2560	2560	1	8	282	2.22055
2560	2560	1	106	184	5.55878
2048	2560	1	392	398	5.19046
2560	2560	1	174	308	5.27581
2560	2560	1	260	222	4.60089
2560	2560	1	386	184	5.79622
2560	2560	1	506	200	2.51935
2560	2560	1	396	362	5.85499
2560	2560	1	334	416	5.43937
2560	2560	1	122	464	0.32124
2560	2560	1	216	474	3.71949
2048	2560	1	372	512	5.68417
2048	2560	1	162	512	0.57004
2048	2560	2	310	512	0.00000
2560	2048	1	462	54	0.85425
2560	2048	2	158	14	0.00000
2048	2560	2	356	268	0.00000
3584	2048	1	464	50	0.00000
3584	2048	1	512	110	0.27723
3584	2048	1	384	94	0.00000
3584	2048	1	224	0	0.00000
3584	2048	1	260	80	3.86386
3584	2048	1	152	126	0.25012
3584	2048	1	240	202	1.82957
3584	2048	1	302	300	2.79418
3584	2048	1	396	330	5.71362
3584	2048	1	370	202	5.39134
3584	2048	1	380	450	2.76733
3584	2048	1	472	498	3.27816
3584	2048	1	324	502	5.31244
3584	2048	1	118	0	3.14634
3072	2048	1	462	122	2.66860
3072	2048	1	328	64	4.85516
3072	2048	1	214	86	2.25283
3072	2048	1	76	84	4.62006
3072	2048	1	144	152	1.44115
3072	2048	1	46	196	2.76632
3072	2048	1	10	290	5.76460
3072	2048	1	186	258	4.17401
3072	2048	1	144	330	5.70411
3072	2048	1	260	252	3.75448
3072	2048	1	290	360	3.91080
3072	2048	1	392	240	2.08310
3072	2048	1	484	322	3.59740
3072	2048	1	354	446	1.76718
3072	2560	1	478	340	0.62076
3584	2048	1	20	474	5.99513
3072	2048	1	192	506	6.13709
3072	2560	1	78	2	5.89730
3072	2048	1	2	400	2.05742
3072	2560	1	36	142	5.55471
3072	2560	1	192	120	3.77504
3072	2560	1	338	76	3.84209
3072	2560	2	312	10	0.00000
3584	2560	1	260	50	2.87626
3584	2560	1	194	86	3.28122
3584	2560	1	126	58	3.11348
3584	2560	1	74	106	2.29228
3072	2560	1	504	146	2.82900
3072	2560	1	394	158	2.31713
3584	2560	1	368	96	5.29125
3584	2560	1	498	260	2.18855
3584	2560	1	358	212	1.19901
3584	2560	1	266	164	1.25012
3584	2560	1	250	276	3.68584
3584	2560	1	160	294	3.25259
3584	2560	1	114	226	3.36381
3584	2560	1	266	350	3.60246
3072	2560	1	210	200	0.77788
3072	2560	1	82	352	0.32756
3072	2560	1	0	218	2.09942
3072	2560	1	278	312	2.60711
3072	2560	1	222	370	2.50342
3072	2560	1	364	222	4.99416
3072	2560	1	370	292	4.94248
3072	2560	1	154	398	5.75129
3072	2560	1	352	414	1.00535
3584	2560	1	76	352	1.18109
3072	2560	1	484	474	6.17187
3584	2560	1	52	456	3.19283
3584	2560	1	114	474	2.98144
3584	2560	1	194	478	3.22878
3584	2560	1	226	464	4.22803
3584	2560	1	316	406	0.24196
3584	2560	1	360	426	0.26730
3584	2560	1	382	262	6.20882
3584	2560	1	444	364	0.08495
3584	2560	1	512	364	2.96692
3072	2560	1	304	512	0.61705
3584	2048	1	106	428	6.01393
3072	3072	1	56	44	0.45297
3072	3072	1	134	134	3.25903
3072	3072	1	244	24	1.21358
3072	3072	1	252	116	4.93396
3072	3072	1	396	44	0.00000
3584	3072	1	68	60	4.82530
3584	3072	1	262	56	0.97189
3584	3072	1	284	126	4.22435
3584	3072	1	396	110	0.25950
3584	3072	1	460	138	0.38970
3072	3072	1	54	260	3.95481
3072	3072	1	300	240	5.79639
3072	3072	1	202	294	0.00000
3072	3072	1	132	304	0.29369
3072	3072	1	436	178	1.15183
3584	3072	1	52	168	5.90932
3584	3072	1	170	170	2.13753
3584	3072	1	296	246	6.09281
3584	3072	1	456	280	4.08837
3584	3072	1	8	262	1.38491
3072	3072	1	470	354	5.12740
3072	3072	1	382	404	2.87587
3072	3072	2	434	252	0.00000
3072	3072	1	274	442	1.80947
3072	3072	1	32	466	3.76084
3072	3072	1	38	370	3.89515
3072	3584	1	304	8	1.73595
3584	3072	1	176	274	1.93276
3584	3072	1	92	374	5.82503
3584	3072	1	218	406	1.86820
3584	3072	1	328	360	0.61279
3584	3072	2	350	272	0.00000
3584	3072	1	398	356	5.45687
3584	3072	1	512	188	2.62799
3072	3072	1	398	506	5.12088
3072	3072	1	500	432	0.84415
3072	3584	1	156	54	1.94695
3072	3584	1	58	18	0.58427
3072	3584	1	150	120	1.64170
3072	3584	1	304	82	4.75715
3072	3584	1	502	80	1.16111
3584	3584	1	86	66	6.00654
3584	3584	2	6	8	0.00000
3584	3072	1	160	508	5.70162
3584	3584	1	292	40	2.24204
3584	3584	1	376	18	2.95354
3584	3072	1	512	448	2.71927
3072	3584	1	372	168	2.20530
3072	3584	1	128	262	4.16518
3072	3584	1	502	182	2.71420
3072	3584	1	480	276	2.84309
3584	3584	1	212	100	4.51119
3584	3584	1	474	76	0.00000
3584	3584	1	376	196	3.24566
3584	3584	1	208	206	5.29782
3584	3584	1	84	206	0.50078
3584	3584	1	108	262	0.50917
3584	3584	1	270	340	4.13910
3584	3584	1	438	288	3.15282
3584	3584	1	480	228	5.74062
3072	3584	1	420	348	4.97695
3072	3584	1	220	316	0.00000
3072	3584	1	286	382	2.69117
3072	3584	1	98	376	3.52839
3072	3584	1	0	328	2.75164
3072	3584	1	28	478	5.99340
3072	3584	1	156	418	1.00114
3072	3584	1	376	466	0.49482
3072	3584	1	480	476	3.99684
3584	3584	1	48	438	6.05782
3584	3584	1	118	454	6.21114
3584	3584	1	186	328	0.28769
3584	3584	1	298	214	3.77431
3584	3584	1	388	334	5.64418
3584	3584	1	476	428	0.85845
3584	3584	1	482	494	1.04796
3584	3584	1	260	450	3.78034
3584	3584	1	378	416	4.56758
3072	3584	1	354	250	2.29883
3584	3584	1	368	496	2.84383
3072	3584	1	156	512	1.14220
2048	3072	1	146	128	1.28786
2048	3072	1	134	24	0.72664
2048	3072	1	276	66	3.79673
2048	3072	1	386	26	5.66328
2048	3072	1	344	208	4.44144
2048	3072	1	484	90	2.61711
2048	3072	1	510	246	1.71792
2560	3072	1	88	172	1.68582
2560	3072	2	106	238	0.00000
2048	3072	1	288	372	4.69568
2048	3072	1	182	338	3.77328
2048	3072	1	50	304	4.11238
2048	3072	1	68	382	4.90140
2048	3072	2	164	478	0.00000
2048	3584	1	114	290	2.00806
2048	3584	2	222	58	0.00000
2048	3584	2	90	82	0.00000
2048	3584	2	22	52	0.00000
2560	3072	2	140	78	0.00000
2560	3072	1	226	80	3.95330
2560	3072	1	234	186	0.76462
2560	3072	1	358	96	0.54679
2560	3072	1	452	64	0.79031
2560	3072	1	418	180	4.25632
2560	3072	1	292	302	0.00000
2560	3072	1	196	344	5.84119
2560	3072	1	128	364	2.45525
2560	3072	2	82	428	0.00000
2560	3072	1	36	384	3.45234
2048	3072	1	432	322	2.43705
2048	3584	1	388	124	0.83298
2048	3584	2	376	30	0.00000
2048	3072	2	420	420	0.00000
2048	3584	1	460	40	6.08706
2560	3584	2	40	92	0.00000
2560	3584	1	202	54	5.92155
2560	3072	2	290	484	0.00000
2560	3072	1	358	390	0.38962
2560	3072	1	454	270	0.82992
2560	3072	1	428	440	0.61344
2560	3584	1	458	54	5.68889
2048	3584	1	162	200	5.00881
2048	3584	1	278	364	4.69265
2048	3584	2	124	394	0.00000
2048	3584	2	158	498	0.00000
2048	3584	2	308	272	0.00000
2048	3584	1	386	330	0.00000
2048	3584	1	484	166	1.33399
2560	3072	1	110	504	3.55554
2560	3584	1	2	264	1.94146
2560	3584	1	92	204	3.24794
2560	3584	1	150	206	3.27755
2560	3584	1	216	200	3.02535
2560	3584	1	288	198	2.88576
2560	3584	2	344	120	0.00000
2560	3584	1	486	186	5.86150
2560	3584	1	356	232	5.98664
2560	3584	1	426	220	5.87829
2560	3584	1	100	410	0.00000
2048	3584	1	490	380	1.03688
2048	3584	1	390	454	0.00000
2048	3584	1	488	452	0.92730
2560	3072	2	228	474	0.00000
2560	3584	1	198	346	0.79014
2560	3584	1	202	438	1.72236
2560	3584	1	452	392	6.07917
2560	3584	1	498	322	2.67043
2560	3584	1	312	362	4.44391
2560	3584	1	324	454	0.68052
