1536	2560	1	222	460	4.61808
1024	2560	1	34	508	4.04322
1536	2560	1	124	80	0.88088
1024	2560	1	370	472	1.66907
1536	2560	1	48	426	5.40284
1024	2560	1	104	360	6.27906
1024	2560	1	256	430	4.04768
1024	2560	1	34	320	3.40001
1024	2560	1	454	292	4.20116
1024	2560	1	18	154	4.72749
1024	2560	1	162	512	1.71844
1536	2560	1	304	232	5.60413
1024	2560	1	286	306	3.94795
1024	2560	1	160	222	4.07190
1536	2560	1	440	190	5.58519
1536	2560	1	418	394	3.64058
1536	2048	1	512	472	4.04485
1024	2560	1	182	344	2.37813
1536	2560	1	344	512	4.76821
1536	2560	1	222	138	0.99537
1536	2560	1	356	150	2.85686
1536	2560	1	442	54	2.66106
1536	2048	1	406	298	2.30054
1536	2048	1	338	402	0.00000
1024	2560	2	204	276	0.00000
1024	2560	1	496	106	0.10253
1536	2560	1	244	320	2.19174
1536	2560	1	138	360	1.75585
1536	2560	1	138	224	0.00000
1536	2560	1	484	320	5.70890
1536	2560	1	382	306	3.36026
1536	2560	1	48	260	2.34644
1536	2560	1	318	36	1.75718
1536	2048	1	256	246	0.23442
1536	2048	1	284	68	5.82666
1536	2048	2	512	64	0.00000
1536	2048	1	392	18	1.68526
1536	2048	1	2	0	0.00000
1536	2048	1	208	102	5.95792
1536	2048	1	22	134	3.61564
1536	2048	1	122	340	2.22225
1536	2048	1	238	394	0.42331
1536	2048	1	166	460	2.67676
1536	2048	1	78	480	0.00000
1024	2048	1	464	430	0.92765
1536	2048	1	8	286	3.05228
1024	2048	1	406	188	1.80239
1024	2048	1	156	132	2.17634
1024	2048	2	206	78	0.00000
1024	2048	1	262	0	0.00000
1024	2048	1	84	8	2.95994
1024	2048	1	222	366	0.42890
1024	2560	1	302	22	1.06240
1024	2560	1	380	104	4.12207
1024	2048	1	104	300	3.91995
1024	2048	1	60	148	2.09740
1536	2048	1	100	210	6.03821
1536	2560	1	470	512	2.56010
1024	3584	1	114	512	5.57869
1024	3584	1	6	516	5.54455
1024	3584	1	100	330	0.99074
1024	3584	1	0	204	4.57049
1024	3584	1	94	134	0.32822
1024	3584	1	180	166	1.15409
1024	3584	1	262	328	5.08945
1024	3584	1	376	378	0.09967
1024	3584	1	466	320	0.62980
1536	3584	1	58	496	0.26482
1024	3584	1	498	454	0.10488
1536	3584	1	192	486	0.10801
1536	3584	1	362	506	5.28904
1536	3584	2	512	444	0.00000
1536	3584	1	512	344	1.75478
1536	3584	1	398	332	6.21498
1536	3584	1	296	360	0.43241
1536	3584	1	160	330	0.11274
1536	3584	1	446	218	5.01827
1536	3584	1	300	168	2.09231
1536	3584	1	270	246	1.78748
1536	3584	1	414	96	3.72130
1536	3584	2	470	120	0.00000
1536	3584	1	178	130	0.13314
1536	3584	1	66	244	2.51195
1024	3584	1	354	188	2.34257
1024	3584	1	476	160	4.82241
1024	3584	1	402	94	4.53125
1024	3584	1	284	58	1.16282
1024	3072	1	270	440	6.22559
1024	3072	1	160	466	0.28200
1024	3072	1	50	504	3.81113
1024	3072	1	60	264	3.29886
1024	3072	1	118	302	2.78907
1024	3072	1	156	4	1.76819
1024	3072	1	104	62	1.91529
1024	3072	1	140	204	0.37789
1024	3072	1	214	222	0.62025
1024	3072	1	344	254	0.00000
1024	3072	1	286	246	3.67507
1024	3072	1	284	100	5.30649
1024	3072	1	326	36	5.20651
1024	3072	2	468	30	0.00000
1024	3072	1	416	172	0.40127
1536	3072	1	12	176	6.05139
1536	3072	1	82	114	6.12494
1536	3072	1	150	24	4.75462
1536	3072	1	206	110	5.06116
1536	3072	1	350	4	4.78423
1536	3072	1	498	58	2.76109
1536	3072	1	366	90	1.01883
1536	3072	1	370	220	0.27830
1536	3072	1	462	224	0.49888
1536	3072	2	512	310	0.00000
1536	3072	1	512	480	1.57380
1536	3072	2	468	386	0.00000
1536	3072	2	374	462	0.00000
1536	3072	1	232	192	5.21306
1536	3072	1	264	292	2.39753
1536	3072	1	214	338	5.37665
1536	3072	1	230	464	0.76668
1536	3072	1	152	392	5.58054
1536	3584	1	128	42	3.94280
1536	3072	1	94	482	3.55755
1536	3584	2	14	44	0.00000
1536	3072	1	32	422	3.83157
1536	3072	1	36	316	0.68052
2048	2048	1	36	176	0.40489
2048	2048	1	496	188	0.53792
2048	2048	1	162	418	2.75633
2048	2048	1	256	270	0.00000
2048	2048	1	394	70	5.54902
2560	2048	1	180	146	5.57456
2048	2048	2	504	70	0.00000
2560	2048	2	122	10	0.00000
2048	2560	1	108	38	0.00000
2048	2048	1	162	284	5.72570
2560	2048	1	118	242	5.10718
2560	2048	1	92	136	5.85656
2048	2048	1	338	434	4.07670
2048	2048	1	378	318	3.97823
2048	2560	1	476	112	6.10851
2560	2048	1	18	468	4.14566
2048	2560	1	288	90	5.56860
2048	2048	2	18	466	0.00000
2048	2560	2	36	122	0.00000
2560	2048	1	430	64	0.00000
2560	2048	1	482	176	0.00000
2560	2560	1	254	38	1.86439
2560	2048	1	178	436	0.00000
2560	2048	1	320	424	4.18999
2560	2048	1	366	490	1.03038
2560	2560	1	438	40	0.55224
2560	2048	1	420	258	0.00000
2560	2048	1	420	336	0.00000
2560	2048	2	400	142	0.00000
2560	2048	1	324	102	0.00000
2560	2048	2	362	42	0.00000
2048	2048	2	176	70	0.00000
2048	2048	1	164	164	2.56252
2048	2048	2	214	510	0.00000
2560	2560	1	56	160	0.00000
2048	2048	1	376	510	1.59079
2048	2560	2	386	108	0.00000
2048	2560	2	424	62	0.00000
2048	2560	2	180	156	0.00000
2048	2560	2	242	158	0.00000
2048	2560	2	314	212	0.00000
2048	2560	1	90	222	0.00000
2560	2048	1	288	256	2.74301
2560	2560	1	362	376	1.12104
2560	2560	1	144	208	0.00000
2560	2560	1	314	162	0.44611
2560	2560	1	498	174	0.88187
2560	2560	1	376	300	4.46001
2048	2560	1	500	290	2.67795
2048	2560	1	354	252	0.83298
2048	2560	1	196	280	2.72140
2048	2560	1	334	348	4.42318
2560	2560	1	260	264	0.00000
2560	2560	1	140	366	0.59397
2560	2560	2	464	350	0.00000
2048	2560	2	468	484	0.00000
2560	2560	2	16	476	0.00000
2560	2560	2	326	490	0.00000
2048	2560	2	340	450	0.00000
2048	2560	2	164	362	0.00000
2048	2560	2	196	420	0.00000
2048	2560	2	66	512	0.00000
2048	2560	2	196	512	0.00000
2560	2560	1	238	122	0.00000
2560	2560	1	236	466	5.87899
2048	2560	1	88	452	5.17604
2048	2560	2	6	366	0.00000
2560	2560	1	446	432	0.00000
2560	2560	2	472	264	0.00000
2048	2048	1	472	276	4.37797
2048	2560	2	436	322	0.00000
2048	2048	1	478	380	4.31039
2560	2048	2	14	20	0.00000
2560	2048	2	202	44	0.00000
2560	2048	2	362	206	0.00000
3072	2560	1	248	312	3.07477
3072	2560	1	170	170	0.00000
3072	2560	1	382	482	0.00000
3584	2560	1	360	372	5.14048
3584	2560	1	162	248	4.06750
3584	2560	1	450	264	1.29026
3072	2560	1	392	240	4.85058
3584	2560	1	180	490	2.57543
3584	2560	1	70	190	5.03122
3584	2560	1	46	306	3.62268
3584	2560	1	254	380	3.96483
3584	2560	1	466	498	0.64350
3584	2560	1	262	472	5.08954
3072	2560	1	338	124	0.26625
3584	2560	1	464	340	1.42563
3072	2048	1	46	422	3.41576
3072	2560	1	224	446	4.40359
3072	2560	1	340	314	2.55598
3584	2560	1	308	242	4.27742
3584	2560	1	54	112	1.66511
3072	2560	1	476	402	2.48187
3584	2560	1	176	352	0.77007
3584	2560	1	72	414	0.12381
3584	2560	2	344	458	0.00000
3072	2560	1	62	512	4.52704
3072	2560	1	456	40	2.02910
3584	2560	1	268	156	4.11387
3584	2048	1	384	466	2.99957
3584	2048	1	70	508	1.43880
3584	2560	1	484	6	3.31591
3072	2560	1	240	112	2.97817
3072	2560	1	110	340	3.93576
3072	2560	2	432	128	0.00000
3072	2560	2	460	188	0.00000
3072	2048	1	264	424	0.50538
3584	2048	1	68	428	4.17326
3072	2048	1	186	354	4.43994
3584	2048	1	258	440	3.06988
3584	2560	1	154	86	2.67795
3584	2560	1	282	70	0.72151
3072	2048	1	388	426	2.93363
3584	2048	1	14	380	4.14881
3584	2048	1	396	84	5.89330
3584	2048	1	182	288	4.56106
3072	2048	1	454	314	4.57308
3584	2048	1	376	216	5.20633
3584	2048	1	100	196	2.21701
3584	2048	1	260	90	3.85580
3584	2048	1	462	44	0.11576
3072	2048	1	342	240	0.00000
3072	2048	1	270	262	3.00231
3072	2048	1	158	266	1.93478
3072	2048	1	386	148	5.50064
3072	2048	1	500	102	1.96110
3584	2048	1	46	260	5.55452
3072	2048	1	240	116	4.79466
3072	2048	1	86	54	0.21687
3072	2048	1	202	36	4.74335
3584	2048	1	158	112	0.00000
3072	2048	1	336	32	3.76875
3584	2048	1	512	120	0.24998
3584	2048	1	220	0	0.00000
3072	2048	2	48	130	0.00000
3072	2048	2	112	118	0.00000
3072	2048	2	170	122	0.00000
3072	2560	2	316	22	0.00000
3072	2560	2	166	80	0.00000
3584	2048	1	170	484	5.31793
3072	3584	1	138	460	3.38657
3584	3584	1	72	438	5.82319
3072	3584	1	140	208	3.09005
3072	3584	1	364	254	1.33092
3584	3584	1	386	178	4.81439
3072	3584	1	238	184	3.46334
3584	3584	1	278	416	5.73164
3072	3584	1	428	310	0.81254
3584	3584	1	86	328	3.45542
3584	3584	1	504	200	3.57773
3584	3584	1	464	78	0.54042
3072	3584	1	296	410	1.80432
3584	3584	1	354	84	3.67628
3584	3584	1	246	122	4.72993
3584	3584	1	228	42	2.32144
3072	3584	1	44	304	2.02480
3584	3072	1	312	512	0.00000
3072	3584	1	470	478	0.00000
3584	3584	1	416	478	1.78947
3584	3584	1	16	322	0.26985
3072	3584	1	396	394	4.74888
3072	3584	1	28	378	2.02510
3072	3584	1	52	194	2.53389
3584	3584	1	192	370	3.43814
3072	3584	1	232	330	1.46734
3584	3072	1	450	494	0.74860
3584	3584	1	142	328	3.06481
3072	3584	1	280	272	1.99563
3072	3584	1	222	94	4.78125
3072	3584	1	348	128	3.36291
3072	3584	1	482	178	6.08234
3584	3584	1	56	160	0.00000
3072	3584	1	488	66	4.40841
3584	3584	1	136	96	0.00000
3584	3584	1	160	218	1.02401
3584	3584	1	246	230	0.25330
3584	3584	1	286	290	4.01163
3584	3584	1	382	250	1.66625
3584	3584	1	344	346	1.27508
3584	3584	1	432	358	0.60780
3072	3072	1	462	60	3.13340
3584	3072	1	388	462	0.96525
3584	3072	1	348	408	1.34722
3584	3072	1	218	372	4.70674
3584	3072	1	74	422	4.51715
3072	3072	1	298	504	2.67446
3584	3072	1	228	164	3.90881
3072	3072	1	454	484	4.12017
3072	3072	1	196	504	4.04869
3072	3584	1	66	8	4.99381
3072	3584	1	26	90	2.02321
3584	3072	1	458	348	5.76361
3584	3072	1	350	180	1.59349
3584	3072	1	344	272	0.58417
3584	3072	1	402	66	2.64604
3584	3072	1	444	0	0.71443
3584	3072	1	488	302	2.80230
3584	3072	1	282	48	3.97708
3584	3072	1	328	106	4.58012
3584	3072	1	176	180	0.00000
3584	3072	1	276	266	1.65840
3584	3072	1	494	132	4.12315
3584	3072	1	180	48	1.42987
3584	3072	1	136	320	4.58438
3584	3072	1	82	16	0.81210
3584	3072	1	78	138	2.90717
3584	3072	1	8	140	3.44731
3072	3072	1	406	150	5.66478
3072	3072	1	294	354	4.94924
3072	3072	1	302	276	2.01317
3584	3072	1	30	254	1.39849
3072	3072	1	444	370	3.53350
3072	3072	1	336	182	5.65501
3072	3072	2	436	254	0.00000
3072	3072	1	182	40	4.96757
3072	3072	1	170	114	1.93350
3072	3072	1	36	162	3.91476
3072	3072	1	136	346	4.23287
3072	3072	1	134	434	3.88701
3072	3072	1	24	392	3.85395
3072	3072	1	386	10	0.00000
3072	3072	1	56	8	1.42164
3584	3584	1	202	512	0.00000
3584	3584	1	498	420	4.70487
3072	3584	2	286	483	0.00000
3072	3584	2	120	376	0.00000
3584	3072	2	368	337	0.00000
3584	3072	2	248	425	0.00000
2048	3072	1	100	152	0.16860
2048	3072	1	444	58	5.68719
2048	3072	2	76	0	0.00000
2048	3072	1	216	180	0.93723
2560	3072	1	44	74	0.33009
2560	3072	1	186	30	5.49956
2560	3072	1	290	2	5.95766
2560	3072	1	424	112	5.79817
2560	3072	1	346	126	3.33922
2560	3072	1	242	130	2.50182
2560	3072	1	138	136	2.74140
2560	3072	1	272	286	2.62541
2560	3072	1	412	286	4.48478
2560	3072	1	156	284	0.78617
2560	3072	2	98	228	0.00000
2048	3072	1	400	146	5.15337
2048	3072	1	348	228	2.01610
2048	3072	1	392	316	1.62942
2560	3072	1	56	334	0.65593
2560	3072	1	166	378	0.45250
2560	3072	1	290	402	1.54997
2560	3072	1	510	394	0.74942
2560	3072	1	442	460	2.31493
2560	3584	1	490	60	1.66854
2048	3072	1	42	282	1.14054
2048	3072	1	208	336	6.04234
2048	3072	2	276	278	0.00000
2048	3072	2	470	284	0.00000
2560	3072	2	96	432	0.00000
2560	3072	1	12	438	5.82199
2048	3072	1	444	408	1.01220
2048	3072	1	254	420	0.97986
2048	3072	1	322	462	1.03050
2048	3584	1	442	22	2.54821
2560	3072	1	208	482	0.00000
2560	3584	1	182	52	4.18984
2560	3584	1	370	94	1.81075
2560	3584	1	474	182	0.00000
2560	3584	1	270	136	5.23028
2560	3584	1	402	218	3.58046
2048	3072	2	160	468	0.00000
2560	3584	1	512	278	1.96023
2560	3584	1	506	350	1.87740
2560	3584	1	380	360	5.64711
2560	3584	1	332	238	0.50511
2560	3584	1	244	252	0.00000
2560	3584	1	156	192	3.02804
2048	3584	1	502	112	0.56106
2560	3584	1	42	190	0.84495
2560	3584	1	140	294	2.05746
2048	3584	1	318	112	0.00000
2048	3584	1	226	46	5.43613
2048	3584	1	400	174	0.10965
2048	3584	1	396	278	0.87991
2560	3584	1	316	492	0.51915
2560	3584	1	258	384	4.32657
2560	3584	1	180	448	2.04935
2560	3584	1	84	470	2.38926
2560	3584	1	18	512	5.91342
2560	3584	1	60	312	5.37028
2048	3072	1	10	474	4.69756
2048	3584	1	104	66	3.63695
2048	3584	1	180	132	2.62245
2048	3584	1	98	188	0.66701
2048	3584	1	448	382	0.24158
2048	3584	1	266	330	0.00000
2048	3584	1	56	272	5.46143
2048	3584	1	334	478	5.67010
2048	3584	1	190	362	5.87593
2048	3584	1	152	468	5.97166
2048	3584	1	34	442	5.25967
2048	3072	2	198	8	0.00000
