1024	2048	1	76	138	5.47369
1024	2048	1	218	60	0.54083
1024	2048	1	170	234	0.00000
1024	2048	1	236	376	0.20609
1024	2048	1	70	460	0.22165
1024	2048	1	458	212	2.87611
1536	2048	1	56	218	5.93657
1536	2048	1	68	98	5.35589
1536	2048	1	214	132	5.80281
1536	2048	1	378	120	3.02481
1536	2048	2	490	58	0.00000
1536	2048	2	512	124	0.00000
1536	2048	1	240	30	5.90617
1536	2048	2	230	336	0.00000
1536	2048	1	250	244	1.78519
1536	2048	1	444	340	3.11563
1536	2048	1	328	348	3.10213
1536	2048	1	240	482	3.80122
1536	2048	1	354	494	0.48847
1536	2048	1	454	494	3.79167
1024	2560	1	252	42	0.96765
1024	2560	1	406	8	4.13529
1024	2560	1	492	52	4.13100
1024	2560	1	418	132	1.40272
1536	2560	1	80	126	0.59240
1536	2560	1	378	178	6.20059
1536	2560	1	474	152	0.00000
1024	2560	1	94	204	2.81419
1024	2560	1	132	264	3.62836
1024	2560	1	296	218	4.33400
1024	2560	1	454	224	1.35006
1024	2560	1	290	346	5.59744
1024	2560	1	406	342	1.98891
1024	2560	1	152	372	3.64361
1536	2560	1	42	272	0.50027
1536	2560	1	118	340	3.72059
1536	2560	1	270	252	5.73957
1536	2560	1	194	366	3.00935
1536	2560	1	512	378	1.73818
1536	2560	1	386	428	2.12697
1536	2560	1	470	298	4.93020
1536	2560	1	80	440	5.20958
1024	2560	1	318	478	5.03274
1024	2560	1	84	452	6.06739
1024	2560	1	454	424	5.80933
1024	2560	1	180	484	5.37334
1536	2560	1	288	436	3.08192
1536	2560	2	502	462	0.00000
1024	2560	1	14	442	5.95392
1536	2048	2	10	20	0.00000
1024	3072	1	108	154	0.62275
1024	3072	1	80	64	1.17526
1024	3072	1	256	152	6.05679
1024	3072	1	180	204	0.00000
1024	3072	1	236	294	0.00000
1024	3072	1	326	284	0.60038
1024	3072	1	334	38	5.31543
1024	3072	1	464	356	1.54447
1024	3072	1	320	412	1.75833
1024	3072	1	96	348	2.44448
1024	3072	1	98	458	4.90292
1024	3584	1	254	16	1.18170
1024	3584	1	230	98	1.84906
1536	3072	1	148	282	1.14526
1024	3072	1	424	136	2.23195
1536	3072	1	160	72	3.28466
1536	3072	1	254	96	3.21425
1536	3072	1	462	80	1.76213
1536	3072	1	386	286	2.51947
1536	3072	1	318	334	2.22257
1536	3072	1	292	420	5.20539
1536	3072	1	172	434	5.70794
1536	3072	1	102	486	5.67266
1536	3072	1	16	460	0.35026
1024	3072	1	430	512	0.41432
1024	3584	1	358	18	3.63896
1024	3584	1	266	196	4.10369
1024	3584	1	88	270	4.54224
1024	3584	1	236	290	1.23413
1536	3584	1	480	12	4.19281
1536	3584	1	194	128	1.71969
1536	3584	1	280	6	3.16378
1536	3584	1	350	162	1.79495
1536	3584	1	44	172	3.18331
1024	3584	1	430	150	5.67592
1024	3584	1	380	234	5.51125
1536	3584	1	214	230	3.08524
1536	3584	1	130	232	3.05758
1024	3584	1	344	376	0.40104
1536	3584	1	330	450	5.62543
1536	3584	1	356	340	5.73504
1536	3584	1	442	254	5.06482
1536	3584	1	64	442	5.93999
1536	3584	1	174	426	0.35708
1024	3584	1	476	438	6.11357
1536	3584	1	462	434	0.00000
1024	3584	1	140	462	0.00000
1024	3584	1	126	26	0.64962
2048	2048	1	22	238	0.51419
2048	2048	1	72	120	1.75011
2048	2048	1	178	320	2.92803
2048	2048	1	74	412	5.36751
2048	2048	1	292	308	5.65716
2048	2048	1	378	236	2.13976
2048	2048	1	400	130	5.74545
2048	2048	1	302	36	0.47703
2048	2048	1	170	80	3.87084
2560	2048	1	74	114	3.60714
2048	2048	2	500	68	0.00000
2560	2048	1	212	104	0.15031
2560	2048	1	404	220	4.21526
2560	2048	1	318	76	0.04093
2560	2048	1	408	70	5.87580
2560	2048	1	512	16	3.91308
2560	2048	1	116	248	5.80292
2048	2048	1	392	464	0.67202
2048	2048	1	460	364	6.06843
2560	2048	1	60	354	5.38145
2048	2048	1	268	446	2.61194
2560	2048	1	218	260	3.75258
2048	2048	1	60	0	2.44388
2560	2048	1	276	440	3.81434
2048	2560	1	158	8	4.14266
2048	2560	1	66	110	3.89837
2048	2560	2	162	150	0.00000
2048	2560	2	230	156	0.00000
2048	2560	1	272	76	3.07247
2048	2560	2	352	58	0.00000
2048	2560	2	410	54	0.00000
2048	2560	2	314	206	0.00000
2560	2560	2	20	162	0.00000
2048	2560	2	440	316	0.00000
2048	2560	2	502	322	0.00000
2560	2560	1	114	88	5.21514
2560	2560	1	272	28	1.47014
2560	2048	1	402	498	2.68256
2560	2048	1	492	440	3.31334
2560	2560	2	512	22	0.00000
2560	2560	1	384	128	5.47882
2560	2560	1	230	156	3.94618
2560	2560	1	366	238	1.49156
2560	2560	1	508	120	2.15855
2560	2048	1	230	374	0.29883
2048	2560	1	298	362	4.07715
2048	2560	2	320	424	0.00000
2048	2560	2	166	366	0.00000
2048	2560	2	190	418	0.00000
2048	2560	1	118	248	3.00387
2048	2560	1	0	296	4.92760
2048	2560	1	26	372	4.81997
2560	2560	1	130	300	0.31993
2560	2560	1	268	400	3.74829
2560	2560	1	142	426	3.61527
2560	2560	2	22	484	0.00000
2048	2560	1	428	476	1.25904
2048	2560	1	112	464	5.79689
2048	2560	1	36	488	5.72071
2560	2560	1	374	396	3.62166
2560	2560	2	458	334	0.00000
2560	2560	1	510	360	3.69519
2560	2560	1	472	474	4.56662
2560	2560	2	306	486	0.00000
2560	2560	2	270	512	0.00000
3584	2560	1	326	372	4.26628
3584	2560	1	450	306	3.94216
3584	2560	1	88	398	3.55492
3584	2560	1	490	394	3.34738
3584	2560	1	512	512	3.65572
3584	2560	1	344	508	5.18147
3584	2560	1	224	334	3.92222
3072	2560	1	326	324	3.12155
3072	2560	1	0	478	4.19324
3584	2560	1	144	490	4.48167
3584	2560	1	190	330	0.85570
3072	2560	1	480	430	3.64005
3584	2560	1	236	460	4.18217
3072	2560	1	176	272	3.32612
3072	2560	1	254	390	2.95052
3072	2560	1	54	236	4.11752
3072	2560	1	162	404	0.00000
3072	2560	1	0	350	4.28798
3072	2560	1	286	178	2.50615
3584	2560	1	496	204	3.97006
3072	2560	1	378	430	1.16306
3072	2560	1	424	328	4.40035
3584	2560	1	192	404	4.08390
3584	2560	1	420	462	2.54939
3584	2560	2	350	442	0.00000
3584	2560	2	348	138	0.00000
3072	2560	1	236	490	0.00000
3584	2560	1	64	302	3.82391
3584	2560	1	28	236	3.94451
3072	2560	1	434	174	3.21340
3584	2560	1	222	218	1.87754
3584	2560	1	398	124	5.70004
3584	2560	1	88	108	4.48918
3584	2560	1	344	232	3.14457
3584	2048	1	330	480	4.36655
3584	2560	1	276	40	2.29433
3584	2560	1	222	68	1.51429
3072	2048	1	468	490	3.52210
3072	2560	1	316	114	3.83482
3072	2560	1	222	72	2.78140
3584	2048	1	74	474	3.87441
3072	2048	1	82	436	0.80108
3072	2560	1	102	72	2.86673
3072	2048	1	508	388	5.61722
3072	2048	1	352	424	2.14213
3072	2048	1	200	442	3.58266
3072	2560	1	492	58	1.94531
3072	2560	2	260	12	0.00000
3072	2560	2	312	18	0.00000
3072	2560	2	168	92	0.00000
3584	2048	1	296	278	5.47454
3584	2560	1	148	10	3.63568
3584	2048	1	368	218	5.49779
3584	2048	1	458	50	0.00000
3584	2048	1	374	60	0.00000
3072	2048	1	336	338	4.40070
3584	2048	1	14	294	4.92792
3072	2048	1	240	292	1.75614
3072	2048	1	46	180	1.13230
3072	2048	1	50	266	1.57080
3072	2048	1	352	254	2.07449
3072	2048	1	454	170	6.07711
3584	2048	1	132	100	0.18948
3584	2048	1	236	76	3.85153
3584	2048	1	254	190	5.32908
3072	2048	1	496	54	2.81438
3072	2048	1	186	186	6.00225
3072	2048	1	226	64	2.04465
3072	2048	1	378	162	5.77413
3072	2048	1	114	64	1.43897
3072	3072	1	140	100	1.57390
3072	3072	1	66	14	1.48809
3072	3072	1	236	22	0.00000
3072	3072	1	402	82	5.74039
3072	3072	1	488	80	2.01916
3584	3072	1	114	56	4.67148
3584	3072	1	256	80	0.87537
3584	3072	1	226	158	1.03493
3584	3072	1	346	116	1.37027
3584	3072	1	472	86	0.00000
3584	3072	1	410	206	5.53323
3584	3072	2	512	200	0.00000
3072	3072	1	490	192	0.26746
3584	3072	1	66	184	0.18549
3584	3072	1	116	224	0.41613
3584	3072	1	186	270	0.00000
3584	3072	1	282	234	3.71250
3584	3072	1	484	312	3.50323
3584	3072	1	346	360	3.29608
3584	3072	1	412	386	5.51215
3584	3072	1	512	464	2.19158
3072	3072	1	384	212	5.61266
3072	3072	1	282	192	5.57957
3072	3072	1	108	218	5.46876
3072	3072	1	224	240	2.22208
3072	3072	1	60	306	0.00000
3072	3072	1	0	294	0.00000
3072	3072	1	226	344	5.29411
3072	3072	1	150	382	5.61920
3072	3072	1	10	416	0.00000
3072	3072	1	504	292	1.19831
3584	3072	1	52	352	1.21565
3584	3072	1	222	380	0.56477
3584	3072	1	276	458	3.17496
3584	3072	1	390	496	1.11021
3584	3584	1	482	72	0.31608
3584	3584	1	426	32	3.57135
3072	3072	1	458	400	3.69811
3072	3072	1	284	448	3.83458
3072	3072	1	384	502	2.90231
3072	3072	1	128	512	3.50663
3072	3584	1	2	34	3.77349
3584	3072	1	86	440	3.38834
3072	3072	1	472	488	0.86813
3072	3584	1	502	44	1.00227
3584	3584	1	146	12	0.00000
3584	3072	1	214	480	0.34617
3072	3584	1	312	86	3.21459
3584	3584	1	280	82	2.42334
3584	3584	1	226	112	2.46477
3584	3584	1	372	154	3.27792
3584	3584	1	496	226	2.85949
3584	3584	1	424	240	2.98125
3584	3584	1	480	360	2.89662
3584	3584	1	102	136	2.21204
3072	3584	1	156	92	3.73939
3072	3584	1	66	152	0.00000
3072	3584	1	232	142	0.28972
3072	3584	1	158	220	0.51775
3072	3584	2	104	312	0.00000
3072	3584	1	372	170	3.91200
3584	3584	1	190	246	4.41532
3584	3584	1	312	276	2.49701
3072	3584	1	256	270	1.78619
3072	3584	1	182	380	0.49198
3072	3584	1	36	316	0.94563
3584	3584	1	338	360	4.73089
3584	3584	1	136	334	2.44685
3584	3584	1	216	352	0.30538
3072	3584	1	42	398	3.25402
3072	3584	1	114	478	5.59560
3072	3584	1	244	446	3.44491
3072	3584	1	368	408	1.90555
3584	3584	1	30	380	0.25415
3072	3584	1	486	380	5.94902
3584	3584	1	156	452	6.02330
3584	3584	1	386	456	4.78543
3072	3584	1	310	492	4.95778
3584	3584	2	42	502	0.00000
3584	3584	1	84	388	0.00000
3584	3584	1	244	468	0.00000
2048	3072	1	224	202	2.36616
2048	3072	1	196	96	2.26553
2048	3072	1	394	42	0.95360
2048	3072	1	476	102	3.69690
2560	3072	1	122	148	4.91975
2560	3072	1	234	180	4.27956
2560	3072	1	6	310	5.41403
2048	3072	1	278	338	5.03803
2048	3072	1	354	266	0.91105
2560	3072	1	300	278	0.44042
2560	3072	1	416	252	5.84292
2048	3584	1	94	2	2.43287
2048	3072	1	492	462	4.73390
2560	3072	1	290	60	0.00000
2560	3072	1	436	106	0.00000
2560	3072	1	364	78	0.00000
2560	3072	1	180	50	1.90451
2048	3072	1	52	156	0.63979
2560	3072	1	502	92	0.00000
2560	3584	1	62	22	1.14010
2560	3072	1	224	472	0.00000
2048	3072	1	434	314	1.70882
2048	3072	1	410	422	4.10684
2048	3072	1	220	396	5.72459
2048	3072	1	92	384	2.00813
2048	3072	1	300	100	0.00000
2560	3072	1	250	234	0.00000
2560	3072	1	422	382	0.00000
2560	3584	1	154	12	0.00000
2560	3584	1	422	14	4.52722
2560	3584	1	292	64	5.98884
2048	3584	1	242	114	1.53231
2048	3072	1	388	512	1.92379
2048	3584	1	60	80	3.18382
2560	3584	1	66	184	5.62503
2560	3584	1	130	148	5.43903
2048	3584	1	298	338	0.37906
2560	3584	1	296	230	0.03814
2560	3584	1	178	272	5.83343
2048	3584	1	166	246	0.26368
2560	3584	1	222	222	0.00000
2048	3584	1	368	456	0.00000
2560	3584	1	466	136	5.50104
2560	3584	1	418	338	0.97342
2560	3584	1	468	264	2.17957
2560	3584	1	370	150	0.83152
2048	3584	1	442	190	1.20141
2560	3584	1	30	420	0.00000
2560	3584	1	358	296	0.00000
2048	3584	1	162	484	5.40267
2560	3072	2	206	380	0.00000
2560	3072	2	32	182	0.00000
2048	3584	2	54	306	0.00000
2048	3584	2	28	220	0.00000
2048	3584	2	502	266	0.00000
2048	3584	2	392	316	0.00000
2048	3584	2	452	30	0.00000
2560	3584	2	274	396	0.00000
2560	3584	2	296	512	0.00000
2560	3584	2	424	512	0.00000
