1024	2048	1	114	64	0.68843
1024	2048	1	244	128	0.77431
1024	2048	1	192	258	1.57556
1024	2048	1	312	202	3.65179
1536	2048	1	96	258	6.24044
1536	2048	1	224	152	0.00804
1536	2048	1	106	150	1.93914
1536	2048	1	276	76	5.80584
1024	2048	1	212	390	0.25438
1024	2560	1	284	22	0.83100
1536	2560	1	22	22	5.63915
1024	2560	1	274	194	4.49784
1024	2560	1	92	162	2.08669
1024	2560	1	418	108	3.95499
1024	2560	1	422	194	0.79290
1536	2048	1	216	494	0.76931
1536	2048	1	266	376	5.09621
1536	2560	1	372	76	2.36330
1536	2048	1	342	318	2.79182
1536	2048	1	498	340	2.27333
1024	2560	1	106	314	0.51367
1024	2048	1	498	304	5.80516
1536	2560	1	166	334	0.35676
1536	2560	1	132	186	0.90981
1536	2560	1	308	246	5.47537
1536	2560	1	252	82	0.36010
1536	2560	1	434	2	3.26520
1536	2048	1	416	426	0.24609
1536	2048	1	394	208	3.05917
1536	2560	1	42	304	1.59465
1536	2560	1	330	430	2.60758
1024	2560	1	506	218	4.02202
1024	2560	1	482	386	5.75354
1024	2560	1	234	472	1.02497
1024	2560	1	244	308	0.65755
1024	2560	1	334	320	3.25783
1024	2560	1	156	412	3.78412
1536	2560	1	42	474	0.80466
1536	2560	1	224	426	0.00000
1536	2560	1	398	214	2.67238
1536	2560	1	390	396	2.97601
1536	2560	1	460	314	3.50663
1536	2560	1	500	88	0.69044
1024	2560	1	396	458	3.23332
1024	2560	1	28	392	3.16913
1536	2048	2	15	45	0.00000
1024	2048	2	355	49	0.00000
1024	2048	2	199	93	0.00000
1536	2048	2	483	49	0.00000
1024	2560	2	49	499	0.00000
1024	2560	2	25	499	0.00000
1536	2048	2	399	41	0.00000
1536	2048	2	311	37	0.00000
1536	2048	1	230	268	2.83861
1536	3072	1	212	80	2.71435
1536	3072	1	306	142	6.15362
1536	3072	1	398	142	2.45365
1536	3072	1	462	122	5.59804
1024	3072	1	412	126	0.98706
1024	3072	1	308	124	5.29494
1024	3072	1	112	74	3.38767
1024	3072	1	40	40	0.36367
1024	3072	1	138	166	0.92877
1024	3072	1	34	222	3.64645
1024	3072	1	244	198	4.13131
1536	3072	1	22	186	0.80532
1536	3072	1	200	212	4.77861
1536	3072	1	388	316	1.13824
1536	3072	1	506	260	2.87817
1536	3072	1	42	316	0.48791
1536	3072	1	208	338	5.20924
1024	3072	1	396	300	4.74345
1024	3072	1	268	348	5.69828
1024	3072	1	94	292	4.40243
1024	3072	1	164	370	1.88534
1024	3072	1	412	398	1.18377
1536	3072	1	46	414	0.66790
1536	3072	1	178	434	2.95855
1536	3072	1	96	490	3.36540
1536	3072	1	242	478	5.66130
1536	3072	1	334	468	3.25750
1536	3072	1	438	470	2.67100
1536	3072	1	488	418	5.71791
1024	3072	1	244	466	1.38160
1024	3072	1	126	424	5.84279
1024	3072	1	60	458	5.67755
1024	3584	1	420	14	1.07645
1536	3584	2	28	100	0.00000
1536	3584	1	216	114	2.19724
1536	3584	2	406	112	0.00000
1536	3584	2	468	112	0.00000
1536	3584	1	390	182	1.53625
1024	3584	1	348	134	2.14424
1024	3584	1	130	94	5.04234
1024	3584	1	26	108	5.84562
1024	3584	1	122	308	5.74277
1024	3584	1	328	308	5.70681
1024	3584	1	420	368	0.30805
1024	3584	1	498	240	5.25367
1536	3584	1	96	248	0.12874
1536	3584	1	206	230	1.49789
1536	3584	1	422	246	1.06092
1536	3584	1	316	328	1.37875
1536	3584	1	120	346	0.98210
1536	3584	1	498	286	0.93462
1536	3584	1	416	364	0.00000
1536	3584	1	480	410	0.00000
1536	3584	1	326	512	5.67700
1536	3584	1	182	460	0.00000
1536	3584	1	86	484	0.75845
1024	3584	1	100	482	5.50491
2048	2048	1	478	198	0.38496
2048	2048	1	394	112	3.54683
2560	2048	1	16	102	5.25532
2560	2048	1	36	278	4.16200
2048	2048	1	174	66	2.92381
2048	2048	1	56	26	6.03505
2048	2048	1	90	164	2.33497
2048	2048	1	182	210	0.29795
2048	2048	1	250	246	0.00000
2048	2048	1	50	294	6.14387
2048	2048	1	144	336	4.05433
2048	2048	1	394	336	2.24889
2560	2048	1	88	402	2.32978
2560	2048	1	330	242	3.47386
2560	2048	1	216	176	4.87773
2560	2048	1	118	78	3.19930
2560	2048	1	204	74	3.21083
2560	2048	1	426	68	0.00000
2560	2048	1	486	146	3.77877
2560	2048	1	322	84	0.26659
2560	2048	1	512	304	0.86392
2560	2048	1	512	202	0.63566
2048	2048	1	364	422	4.27833
2560	2048	1	36	496	4.15348
2048	2048	2	212	508	0.00000
2048	2048	2	258	408	0.00000
2048	2048	1	104	444	2.00606
2048	2560	1	186	88	4.18839
2048	2560	1	314	8	4.09108
2560	2048	1	230	446	3.04305
2560	2048	2	296	400	0.00000
2560	2048	1	344	460	3.28867
2560	2560	1	426	30	3.12315
2560	2560	1	174	42	2.63362
2560	2560	1	260	90	0.36859
2560	2560	1	370	126	5.35713
2560	2560	1	110	144	0.00000
2560	2560	1	474	208	5.86487
2048	2560	2	416	52	0.00000
2048	2560	2	378	94	0.00000
2560	2560	1	12	96	3.85072
2048	2560	1	338	144	5.69844
2048	2560	1	46	132	4.01994
2048	2560	1	34	6	1.68964
2048	2560	2	228	162	0.00000
2048	2560	2	170	144	0.00000
2048	2560	1	58	222	4.72198
2048	2560	2	168	362	0.00000
2048	2560	2	196	418	0.00000
2560	2560	1	192	278	3.27800
2560	2560	1	86	298	4.17675
2048	2560	1	402	242	1.43555
2560	2560	1	6	298	3.61409
2048	2560	1	178	288	1.28174
2560	2560	2	468	328	0.00000
2048	2560	1	296	432	3.11989
2560	2560	1	254	466	2.66774
2560	2560	1	310	200	5.53481
2560	2560	1	500	490	2.59594
2048	2560	1	494	434	4.64511
2560	2560	1	120	432	0.00000
2560	2560	1	316	316	5.67103
2560	2560	1	408	262	2.66207
2560	2560	1	342	454	2.70785
2048	2560	1	52	366	5.06047
2560	2560	2	506	84	0.00000
2048	2560	1	158	484	0.00000
2048	2560	1	378	512	2.84823
2048	2560	1	26	436	1.63286
3584	2048	1	386	84	6.04162
3584	2048	1	464	64	0.24871
3584	2048	1	512	104	0.00000
3584	2048	1	384	218	5.14902
3584	2048	1	270	92	3.87575
3584	2048	1	154	110	0.00000
3584	2048	1	20	94	4.08722
3072	2048	1	414	162	3.33349
3072	2048	1	356	132	0.14808
3072	2048	1	76	50	0.33030
3072	2048	1	206	30	1.97283
3072	2048	1	356	10	5.76078
3072	2048	1	152	148	5.98469
3072	2048	1	238	106	4.81331
3072	2048	2	436	22	0.00000
3072	2048	1	32	186	0.41241
3072	2048	1	10	294	0.77228
3072	2048	1	130	368	4.74139
3072	2048	1	242	366	3.34909
3072	2048	1	360	282	1.44135
3072	2048	1	500	184	4.41278
3584	2048	1	32	256	1.34246
3584	2048	1	60	358	2.78596
3584	2048	1	200	230	4.73009
3584	2048	1	164	292	4.51154
3584	2048	1	178	382	5.16097
3584	2048	1	484	458	2.87650
3584	2048	1	392	462	3.03578
3584	2048	1	310	494	6.02703
3584	2560	1	250	34	3.05426
3584	2048	1	154	476	3.13285
3072	2560	1	44	96	4.81349
3072	2560	1	200	104	0.30167
3072	2048	1	280	504	1.85657
3072	2048	1	350	444	4.77354
3072	2048	1	344	382	1.95975
3072	2048	1	442	336	1.59711
3072	2048	1	482	458	2.76726
3072	2560	1	430	46	1.78275
3584	2560	1	66	68	1.71269
3584	2048	1	64	498	5.36226
3072	2560	2	154	76	0.00000
3072	2560	2	464	184	0.00000
3072	2560	2	436	128	0.00000
3072	2560	1	344	182	0.50486
3072	2560	1	300	74	1.41419
3584	2560	1	436	112	6.14391
3584	2560	1	512	126	3.00839
3584	2560	1	264	174	4.40577
3584	2560	1	296	274	3.17126
3584	2560	1	164	152	3.77039
3584	2560	1	52	182	2.32095
3584	2560	1	176	242	2.17897
3584	2560	1	428	298	3.31248
3584	2560	1	512	330	2.59644
3584	2560	1	350	338	3.35801
3584	2560	1	440	420	4.31775
3584	2560	1	224	334	4.80870
3584	2560	1	296	442	5.81311
3584	2560	1	108	354	0.53395
3584	2560	1	30	296	1.24905
3072	2560	1	492	374	1.16031
3072	2560	1	408	314	3.29074
3072	2560	1	338	296	3.56579
3072	2560	1	260	300	0.20513
3072	2560	1	188	342	3.00606
3072	2560	1	106	314	2.80514
3072	2560	1	132	466	5.78222
3072	2560	1	284	446	1.22203
3072	2560	1	374	472	0.00000
3072	2560	2	90	510	0.00000
3584	2560	2	28	490	0.00000
3584	2560	2	170	470	0.00000
3584	2560	2	242	492	0.00000
3584	2560	2	478	496	0.00000
3584	2560	2	144	408	0.00000
3584	2048	2	224	24	0.00000
3072	3072	1	252	104	4.77803
3072	3072	1	110	54	2.79862
3072	3072	2	48	140	0.00000
3072	3072	1	166	200	5.21246
3072	3072	1	294	194	5.14517
3072	3072	1	386	174	5.42102
3072	3072	1	466	126	5.51795
3584	3072	1	26	50	3.55312
3072	3072	2	382	32	0.00000
3584	3072	2	182	40	0.00000
3584	3072	2	224	134	0.00000
3584	3072	2	336	66	0.00000
3584	3072	1	114	144	1.26411
3584	3072	1	278	84	5.99838
3584	3072	1	472	30	0.30970
3584	3072	1	382	128	4.00682
3072	3072	1	290	302	2.94264
3072	3072	1	380	302	1.95130
3072	3072	2	436	256	0.00000
3072	3072	1	124	308	0.75405
3072	3072	2	40	376	0.00000
3072	3072	1	206	372	2.03444
3072	3072	1	374	398	4.39206
3072	3584	1	30	30	3.22294
3072	3072	2	240	452	0.00000
3072	3072	1	326	506	5.18133
3072	3072	1	400	496	6.09576
3072	3072	1	512	412	5.79810
3584	3072	1	92	414	5.56789
3584	3072	1	124	274	1.65753
3584	3072	1	126	340	2.05102
3584	3072	1	128	200	4.49466
3584	3072	2	260	272	0.00000
3584	3072	1	322	296	3.16093
3584	3072	1	410	200	0.60554
3584	3072	1	432	340	3.09542
3584	3072	1	498	322	2.78133
3584	3072	2	486	130	0.00000
3584	3584	1	72	48	0.83792
3072	3584	1	260	26	1.98779
3072	3584	1	126	76	5.88973
3072	3584	1	36	192	0.64579
3072	3584	1	196	98	2.94798
3072	3584	1	258	178	0.97378
3072	3584	1	310	90	4.25991
3072	3584	1	404	158	0.60172
3584	3072	1	208	434	3.63784
3584	3072	1	284	438	3.10028
3584	3072	1	368	448	5.95128
3584	3072	1	464	480	2.19500
3584	3584	1	274	70	3.91487
3584	3584	1	164	92	6.06765
3584	3584	1	46	200	1.14417
3072	3584	1	408	242	0.98279
3072	3584	1	68	280	1.46292
3072	3584	1	196	304	2.77070
3584	3584	1	36	292	1.25155
3584	3584	2	102	364	0.00000
3584	3584	1	336	72	3.38082
3584	3584	1	420	64	0.76338
3584	3584	1	398	164	4.35773
3584	3584	1	264	192	4.61434
3584	3584	1	466	226	0.34302
3072	3584	1	292	346	5.73412
3072	3584	1	464	396	1.68736
3584	3584	1	156	280	5.88404
3584	3584	1	260	418	6.12699
3584	3584	1	400	416	1.28992
3584	3584	1	28	474	2.23926
3072	3584	1	202	466	0.00000
3072	3584	1	354	464	1.64757
3584	3584	1	492	342	3.93146
3584	3584	1	400	268	5.58807
3584	3584	1	504	76	3.21611
3584	3584	2	421	495	0.00000
2560	3072	2	140	80	0.00000
2048	3072	2	132	124	0.00000
2048	3072	2	306	428	0.00000
2048	3072	2	154	484	0.00000
2560	3072	2	354	246	0.00000
2560	3072	2	94	232	0.00000
2560	3584	2	270	254	0.00000
2560	3584	2	270	352	0.00000
2560	3584	2	206	354	0.00000
2048	3072	2	458	288	0.00000
2560	3072	2	228	130	0.00000
2048	3072	2	490	446	0.00000
2560	3072	2	90	442	0.00000
2048	3072	2	232	288	0.00000
2048	3072	1	70	176	0.05568
2048	3072	1	194	220	0.00000
2048	3584	1	70	26	2.72737
2048	3584	1	192	60	1.19337
2048	3072	1	160	386	1.27418
2560	3072	1	412	298	0.21441
2560	3072	1	426	76	0.00000
2560	3072	1	330	110	5.97792
2560	3072	1	460	422	5.23557
2560	3072	1	214	282	0.12217
2048	3072	1	406	64	2.27789
2048	3072	1	304	222	3.43766
2048	3072	1	390	140	5.69193
2560	3072	1	32	50	1.21745
2048	3072	1	480	148	4.12392
2048	3072	1	248	82	0.26766
2560	3072	1	208	48	5.53017
2048	3072	1	314	354	4.16749
2048	3072	1	376	474	5.86155
2048	3072	1	450	364	0.85010
2048	3072	1	494	228	1.68773
2560	3072	1	262	194	1.92913
2560	3584	1	440	28	1.32891
2560	3072	1	320	398	5.41422
2560	3072	1	136	328	5.93719
2560	3072	1	74	346	3.10180
2560	3072	1	40	454	2.50749
2560	3584	1	42	62	6.00756
2048	3072	1	262	464	5.26517
2048	3072	2	50	368	0.00000
2560	3072	1	136	490	0.00000
2560	3072	1	214	464	0.00000
2560	3584	1	284	16	4.11246
2048	3584	1	20	122	3.28548
2560	3584	1	202	462	5.54613
2560	3584	1	272	132	0.75567
2048	3584	1	446	36	3.55783
2048	3584	1	360	102	0.00000
2560	3584	1	174	268	5.45518
2560	3584	1	454	158	2.55435
2048	3584	1	374	244	6.03923
2048	3584	1	424	166	0.00000
2048	3584	1	498	118	0.00000
2560	3584	1	158	162	1.06058
2560	3584	1	34	406	5.62120
2048	3584	1	76	428	0.00000
2048	3072	1	150	30	0.00000
2048	3584	1	442	378	0.00000
2048	3584	1	338	476	0.00000
2560	3584	1	346	386	5.44014
2560	3584	1	338	252	5.41829
2560	3584	1	502	386	3.04209
2048	3584	1	218	510	5.54424
2048	3584	1	180	404	5.10505
2048	3584	1	232	340	4.92360
2048	3584	1	316	270	6.02258
2048	3584	1	238	224	2.33170
2048	3584	1	154	278	1.00950
2560	3584	1	26	214	1.18448
2560	3584	1	30	298	4.97585
2560	3584	2	126	302	0.00000
2560	3584	1	512	208	0.43757
2560	3584	1	386	512	5.29507
2048	3072	1	58	0	0.93045
2048	3072	1	20	282	2.54889
2560	3072	1	512	94	5.28493
