1536	2048	1	118	494	0.03796
1024	2048	1	244	342	0.58800
1024	2048	1	220	196	2.66287
1024	2048	1	468	400	3.93021
1024	2048	1	458	230	3.05821
1024	2048	2	188	100	0.00000
1536	2048	2	242	206	0.00000
1024	2048	1	96	426	0.24565
1024	2560	1	108	78	0.68142
1024	2560	1	240	40	1.14828
1536	2048	1	4	486	0.85700
1024	2560	2	414	56	0.00000
1024	2048	1	96	44	3.34909
1024	2048	2	24	200	0.00000
1536	2048	1	104	136	1.95526
1536	2048	2	42	56	0.00000
1024	2048	2	462	20	0.00000
1024	2048	2	272	22	0.00000
1536	2048	2	112	20	0.00000
1536	2048	1	276	52	2.67278
1536	2048	1	442	256	0.00000
1536	2048	2	360	130	0.00000
1536	2048	2	510	66	0.00000
1536	2048	1	132	300	2.32070
1536	2048	1	278	404	2.80761
1536	2048	2	210	436	0.00000
1536	2048	1	322	498	3.21005
1536	2048	1	312	312	2.43051
1536	2048	1	376	296	0.00000
1536	2048	1	412	452	3.71843
1536	2560	2	512	56	0.00000
1536	2560	1	258	252	0.00000
1024	2560	1	480	216	2.09118
1024	2560	1	256	266	5.84566
1024	2560	1	46	224	5.87212
1024	2560	2	128	204	0.00000
1024	2560	2	170	284	0.00000
1024	2560	1	378	304	0.99490
1536	2560	1	16	340	2.23184
1536	2560	1	48	172	5.44617
1536	2560	1	142	260	2.95825
1536	2560	1	220	188	3.39689
1536	2560	1	482	172	0.46365
1024	2560	1	56	308	2.17880
1024	2560	2	232	512	0.00000
1024	2560	2	390	512	0.00000
1024	2560	2	464	394	0.00000
1536	2560	1	64	444	5.11618
1024	2560	1	498	88	0.00000
1536	2560	1	212	408	2.05983
1536	2560	2	356	294	0.00000
1536	2560	2	456	316	0.00000
1536	2560	2	196	482	0.00000
1536	2560	2	88	504	0.00000
1536	2560	2	316	466	0.00000
1536	2560	1	382	426	1.97545
1536	2560	2	512	462	0.00000
1024	3072	2	372	78	0.00000
1024	3072	2	472	34	0.00000
1024	3584	2	306	88	0.00000
1024	3072	2	498	296	0.00000
1024	3072	2	348	344	0.00000
1536	3072	2	194	362	0.00000
1536	3584	2	390	128	0.00000
1536	3584	2	252	170	0.00000
1024	3584	2	178	26	0.00000
1536	3584	2	252	266	0.00000
1536	3584	2	510	274	0.00000
1536	3584	2	50	196	0.00000
1536	3584	1	510	516	5.93731
1536	3584	1	442	516	0.00000
1536	3584	1	368	514	0.00000
1536	3584	1	240	516	5.61908
1024	3584	1	504	516	0.33291
1024	3584	1	160	494	0.00000
1024	3584	1	288	436	1.19270
1024	3584	1	22	490	4.96524
1024	3584	1	68	302	6.16274
1024	3584	1	188	278	1.30172
1024	3584	1	334	318	4.56657
1536	3584	1	112	338	1.20221
1536	3584	2	248	362	0.00000
1536	3584	1	190	392	0.00000
1536	3584	1	416	384	5.48329
1024	3584	1	104	202	2.55552
1024	3584	1	30	34	3.13814
1024	3584	1	114	74	0.00000
1024	3072	1	128	398	0.84105
1024	3072	2	22	374	0.00000
1024	3584	1	214	84	0.00000
1024	3072	1	114	130	0.27003
1024	3072	1	174	232	0.67261
1024	3072	1	272	328	0.39068
1024	3072	1	250	442	1.09767
1024	3072	1	350	456	4.36207
1024	3584	1	318	170	1.50241
1024	3584	1	378	60	2.69008
1024	3072	1	438	274	3.77013
1024	3584	1	408	256	5.63667
1024	3584	1	498	210	5.79636
1024	3584	1	504	112	2.22478
1536	3584	2	20	50	0.00000
1536	3584	1	174	204	2.10481
1536	3584	1	90	58	2.57744
1024	3072	1	502	458	2.00847
1536	3072	1	110	398	0.83150
1536	3072	1	40	332	0.85822
1536	3584	1	172	52	3.05078
1536	3072	1	214	434	0.67445
1536	3072	1	276	474	3.43215
1536	3584	1	446	158	3.36920
1536	3584	1	410	16	5.73146
1536	3072	1	446	434	5.77113
1536	3072	1	512	444	0.00000
1536	3072	1	512	226	0.00000
1536	3072	1	242	312	5.09369
1536	3072	1	84	226	2.09843
1024	3072	1	326	166	3.59880
1024	3072	1	214	44	0.68898
1024	3072	1	286	82	3.33529
1024	3072	1	462	132	3.63313
1536	3072	1	30	84	3.28245
1536	3072	1	140	22	1.90531
1536	3072	1	92	122	0.57232
1536	3072	1	174	160	4.61215
1536	3072	1	250	68	3.30986
1536	3072	1	370	56	5.48533
1536	3072	2	404	20	0.00000
1536	3072	1	396	164	1.84326
1536	3072	1	276	204	4.25002
1536	3072	1	354	254	4.29521
1024	3072	1	12	298	2.69322
1536	3072	1	512	4	3.34973
2560	2560	1	54	440	1.37422
2560	2560	1	184	454	2.15488
2560	2560	1	154	270	5.50789
2048	2560	1	386	512	5.66658
2560	2560	1	268	274	3.32782
2048	2560	1	242	372	3.97566
2560	2560	1	236	402	1.84011
2048	2560	1	272	484	6.03383
2048	2560	1	124	270	2.23255
2560	2560	1	374	512	0.00000
2048	2560	1	258	270	1.61838
2560	2560	1	188	164	2.85346
2560	2560	1	400	386	1.64929
2560	2560	1	94	176	1.12695
2048	2560	1	462	96	0.00000
2048	2560	1	412	140	2.93989
2048	2560	1	490	504	2.85381
2048	2560	1	272	120	0.62820
2048	2560	1	94	390	0.53077
2048	2560	1	382	380	6.13181
2560	2560	2	320	472	0.00000
2048	2560	2	72	306	0.00000
2560	2560	2	10	308	0.00000
2048	2560	2	440	324	0.00000
2560	2560	2	478	344	0.00000
2048	2560	2	330	424	0.00000
2048	2560	2	234	148	0.00000
2048	2560	2	168	154	0.00000
2048	2560	2	194	506	0.00000
2048	2560	2	322	202	0.00000
2048	2560	2	356	56	0.00000
2048	2560	1	66	200	1.43335
2048	2560	1	52	124	4.05590
2048	2048	1	30	496	0.53623
2048	2048	1	148	484	1.93321
2048	2560	1	172	72	4.30833
2560	2560	1	26	54	2.25613
2560	2560	1	158	2	1.46855
2560	2560	1	400	234	2.87763
2560	2560	1	512	76	0.72322
2560	2560	1	508	216	5.00050
2560	2560	1	282	76	1.92010
2560	2048	1	396	444	3.14159
2560	2048	1	228	432	0.00000
2560	2048	1	396	252	0.68469
2560	2048	1	464	152	1.01500
2560	2048	1	316	98	0.00000
2560	2048	1	234	122	0.00000
2560	2048	1	178	120	2.91769
2048	2048	1	362	294	1.17601
2048	2048	1	336	236	3.40784
2048	2048	1	396	84	4.17354
2560	2048	1	36	220	1.48245
2560	2048	1	220	312	1.46592
2560	2048	1	8	330	5.17683
2048	2048	1	484	444	0.00000
2048	2048	1	356	402	1.64384
2560	2048	2	302	392	0.00000
2560	2048	2	350	392	0.00000
2048	2048	1	286	48	5.87829
2048	2048	1	218	326	0.30379
2048	2048	2	494	72	0.00000
2048	2048	1	346	466	4.56202
2048	2048	1	150	248	0.00000
2048	2048	1	184	42	3.42732
2048	2048	1	84	150	0.37480
2048	2048	1	60	360	2.18961
2048	2048	1	34	246	5.71016
3072	2048	1	168	230	5.91112
3072	2048	1	476	270	2.32243
3072	2048	1	196	394	4.62438
3072	2048	1	124	492	3.23261
3072	2560	2	254	22	0.00000
3072	2048	1	156	102	2.05662
3072	2048	1	290	76	1.69531
3072	2048	1	454	62	4.90978
3584	2048	1	102	144	1.51183
3584	2048	1	248	78	3.89443
3584	2048	1	156	230	4.45983
3584	2048	1	54	300	5.87829
3072	2048	1	368	314	1.68104
3072	2048	1	464	412	5.68090
3584	2048	1	42	418	5.71146
3072	2048	1	378	498	3.17189
3072	2560	2	300	20	0.00000
3072	2560	2	164	82	0.00000
3072	2560	1	76	262	1.13590
3072	2560	1	232	114	1.16990
3072	2560	1	460	48	4.49703
3072	2560	1	356	156	0.00000
3584	2560	1	84	70	2.17701
3072	2560	1	500	136	0.79212
3072	2560	2	436	116	0.00000
3584	2048	1	174	480	3.60797
3584	2048	1	210	400	5.19031
3584	2048	1	224	310	4.56868
3584	2048	1	342	382	2.75291
3584	2048	1	440	324	0.26195
3584	2048	1	368	250	5.25773
3584	2048	2	362	184	0.00000
3584	2048	1	472	64	0.00000
3584	2560	1	110	198	0.84910
3584	2560	1	28	204	3.50189
3072	2560	1	178	300	4.44079
3072	2560	1	324	262	0.00000
3072	2560	1	430	244	0.00000
3584	2560	1	468	106	3.28167
3584	2560	1	380	10	5.14608
3584	2048	1	280	510	5.10190
3584	2560	1	268	112	2.53000
3584	2560	1	364	102	5.43754
3584	2560	1	222	172	3.51190
3584	2560	1	244	268	3.19709
3584	2560	1	326	268	3.20561
3584	2560	1	416	258	3.36634
3584	2560	1	450	320	3.33681
3584	2560	1	148	256	5.44291
3072	2560	1	64	406	1.17317
3072	2560	1	178	430	3.29431
3072	2560	1	328	446	4.86418
3584	2560	1	30	404	5.95683
3584	2560	1	148	356	2.00976
3584	2560	1	238	428	2.94685
3584	2560	1	308	410	3.49354
3584	2560	1	380	394	0.00000
3072	3072	1	264	216	5.37032
3072	3072	1	398	76	5.82159
3072	3072	1	36	78	3.76998
3072	3072	1	110	202	6.00618
3072	3072	1	186	102	0.26167
3072	3072	1	136	60	0.00000
3072	3072	1	248	38	3.64116
3072	3072	1	66	268	3.10887
3072	3072	1	30	188	0.79186
3072	3072	1	308	324	3.89151
3072	3072	1	214	458	5.55329
3072	3072	1	92	452	5.30181
3072	3072	1	312	456	2.30860
3072	3584	1	230	98	3.36839
3072	3584	1	118	178	3.13140
3072	3584	1	102	56	1.97397
3072	3584	1	160	250	3.69276
3072	3584	1	88	376	3.95362
3072	3584	1	64	266	2.22756
3072	3584	1	212	342	1.06561
3072	3584	1	304	278	5.17280
3072	3584	1	336	424	5.77625
3072	3584	1	272	456	5.81191
3072	3584	1	346	196	5.78856
3584	3584	1	446	488	5.46775
3584	3584	1	372	322	1.18872
3584	3584	1	260	352	0.72386
3584	3584	1	120	476	4.12931
3584	3584	1	54	204	0.63275
3584	3584	1	248	142	0.21109
3584	3584	1	132	200	4.16630
3072	3584	1	504	76	4.75205
3584	3072	1	386	494	0.00000
3584	3584	1	222	252	4.71856
3072	3584	1	512	152	4.22069
3584	3584	1	144	92	1.82598
3584	3584	1	348	150	0.75494
3584	3584	1	304	42	3.30980
3072	3584	1	382	94	2.71948
3072	3072	1	418	332	1.33750
3584	3072	1	50	378	0.48554
3072	3072	1	470	408	0.94618
3584	3584	1	178	24	1.64829
3584	3072	1	132	434	2.18108
3584	3072	1	264	446	3.40677
3584	3072	1	218	362	4.26238
3584	3072	1	28	278	4.93170
3584	3072	1	494	378	2.69184
3584	3072	1	250	250	2.56003
3584	3072	1	496	162	0.00000
3584	3072	1	444	266	0.00000
3584	3072	1	54	140	1.75165
3584	3072	1	202	132	2.20787
3584	3072	1	306	192	0.00000
3584	3072	1	138	218	1.64248
3584	3072	1	360	72	2.73251
3584	3072	1	278	64	0.00000
3584	3072	1	208	20	3.28397
3072	3584	1	512	412	5.61847
3072	3584	1	422	248	5.74036
3072	3072	1	370	222	2.76759
3584	3072	1	12	22	2.28379
3584	3072	1	8	498	1.93334
2048	3584	1	370	394	6.15882
2048	3072	1	284	176	1.32279
2560	3584	1	156	468	5.88117
2048	3072	2	168	482	0.00000
2048	3072	2	430	232	0.00000
2560	3072	2	354	240	0.00000
2560	3072	2	104	220	0.00000
2560	3072	2	218	132	0.00000
2048	3072	2	202	322	0.00000
2048	3584	1	294	460	6.05663
2560	3584	1	20	492	3.11881
2560	3584	1	230	398	3.89235
2560	3584	1	446	386	1.19016
2048	3072	1	262	94	5.68094
2048	3072	1	110	110	0.98975
2048	3584	1	468	452	0.46565
2560	3584	1	36	296	0.00000
2048	3584	1	126	284	1.21613
2048	3584	1	52	458	0.00000
2048	3584	1	212	494	2.53198
2048	3584	1	342	252	0.32620
2048	3584	1	124	474	0.00000
2048	3584	1	224	300	0.69727
2560	3584	2	124	300	0.00000
2048	3584	2	124	230	0.00000
2048	3584	1	274	18	2.85598
2560	3584	1	396	314	5.61162
2048	3072	1	30	452	6.14395
2048	3584	1	78	116	1.58143
2048	3584	1	344	96	1.06832
2560	3584	1	354	380	4.07126
2560	3584	1	280	304	2.07473
2048	3584	1	442	178	1.31303
2560	3584	1	158	236	2.71757
2560	3584	1	410	134	3.58731
2048	3584	1	450	314	0.17962
2560	3584	1	494	172	4.20992
2560	3584	1	248	182	3.43640
2560	3584	1	314	196	0.00000
2560	3584	1	504	300	2.14014
2560	3584	1	154	126	2.30331
2560	3072	1	152	494	0.62838
2560	3584	1	506	8	0.00000
2560	3584	1	416	10	0.00000
2560	3072	2	248	488	0.00000
2048	3072	1	202	406	4.93752
2048	3072	1	420	416	4.50703
2560	3072	1	74	444	0.91953
2048	3584	1	454	50	0.00000
2048	3072	1	34	232	6.23564
2048	3072	1	110	282	3.86354
2560	3072	1	54	332	5.20570
2048	3072	1	488	366	5.62188
2048	3072	1	370	296	3.57422
2560	3072	1	30	212	2.60783
2560	3072	1	126	180	2.18074
2560	3072	1	380	308	1.23430
2560	3072	1	490	298	0.99725
2560	3072	1	398	390	1.55521
2560	3072	2	344	446	0.00000
2560	3072	1	250	242	3.91063
2560	3072	1	426	134	3.57054
2560	3072	1	260	86	5.71311
2560	3072	1	360	44	0.14592
2048	3072	1	300	16	5.82849
2048	3072	2	194	220	0.00000
2048	3584	1	216	178	0.89873
