1536	2560	1	360	294	2.80926
1536	2560	1	488	336	5.57956
1536	2560	1	428	236	3.30475
1536	2560	1	44	428	5.21225
1024	2560	1	270	492	4.32195
1536	2560	1	442	124	0.84716
1536	2560	1	404	428	2.14229
1536	2560	1	200	454	2.77599
1536	2560	1	90	368	2.48875
1536	2560	1	458	498	1.34638
1024	2560	1	400	400	1.56277
1536	2560	1	260	240	5.81809
1536	2560	1	268	62	3.69365
1536	2048	1	132	386	6.17487
1024	2560	1	496	306	2.63573
1024	2560	1	382	280	2.36442
1536	2560	1	50	206	1.22565
1024	2560	1	286	342	1.03403
1024	2560	1	80	408	3.10974
1536	2560	1	156	182	0.00000
1024	2560	1	150	242	4.00951
1536	2560	1	380	36	3.57743
1024	2560	1	156	402	3.08843
1024	2560	2	208	278	0.00000
1024	2560	1	38	208	2.45445
1024	2560	1	264	36	0.89179
1536	2560	1	110	18	1.22805
1024	2048	1	236	352	0.44163
1024	2560	1	468	54	2.46521
1024	2560	1	76	128	3.14588
1536	2560	2	182	90	0.00000
1536	2048	1	296	464	1.79171
1536	2048	1	392	380	3.21571
1536	2048	1	492	258	0.71285
1536	2048	1	262	342	4.15512
1536	2048	1	198	276	3.81277
1536	2048	1	14	234	2.69800
1536	2048	1	378	148	5.41152
1536	2048	2	500	74	0.00000
1536	2048	1	356	30	5.21638
1536	2048	1	214	34	5.23944
1536	2048	2	214	130	0.00000
1536	2048	1	74	64	6.13430
1024	2048	1	162	144	5.57506
1024	2048	1	50	114	6.26398
1024	2048	2	128	218	0.00000
1024	2048	2	216	64	0.00000
1024	3072	2	270	260	0.00000
1024	3584	2	158	32	0.00000
1536	3584	2	374	68	0.00000
1536	3584	2	468	108	0.00000
1536	3072	2	382	470	0.00000
1024	3584	1	496	460	0.00000
1536	3584	1	50	470	0.48499
1024	3584	1	440	404	1.08390
1536	3584	1	368	436	0.00000
1024	3584	1	60	388	2.74558
1024	3584	1	74	288	5.49779
1024	3584	1	100	130	0.50824
1024	3584	1	188	156	5.60141
1024	3584	1	240	252	1.21721
1024	3584	1	256	330	1.26912
1024	3584	1	456	258	5.34132
1536	3584	1	82	392	1.40362
1536	3584	1	58	318	0.96203
1536	3584	1	268	376	3.09995
1536	3584	1	190	286	2.20287
1536	3584	1	84	224	1.18681
1024	3072	1	258	262	0.03225
1536	3584	1	4	146	3.57400
1536	3584	1	314	254	4.89774
1536	3584	1	254	162	5.66184
1024	3584	1	332	136	1.50636
1024	3584	1	252	66	1.86322
1024	3584	1	290	20	1.96261
1024	3584	1	400	6	2.68982
1024	3072	1	350	430	1.06640
1024	3584	1	486	62	3.72145
1536	3584	1	104	64	3.50600
1536	3584	1	190	104	3.26595
1536	3584	1	276	26	2.79248
1536	3584	2	492	370	0.00000
1536	3584	1	416	84	0.00000
1536	3072	1	292	424	2.62245
1024	3072	1	512	384	0.60205
1024	3072	1	508	486	2.12720
1536	3072	1	66	464	2.27054
1536	3072	1	164	450	4.90444
1536	3072	1	464	444	5.47617
1536	3072	1	292	182	0.00000
1536	3072	1	236	198	0.00000
1024	3072	1	446	202	5.74277
1024	3072	1	324	306	0.38916
1024	3072	1	208	386	5.73532
1024	3072	1	68	306	4.83674
1024	3072	1	172	226	1.00407
1024	3072	1	164	80	0.00000
1024	3072	1	68	126	4.94025
1024	3072	1	330	122	5.29891
1024	3072	1	428	78	1.90012
1536	3072	1	20	186	2.87964
1536	3072	1	122	150	0.65696
1536	3072	1	368	182	5.94624
1536	3072	1	172	266	3.17384
1536	3072	1	84	258	3.21716
1536	3072	1	462	254	4.09737
1536	3072	1	436	104	0.83134
1536	3072	1	298	62	1.16067
2048	2560	2	166	152	0.00000
2048	2560	2	228	148	0.00000
2048	2560	2	328	206	0.00000
2048	2560	2	198	420	0.00000
2048	2560	2	188	372	0.00000
2048	2560	2	320	428	0.00000
2560	2560	2	20	486	0.00000
2560	2560	2	458	332	0.00000
2560	2560	2	314	490	0.00000
2048	2560	2	450	318	0.00000
2048	2560	2	402	160	0.00000
2048	2560	2	408	46	0.00000
2560	2560	2	20	160	0.00000
2048	2048	2	264	506	0.00000
2560	2048	2	300	398	0.00000
2560	2048	1	200	120	0.00000
2560	2560	1	118	450	0.00000
2048	2560	1	424	426	5.21365
2048	2560	1	276	338	4.85975
2048	2560	1	344	274	5.25101
2048	2560	1	154	298	0.37299
2048	2560	1	54	308	2.62745
2560	2560	1	234	448	3.58722
2560	2560	1	380	472	5.71052
2560	2560	1	412	372	6.01693
2560	2560	1	194	300	4.96893
2560	2560	1	378	196	5.97475
2560	2560	1	260	232	4.73353
2560	2560	1	472	170	2.51553
2560	2048	1	474	510	3.35325
2560	2560	1	106	186	5.53226
2048	2560	1	500	246	2.55340
2048	2560	1	64	112	2.14544
2048	2560	1	116	54	1.95282
2048	2560	1	286	80	0.00000
2048	2560	1	490	72	4.11737
2048	2560	2	438	112	0.00000
2560	2560	1	180	72	3.18702
2560	2560	1	318	98	3.91310
2560	2048	1	318	484	1.55362
2560	2048	1	448	380	1.97929
2048	2048	1	94	348	5.60087
2048	2048	1	164	448	2.77070
2048	2048	1	404	460	4.86798
2048	2048	1	346	332	4.65363
2048	2048	1	220	314	3.23848
2048	2048	1	150	154	3.94876
2048	2048	1	334	162	3.30062
2048	2048	1	88	110	4.18951
2048	2048	1	94	50	1.35578
2048	2048	1	480	336	0.59641
2560	2048	1	50	408	2.81855
2560	2048	1	122	256	5.77842
2048	2048	1	494	224	1.64689
2048	2048	1	452	132	4.89774
2048	2048	2	492	64	0.00000
2048	2048	2	400	36	0.00000
2048	2048	2	464	32	0.00000
2560	2048	1	122	360	5.32640
2560	2048	1	226	238	2.22779
2560	2048	1	424	250	0.42849
2560	2048	1	316	142	0.00000
2560	2048	1	450	74	0.78145
2560	2048	1	412	150	2.13452
3584	2048	1	146	106	0.20088
3072	2048	1	450	104	2.84134
3584	2048	1	240	192	2.01522
3072	2048	1	86	68	4.53406
3072	2048	1	144	154	1.39235
3072	2048	1	242	98	2.32805
3072	2048	1	340	98	5.49440
3584	2048	1	254	82	3.78350
3584	2048	1	374	102	0.00000
3584	2048	1	468	70	0.00000
3584	2048	1	378	214	5.61611
3584	2048	1	398	326	6.09042
3584	2048	1	312	302	2.83858
3072	2048	1	34	186	5.69868
3072	2048	1	142	310	5.71484
3072	2048	1	286	242	3.53669
3072	2048	1	196	238	1.14491
3072	2048	1	34	302	6.01328
3072	2048	1	402	254	2.25157
3072	2048	1	480	330	3.46731
3584	2048	1	102	430	5.98087
3584	2048	1	16	486	6.06774
3072	2048	1	284	354	4.05424
3584	2048	1	338	446	2.28119
3584	2560	1	478	2	3.16864
3072	2048	1	344	450	1.59548
3072	2048	1	180	510	0.00000
3072	2560	1	66	22	5.74196
3584	2560	1	200	78	3.31905
3584	2560	1	122	62	3.08044
3584	2560	1	364	14	5.23479
3072	2560	1	58	146	5.81754
3072	2560	1	92	346	0.00000
3072	2560	2	174	426	0.00000
3584	2560	1	268	54	2.92095
3072	2560	1	338	70	4.00641
3072	2560	1	228	78	4.00343
3072	2560	1	222	180	0.83997
3072	2560	1	380	140	2.07406
3072	2560	1	344	214	4.75124
3072	2560	1	8	222	2.25551
3072	2560	1	508	142	3.01720
3584	2560	1	62	96	5.20610
3072	2560	1	282	322	2.72311
3072	2560	1	234	398	2.64880
3584	2560	1	412	116	4.85384
3584	2560	1	266	158	3.88329
3584	2560	1	102	210	3.46025
3072	2560	1	404	294	4.51916
3072	2560	1	488	320	0.41491
3584	2560	1	166	266	3.19590
3584	2560	1	54	336	3.97095
3584	2560	1	236	294	3.20663
3584	2560	1	422	348	0.42947
3584	2560	1	292	362	3.81381
3584	2560	1	348	216	1.50119
3584	2560	1	492	258	4.95588
3072	2560	1	372	414	0.94006
3584	2560	1	312	452	0.00000
3584	2560	1	198	448	2.98932
3072	2560	1	480	482	5.80992
3584	2560	1	50	468	3.16152
3584	2560	1	108	462	3.10513
3072	3584	1	476	484	0.63034
3072	3584	1	156	432	1.37957
3584	3584	1	200	498	0.63560
3584	3584	1	112	450	0.00000
3584	3584	1	42	432	0.00000
3072	3584	1	376	466	0.76556
3072	3072	2	432	250	0.00000
3072	3072	2	244	456	0.00000
3584	3072	2	366	0	0.00000
3584	3584	2	398	58	0.00000
3072	3584	1	302	376	3.02511
3072	3584	1	230	354	0.00000
3072	3584	1	6	314	2.61405
3072	3584	1	476	278	2.69631
3072	3584	1	364	284	1.76805
3072	3584	1	372	174	2.07915
3584	3584	1	116	282	0.17982
3584	3584	1	60	242	0.63169
3072	3584	1	30	466	0.00000
3072	3584	1	136	512	1.13089
3072	3584	1	158	250	3.92134
3072	3584	1	96	380	3.42696
3072	3584	1	440	374	4.99645
3584	3584	1	364	496	0.00000
3584	3584	1	432	298	2.81320
3584	3584	1	270	444	0.77925
3584	3584	1	440	444	0.75159
3584	3584	1	390	356	5.84553
3584	3584	1	278	346	4.04007
3584	3584	1	204	352	0.36933
3584	3584	1	216	214	5.43809
3584	3584	1	314	222	3.52330
3584	3584	1	384	190	2.87303
3584	3584	1	282	32	2.68148
3584	3584	1	214	120	5.07556
3584	3584	1	486	232	5.51610
3584	3584	1	462	90	0.00000
3584	3584	1	108	142	6.00025
3584	3584	1	152	320	0.33774
3584	3584	1	498	482	0.00000
3072	3584	1	206	444	1.98998
3072	3584	1	504	180	1.92846
3584	3584	1	354	412	4.38496
3072	3584	1	460	98	1.21275
3584	3072	1	408	512	3.70094
3072	3584	1	310	80	4.71578
3072	3584	1	148	60	1.99189
3072	3584	1	288	12	1.91795
3072	3584	1	430	24	4.90231
3584	3072	1	198	396	1.95704
3072	3072	1	34	464	0.86493
3072	3584	1	0	68	0.88455
3072	3584	1	104	118	1.48419
3584	3072	1	68	502	0.00000
3072	3072	1	490	464	0.00000
3072	3072	1	200	344	0.67530
3072	3072	1	134	322	0.63080
3072	3072	1	22	294	3.90954
3584	3072	1	24	258	0.92220
3072	3072	1	278	420	2.62704
3072	3072	1	368	412	2.62463
3072	3072	1	474	358	5.03828
3584	3072	1	100	378	0.00000
3584	3072	1	512	430	2.90548
3072	3072	1	342	312	0.00000
3584	3072	1	404	372	2.34029
3584	3072	1	328	352	0.68187
3584	3072	1	280	270	5.97736
3584	3584	1	152	22	5.36091
3584	3072	1	162	264	1.46576
3072	3072	1	260	120	4.85642
3072	3072	1	148	138	2.73550
3072	3072	1	52	52	0.00000
3072	3072	1	404	50	0.00000
3072	3072	1	250	12	1.17012
3584	3072	1	148	152	2.36715
3584	3072	1	30	148	5.78341
3072	3072	1	430	172	1.11370
3584	3072	1	254	80	0.51651
3584	3072	1	304	138	3.69095
3584	3072	1	470	272	3.74818
3072	3072	1	294	276	6.02260
3584	3072	2	344	270	0.00000
3584	3072	1	442	190	0.34935
3584	3072	1	388	116	0.00000
3584	3072	1	108	64	1.49252
3584	3072	1	512	180	2.70573
3584	3584	2	512	162	0.00000
2048	3072	1	438	358	1.97876
2048	3072	1	146	38	0.51759
2048	3072	1	156	124	1.22088
2048	3072	2	200	20	0.00000
2048	3072	1	278	56	3.55983
2048	3072	1	390	26	5.99173
2048	3072	1	470	64	5.98317
2560	3072	2	90	424	0.00000
2560	3072	2	80	122	0.00000
2560	3072	1	210	86	3.97735
2560	3072	1	356	122	0.19049
2560	3072	1	466	86	0.58161
2560	3072	1	260	186	0.53446
2560	3072	1	58	166	1.47803
2560	3072	1	436	208	4.40015
2560	3072	2	346	244	0.00000
2560	3072	2	88	228	0.00000
2048	3072	2	20	218	0.00000
2048	3072	1	390	138	5.20826
2560	3072	1	114	10	0.30625
2560	3072	2	136	82	0.00000
2048	3072	2	194	218	0.00000
2560	3072	2	294	112	0.00000
2048	3072	1	48	294	4.08943
2048	3072	1	304	214	4.43409
2048	3072	2	282	282	0.00000
2048	3072	1	508	252	1.94956
2560	3072	1	292	302	0.00000
2560	3072	1	410	282	1.11466
2560	3072	1	512	310	4.30545
2560	3072	1	382	382	0.71533
2560	3072	1	416	448	0.70324
2560	3072	1	512	410	0.51169
2560	3072	1	512	500	3.87703
2560	3072	1	182	330	5.49168
2560	3072	1	136	378	2.06776
2560	3072	1	24	402	3.52488
2048	3072	1	180	348	3.45421
2048	3072	1	268	364	4.62343
2048	3072	1	78	392	5.27687
2048	3072	2	318	432	0.00000
2560	3072	2	420	0	0.00000
2048	3072	2	162	468	0.00000
2048	3072	1	408	426	4.63326
2560	3072	1	116	506	3.71250
2560	3072	1	230	460	0.01097
2560	3584	1	310	6	2.83194
2560	3584	1	440	38	2.90011
2048	3584	2	374	34	0.00000
2048	3584	1	24	66	3.09644
2048	3584	1	108	62	0.01282
2048	3584	1	228	40	5.35810
2048	3584	1	486	40	0.00000
2560	3584	1	190	68	5.38137
2048	3584	1	382	134	0.61268
2560	3584	1	20	82	4.72531
2048	3584	1	498	172	1.42284
2560	3584	1	508	64	0.50352
2560	3584	1	380	106	1.63592
2560	3584	1	482	176	5.84193
2560	3584	1	440	384	5.99564
2560	3584	1	510	314	2.67462
2560	3584	1	416	216	2.81984
2560	3584	1	364	254	6.03254
2560	3584	1	290	172	2.99298
2560	3584	1	218	218	3.10721
2560	3584	1	156	200	3.21649
2560	3584	1	92	206	3.26300
2048	3584	1	84	252	2.64922
2048	3584	1	168	226	4.59538
2048	3584	1	276	260	5.22272
2048	3584	1	170	512	5.12271
2048	3584	1	86	392	3.72235
2048	3584	1	282	358	4.70637
2048	3584	1	396	466	0.00000
2048	3584	1	402	300	0.14339
2560	3584	1	14	282	1.86930
2560	3584	1	2	370	1.05211
2048	3584	1	508	448	1.11934
2560	3584	1	22	512	0.76215
2560	3584	1	106	404	6.03225
2048	3584	1	342	488	0.00000
2560	3584	1	194	464	1.98675
2560	3584	1	162	328	1.40381
2560	3584	2	292	346	0.00000
2560	3584	2	360	354	0.00000
2560	3584	2	510	512	0.00000
2560	3584	1	308	424	3.72067
2560	3584	1	278	506	0.30855
2560	3584	1	416	504	5.73770
2560	3584	1	396	430	3.32470
