1024	2560	1	212	288	1.26545
1024	2560	1	216	366	1.87748
1024	2560	1	66	444	2.75551
1024	2560	1	0	464	3.98559
1024	2560	1	118	200	0.85169
1024	2560	1	188	504	1.57149
1024	2560	1	232	442	4.72498
1536	2560	1	14	342	5.97328
1536	2560	1	236	418	5.58311
1536	2560	1	128	306	0.88065
1024	2560	1	232	198	4.31096
1024	2560	1	298	284	2.97108
1536	2560	1	20	224	2.11107
1024	2560	1	424	340	0.50672
1536	2560	1	168	140	2.24128
1024	2560	1	456	420	1.08727
1024	2560	1	112	332	3.38890
1024	2560	1	58	142	2.44242
1536	2560	1	38	494	1.36817
1536	2560	1	354	398	2.52288
1536	2560	1	240	278	0.00200
1536	2560	1	432	308	0.22077
1536	2560	1	312	252	5.60235
1536	2560	1	444	478	0.00000
1024	2560	1	426	104	4.11331
1024	2560	1	292	60	0.62039
1536	2560	1	14	34	5.50758
1536	2560	1	490	160	3.41574
1024	2560	1	34	4	1.53259
1024	2048	1	228	378	0.39592
1024	2048	1	84	292	5.99853
1536	2048	1	328	422	0.64431
1536	2560	1	380	80	0.36573
1536	2560	1	322	22	0.78825
1536	2560	1	422	142	0.48554
1536	2560	1	496	30	1.96283
1536	2560	1	328	512	4.92842
1536	2560	1	222	40	2.73228
1024	2560	2	363	431	0.00000
1536	2048	1	452	452	5.49084
1536	2048	1	382	320	2.57629
1536	2048	1	512	352	5.08814
1536	2048	1	298	234	0.00000
1536	2048	1	248	378	3.36495
1536	2048	1	130	474	1.35219
1536	2048	1	134	368	2.55503
1536	2048	1	88	222	5.70974
1536	2048	1	26	246	2.77628
1024	2048	1	448	376	3.74314
1536	2048	1	6	440	1.36788
1024	2048	1	90	108	0.91819
1024	2048	1	202	74	0.00000
1024	2048	1	298	190	2.12069
1536	2048	1	18	24	0.00000
1024	2048	1	450	0	0.00000
1024	2048	1	378	0	0.00000
1024	2048	1	270	0	0.00000
1536	2048	1	136	84	1.05441
1536	2048	1	226	136	0.00000
1536	2048	1	264	78	5.25894
1536	2048	1	168	0	0.70737
1536	2048	1	322	0	4.11248
1536	2048	2	494	61	0.00000
1536	3584	1	486	430	6.17858
1536	3584	1	322	378	0.24866
1536	3584	1	412	350	0.15930
1024	3584	1	156	376	4.68610
1536	3584	1	76	464	0.63237
1536	3584	1	26	404	0.53312
1024	3584	1	422	396	0.64906
1024	3584	1	94	490	5.98027
1024	3584	1	0	474	5.72411
1536	3584	1	338	514	5.59563
1536	3584	1	276	130	1.02676
1536	3584	1	190	268	0.31307
1536	3584	1	306	252	5.28408
1024	3584	1	348	298	5.81451
1024	3584	1	136	268	0.81413
1536	3584	1	94	246	0.98566
1536	3072	1	512	502	0.96827
1536	3584	1	190	444	0.22457
1536	3584	1	482	252	4.86498
1536	3584	1	394	156	5.98760
1536	3584	2	257	373	0.00000
1536	3072	2	373	471	0.00000
1536	3584	2	369	61	0.00000
1536	3584	2	13	51	0.00000
1536	3584	2	462	123	0.00000
1536	3072	2	409	317	0.00000
1536	3584	2	45	205	0.00000
1536	3072	2	512	323	0.00000
1024	3072	2	494	297	0.00000
1024	3072	2	355	341	0.00000
1536	3072	1	432	216	5.08047
1536	3072	1	488	112	3.41456
1536	3072	1	436	4	6.09133
1536	3072	1	418	406	1.79174
1536	3072	1	350	286	2.81335
1536	3072	1	344	4	4.80185
1536	3072	1	244	96	4.79789
1024	3584	1	460	230	5.22345
1024	3584	1	318	192	4.84754
1024	3584	1	92	138	0.35156
1024	3584	1	54	54	1.07826
1024	3584	1	186	124	0.37646
1024	3584	1	464	106	5.65769
1024	3584	1	300	6	0.94444
1024	3584	1	310	88	3.93364
1024	3072	1	186	458	0.65836
1024	3072	1	262	386	5.71873
1024	3072	1	138	372	5.78918
1024	3072	1	70	468	4.00602
1536	3072	1	94	492	3.39667
1024	3072	1	498	478	3.12476
1536	3584	1	290	34	0.83824
1536	3584	1	134	104	3.01518
1536	3072	1	246	462	0.43472
1536	3072	1	186	314	5.30757
1536	3072	1	182	436	3.22478
1536	3072	1	222	242	1.76071
1536	3072	1	36	154	5.74847
1024	3072	1	282	80	0.20029
1536	3072	1	38	320	0.93272
1536	3072	1	86	28	1.05349
1024	3072	1	476	210	5.14896
1024	3072	1	364	106	3.94543
1024	3072	2	61	18	0.00000
1024	3072	2	464	32	0.00000
1024	3072	1	180	120	0.00000
1024	3072	1	328	250	0.00000
1024	3072	1	262	212	0.22203
1024	3072	1	134	256	5.67083
1024	3072	2	19	379	0.00000
1024	3072	1	48	270	3.30767
1024	3072	1	68	118	0.47886
1024	3072	2	16	76	0.00000
1024	3584	2	170	44	0.00000
1536	3584	1	512	136	3.02778
1024	3072	2	382	188	0.00000
2048	2048	1	66	96	2.74561
2048	2048	1	272	58	3.87671
2048	2048	2	138	22	0.00000
2048	2048	2	178	64	0.00000
2048	2048	1	360	108	0.41407
2048	2048	1	160	250	0.47835
2048	2048	1	250	294	0.00000
2048	2048	1	498	142	0.68573
2048	2048	1	480	288	1.49714
2560	2048	1	150	268	1.38006
2560	2048	1	190	156	5.89403
2560	2048	1	436	76	0.00000
2560	2048	1	486	166	0.78540
2560	2048	2	216	44	0.00000
2560	2048	1	378	60	3.16989
2560	2048	1	310	104	0.00000
2560	2048	2	334	192	0.00000
2560	2048	1	412	264	2.33446
2048	2048	1	68	358	4.72574
2048	2048	1	184	408	4.20127
2048	2048	1	84	478	0.00000
2048	2560	2	28	52	0.00000
2048	2048	2	216	506	0.00000
2048	2048	2	260	430	0.00000
2048	2048	1	342	434	0.66430
2560	2048	1	30	482	3.15762
2048	2560	1	474	70	3.70297
2048	2560	2	408	44	0.00000
2048	2560	2	374	98	0.00000
2048	2048	2	280	512	0.00000
2048	2048	1	476	400	3.20967
2560	2048	1	200	462	4.26852
2560	2048	2	288	404	0.00000
2560	2048	2	450	360	0.00000
2560	2048	2	496	438	0.00000
2560	2048	1	374	482	5.09926
2560	2560	1	478	94	0.44997
2560	2560	1	396	140	0.00000
2560	2560	1	316	104	0.00000
2560	2560	1	240	64	0.00000
2560	2560	1	134	76	1.45214
2048	2560	1	224	70	1.16231
2048	2560	1	80	120	4.07564
2048	2560	2	160	156	0.00000
2048	2560	2	220	164	0.00000
2048	2560	1	368	170	5.49779
2560	2560	1	96	192	1.35167
2560	2560	1	222	180	2.46421
2560	2560	2	456	336	0.00000
2560	2560	1	172	268	1.86173
2560	2560	1	326	292	3.89521
2560	2560	1	78	330	5.23812
2048	2560	1	42	268	0.00000
2048	2560	1	148	264	5.86573
2048	2560	1	296	340	4.80587
2048	2560	1	284	444	4.72010
2048	2560	1	408	422	5.47374
2560	2560	1	20	414	2.09784
2048	2560	2	422	258	0.00000
2048	2560	2	440	330	0.00000
2560	2560	1	150	428	5.18303
2560	2560	2	336	416	0.00000
2048	2560	1	54	404	6.09689
2048	2560	2	172	362	0.00000
2048	2560	2	204	422	0.00000
2048	2560	2	322	204	0.00000
2048	2560	2	64	512	0.00000
2560	2560	2	18	486	0.00000
2560	2560	2	448	480	0.00000
2048	2560	2	470	482	0.00000
3584	2048	1	468	68	0.00000
3584	2048	1	396	80	6.01824
3584	2048	1	252	100	3.61469
3584	2048	1	144	90	0.39985
3584	2048	1	26	74	0.00000
3072	2048	1	410	68	2.36955
3072	2048	1	176	44	4.31573
3072	2048	1	208	100	4.23018
3072	2048	1	406	204	5.90443
3072	2048	1	336	142	0.63557
3072	2048	1	86	62	0.35271
3072	2048	1	278	210	2.28008
3584	2048	1	452	384	2.86084
3584	2560	1	310	6	1.14729
3584	2048	1	12	232	5.01367
3072	2048	1	458	346	3.20873
3584	2048	1	68	356	5.35264
3584	2048	1	232	384	4.49825
3584	2048	1	426	486	2.61258
3584	2048	1	168	288	4.39659
3584	2560	1	144	8	1.90190
3584	2048	1	378	208	5.27872
3072	2048	1	72	264	2.19784
3072	2048	1	158	376	4.90754
3072	2048	1	382	368	2.47660
3072	2048	1	492	460	3.63109
3584	2560	1	222	102	5.82422
3584	2048	1	48	492	3.69169
3072	2048	1	272	378	2.90354
3584	2560	1	486	230	5.14649
3584	2560	1	512	360	0.00000
3584	2560	1	464	162	1.62539
3584	2560	1	366	188	3.33353
3584	2560	1	438	336	2.59157
3584	2560	1	296	186	3.88458
3584	2560	1	446	492	5.94760
3584	2560	1	342	280	2.15361
3584	2560	1	264	392	1.89902
3584	2560	1	52	392	1.04770
3584	2560	1	148	404	1.42841
3584	2560	1	510	498	5.82074
3584	2560	1	346	362	5.38633
3584	2560	1	182	498	2.89293
3584	2560	1	270	468	2.02612
3584	2560	1	68	512	5.81610
3072	2560	1	374	474	0.00000
3584	2560	1	56	248	5.74816
3584	2560	1	214	288	2.31274
3584	2560	1	70	120	4.24386
3072	2560	1	510	70	1.60826
3072	2560	1	458	328	4.83613
3584	2560	1	168	168	6.06606
3072	2560	1	88	512	0.00000
3072	2048	1	336	476	4.85854
3072	2560	1	382	52	0.77250
3072	2560	1	336	172	3.79637
3072	2560	1	356	268	3.91688
3072	2560	2	470	192	0.00000
3072	2560	2	440	122	0.00000
3584	2560	2	350	448	0.00000
3072	2560	1	180	282	4.31941
3072	2560	1	54	270	0.54465
3072	2560	1	58	418	4.02285
3072	2560	1	294	416	4.02153
3072	2560	1	38	128	0.00000
3072	2560	1	170	164	0.49902
3072	2560	1	262	140	3.26399
3072	2048	1	220	486	2.43379
3072	2560	1	176	40	2.36093
3072	2048	1	24	458	2.59976
3072	2048	2	120	122	0.00000
3072	3584	1	452	450	5.91531
3072	3584	1	346	488	3.17784
3072	3584	1	18	386	3.09236
3072	3584	1	122	402	0.96242
3584	3584	1	452	246	3.04575
3584	3584	1	402	344	2.15904
3584	3584	1	494	460	2.78984
3072	3584	1	232	452	1.67519
3072	3584	1	306	392	1.72715
3072	3584	1	132	496	2.52173
3072	3584	1	124	236	1.66146
3584	3584	1	146	490	0.67273
3072	3584	1	28	512	5.46312
3072	3584	1	490	372	5.67717
3584	3584	1	236	356	4.05135
3584	3584	1	72	470	2.24501
3584	3584	1	66	376	5.56909
3072	3584	1	60	294	2.23779
3072	3584	1	306	274	0.66444
3072	3584	1	378	310	0.16433
3072	3584	1	218	130	0.67035
3072	3584	1	486	220	1.83457
3584	3584	1	82	286	5.12054
3584	3584	1	294	260	5.03414
3584	3584	1	108	240	1.90886
3584	3584	1	352	194	5.79629
3072	3584	1	466	276	5.53295
3584	3584	1	180	304	1.28293
3584	3584	1	310	358	1.77498
3584	3584	1	214	428	0.49529
3584	3584	1	334	444	1.70577
3584	3584	1	380	108	2.21521
3584	3584	1	446	12	4.06724
3584	3584	1	274	72	4.42236
3584	3584	1	90	168	2.05770
3072	3584	2	118	156	0.00000
3072	3584	2	20	46	0.00000
3072	3072	1	52	470	2.29017
3072	3584	1	152	10	3.34391
3072	3584	1	262	220	3.95601
3072	3584	1	340	148	2.53887
3072	3584	1	264	20	2.65127
3072	3584	1	374	20	5.24288
3072	3072	1	92	334	0.00000
3072	3072	2	262	454	0.00000
3072	3072	1	116	230	5.39759
3072	3072	1	164	122	2.33422
3072	3072	1	0	174	5.64735
3072	3072	1	96	6	3.56380
3072	3072	1	224	68	5.81954
3072	3072	1	312	144	6.15348
3072	3584	1	408	114	2.73053
3072	3072	1	378	4	0.00000
3072	3072	1	424	86	4.21797
3072	3072	1	210	322	0.27830
3072	3072	1	292	224	2.51722
3072	3072	1	438	162	4.18786
3072	3584	1	502	132	5.78676
3584	3584	1	118	120	4.88060
3072	3584	1	510	4	4.77751
3584	3584	1	166	36	4.43558
3584	3072	1	152	470	4.33461
3072	3072	1	402	444	1.91944
3072	3072	1	410	342	2.13753
3584	3072	1	446	310	3.22990
3584	3072	1	52	394	1.62384
3584	3072	1	52	302	4.79600
3584	3072	1	278	364	3.08420
3584	3072	1	366	390	2.72918
3072	3072	1	474	220	1.39409
3584	3072	1	16	44	2.74825
3584	3072	1	48	150	1.16207
3584	3072	1	96	38	5.72504
3584	3072	1	138	202	1.64273
3584	3072	1	184	48	1.82335
3584	3072	1	284	140	5.93475
3584	3072	1	390	224	4.12490
3584	3072	1	262	258	5.46274
3584	3072	1	166	394	1.22140
3584	3072	1	446	142	1.57080
3584	3072	1	336	54	6.15348
3584	3072	1	410	62	5.98317
3584	3072	1	456	22	5.99173
3584	3072	2	216	134	0.00000
2048	3072	1	344	436	3.48241
2048	3072	1	246	186	4.81341
2048	3072	1	54	300	0.42933
2048	3072	1	162	52	5.83373
2048	3072	1	70	158	0.83170
2048	3072	1	430	80	6.04585
2048	3072	1	338	48	0.44778
2048	3072	1	44	0	5.22011
2048	3072	1	0	62	0.42563
2048	3072	1	176	370	3.87563
2048	3072	2	458	288	0.00000
2048	3072	2	282	280	0.00000
2048	3072	2	216	276	0.00000
2048	3072	2	158	480	0.00000
2048	3072	2	512	386	0.00000
2560	3072	2	96	436	0.00000
2560	3072	2	96	230	0.00000
2560	3072	2	350	240	0.00000
2560	3072	1	128	32	0.99783
2560	3072	1	270	98	0.00000
2560	3072	1	134	186	2.89168
2560	3072	1	6	188	0.69088
2560	3072	1	460	252	6.06811
2560	3072	1	396	110	3.69776
2560	3072	1	500	56	2.67019
2560	3072	1	494	168	5.69358
2560	3072	1	512	380	2.35932
2560	3072	1	164	370	0.12589
2560	3072	1	246	328	0.00000
2560	3072	1	66	334	2.17027
2048	3072	1	34	480	0.92477
2048	3584	1	28	132	0.00000
2048	3584	1	122	190	0.00000
2048	3584	1	304	46	2.91060
2048	3584	1	226	36	5.96925
2048	3584	1	238	134	2.02195
2048	3584	1	258	206	2.17243
2048	3584	1	382	70	0.00000
2048	3584	1	438	10	0.00000
2048	3584	1	496	96	0.46365
2560	3072	1	214	474	0.00000
2560	3584	1	346	40	5.90717
2560	3072	1	416	470	4.92626
2560	3584	1	484	38	2.05188
2560	3584	1	446	122	5.68832
2560	3584	1	174	54	1.73567
2560	3584	1	260	118	1.01884
2560	3584	1	464	270	0.52158
2560	3584	1	342	210	1.10360
2560	3584	1	26	196	0.39863
2048	3584	1	416	198	0.06886
2048	3584	1	356	274	5.94479
2048	3584	1	122	306	1.45747
2048	3584	1	26	258	1.65209
2048	3584	1	262	338	0.17595
2560	3072	2	226	128	0.00000
2048	3072	2	492	434	0.00000
2560	3584	1	140	144	5.59919
2560	3584	1	128	224	2.34695
2560	3584	1	318	324	0.72890
2560	3584	1	382	404	0.00000
2560	3584	1	494	464	2.28623
2560	3584	1	512	338	0.00000
2560	3584	1	68	312	4.82008
2560	3584	1	50	426	5.36713
2560	3584	1	256	428	0.00000
2048	3584	1	196	434	0.00000
2048	3584	1	130	450	0.00000
2048	3584	1	374	406	5.70153
2048	3584	1	322	484	0.00000
2048	3584	1	6	448	6.05668
2048	3584	1	494	488	0.00000
2560	3584	1	198	486	0.00000
