1024	2048	1	222	358	0.33945
1536	2048	1	4	498	0.00000
1024	2560	1	442	114	5.94041
1024	2048	2	198	80	0.00000
1536	2048	2	230	146	0.00000
1536	2048	2	322	136	0.00000
1536	2048	1	78	94	4.84879
1024	2048	2	28	246	0.00000
1024	2048	1	50	432	1.06956
1024	2048	1	152	246	3.78987
1024	2048	1	484	238	5.78150
1536	2048	2	220	352	0.00000
1536	2048	1	196	508	3.05032
1024	2560	1	292	64	1.07016
1024	2560	1	122	2	4.69352
1024	2560	1	20	112	3.12229
1024	2560	2	92	222	0.00000
1024	2560	1	186	142	4.59177
1536	2048	1	156	220	1.79845
1536	2048	2	200	58	0.00000
1536	2048	1	310	266	0.00000
1536	2048	1	134	330	0.61395
1536	2560	1	102	126	1.20424
1536	2560	1	146	168	0.80735
1536	2048	1	362	466	3.83256
1536	2048	1	300	414	3.95024
1536	2048	1	310	40	2.31455
1536	2048	2	498	70	0.00000
1536	2048	1	420	298	3.31006
1536	2048	1	498	266	5.83821
1536	2048	1	486	440	3.52356
1536	2560	1	484	142	0.00000
1536	2560	1	370	148	2.66948
1536	2560	1	274	242	0.00000
1024	2560	1	300	240	6.20955
1024	2560	1	380	158	3.13016
1024	2560	2	190	280	0.00000
1024	2560	1	160	354	1.02351
1536	2560	1	50	306	1.08194
1536	2560	1	354	296	3.44294
1024	2560	1	384	388	2.12431
1536	2560	1	226	418	2.64592
1536	2560	1	156	470	3.31771
1024	2560	1	246	440	2.47610
1024	2560	1	156	458	1.91009
1024	2560	1	64	502	2.65667
1024	2560	1	380	476	2.51704
1536	2560	1	86	434	5.19328
1536	2560	1	458	302	3.94680
1536	2560	1	406	442	2.30153
1536	2560	1	112	512	2.45374
1536	2560	1	330	468	2.64047
1024	2048	1	36	368	4.17286
1536	3584	1	102	310	1.28533
1536	3584	1	444	392	6.11678
1536	3584	1	456	516	6.10239
1536	3584	1	334	502	0.74838
1536	3584	1	238	504	0.54206
1536	3584	1	174	204	0.19129
1536	3584	1	202	424	0.32319
1536	3584	1	286	180	3.40862
1536	3584	1	458	190	1.14857
1024	3584	1	292	414	5.26337
1536	3584	1	512	222	0.57267
1024	3584	1	178	436	6.05209
1024	3584	1	0	486	5.44707
1024	3584	1	182	308	2.26124
1024	3584	1	404	296	6.06162
1024	3584	1	480	206	5.73214
1024	3584	1	334	194	3.34225
1024	3584	1	40	112	5.42581
1024	3584	1	246	128	6.16261
1024	3584	1	106	64	5.28091
1536	3584	1	76	110	1.41760
1536	3584	1	210	70	6.07631
1536	3072	1	350	396	5.57049
1536	3072	1	294	492	3.56278
1024	3072	1	158	330	0.09733
1536	3072	1	512	492	2.08842
1024	3584	1	364	74	2.59824
1536	3072	1	412	156	6.08579
1024	3584	1	470	66	3.00295
1536	3072	1	510	186	2.11895
1536	3584	1	68	2	6.14928
1536	3072	1	200	438	5.62862
1536	3072	1	110	432	1.97569
1536	3072	1	498	86	5.44655
1536	3072	1	344	86	3.55766
1536	3072	1	254	86	3.44340
1536	3072	1	178	86	0.39521
1536	3072	1	324	234	4.36275
1536	3072	1	204	308	1.97408
1536	3072	1	222	222	1.26706
1536	3072	1	88	286	1.58314
1024	3072	1	488	352	4.24874
1024	3072	1	502	448	2.79150
1024	3072	1	376	492	2.09320
1024	3072	1	396	344	5.99807
1024	3072	1	282	338	0.24085
1024	3072	1	224	472	1.68122
1024	3072	1	110	482	5.65611
1024	3072	1	0	450	5.81954
1024	3072	1	46	384	1.29250
1024	3072	1	54	298	2.01424
1024	3072	1	322	194	5.84081
1536	3072	1	82	144	2.53086
1536	3072	1	92	38	2.61138
1024	3072	1	484	112	3.05578
1024	3072	1	406	12	2.79199
1024	3072	1	312	58	5.23954
1024	3072	1	206	104	5.91303
1024	3072	1	30	64	1.71708
1024	3072	1	94	150	0.75443
1024	3072	1	18	190	6.20244
1024	3072	1	194	260	1.01649
1024	3072	1	220	380	5.85524
1536	3584	2	390	118	0.00000
1536	3584	2	472	106	0.00000
1536	3584	2	374	60	0.00000
1536	3584	2	44	206	0.00000
1536	3584	2	254	266	0.00000
1024	3584	2	42	444	0.00000
2048	2048	1	64	34	0.00000
2048	2048	1	66	372	0.00000
2048	2048	1	146	442	0.19524
2048	2048	1	110	222	1.10716
2048	2048	1	238	296	0.00000
2048	2048	1	220	146	0.00000
2048	2048	1	310	44	0.48957
2048	2048	1	400	62	0.79363
2048	2048	1	422	138	1.49043
2560	2048	1	82	92	4.66609
2560	2048	1	30	204	0.55717
2560	2048	1	206	132	0.00000
2560	2048	1	308	114	0.00000
2048	2048	1	492	382	5.88000
2048	2048	1	388	466	1.66748
2048	2560	1	226	44	5.80213
2048	2560	1	126	122	3.19949
2048	2560	1	52	124	3.59562
2560	2560	1	222	40	4.11457
2560	2560	1	102	22	1.98529
2560	2048	1	198	416	0.04644
2560	2048	1	402	74	1.22236
2048	2560	1	488	148	0.00000
2560	2560	1	62	184	3.64248
2048	2560	1	94	306	0.61226
2048	2560	2	232	158	0.00000
2560	2048	1	100	374	5.58084
2560	2048	1	400	500	2.32630
2560	2048	1	410	228	0.99763
2560	2048	1	486	120	1.33044
2560	2560	1	222	186	2.29222
2560	2560	1	306	90	3.51933
2560	2560	1	146	262	2.73155
2048	2560	1	258	276	5.87392
2048	2560	1	232	356	2.73075
2048	2560	1	334	106	5.50885
2560	2560	1	300	380	0.00000
2560	2560	1	342	268	2.96657
2560	2560	1	470	162	5.53617
2560	2048	1	374	346	2.31387
2048	2560	1	132	486	4.17525
2560	2560	1	210	388	3.71625
2048	2560	1	450	192	5.95825
2048	2560	2	510	318	0.00000
2048	2560	2	434	322	0.00000
2560	2048	2	288	398	0.00000
2560	2048	2	350	390	0.00000
2048	2560	2	310	418	0.00000
2560	2048	2	496	454	0.00000
2560	2048	1	478	306	2.45398
2560	2560	1	108	440	5.84859
2560	2560	1	428	250	5.82070
2048	2560	1	408	512	0.00000
2048	2560	1	282	512	5.48349
2560	2560	1	380	510	4.07768
2560	2560	2	300	474	0.00000
2560	2560	2	444	338	0.00000
2048	2560	1	366	230	3.72515
3584	2560	1	124	246	4.88192
3584	2560	1	378	406	2.33617
3584	2560	1	268	466	2.60456
3072	2560	1	108	486	3.18923
3584	2560	1	318	332	3.68124
3072	2560	1	472	264	3.17437
3584	2560	1	346	476	5.64087
3072	2560	1	414	240	3.66074
3584	2560	1	58	234	2.71727
3584	2560	1	412	316	4.13689
3584	2560	1	240	318	0.24498
3072	2560	1	50	356	2.58927
3072	2560	1	140	342	6.13129
3072	2560	1	320	416	3.56427
3072	2560	1	412	454	5.68325
3584	2560	1	70	450	2.89752
3584	2560	1	166	408	1.96769
3072	2560	1	240	318	2.95848
3584	2560	1	12	352	0.00000
3584	2560	1	132	334	0.97682
3072	2048	1	482	500	0.00000
3584	2560	1	202	186	5.44255
3584	2560	1	436	190	6.09696
3584	2560	1	418	72	4.78561
3584	2560	1	44	96	4.07214
3584	2560	1	196	66	3.67223
3584	2048	1	340	508	3.88488
3584	2560	1	310	174	5.81954
3584	2048	1	116	506	5.01427
3584	2560	1	86	154	5.30992
3584	2048	1	126	432	5.33183
3584	2048	1	324	350	4.51499
3072	2560	1	360	144	0.00000
3072	2048	1	424	352	5.81954
3072	2560	1	280	108	6.06965
3072	2560	1	432	66	1.99666
3072	2560	1	174	184	3.50288
3584	2048	1	6	372	5.79475
3072	2560	1	334	248	3.13541
3072	2048	1	276	360	0.00000
3072	2048	1	236	484	1.23787
3072	2560	1	104	46	1.24389
3072	2560	1	96	162	4.04710
3072	2048	1	380	492	3.86139
3072	2048	1	198	370	3.05446
3584	2048	1	106	268	2.97107
3072	2048	1	462	256	5.19473
3072	2048	1	110	268	0.34939
3072	2048	1	200	244	3.97457
3072	2048	1	472	174	4.62173
3072	2048	1	60	458	3.11193
3584	2048	1	370	218	5.71987
3072	2048	1	332	236	2.68491
3072	2048	1	164	142	4.45131
3072	2048	1	90	52	2.47340
3072	2048	1	44	188	1.86064
3072	2048	1	406	42	4.55544
3072	2048	1	400	104	4.99781
3584	2048	1	72	126	4.98418
3584	2048	1	152	78	0.00000
3584	2048	1	258	74	4.07828
3584	2048	1	470	58	0.00000
3584	2048	2	48	220	0.00000
3584	2048	2	318	228	0.00000
3584	2048	1	512	416	2.06628
3584	2048	1	500	512	2.58061
3072	2560	2	440	128	0.00000
3072	2560	2	480	188	0.00000
3072	2048	2	296	118	0.00000
3584	2048	1	34	14	4.04514
3584	2560	1	512	362	2.15967
3584	2560	1	482	448	5.40713
3584	2560	2	444	494	0.00000
3072	3072	1	142	70	0.46868
3072	3072	1	218	46	0.37894
3072	3072	1	284	92	0.53155
3072	3072	1	402	92	5.89989
3072	3072	2	442	16	0.00000
3072	3072	2	20	38	0.00000
3584	3072	1	62	138	6.17559
3584	3072	2	136	32	0.00000
3584	3072	2	222	28	0.00000
3584	3072	1	450	68	0.94148
3584	3072	1	512	146	5.82445
3584	3072	1	434	172	5.18809
3584	3072	1	472	260	0.78640
3584	3072	1	372	224	5.89410
3584	3072	1	292	126	0.32872
3584	3072	1	236	186	5.75387
3584	3072	1	178	232	2.70720
3072	3072	1	440	182	4.62620
3072	3072	1	330	232	2.55909
3072	3072	1	194	162	5.08495
3072	3072	1	86	206	2.27213
3072	3072	2	22	122	0.00000
3072	3072	1	56	312	1.96930
3072	3072	1	196	314	2.33219
3072	3072	1	270	290	5.84099
3072	3072	1	458	294	4.19818
3584	3072	1	60	308	5.43918
3584	3072	1	130	308	5.82901
3584	3072	1	318	322	1.58334
3584	3072	2	398	330	0.00000
3584	3072	1	452	422	2.36696
3584	3072	1	492	370	2.41675
3072	3072	1	100	436	3.75933
3072	3072	1	290	422	2.64030
3072	3072	1	206	504	5.51899
3072	3072	1	434	428	1.90929
3584	3072	1	4	376	4.59183
3584	3072	1	154	448	6.01617
3584	3072	1	96	480	2.11727
3584	3072	1	30	508	2.55929
3584	3072	1	298	444	0.61892
3584	3072	1	230	402	0.86496
3072	3584	1	380	28	3.71400
3072	3584	1	290	104	2.75881
3072	3584	1	454	70	6.20787
3072	3584	1	202	96	2.69333
3584	3072	1	356	488	0.77870
3072	3584	1	212	406	0.97337
3072	3584	1	170	194	0.00000
3072	3584	1	128	40	3.29846
3072	3584	1	260	202	3.89625
3072	3584	1	48	16	5.49167
3072	3584	1	400	154	5.21737
3072	3584	1	328	212	0.68745
3584	3584	1	58	104	4.75233
3072	3584	1	58	200	0.74947
3072	3584	1	46	122	1.65967
3072	3584	1	188	358	1.71150
3072	3584	1	160	462	0.44913
3072	3584	1	64	326	2.81880
3072	3584	1	388	424	4.63714
3072	3584	1	314	304	5.41772
3072	3584	1	432	318	4.17626
3072	3584	1	76	458	0.59219
3072	3584	1	464	484	5.77504
3072	3584	1	150	296	1.51730
3072	3584	2	314	381	0.00000
3584	3584	1	226	60	2.52095
3584	3584	1	484	42	3.86654
3584	3584	1	444	390	5.00746
3584	3584	1	238	408	6.08612
3584	3584	1	422	222	1.75003
3584	3584	1	394	68	2.46469
3584	3072	2	238	506	0.00000
3584	3584	2	488	138	0.00000
3584	3584	2	98	366	0.00000
3584	3584	2	52	420	0.00000
3584	3584	1	216	220	1.99371
3584	3584	1	124	240	0.83674
3584	3584	2	304	194	0.00000
3584	3584	1	326	288	1.19831
3584	3584	1	4	216	0.81664
3584	3584	1	186	130	1.97201
3584	3584	2	90	475	0.00000
3584	3584	2	238	512	0.00000
3584	3584	2	320	407	0.00000
3584	3584	2	512	435	0.00000
3584	3584	2	508	197	0.00000
3584	3584	1	176	284	1.75496
2560	3072	1	252	444	0.03722
2048	3584	1	442	144	0.61073
2048	3072	1	298	138	5.84514
2048	3072	1	200	186	5.70575
2048	3072	1	240	152	5.81008
2048	3072	1	462	306	4.46886
2048	3072	1	218	400	5.14729
2048	3072	1	94	138	5.97067
2048	3072	1	402	40	0.00000
2048	3584	1	96	88	0.23374
2048	3072	1	94	300	1.16522
2560	3584	1	162	36	1.05957
2560	3072	1	264	140	0.16515
2560	3072	1	426	190	1.75434
2560	3072	1	254	264	1.33578
2560	3072	1	12	362	4.51622
2048	3584	1	198	120	5.22220
2048	3072	1	416	508	2.08319
2560	3584	1	336	108	0.79098
2560	3584	1	424	16	1.96578
2560	3072	1	462	96	4.75584
2560	3072	1	150	326	2.33808
2048	3072	1	52	212	2.17975
2560	3072	1	398	404	2.25972
2560	3072	2	140	74	0.00000
2560	3072	2	16	176	0.00000
2048	3072	2	426	238	0.00000
2560	3072	2	96	230	0.00000
2560	3072	2	348	238	0.00000
2048	3072	2	196	324	0.00000
2048	3072	2	312	432	0.00000
2560	3584	1	58	28	0.68271
2048	3072	1	476	452	2.54982
2560	3072	1	474	312	2.97644
2560	3584	1	190	250	2.89661
2560	3584	1	252	104	3.76890
2560	3584	1	160	114	4.26628
2048	3584	1	288	242	0.56260
2560	3584	1	266	236	5.96463
2560	3584	1	484	124	4.97864
2560	3584	1	430	238	0.00000
2048	3584	1	50	204	0.88644
2048	3584	2	102	264	0.00000
2048	3584	2	172	210	0.00000
2048	3072	2	164	482	0.00000
2048	3072	2	72	418	0.00000
2048	3072	1	46	496	1.74177
2048	3584	1	374	120	0.66804
2048	3584	1	482	228	3.68671
2560	3584	1	368	178	0.84782
2560	3072	1	364	312	1.20825
2560	3072	1	94	434	0.96727
2560	3072	1	178	454	0.82242
2560	3072	1	302	476	3.33650
2560	3584	1	64	170	5.68401
2048	3072	1	306	36	5.45282
2560	3584	1	52	292	0.00000
2560	3584	1	80	436	0.00000
2560	3584	1	188	436	5.86327
2048	3584	1	356	346	0.41013
2048	3584	1	180	488	5.73773
2560	3584	1	354	336	2.78761
2560	3584	1	484	314	0.20750
2048	3584	1	66	472	0.00000
2048	3584	1	472	472	0.54679
2560	3584	1	304	476	0.45452
2048	3584	1	498	358	0.53677
2048	3584	1	178	348	2.48420
2048	3584	1	102	376	2.32004
2560	3584	2	264	352	0.00000
2560	3584	1	448	426	2.46935
2048	3584	1	328	476	0.00000
2048	3072	1	26	94	5.56464
