1536	2560	1	456	340	2.04691
1536	2560	1	508	422	3.25954
1024	2560	1	190	450	2.75874
1536	2560	1	206	500	2.71124
1536	2560	1	54	430	5.08441
1536	2560	1	400	412	2.06054
1024	2560	1	74	238	5.47013
1024	2560	1	308	268	4.40482
1024	2560	1	290	440	4.94261
1024	2560	1	90	500	4.56455
1024	2560	1	362	320	1.17179
1024	2560	1	56	430	3.94472
1024	2560	1	444	454	2.37048
1536	2560	1	306	486	3.36026
1024	2560	1	34	298	2.36416
1024	2560	1	406	360	1.05841
1024	2560	1	430	164	1.77494
1536	2560	1	308	260	5.79252
1024	2560	1	496	294	2.06201
1536	2560	1	486	136	5.89875
1536	2560	1	196	178	0.00000
1536	2560	1	372	130	1.04113
1536	2560	1	96	148	5.72047
1536	2560	1	38	220	1.87894
1536	2560	1	324	64	4.14907
1024	2560	2	212	270	0.00000
1536	2560	2	428	264	0.00000
1024	2560	1	468	98	2.30314
1536	2560	1	150	52	0.74979
1536	2560	1	58	28	0.71854
1536	2048	1	10	488	1.15417
1024	2560	2	72	156	0.00000
1024	2560	1	262	32	1.16480
1024	2048	1	238	360	0.39852
1024	2048	1	108	232	1.29355
1536	2048	1	330	426	1.46771
1536	2048	1	456	448	2.62111
1536	2048	1	456	298	5.73971
1536	2048	1	278	332	4.66591
1536	2048	1	170	290	3.21703
1536	2048	1	372	202	2.96227
1536	2048	2	490	46	0.00000
1536	2048	1	294	214	0.00000
1536	2048	2	220	132	0.00000
1536	2048	1	86	82	0.00000
1536	2048	1	14	378	4.09908
1536	2048	1	30	294	4.07170
1024	2048	1	482	228	3.43164
1536	2048	1	286	0	3.46815
1024	2048	1	114	56	5.76613
1024	2048	1	58	106	0.00000
1024	2048	2	208	68	0.00000
1536	2048	2	10	54	0.00000
1024	3072	1	316	282	0.00000
1024	3072	1	224	346	0.31459
1536	3584	1	388	118	3.71752
1536	3584	1	280	218	5.78964
1536	3584	1	108	106	6.09389
1024	3584	1	24	516	5.78295
1024	3584	1	456	450	6.24872
1536	3584	1	34	490	0.87499
1024	3584	1	188	426	0.31204
1024	3584	1	318	308	1.02240
1024	3584	1	60	394	2.99386
1536	3584	1	174	468	0.36817
1536	3584	1	66	354	1.84802
1536	3584	1	336	472	0.00000
1536	3584	1	512	484	5.40131
1536	3584	1	374	366	5.72268
1536	3584	1	248	336	1.99742
1536	3584	1	138	254	2.38383
1536	3584	1	2	268	1.96652
1536	3584	1	478	286	0.74195
1024	3584	1	404	196	4.67212
1536	3584	2	468	116	0.00000
1024	3584	1	90	110	0.51030
1024	3584	1	130	214	0.22910
1024	3072	1	60	488	5.58453
1024	3072	1	0	294	5.49779
1024	3584	1	210	122	2.69157
1024	3584	1	270	46	4.30811
1024	3584	1	332	134	1.21313
1536	3584	2	34	196	0.00000
1024	3072	1	388	456	1.67585
1024	3584	1	476	76	3.49296
1536	3584	1	274	48	3.01189
1536	3072	1	112	480	2.01952
1536	3584	1	194	102	3.07735
1024	3072	1	92	198	0.35046
1536	3072	1	20	380	0.30216
1536	3072	1	154	408	4.88217
1536	3584	1	386	10	1.42890
1536	3072	1	274	412	0.29706
1536	3072	2	370	468	0.00000
1536	3072	1	508	276	0.00000
1536	3072	1	452	360	5.86231
1536	3072	1	384	366	5.65445
1024	3072	1	120	84	1.06031
1024	3072	1	168	208	0.32137
1024	3072	2	244	212	0.00000
1024	3072	1	276	108	5.41089
1024	3072	1	372	66	5.61318
1536	3072	1	42	198	0.96873
1024	3072	1	508	106	1.99235
1536	3072	1	130	62	1.72069
1536	3072	1	202	298	2.11856
1536	3072	1	174	168	0.76570
1536	3072	1	378	256	4.58444
1536	3072	1	272	186	0.83918
1536	3072	1	316	12	3.38713
1536	3072	1	508	46	5.79293
1536	3072	1	376	68	1.93654
1536	3072	1	412	174	1.16189
2048	2560	2	440	330	0.00000
2560	2048	2	294	394	0.00000
2048	2560	2	316	202	0.00000
2048	2560	2	418	54	0.00000
2048	2560	2	382	112	0.00000
2560	2560	2	24	486	0.00000
2048	2560	2	480	470	0.00000
2048	2560	2	318	426	0.00000
2048	2560	2	166	374	0.00000
2048	2560	1	248	506	0.00000
2048	2560	1	72	512	3.29121
2048	2560	1	304	512	3.85166
2560	2560	1	464	468	1.23633
2048	2560	1	406	472	0.30373
2560	2560	1	96	454	5.57044
2560	2560	1	404	348	5.48959
2560	2560	1	356	486	0.00000
2560	2560	1	250	478	5.91744
2560	2560	1	280	72	3.65557
2560	2560	1	184	288	5.27376
2560	2560	1	304	208	4.23177
2560	2560	1	422	130	5.15292
2560	2560	1	408	20	4.27576
2560	2560	1	184	130	3.50195
2560	2560	1	106	348	5.47696
2048	2560	1	170	512	0.00000
2048	2560	1	116	308	1.41074
2048	2560	1	266	340	3.27223
2048	2560	1	492	242	0.99371
2048	2560	2	206	418	0.00000
2048	2048	1	308	334	6.03938
2048	2560	1	0	150	5.69445
2048	2560	1	112	226	4.56951
2048	2048	1	54	388	4.04046
2048	2560	1	90	102	3.94270
2048	2560	1	6	422	3.25485
2048	2560	1	484	108	3.77074
2048	2560	1	250	66	5.03592
2048	2048	1	180	356	3.60772
2560	2560	1	74	94	0.24498
2560	2048	1	8	420	3.32816
2048	2048	1	200	500	4.42693
2048	2048	1	400	488	5.00474
2048	2560	1	230	200	0.24829
2048	2560	1	38	30	0.80911
2560	2048	1	292	262	6.06452
2560	2048	1	406	262	0.72136
2560	2048	1	390	166	1.36658
2560	2048	1	454	44	0.69739
2560	2048	1	312	106	0.00000
2560	2048	1	194	122	0.00000
2560	2048	1	148	0	0.00000
2560	2048	1	202	268	2.69492
2560	2048	1	118	270	5.77979
2048	2048	1	494	284	5.32399
2048	2048	1	480	202	1.89255
2560	2048	1	92	114	3.62849
2048	2048	1	270	42	2.82683
2048	2048	1	284	150	4.79553
2048	2048	1	396	290	6.02245
2048	2048	1	178	228	2.80800
2048	2048	1	72	258	0.39561
2048	2048	2	180	98	0.00000
2048	2048	1	12	194	0.46365
2048	2048	2	410	10	0.00000
2560	2048	1	512	164	5.43572
3072	2560	1	152	256	1.76730
3072	2560	1	234	370	2.83420
3072	2560	1	376	364	0.00000
3072	2560	1	170	388	5.78924
3072	2560	1	80	416	0.00000
3072	2560	1	74	294	2.07399
3584	2560	1	492	494	5.70858
3584	2560	1	412	446	0.00000
3584	2560	1	278	512	4.11570
3584	2560	1	250	460	4.43116
3584	2560	1	158	474	2.48916
3584	2560	1	366	350	3.70832
3584	2560	1	314	294	3.77757
3584	2560	1	506	344	2.91945
3584	2560	1	428	314	5.97614
3584	2560	1	198	242	5.12319
3584	2560	1	192	356	2.98599
3072	2560	1	452	404	2.98098
3584	2560	1	62	372	4.60301
3584	2560	1	46	436	2.47371
3072	2560	1	452	274	3.60524
3072	2560	1	298	484	1.42128
3072	2560	1	378	214	0.66105
3072	2560	1	284	304	2.93526
3072	2560	1	506	510	3.88067
3584	2560	1	56	250	1.87836
3584	2048	1	464	296	1.51924
3584	2048	1	468	56	0.00000
3584	2048	1	396	94	0.00000
3584	2048	1	250	78	3.72012
3584	2560	1	462	174	0.48833
3584	2560	1	212	184	2.29177
3584	2048	1	224	0	0.00000
3584	2560	1	242	94	5.59488
3584	2048	1	160	126	0.00000
3584	2048	1	48	270	4.76532
3584	2560	1	370	10	0.96722
3584	2560	1	432	52	4.15176
3072	2048	1	506	348	4.44562
3584	2048	1	80	416	4.06583
3584	2560	1	130	12	4.71239
3072	2560	1	476	124	2.39493
3584	2048	1	456	420	5.10573
3584	2048	1	302	314	2.07239
3584	2048	1	322	230	2.15506
3072	2560	1	222	94	0.45952
3072	2560	1	246	174	4.14566
3072	2560	1	198	10	0.32175
3072	2560	1	64	184	1.12715
3072	2048	1	50	434	4.64273
3072	2560	1	44	68	3.99619
3072	2048	1	312	476	5.25587
3072	2048	1	390	356	4.02809
3072	2048	1	294	306	4.15936
3584	2048	1	10	134	0.30170
3072	2048	1	424	146	0.00000
3072	2048	1	470	48	2.79889
3072	2048	1	360	126	3.23565
3072	2048	1	252	102	2.47530
3072	2048	1	180	126	0.00000
3072	2048	1	90	332	1.37700
3072	2048	1	50	236	5.68699
3072	2048	1	126	204	2.20328
3584	2560	2	24	93	0.00000
3584	2560	2	96	117	0.00000
3584	2560	2	348	139	0.00000
3072	2048	1	278	220	4.09918
3072	2048	1	178	390	5.02233
3072	2560	2	318	22	0.00000
3072	2560	2	152	82	0.00000
3072	2048	1	488	206	3.66767
3584	2048	1	402	204	5.25732
3072	2560	2	264	20	0.00000
3584	3072	1	420	402	2.64298
3072	3584	1	340	512	0.00000
3584	3584	1	184	284	0.56673
3584	3584	1	12	376	0.86528
3584	3584	1	70	412	0.38168
3584	3584	1	52	268	2.42872
3584	3584	1	4	510	1.90323
3584	3584	1	304	432	5.02469
3584	3584	1	512	376	2.72709
3584	3584	1	416	338	2.53321
3584	3584	1	440	252	2.64425
3584	3584	1	404	454	5.84183
3584	3584	1	164	476	2.30732
3072	3584	1	392	466	0.00000
3584	3584	1	314	306	5.50725
3584	3584	1	112	512	0.00000
3584	3584	1	112	300	3.16484
3584	3584	1	512	202	6.12124
3584	3584	1	314	510	1.65027
3584	3584	1	482	482	1.61470
3584	3584	1	222	370	4.51859
3072	3584	1	62	472	1.39728
3072	3584	1	20	394	2.87946
3072	3584	1	212	470	0.98106
3072	3584	1	278	492	0.70532
3072	3584	1	200	388	1.46014
3072	3584	1	386	368	1.55445
3072	3584	1	426	282	5.12705
3072	3584	1	6	272	0.47058
3072	3584	1	44	114	2.73330
3072	3584	1	0	198	1.70599
3072	3584	1	80	330	2.56691
3072	3584	1	202	274	6.13424
3072	3584	1	130	282	2.56863
3072	3584	1	304	242	0.87940
3584	3072	1	376	314	0.83730
3584	3584	1	338	188	0.36363
3584	3072	1	282	356	0.56159
3584	3072	1	372	492	1.58314
3584	3072	1	272	280	4.89391
3584	3584	1	432	132	3.59441
3584	3072	1	350	438	4.93253
3584	3072	1	512	412	1.76571
3584	3072	1	490	338	4.96456
3584	3072	1	492	506	0.00000
3584	3584	1	410	52	0.79239
3584	3072	1	356	246	5.42676
3584	3072	1	430	226	3.18239
3584	3584	1	238	136	0.00000
3584	3072	1	226	460	5.89553
3584	3584	1	300	84	6.07303
3584	3584	1	200	4	2.54661
3584	3072	1	108	486	5.82217
3584	3584	1	98	146	1.87747
3584	3584	1	66	54	2.50685
3072	3584	1	460	190	1.43462
3072	3584	1	406	112	5.45030
3072	3584	1	284	84	4.86011
3072	3584	1	124	66	1.77344
3072	3584	1	246	154	1.45082
3072	3584	2	128	146	0.00000
3584	3072	1	218	210	4.18431
3584	3072	1	324	156	6.06765
3584	3072	1	274	28	4.11521
3584	3072	1	392	120	6.17516
3584	3072	1	494	98	4.09918
3584	3072	1	512	180	4.01013
3584	3072	1	218	142	2.02405
3584	3072	1	136	90	4.20332
3584	3072	1	24	84	4.12113
3584	3072	1	186	0	5.71001
3072	3072	1	474	30	3.49878
3072	3072	1	394	46	0.00000
3072	3072	1	290	0	4.76561
3584	3072	1	124	228	3.30980
3072	3072	1	510	420	1.26950
3584	3072	1	512	0	5.87734
3072	3072	1	482	304	2.76860
3584	3072	1	76	346	4.28576
3584	3072	1	54	198	6.06507
3072	3072	1	396	154	1.04379
3072	3072	1	276	162	0.28379
3072	3072	1	462	200	0.93481
3072	3072	1	196	46	1.99730
3072	3072	1	228	508	3.50862
3072	3072	1	378	362	1.67269
3072	3072	1	370	290	5.11898
3072	3072	1	118	490	1.51436
3072	3072	1	154	254	1.52321
3072	3072	1	366	484	0.72761
3072	3072	1	48	364	3.59326
3072	3072	1	110	408	0.88687
3072	3072	1	230	344	2.13618
3072	3072	1	198	166	2.74194
3072	3072	1	102	126	2.69379
3072	3072	1	14	30	0.80883
3072	3072	1	18	110	0.43663
2560	3584	1	512	280	2.26188
2560	3584	1	498	184	1.58876
2560	3584	1	454	56	5.92919
2560	3584	1	414	428	5.98241
2560	3584	1	372	80	0.50959
2560	3584	1	238	446	1.39671
2560	3584	1	16	428	1.28608
2560	3584	1	320	38	3.47692
2560	3584	1	38	336	0.80302
2560	3072	1	412	432	4.97220
2560	3584	1	512	492	1.41003
2560	3584	1	166	266	3.67366
2560	3584	1	430	308	1.87857
2560	3584	1	136	418	0.00000
2048	3584	1	288	370	5.27148
2560	3584	1	336	316	0.00000
2560	3584	1	512	400	3.01724
2560	3584	1	232	376	4.60438
2560	3584	1	228	266	0.43757
2048	3584	1	176	348	3.43377
2560	3584	1	34	506	5.58658
2048	3584	1	450	496	5.67329
2048	3584	1	402	392	5.99608
2048	3584	1	98	362	0.18071
2048	3584	1	32	488	5.81956
2048	3584	1	76	224	1.99828
2048	3584	1	260	206	3.91672
2048	3584	1	436	302	1.81577
2560	3584	1	28	138	5.21365
2048	3584	1	500	242	1.39276
2560	3584	1	146	136	1.80675
2560	3584	1	240	72	0.00000
2560	3584	1	358	164	4.03468
2560	3072	1	264	324	4.00244
2560	3072	1	222	480	3.32999
2048	3072	1	270	386	4.48918
2560	3584	1	12	8	4.98656
2048	3584	1	398	92	3.61422
2560	3072	1	426	304	4.85761
2560	3072	1	174	302	6.10706
2560	3584	1	164	34	2.77214
2048	3584	1	58	62	0.15991
2048	3584	1	204	42	5.10909
2048	3072	1	346	498	1.32386
2048	3072	1	398	382	2.61416
2560	3072	1	336	160	0.93972
2560	3072	1	32	384	5.96081
2560	3072	1	146	366	2.55358
2560	3072	1	474	52	0.74838
2560	3072	1	512	128	0.45783
2560	3072	1	368	6	0.00000
2560	3072	1	258	0	0.00000
2560	3072	1	100	154	1.17514
2048	3072	1	148	42	0.42929
2048	3072	1	232	32	0.31066
2048	3072	1	456	112	5.76494
2048	3072	1	492	270	3.93887
2048	3072	1	396	248	0.81583
2048	3072	1	372	128	5.57869
2048	3072	1	90	214	3.31312
2560	3072	1	48	82	0.64904
2048	3072	1	298	186	0.00000
2048	3072	1	234	200	3.04892
2048	3072	1	178	338	0.45822
2048	3072	1	12	68	5.93126
2048	3072	2	38	372	0.00000
2048	3072	2	22	214	0.00000
2048	3072	2	170	482	0.00000
2560	3072	2	92	232	0.00000
2560	3072	2	222	130	0.00000
2560	3072	2	142	76	0.00000
2560	3072	2	354	234	0.00000
2560	3072	2	100	432	0.00000
2048	3072	2	502	440	0.00000
2048	3584	2	244	128	0.00000
2048	3584	1	340	482	3.12246
2048	3072	1	302	28	0.21984
2048	3072	2	308	440	0.00000
