1536	2560	1	342	480	5.61094
1536	2560	1	474	248	5.78023
1536	2560	1	262	348	1.31741
1536	2560	1	42	428	5.38170
1024	2560	1	262	420	5.99939
1024	2560	1	82	248	2.12154
1024	2560	1	84	354	5.35315
1024	2560	1	390	512	2.38952
1536	2560	1	104	222	2.70064
1536	2560	1	396	370	4.00086
1536	2560	1	202	202	0.23738
1536	2560	1	488	106	4.03058
1536	2560	1	398	78	3.63276
1024	2560	1	162	500	0.91651
1536	2560	1	2	266	1.91713
1536	2560	1	290	224	5.74553
1024	2560	1	152	206	4.97214
1536	2560	1	382	220	3.30674
1024	2560	1	32	436	1.07952
1536	2560	1	456	466	1.24905
1024	2560	1	424	394	2.72283
1536	2048	1	260	494	0.00000
1536	2560	1	70	88	6.04877
1536	2560	1	196	82	0.99983
1024	2560	1	510	78	0.44000
1536	2048	1	468	396	3.13149
1536	2560	1	316	98	2.97165
1024	2560	1	316	304	4.51499
1024	2560	1	378	204	3.41266
1024	2560	1	298	40	0.66855
1024	2560	1	84	124	3.17094
1024	2560	1	48	30	1.05989
1024	2048	1	228	368	0.34572
1024	2560	2	194	284	0.00000
1536	2048	1	56	502	1.84604
1536	2048	1	102	406	2.93215
1536	2048	1	196	424	3.27078
1536	2048	1	252	312	2.96692
1536	2048	1	358	366	3.36539
1536	2560	1	28	344	4.87311
1024	2048	1	112	260	2.09686
1024	2048	1	222	154	1.02889
1024	2048	1	498	228	3.36663
1536	2048	1	194	132	0.00000
1536	2048	1	264	56	5.94016
1536	2048	1	384	116	4.76039
1536	2048	2	506	68	0.00000
1536	2048	1	308	202	4.51389
1536	2048	1	10	0	0.00000
1536	2048	1	100	176	5.90164
1536	2048	1	44	304	3.65136
1024	2048	1	96	4	3.10393
1024	2048	2	204	78	0.00000
1024	2048	1	4	72	4.13221
1024	2560	2	340	436	0.00000
1536	2560	2	302	406	0.00000
1024	3072	1	138	70	0.99387
1024	3072	1	144	190	0.41939
1024	3072	1	244	218	2.90511
1024	3072	1	278	82	5.66417
1024	3072	1	374	22	2.41851
1024	3072	1	124	14	1.18763
1536	3072	1	78	56	0.81918
1536	3072	1	188	62	0.37373
1536	3072	1	370	4	5.92697
1536	3072	1	430	88	4.40844
1536	3072	1	494	218	2.30790
1536	3072	1	356	190	5.18172
1536	3072	1	234	182	3.66755
1024	3072	1	374	140	0.94426
1536	3072	1	2	170	5.91944
1024	3072	1	10	278	3.63279
1024	3072	1	70	314	3.33349
1024	3072	1	132	376	0.05697
1024	3072	1	202	318	6.00600
1024	3072	1	308	256	6.07573
1024	3072	1	406	312	2.38649
1536	3072	1	124	290	1.11652
1536	3072	1	270	252	3.69325
1536	3072	1	328	300	0.77052
1536	3072	1	384	334	0.57155
1536	3072	1	468	330	3.75303
1024	3072	1	230	426	1.46303
1024	3072	1	394	506	2.86945
1536	3072	1	94	460	3.31580
1536	3072	1	190	466	0.32260
1536	3072	1	430	500	4.06749
1536	3584	1	476	34	4.16510
1536	3072	2	368	456	0.00000
1536	3584	2	464	110	0.00000
1024	3584	1	62	10	0.66058
1024	3072	2	26	464	0.00000
1024	3584	1	92	106	0.75528
1024	3584	1	248	58	0.76644
1024	3584	1	342	174	5.77621
1536	3584	1	96	126	2.99120
1536	3584	1	178	114	2.90727
1536	3584	1	254	48	4.51176
1536	3584	1	360	112	2.03063
1536	3584	1	286	160	5.48093
1536	3584	1	240	220	4.86550
1536	3584	1	44	190	2.61282
1024	3584	1	266	270	1.72562
1024	3584	1	32	232	4.87257
1024	3584	1	488	272	2.18383
1024	3584	1	384	300	0.31315
1536	3584	1	104	292	3.74187
1536	3584	1	186	308	6.15063
1024	3584	1	56	314	1.14103
1024	3584	1	214	388	6.13337
1024	3584	1	292	398	0.00000
1024	3584	1	132	462	0.00000
1024	3584	2	22	516	0.00000
1024	3584	1	486	426	0.48919
1536	3584	1	44	472	0.27565
1536	3584	1	160	468	6.15596
1536	3584	1	322	484	5.68511
1536	3584	1	380	318	4.82066
1536	3584	1	474	426	2.33984
1536	3584	1	512	272	4.87299
2048	2048	1	101	51	6.14489
2048	2048	1	69	197	0.43142
2048	2048	1	175	263	5.70507
2048	2048	2	177	125	0.00000
2048	2048	1	403	159	1.13916
2048	2048	2	493	65	0.00000
2048	2048	2	406	13	0.00000
2560	2048	1	43	31	1.90209
2560	2048	1	109	111	1.75963
2560	2048	1	37	195	6.08226
2560	2048	1	107	269	0.33597
2560	2048	1	193	129	0.20690
2560	2048	1	239	219	5.39306
2560	2048	1	295	319	1.56583
2560	2048	1	447	325	0.78072
2560	2048	1	475	195	0.82452
2560	2048	1	391	169	4.13444
2560	2048	1	297	99	0.16294
2560	2048	1	441	61	0.40515
2560	2048	1	349	59	6.12927
2048	2048	1	285	325	6.01354
2048	2048	1	163	391	2.90391
2048	2048	1	83	487	2.68249
2048	2048	1	395	345	2.79648
2048	2048	1	507	369	5.45227
2048	2048	1	385	479	5.44910
2560	2048	1	21	487	4.06562
2048	2048	2	202	499	0.00000
2048	2560	1	239	55	1.33756
2048	2560	1	59	123	0.50758
2048	2560	2	171	147	0.00000
2048	2560	2	231	151	0.00000
2048	2560	2	381	97	0.00000
2048	2560	2	411	53	0.00000
2560	2048	1	235	467	2.44840
2560	2048	2	289	399	0.00000
2560	2048	1	393	419	4.89244
2560	2048	1	367	487	5.11171
2560	2560	1	345	71	1.97973
2560	2560	1	209	77	5.88543
2560	2560	1	87	43	1.85958
2048	2560	1	445	129	3.84679
2048	2560	1	321	119	4.82292
2048	2560	2	313	201	0.00000
2560	2560	2	21	161	0.00000
2560	2560	1	123	167	4.17588
2048	2560	2	165	364	0.00000
2048	2560	2	201	416	0.00000
2048	2560	2	323	424	0.00000
2560	2560	2	18	482	0.00000
2560	2560	2	311	492	0.00000
2560	2560	2	467	330	0.00000
2560	2560	1	499	103	2.56879
2560	2560	1	361	161	2.04906
2560	2560	1	345	243	4.99079
2048	2560	1	499	227	1.89784
2048	2560	1	121	261	2.68442
2048	2560	1	37	345	0.00000
2048	2560	1	291	289	0.79078
2048	2560	1	361	327	0.50884
2048	2560	2	439	312	0.00000
2560	2560	1	59	309	4.86376
2560	2560	1	209	309	5.27138
2560	2560	1	197	405	5.62571
2560	2560	1	105	435	6.02940
2048	2560	1	457	431	0.66340
2048	2560	1	341	513	5.43498
2560	2560	1	433	411	4.25642
2560	2560	1	411	513	2.55224
2560	2560	1	241	513	3.40434
2048	2560	1	79	507	3.00525
2560	2560	2	513	14	0.00000
2560	2048	1	191	21	3.88892
2560	2048	2	513	70	0.00000
2048	2560	2	190	511	0.00000
2560	2560	1	169	513	5.95632
2560	2048	2	439	473	0.00000
2048	2048	2	261	501	0.00000
3584	2048	1	220	266	5.06464
3584	2048	1	26	88	3.53220
3584	2048	1	392	226	5.09137
3584	2048	1	394	92	6.15883
3584	2048	1	472	70	0.00000
3584	2048	1	382	458	3.01051
3072	2048	1	360	84	4.87379
3072	2048	1	204	44	4.22354
3072	2048	1	246	106	4.66481
3072	2048	1	84	184	5.67603
3072	2048	1	100	36	0.52240
3072	2048	2	54	18	0.00000
3072	2048	1	68	308	5.19020
3072	2048	1	304	348	2.21269
3584	2048	1	90	286	0.71409
3072	2048	1	430	236	3.56974
3072	2048	1	320	234	2.84371
3584	2048	1	148	130	0.00000
3584	2048	1	274	80	3.87480
3584	2048	2	222	26	0.00000
3072	2048	1	216	380	4.72873
3072	2048	1	182	482	1.29779
3072	2560	1	218	44	1.09744
3072	2560	1	74	92	3.42328
3072	2048	1	502	328	3.16191
3072	2048	1	438	430	2.58549
3072	2048	1	362	476	2.09867
3584	2048	1	70	426	4.04313
3584	2048	1	102	490	4.55410
3072	2560	1	368	130	0.90010
3072	2560	1	296	84	4.20529
3072	2560	1	134	172	0.67402
3072	2560	1	422	270	3.18157
3584	2560	1	432	54	3.78433
3584	2560	2	510	50	0.00000
3584	2560	1	114	98	3.24746
3584	2560	1	196	150	0.00000
3584	2560	1	324	298	1.50290
3584	2560	1	374	182	3.97793
3072	2560	1	164	428	2.99650
3072	2560	1	246	344	2.93472
3584	2560	1	174	472	2.42807
3072	2048	1	58	442	3.71115
3584	2560	1	6	90	2.35619
3072	2560	1	214	212	1.12204
3072	2560	1	328	256	3.58576
3584	2560	1	320	76	4.19324
3584	2048	1	258	508	1.44644
3072	2560	1	396	384	5.39362
3072	2560	1	508	436	2.67795
3584	2560	1	94	356	5.70054
3584	2560	1	14	346	5.43592
3584	2560	1	330	374	4.69338
3584	2560	1	46	204	4.95305
3584	2560	1	154	244	2.73564
3584	2560	1	444	318	5.87829
3584	2560	1	214	386	5.99939
3584	2560	1	416	462	0.56172
3584	2560	2	502	452	0.00000
3584	2560	2	282	446	0.00000
3584	2560	2	340	450	0.00000
3584	2560	2	236	242	0.00000
3584	2560	2	494	188	0.00000
3072	3584	1	352	362	0.00000
3072	3584	1	168	476	3.21537
3584	3584	1	466	380	4.70879
3584	3584	1	512	490	1.41999
3072	3584	1	242	424	0.32099
3072	3584	1	40	268	2.29187
3072	3584	1	0	384	4.38213
3072	3584	1	154	384	1.43988
3072	3584	1	160	282	0.00000
3072	3584	1	66	168	1.98788
3072	3584	1	138	94	1.72868
3072	3584	1	380	172	0.00000
3584	3584	1	430	494	5.55876
3584	3584	1	80	472	5.80200
3072	3584	1	72	464	0.68904
3072	3584	1	462	252	1.51971
3584	3584	1	158	392	1.54038
3584	3584	1	228	304	2.89073
3584	3584	1	370	220	0.84786
3072	3584	1	494	348	1.48847
3584	3584	1	308	428	5.60892
3584	3584	1	276	500	1.74404
3584	3584	1	512	120	3.93139
3584	3584	1	450	50	0.00000
3584	3584	1	150	450	0.34442
3584	3584	1	80	270	0.00000
3584	3584	1	140	300	3.19623
3584	3584	1	266	246	0.00000
3072	3584	1	238	160	0.55431
3584	3584	1	346	354	0.00000
3584	3584	1	468	306	2.69338
3072	3584	1	480	494	1.79240
3584	3584	1	382	130	3.76096
3072	3584	1	426	436	1.00238
3584	3584	1	182	168	1.77816
3584	3584	1	384	14	0.49290
3584	3584	1	332	90	3.11776
3072	3584	1	298	184	0.00000
3584	3584	1	512	248	5.63936
3072	3584	1	314	468	5.88798
3584	3584	1	270	50	0.00000
3584	3584	1	80	106	1.75044
3072	3584	1	490	132	2.38095
3072	3584	1	344	46	1.88454
3072	3584	1	174	16	1.94535
3584	3584	1	32	10	2.75157
3072	3072	1	466	468	3.05406
3584	3584	1	158	70	2.56049
3584	3072	1	140	466	4.28366
3584	3072	1	216	478	3.70320
3584	3072	1	292	488	0.88870
3584	3072	1	372	420	5.65584
3584	3072	2	356	320	0.00000
3584	3072	1	512	428	3.43884
3584	3072	1	512	304	0.00000
3584	3072	1	458	348	2.78174
3584	3072	1	378	222	0.00000
3584	3072	1	272	304	5.83880
3584	3072	1	204	330	5.73194
3584	3072	1	120	362	2.32446
3584	3072	1	84	416	3.13734
3584	3072	1	2	312	3.14726
3584	3072	1	92	254	1.51022
3072	3072	1	408	306	2.94476
3072	3072	1	358	424	4.05413
3072	3072	1	270	384	4.04122
3072	3072	2	240	458	0.00000
3072	3072	1	174	396	2.58194
3072	3072	1	38	456	0.61736
3072	3072	1	104	290	1.44761
3072	3072	1	264	242	3.44853
3072	3072	1	4	364	0.00000
3584	3072	1	444	106	0.00000
3584	3072	1	512	194	1.45306
3584	3072	1	512	58	5.91501
3584	3072	1	458	0	0.00000
3584	3072	1	364	12	5.38148
3584	3072	1	268	58	4.84435
3584	3072	1	338	92	4.86010
3584	3072	1	296	192	0.70563
3584	3072	1	238	132	4.26054
3584	3072	1	180	176	2.48599
3584	3072	1	100	126	0.86555
3072	3072	1	468	200	0.00000
3584	3072	2	24	208	0.00000
3584	3072	1	78	18	1.97920
3072	3072	1	370	0	0.00000
3072	3072	1	202	142	4.68334
3072	3072	1	184	22	0.00000
3072	3072	1	72	44	3.27077
2048	3072	1	64	182	5.75003
2048	3072	1	116	86	1.24709
2048	3072	2	226	270	0.00000
2048	3072	2	186	222	0.00000
2048	3072	2	292	278	0.00000
2048	3072	2	146	352	0.00000
2048	3072	2	164	482	0.00000
2048	3584	2	376	24	0.00000
2560	3072	2	100	230	0.00000
2560	3072	2	138	80	0.00000
2560	3072	2	230	124	0.00000
2560	3072	2	352	236	0.00000
2560	3584	1	294	50	3.76734
2048	3072	1	310	50	1.93097
2048	3072	1	446	88	0.00000
2560	3072	1	70	120	1.96385
2560	3072	1	296	164	3.56445
2560	3072	1	426	162	5.01055
2560	3072	1	426	56	2.75154
2560	3072	1	416	294	4.04809
2048	3072	1	458	326	5.17371
2048	3072	1	488	236	4.15473
2048	3072	1	282	194	4.99682
2048	3072	1	366	230	5.91124
2048	3072	1	374	154	5.54610
2560	3072	1	178	268	4.05818
2560	3072	1	136	360	4.41389
2560	3072	2	98	440	0.00000
2048	3072	1	316	368	0.55165
2048	3072	1	384	418	3.83017
2048	3072	1	244	470	5.65603
2048	3584	1	212	40	5.48308
2048	3584	1	122	46	2.21700
2048	3584	1	66	94	0.67021
2048	3584	1	114	162	2.62725
2048	3584	1	220	152	5.06349
2048	3584	1	408	186	1.27468
2560	3072	1	4	450	0.74942
2560	3072	2	224	492	0.00000
2560	3072	1	484	390	1.00095
2560	3584	1	466	144	5.79535
2560	3072	1	338	466	5.08694
2560	3072	1	152	498	0.00000
2560	3584	1	48	26	0.95655
2560	3584	1	36	108	0.76101
2560	3584	1	190	90	3.96931
2560	3584	1	388	160	2.33934
2560	3584	1	282	164	4.96437
2560	3584	1	198	202	2.00940
2560	3584	1	14	210	0.71841
2560	3584	1	78	268	3.52339
2048	3584	1	186	248	0.00000
2048	3584	1	58	276	1.08005
2048	3584	1	306	304	0.00000
2048	3584	1	454	288	6.03821
2560	3584	1	346	266	0.22343
2560	3584	1	286	336	0.16821
2560	3584	1	178	300	2.00890
2048	3584	1	226	368	0.00000
2048	3584	1	328	434	5.07416
2560	3584	1	48	374	4.88667
2560	3584	1	66	462	1.91714
2560	3584	1	260	464	0.00000
2560	3584	1	170	382	5.08328
2560	3584	1	362	424	5.26523
2560	3584	1	396	328	4.32105
2048	3584	1	200	502	5.87300
2048	3072	1	88	330	0.00000
2560	3072	1	172	42	6.02667
