1536	2560	1	490	498	0.77903
1536	2560	1	362	512	0.62370
1536	2560	1	400	428	1.98704
1536	2560	1	290	398	3.44199
1536	2560	1	188	396	3.14589
1536	2560	1	464	300	4.63026
1536	2560	1	474	152	0.00000
1536	2560	1	374	158	4.80670
1536	2560	1	274	242	6.08102
1536	2560	1	130	316	3.28992
1536	2560	1	60	436	5.29402
1024	2560	1	476	466	5.58214
1024	2560	1	308	474	4.79746
1024	2560	1	294	350	4.80734
1024	2560	1	410	332	2.18141
1024	2560	1	438	232	1.69515
1024	2560	1	294	208	4.53254
1024	2560	1	176	390	3.55008
1024	2560	1	74	442	0.03029
1024	2560	1	392	128	2.20048
1024	2560	1	22	268	0.26212
1024	2560	1	0	446	2.61235
1024	2560	1	128	266	3.70309
1024	2560	1	254	58	1.12104
1536	2048	1	266	478	4.35192
1536	2560	1	24	46	4.00162
1536	2560	1	96	126	0.96230
1536	2560	1	354	20	0.59901
1536	2048	1	464	496	3.89780
1536	2560	1	54	268	0.39671
1536	2048	1	512	248	0.46365
1536	2048	1	448	320	2.74397
1536	2048	1	312	358	3.50867
1536	2048	1	374	78	3.70353
1024	2048	1	80	450	0.00000
1536	2048	1	236	338	2.60430
1536	2048	1	74	280	0.26933
1024	2560	1	414	12	4.27851
1536	2048	1	238	244	1.70026
1024	2048	1	470	220	2.92886
1536	2048	1	234	128	5.99817
1536	2048	1	256	32	5.99513
1024	2048	1	368	298	0.00000
1536	2048	1	176	66	5.98143
1536	2048	1	78	96	5.37716
1024	2048	1	60	152	4.74179
1024	2048	1	244	362	0.39633
1024	2048	1	202	68	0.33474
1536	2048	1	18	0	0.65511
1024	2048	1	170	250	6.03063
1536	2048	2	494	63	0.00000
1536	2048	2	512	137	0.00000
1024	2560	2	90	200	0.00000
1536	2560	2	478	416	0.00000
1536	2560	1	488	360	4.71446
1024	2560	2	200	504	0.00000
1536	3584	1	454	432	0.17109
1536	3584	1	332	456	5.85835
1536	3584	1	166	430	0.25118
1536	3584	1	244	458	0.15660
1536	3584	1	82	460	0.00000
1024	3584	1	512	442	5.94818
1024	3584	1	372	486	3.38139
1024	3584	1	272	506	0.00000
1024	3584	1	152	444	6.20939
1024	3584	1	10	486	5.66103
1024	3584	1	74	262	5.12552
1024	3584	1	226	260	2.27570
1024	3584	1	326	356	0.00000
1024	3584	1	418	308	5.50850
1024	3584	1	328	184	3.44978
1024	3584	1	406	182	5.88466
1024	3584	1	464	136	5.56675
1536	3584	1	34	258	5.11217
1536	3584	1	26	118	2.44237
1536	3584	1	110	162	3.19709
1536	3584	1	208	96	0.80593
1536	3584	1	194	210	3.35750
1536	3584	2	244	268	0.00000
1024	3072	2	504	310	0.00000
1536	3584	1	332	332	5.89593
1536	3584	1	502	340	1.72277
1536	3584	1	422	236	4.88851
1536	3584	1	508	194	5.34823
1536	3584	2	452	114	0.00000
1536	3584	1	356	156	0.70718
1536	3584	1	278	18	3.00878
1024	3072	1	502	492	0.38338
1024	3584	1	248	112	1.87652
1024	3072	1	320	402	1.41166
1024	3072	1	100	364	2.02807
1024	3584	1	0	8	4.97864
1536	3072	1	104	452	5.45983
1536	3072	1	286	320	1.84845
1536	3072	1	366	244	2.61138
1536	3072	1	260	144	0.00000
1024	3072	1	240	118	5.97164
1024	3072	1	106	172	0.24998
1024	3072	1	170	202	0.00000
1024	3072	1	248	276	0.00000
1024	3072	1	314	282	0.46402
1024	3072	1	222	408	2.74669
1024	3584	1	130	14	0.64318
1024	3584	1	252	8	0.74542
1024	3584	1	390	66	0.86518
1024	3072	1	390	474	1.06967
1024	3072	1	328	124	3.31549
1024	3072	1	168	34	0.65108
1024	3072	1	24	86	1.21421
1024	3072	1	114	444	1.59844
1024	3072	1	4	416	0.00000
1024	3072	1	332	24	4.49662
1536	3072	1	102	48	0.00000
1536	3072	1	180	70	0.00000
1024	3072	2	470	30	0.00000
1024	3072	1	412	124	3.64869
1536	3072	1	352	32	0.00000
1536	3072	1	268	4	0.00000
1536	3072	1	478	4	0.00000
1536	3072	1	466	82	0.00000
1536	3072	1	486	270	0.00000
1536	3072	1	300	398	1.49097
1536	3072	1	136	308	0.86760
1024	3072	1	442	362	2.10917
1536	3072	1	170	432	5.54009
1536	3584	1	460	16	0.00000
1536	3072	2	396	462	0.00000
2560	2048	1	70	358	5.30792
2560	2048	1	202	136	0.16165
2048	2048	1	392	138	5.45953
2048	2560	2	348	52	0.00000
2560	2048	2	432	470	0.00000
2048	2560	2	316	206	0.00000
2560	2560	2	18	158	0.00000
2048	2560	2	194	422	0.00000
2048	2560	2	312	426	0.00000
2048	2560	2	446	334	0.00000
2048	2560	2	510	316	0.00000
2560	2560	2	18	478	0.00000
2560	2560	2	310	496	0.00000
2048	2560	2	410	40	0.00000
2048	2048	1	178	298	2.59335
2048	2048	1	298	316	5.47910
2048	2048	1	370	244	2.05627
2048	2048	1	466	380	6.02077
2048	2048	1	278	426	1.41429
2048	2048	1	88	406	0.00000
2048	2048	1	22	228	0.56903
2048	2048	1	72	100	1.18012
2048	2048	1	56	6	2.27981
2048	2048	2	194	48	0.00000
2048	2048	2	494	60	0.00000
2048	2048	1	310	26	0.36470
2560	2048	1	116	250	5.80978
2560	2048	1	62	124	3.49176
2560	2048	2	148	22	0.00000
2048	2048	2	404	4	0.00000
2560	2048	1	310	92	0.00000
2560	2048	1	398	82	5.97091
2560	2048	1	404	196	4.36467
2560	2048	1	230	254	4.19324
2560	2048	1	236	370	0.15961
2560	2048	1	298	414	3.70317
2560	2048	2	508	170	0.00000
2048	2048	1	386	482	1.34373
2048	2048	1	250	498	4.67387
2048	2560	1	262	84	3.94547
2048	2560	2	226	158	0.00000
2048	2560	2	76	88	0.00000
2048	2560	1	140	226	3.11035
2560	2560	1	102	94	4.68635
2560	2560	1	242	36	1.25144
2560	2048	1	362	474	3.12653
2560	2560	1	384	106	5.88044
2560	2560	1	264	148	4.33315
2560	2560	1	504	88	2.31439
2560	2560	1	356	254	2.29744
2048	2560	1	288	360	4.65689
2048	2560	1	114	452	5.73375
2048	2560	1	412	486	0.99759
2560	2560	1	196	374	3.22948
2560	2560	1	266	414	3.62911
2048	2560	2	70	356	0.00000
2560	2560	2	464	328	0.00000
2560	2560	1	382	404	3.68246
2560	2560	1	496	378	4.26485
2560	2560	1	488	494	5.02044
2560	2560	1	112	346	0.22528
2048	2560	2	168	362	0.00000
3584	2048	1	292	308	5.37890
3584	2048	1	220	464	2.81984
3072	2048	1	454	178	5.25907
3072	2048	1	500	102	5.20432
3072	2560	1	318	448	1.49019
3584	2048	1	464	74	6.09219
3584	2048	1	362	70	0.62532
3584	2048	1	384	242	5.61035
3584	2048	1	278	178	4.48657
3584	2048	1	136	132	0.05222
3584	2048	1	340	470	4.76576
3584	2048	1	242	78	3.81633
3584	2048	1	14	388	0.00000
3584	2048	1	22	270	0.00000
3072	2048	2	224	468	0.00000
3072	2048	1	382	40	0.34422
3584	2048	1	82	66	6.13161
3072	2048	1	230	56	1.17126
3072	2048	1	168	24	1.02514
3072	2048	1	278	136	1.47671
3072	2048	1	10	22	4.49991
3072	2048	1	48	168	1.93334
3072	2048	1	250	224	5.48065
3072	2048	1	56	296	1.91734
3072	2048	1	192	278	1.73595
3072	2048	1	374	204	0.00000
3072	2048	1	394	302	4.33940
3072	2048	1	352	438	2.48756
3072	2048	2	150	402	0.00000
3072	2048	1	0	434	3.81633
3584	2560	1	400	508	6.24639
3072	2560	1	204	34	2.40162
3072	2048	1	462	470	0.00000
3584	2048	1	84	468	4.21877
3584	2560	1	134	32	3.89417
3584	2560	1	196	76	0.95678
3072	2560	1	68	194	3.60524
3072	2560	1	22	470	4.40818
3072	2560	1	480	80	1.43161
3072	2560	1	362	78	0.51915
3072	2560	2	314	22	0.00000
3072	2560	2	158	398	0.00000
3072	2560	2	102	80	0.00000
3072	2560	1	280	360	3.84730
3072	2560	1	302	186	3.69955
3072	2560	1	440	204	3.20284
3584	2560	1	16	218	3.25687
3584	2560	1	92	144	4.80639
3072	2560	1	354	310	0.00000
3072	2560	1	180	262	0.00000
3584	2560	1	322	180	2.12042
3584	2560	1	206	216	1.68962
3584	2560	1	446	328	0.74084
3584	2560	1	460	422	3.21045
3584	2560	1	290	354	0.68199
3584	2560	1	130	310	3.01462
3584	2560	1	368	382	0.58800
3584	2560	1	188	426	2.90299
3584	2560	1	256	510	4.71334
3584	2560	1	114	430	2.82776
3584	2560	1	62	320	4.02845
3584	2560	1	504	142	0.40987
3072	2560	1	452	398	5.95036
3584	2560	2	238	312	0.00000
3584	2560	1	418	144	6.04162
3584	2560	1	242	464	4.55594
3072	2560	1	34	352	4.29998
3072	2560	2	82	18	0.00000
3072	2048	2	224	354	0.00000
3072	2048	1	128	494	0.68232
3072	2048	2	296	340	0.00000
3072	2048	2	224	426	0.00000
3072	3072	1	276	474	3.73191
3072	3072	1	102	14	1.72310
3072	3072	1	238	16	0.00000
3072	3072	1	408	76	6.17098
3072	3072	1	512	138	0.41564
3072	3072	1	144	84	1.75813
3072	3072	1	138	180	2.07631
3072	3072	1	250	174	0.00000
3072	3072	1	388	198	5.07918
3072	3072	1	162	272	5.13658
3072	3072	1	270	322	4.11321
3072	3072	1	166	386	5.59012
3072	3072	1	82	358	6.08547
3072	3072	1	128	504	3.55273
3072	3584	1	248	78	5.52913
3072	3584	1	168	124	4.04018
3072	3584	1	66	236	0.37530
3072	3072	1	26	250	3.80325
3584	3072	1	60	238	0.00000
3584	3072	1	120	252	0.00000
3584	3072	1	186	266	0.00000
3584	3072	1	314	132	6.26225
3584	3584	1	52	406	6.02408
3584	3072	1	376	68	5.61522
3584	3072	1	130	58	4.02979
3584	3072	1	196	108	0.92597
3584	3072	1	474	66	3.01408
3584	3072	1	412	196	5.72888
3584	3072	1	274	238	4.03877
3072	3072	1	460	296	1.02361
3584	3072	1	14	368	0.44611
3072	3072	1	436	426	3.52309
3072	3072	1	56	512	4.09553
3584	3072	1	274	368	3.16945
3584	3072	2	412	418	0.00000
3584	3072	1	342	326	3.26755
3584	3072	1	478	310	0.66104
3584	3072	1	512	484	3.19306
3584	3072	2	504	192	0.00000
3072	3584	1	350	20	2.79155
3072	3584	1	462	16	0.70557
3072	3584	1	498	80	0.49500
3072	3584	1	366	128	1.70109
3584	3072	1	100	414	4.34070
3584	3072	2	138	358	0.00000
3584	3072	1	358	490	0.42483
3584	3072	1	426	504	3.20186
3584	3584	1	468	98	0.14190
3584	3584	1	272	46	2.80415
3584	3072	1	188	488	1.03082
3584	3584	1	106	14	2.56307
3584	3584	1	194	104	2.64529
3072	3584	1	278	232	1.92387
3584	3584	1	278	224	3.16034
3584	3584	1	360	230	3.21300
3584	3584	1	458	212	2.20994
3584	3584	1	136	342	5.02529
3584	3584	1	224	318	5.69049
3584	3584	1	484	354	3.82607
3072	3584	2	118	266	0.00000
3072	3584	1	202	372	3.79233
3072	3584	1	512	230	5.40983
3584	3584	1	160	212	1.85478
3072	3584	1	62	366	0.35923
3072	3584	1	376	402	0.39695
3584	3584	1	224	452	0.00000
3584	3584	1	396	450	4.48896
3072	3584	1	238	454	3.44700
3072	3584	1	126	464	5.98469
3072	3584	1	28	124	2.88304
3072	3584	1	398	220	2.40703
2560	3584	1	476	354	0.43254
2560	3584	1	72	410	0.14190
2560	3584	1	192	504	3.52209
2560	3584	1	328	196	3.47954
2560	3584	1	418	298	0.85536
2560	3584	1	326	290	0.59656
2560	3584	1	440	484	3.70832
2560	3584	1	270	412	5.35071
2560	3584	1	146	380	3.04323
2560	3584	1	180	294	2.67095
2048	3584	1	166	276	3.62349
2560	3584	1	238	236	0.00000
2048	3584	1	470	486	3.24467
2048	3584	1	376	456	0.25905
2048	3584	1	184	428	5.83071
2048	3584	1	202	136	2.50092
2048	3584	1	278	342	1.06831
2048	3584	1	420	328	1.18518
2048	3584	1	52	458	0.00000
2560	3584	1	10	286	2.19482
2048	3584	1	454	210	0.91757
2048	3584	1	36	78	2.94342
2048	3584	1	22	218	5.41465
2048	3584	1	104	136	3.10457
2048	3584	1	342	118	4.73353
2560	3584	1	78	190	5.63412
2560	3584	1	138	152	5.36106
2560	3584	1	232	108	1.99207
2560	3584	1	462	174	2.47138
2560	3584	1	388	168	3.08864
2560	3584	1	340	68	2.35620
2560	3584	1	436	16	0.86343
2560	3072	1	366	454	4.06107
2560	3072	1	272	458	0.00000
2560	3072	1	222	462	6.19822
2560	3584	1	152	4	0.00000
2560	3584	1	46	60	0.96090
2048	3072	1	506	462	5.15279
2048	3072	1	376	510	1.96757
2048	3072	1	402	420	4.52704
2048	3072	1	86	498	2.31472
2048	3072	1	206	398	5.24523
2048	3072	1	98	354	2.64765
2560	3072	1	482	368	3.20455
2560	3072	1	424	332	3.55032
2560	3072	1	346	312	3.16349
2560	3072	1	150	366	5.64487
2560	3072	1	258	334	1.18589
2560	3072	1	224	276	4.06761
2560	3072	1	210	200	0.66946
2560	3072	1	420	214	2.03230
2560	3072	1	512	114	3.01236
2560	3072	1	424	84	0.00000
2560	3072	1	362	82	2.86189
2560	3072	1	286	64	2.96940
2560	3072	1	206	88	2.59174
2048	3072	1	452	350	4.34385
2560	3072	1	16	286	1.67138
2560	3072	1	90	124	4.83753
2048	3072	1	492	88	3.39035
2048	3072	1	402	56	2.56472
2048	3072	1	380	146	5.43889
2048	3072	1	368	274	2.99974
2048	3072	1	298	334	3.62518
2048	3072	1	294	90	6.06379
2048	3072	1	182	98	1.85586
2048	3072	1	190	166	1.61367
2048	3072	1	32	166	3.71171
2048	3072	1	0	264	5.21716
2560	3072	2	18	187	0.00000
2560	3072	2	100	231	0.00000
2048	3072	2	202	319	0.00000
2048	3072	2	440	229	0.00000
2048	3072	2	188	19	0.00000
2048	3072	2	154	478	0.00000
2048	3072	2	314	434	0.00000
2048	3584	1	262	264	3.98004
2560	3584	2	120	304	0.00000
2048	3584	2	122	220	0.00000
2048	3584	2	256	128	0.00000
2560	3072	2	494	276	0.00000
2560	3072	2	102	336	0.00000
2048	3584	2	64	332	0.00000
2048	3584	1	316	460	0.00000
