1536	2560	1	470	376	4.57984
1536	2560	1	496	232	0.00000
1536	2560	1	422	298	3.88592
1536	2048	1	392	396	0.00000
1024	2048	1	156	128	2.60448
1024	2048	1	36	144	2.83083
1536	2560	1	162	250	5.43315
1024	2560	1	426	398	2.85227
1536	2560	1	66	446	5.01612
1536	2560	1	236	332	1.15764
1536	2560	1	90	288	2.51298
1536	2560	1	358	208	2.24361
1536	2560	1	314	260	5.63585
1536	2048	1	266	56	5.36120
1536	2048	1	238	98	5.54034
1536	2560	1	330	490	5.32705
1536	2560	1	196	458	0.49716
1536	2560	1	440	474	2.52419
1024	2048	2	260	16	0.00000
1024	2048	2	336	20	0.00000
1024	2048	2	436	20	0.00000
1536	2048	2	10	48	0.00000
1536	2048	2	406	20	0.00000
1536	2048	2	490	52	0.00000
1024	2048	1	118	282	2.81617
1024	2048	2	210	84	0.00000
1024	2048	1	460	150	1.32728
1536	2048	1	152	24	3.54217
1536	2048	1	68	52	3.46334
1536	2048	1	66	332	2.54424
1024	2048	1	492	254	3.37293
1536	2048	1	88	200	5.74392
1536	2048	1	220	270	5.89258
1536	2048	2	222	180	0.00000
1536	2048	1	346	242	1.42200
1536	2048	1	242	394	5.26614
1024	2560	1	72	246	4.40287
1024	2560	1	304	230	4.44938
1024	2560	1	48	144	2.15796
1024	2560	1	300	310	4.60103
1024	2560	1	282	422	5.27247
1024	2560	1	202	502	0.86437
1024	2560	1	112	336	2.16353
1024	2560	1	46	446	0.69713
1024	2560	1	16	376	0.86122
1024	2560	1	132	458	0.77718
1536	2560	1	16	182	1.09898
1024	2560	2	372	502	0.00000
1024	2560	2	186	294	0.00000
1024	2560	1	302	56	0.88650
1536	2560	1	82	74	0.06258
1536	2560	1	308	68	0.95018
1536	2048	1	276	500	1.08631
1536	2560	1	158	154	2.62180
1024	2560	1	470	94	0.80691
1536	2560	1	210	114	2.71129
1536	2048	1	48	470	4.08690
1536	2048	1	158	452	3.16753
1536	2048	1	458	508	3.37445
1024	2048	1	222	396	0.27004
1024	2048	1	450	454	1.15120
1536	2560	2	510	72	0.00000
1536	2560	2	508	468	0.00000
1536	3584	1	178	452	0.55391
1536	3584	1	62	454	0.57417
1024	3584	1	276	314	5.02301
1024	3584	1	84	328	1.55537
1024	3584	1	510	418	0.00000
1024	3584	1	192	154	1.18816
1536	3584	1	330	474	5.91921
1024	3584	1	340	156	1.69515
1024	3584	1	100	470	5.79764
1536	3584	1	234	360	1.96174
1536	3584	1	354	342	4.86242
1536	3072	1	492	408	5.86819
1024	3584	1	376	302	0.00000
1024	3584	1	378	432	2.48676
1536	3584	1	272	218	2.81025
1536	3584	1	440	236	2.49052
1536	3584	1	502	408	1.18805
1536	3584	1	56	330	1.62803
1024	3584	1	490	234	3.44009
1536	3584	1	196	232	6.00991
1536	3584	2	424	84	0.00000
1536	3584	2	478	98	0.00000
1024	3584	1	108	112	0.23351
1024	3584	1	0	196	4.76070
1536	3584	1	82	222	1.94254
1536	3584	1	108	140	4.73697
1536	3584	1	26	68	3.76204
1024	3584	1	280	64	1.66146
1536	3072	1	256	480	0.30357
1536	3072	1	446	482	2.92250
1536	3072	2	370	456	0.00000
1536	3584	1	166	6	4.00376
1536	3072	1	132	322	4.12439
1536	3584	1	374	246	2.44350
1024	3072	2	434	398	0.00000
1536	3072	1	462	230	0.00000
1536	3072	1	394	152	0.11350
1536	3072	1	298	360	5.93970
1536	3072	1	104	470	3.78693
1536	3072	1	198	398	0.41656
1536	3584	2	370	58	0.00000
1536	3072	1	294	92	0.00000
1536	3072	1	210	70	0.29146
1536	3072	1	316	250	4.70663
1536	3072	1	180	192	2.65981
1536	3072	1	80	216	0.41143
1536	3072	1	18	174	5.85923
1536	3072	1	20	354	0.55918
1024	3072	1	426	286	0.20513
1024	3072	2	498	302	0.00000
1024	3072	1	412	102	0.00000
1024	3072	2	462	46	0.00000
1024	3072	1	336	20	0.89606
1024	3072	1	124	72	1.12898
1024	3072	1	276	96	5.23154
1024	3072	1	348	238	6.22511
1024	3072	1	274	264	3.77106
1024	3072	1	266	424	5.95026
1024	3072	1	160	466	0.52594
1024	3072	1	82	278	4.04118
1024	3072	1	174	174	0.47570
1024	3072	1	230	204	0.46365
1024	3072	1	112	332	3.81339
1536	3584	1	492	202	2.17614
2048	2048	1	156	242	5.81722
2048	2048	1	60	210	0.16748
2048	2048	1	104	66	0.00000
2048	2048	1	182	62	3.71674
2048	2048	1	56	456	3.54873
2048	2048	1	166	384	3.13911
2048	2048	1	270	290	0.00000
2048	2048	1	424	340	2.61973
2048	2048	1	344	422	4.41083
2048	2048	2	267	499	0.00000
2048	2048	2	213	507	0.00000
2048	2560	1	120	50	5.23056
2048	2560	1	36	114	2.55018
2560	2048	1	226	282	5.63902
2560	2048	1	84	196	5.69509
2048	2048	1	506	216	6.24636
2560	2048	1	224	122	5.14300
2560	2048	1	150	170	0.00000
2048	2048	1	490	68	0.64812
2560	2048	1	60	74	1.26527
2560	2048	2	145	33	0.00000
2560	2048	1	244	52	2.01063
2560	2048	1	318	82	0.08287
2560	2048	1	366	42	0.00000
2560	2048	1	446	44	0.00000
2560	2048	1	366	170	4.04243
2560	2048	1	476	192	0.70655
2560	2048	1	400	282	1.09961
2560	2048	1	466	348	1.14669
2560	2048	1	14	330	4.75267
2560	2048	1	206	200	0.00000
2048	2560	1	292	84	5.41698
2048	2560	1	340	12	4.54558
2048	2560	2	381	81	0.00000
2048	2560	2	163	153	0.00000
2048	2560	2	239	147	0.00000
2048	2560	2	311	211	0.00000
2048	2560	2	407	55	0.00000
2048	2048	1	490	452	4.49111
2560	2560	1	66	10	1.90082
2048	2560	1	478	94	0.00000
2048	2560	1	414	182	0.00000
2560	2048	1	196	436	0.49311
2560	2048	1	316	508	0.00000
2560	2048	1	378	418	5.95867
2560	2560	1	430	76	0.61721
2560	2560	1	478	130	1.58611
2560	2560	1	308	196	5.19065
2560	2560	1	174	144	3.50374
2560	2560	1	68	216	0.00000
2048	2560	1	136	244	2.99231
2048	2560	1	304	262	1.11548
2048	2560	1	408	348	5.44528
2048	2560	2	319	419	0.00000
2048	2560	2	185	413	0.00000
2048	2560	2	163	365	0.00000
2560	2560	2	323	479	0.00000
2048	2560	2	85	512	0.00000
2560	2560	1	138	452	0.00000
2560	2560	1	270	310	5.74281
2560	2560	1	90	304	0.44504
2560	2560	1	472	242	2.33119
2560	2560	1	450	394	3.07271
2560	2560	1	376	370	5.97234
2560	2560	1	200	364	0.00000
2560	2560	1	54	454	0.00000
2048	2560	1	52	302	0.00000
2048	2560	1	30	444	0.49149
2048	2560	1	204	482	5.04249
2560	2048	2	307	403	0.00000
2560	2048	2	509	479	0.00000
2560	2560	2	463	5	0.00000
2048	2560	2	473	511	0.00000
3584	2560	1	420	470	1.79288
3584	2560	1	250	454	5.07637
3584	2560	1	60	394	2.50894
3584	2560	1	178	486	2.47562
3072	2560	1	484	488	3.17861
3584	2560	1	368	360	5.72375
3584	2560	1	422	324	0.29745
3584	2560	1	244	308	3.96697
3584	2560	1	58	264	2.97060
3072	2560	1	252	320	2.71874
3072	2560	1	290	204	0.78540
3584	2560	1	354	196	3.72852
3072	2560	1	218	170	0.26741
3072	2560	1	130	154	3.12142
3584	2560	1	92	512	2.59304
3584	2560	1	496	238	1.91906
3584	2560	1	58	18	4.21689
3072	2560	1	248	468	3.95451
3584	2560	1	162	126	4.90978
3072	2560	1	164	402	2.63211
3584	2560	1	142	298	5.83184
3584	2560	1	262	56	1.44784
3072	2560	1	32	152	1.78589
3584	2048	1	390	452	3.17704
3584	2560	1	512	46	3.43601
3072	2560	1	374	464	0.00000
3584	2560	1	432	78	2.87026
3584	2560	2	402	234	0.00000
3584	2560	2	334	436	0.00000
3072	2560	1	456	332	1.05957
3072	2560	1	352	252	3.65207
3072	2560	1	434	260	4.09534
3584	2560	1	296	150	3.69091
3584	2560	1	124	186	5.29170
3584	2560	1	16	136	3.94021
3072	2560	1	442	134	1.07080
3072	2560	1	378	58	4.36222
3072	2560	1	248	54	2.42349
3072	2560	2	158	60	0.00000
3584	2048	1	54	414	4.35981
3584	2048	1	228	484	3.97957
3584	2048	1	100	468	4.50311
3584	2048	1	364	198	5.49779
3584	2048	1	462	64	0.00000
3584	2048	1	392	86	5.81408
3584	2048	1	260	78	3.92699
3584	2048	1	220	0	0.00000
3584	2048	1	208	212	5.79629
3584	2048	1	156	108	0.21797
3584	2048	1	18	178	3.11865
3584	2048	1	74	304	5.65439
3072	2048	1	486	316	3.30958
3072	2048	1	408	490	1.91366
3072	2048	1	424	426	1.93478
3072	2048	1	378	316	0.95326
3072	2048	1	390	204	5.03414
3072	2048	1	390	64	0.00000
3072	2048	1	234	442	1.74682
3072	2048	1	34	434	4.29632
3072	2048	1	230	102	4.66337
3072	2048	1	212	38	4.49745
3072	2048	1	96	26	0.00000
3072	2048	2	100	116	0.00000
3072	2048	1	182	356	4.58865
3072	2048	1	294	230	3.24126
3072	2048	1	72	260	2.22422
3072	2048	2	28	58	0.00000
3584	3072	1	6	444	5.87997
3584	3072	1	52	344	0.47879
3584	3072	1	130	324	3.10372
3072	3072	1	324	190	0.30763
3072	3072	1	420	164	0.39340
3584	3072	1	8	148	5.60903
3584	3072	1	66	96	2.91001
3584	3072	1	104	30	5.58565
3072	3072	1	386	20	0.12135
3072	3072	1	470	16	0.53426
3072	3072	1	198	50	5.49565
3072	3072	1	124	80	2.53965
3072	3072	1	52	134	2.17025
3584	3072	1	164	126	3.11828
3584	3072	1	296	14	4.92182
3584	3072	1	224	86	0.00000
3584	3072	1	438	66	1.08089
3584	3072	1	336	98	4.72380
3584	3072	2	228	160	0.00000
3072	3072	1	48	260	0.00000
3072	3072	1	206	268	3.12480
3072	3072	1	136	270	0.00000
3584	3072	1	212	240	3.71481
3584	3072	1	328	178	1.16143
3584	3072	1	484	166	5.27306
3584	3072	1	392	230	3.54912
3584	3072	1	484	248	5.57162
3072	3072	2	438	248	0.00000
3072	3072	1	296	348	3.92037
3072	3072	1	332	416	3.91276
3072	3072	1	150	424	3.54705
3584	3072	1	272	272	5.21252
3584	3072	1	434	342	3.32244
3584	3072	1	306	358	0.21395
3584	3072	1	252	378	6.14826
3584	3072	1	200	440	5.96620
3584	3072	1	470	400	1.06390
3584	3072	1	324	444	1.03561
3584	3072	1	402	488	1.12326
3584	3072	2	512	490	0.00000
3072	3072	1	426	478	0.79469
3072	3072	1	204	512	3.29665
3072	3072	1	300	508	4.01835
3072	3584	1	372	64	5.28268
3072	3584	1	464	48	0.53263
3584	3584	1	42	46	0.76321
3584	3584	1	136	24	0.72088
3584	3584	1	272	4	4.73393
3584	3584	1	228	84	4.38602
3584	3584	1	348	94	3.69266
3584	3584	1	462	48	0.51359
3072	3584	1	132	92	5.33286
3072	3584	2	12	44	0.00000
3072	3584	1	38	116	1.77464
3072	3584	1	316	146	2.33580
3584	3584	1	12	126	1.41779
3072	3584	1	444	212	1.99030
3584	3584	1	132	160	5.80730
3584	3584	1	60	244	0.40048
3584	3584	1	244	240	0.36689
3072	3584	1	212	200	1.57507
3584	3584	1	338	228	3.90835
3584	3584	1	512	100	0.00000
3072	3584	1	26	280	2.04720
3584	3584	1	120	322	2.94208
3584	3584	1	184	278	2.95278
3072	3584	1	470	290	2.26732
3072	3584	1	288	284	0.00000
3072	3584	1	372	282	2.22025
3584	3584	1	430	292	2.79217
3584	3584	1	328	306	4.19886
3072	3584	1	134	458	0.00000
3072	3584	1	198	358	0.67109
3072	3584	1	448	392	4.97204
3072	3584	1	366	442	5.32968
3072	3584	1	218	472	3.28782
3072	3584	1	304	458	1.99863
3584	3584	2	144	444	0.00000
3584	3584	1	20	478	5.35295
3584	3584	1	378	384	3.60433
3584	3584	1	276	398	5.47606
3584	3584	1	458	424	1.05651
3584	3584	1	440	148	4.19980
3584	3584	2	56	400	0.00000
3072	3584	2	128	368	0.00000
3072	3584	2	24	362	0.00000
3584	3072	1	18	236	1.84185
3584	3584	1	206	410	1.00326
3584	3584	1	180	486	1.19111
2048	3072	1	102	136	0.44611
2048	3072	2	84	4	0.00000
2048	3072	2	188	18	0.00000
2048	3072	1	68	272	1.37245
2048	3072	1	208	184	4.34150
2048	3072	1	306	188	3.29361
2048	3072	1	384	268	1.02929
2048	3072	2	224	270	0.00000
2048	3072	2	292	276	0.00000
2048	3072	2	52	368	0.00000
2560	3072	2	144	74	0.00000
2560	3072	2	220	136	0.00000
2560	3072	2	348	234	0.00000
2560	3072	2	98	442	0.00000
2048	3072	2	160	478	0.00000
2048	3584	2	192	256	0.00000
2048	3072	1	262	362	1.19347
2048	3072	1	410	390	1.44657
2048	3072	1	310	476	4.26084
2048	3584	1	396	4	3.62395
2048	3584	1	122	72	0.39767
2048	3584	1	226	54	5.59288
2048	3584	1	292	146	0.00000
2048	3584	1	186	174	1.60034
2048	3584	1	62	204	0.00000
2048	3584	1	44	338	4.20984
2048	3584	1	230	414	5.49628
2048	3584	1	168	470	5.71987
2560	3072	1	44	110	6.05209
2048	3072	1	444	30	0.28350
2048	3072	1	502	204	2.57550
2560	3072	1	146	178	2.58363
2560	3072	1	72	308	6.06040
2560	3072	2	42	376	0.00000
2560	3072	2	104	234	0.00000
2048	3072	1	492	370	0.00000
2560	3584	1	4	90	0.37421
2048	3584	1	402	138	0.54042
2048	3584	1	428	232	3.83447
2048	3584	1	488	344	5.82998
2048	3584	1	292	324	6.07964
2560	3584	1	182	90	4.29392
2560	3584	1	178	202	3.61186
2560	3584	1	16	202	0.59776
2560	3584	1	76	274	2.31205
2560	3584	1	92	368	4.95218
2560	3584	1	114	444	1.85553
2560	3584	1	234	348	5.11410
2560	3584	1	234	244	0.54679
2560	3584	1	294	146	1.99031
2560	3584	1	324	98	2.16700
2560	3584	1	262	16	1.20847
2560	3072	2	226	464	0.00000
2560	3072	1	154	388	0.00000
2560	3072	1	288	414	5.04349
2560	3072	1	260	274	4.22650
2560	3072	1	300	176	4.10113
2560	3072	1	304	70	4.08631
2560	3072	1	468	44	4.24874
2560	3072	1	512	138	2.24724
2560	3072	1	426	170	5.70625
2560	3072	1	414	302	3.27078
2560	3072	1	492	402	0.00000
2560	3072	1	422	508	5.98487
2560	3584	1	484	62	4.18524
2560	3584	1	416	196	0.62402
2560	3584	1	310	272	0.60554
2560	3584	1	512	258	1.77340
2560	3584	1	512	354	1.88302
2560	3584	1	416	374	6.18671
2560	3584	1	456	490	0.69913
2048	3584	1	328	476	6.01601
2048	3072	1	0	426	0.00000
2048	3072	1	394	160	5.58093
