1024	2560	1	166	502	1.83600
1024	2560	1	312	476	4.90996
1536	2560	1	380	420	1.98908
1536	2560	1	400	512	2.21787
1024	2560	1	336	268	0.97882
1536	2560	1	106	444	5.04383
1536	2560	1	228	342	4.38314
1024	2560	1	414	454	3.13993
1536	2560	1	284	294	5.99462
1024	2560	1	342	334	3.74416
1536	2560	1	60	148	0.57114
1024	2560	1	172	200	3.94107
1024	2560	1	48	308	2.53207
1536	2560	1	248	420	3.11420
1536	2560	1	472	146	0.57925
1536	2560	1	352	244	2.84243
1536	2560	2	28	492	0.00000
1536	2560	2	78	252	0.00000
1536	2560	2	476	298	0.00000
1024	2560	1	178	358	1.31246
1024	2560	1	428	14	3.05260
1536	2560	1	180	106	2.85180
1536	2560	1	70	12	4.23257
1024	2048	1	236	382	0.32242
1024	2048	1	108	340	3.30125
1024	2560	1	230	50	1.12929
1024	2560	1	8	14	5.64391
1536	2560	1	284	92	1.10402
1536	2048	1	44	432	4.09214
1024	2048	1	108	160	4.72516
1536	2560	1	440	32	3.60535
1536	2048	1	360	458	3.97520
1536	2048	1	330	340	3.60836
1024	2048	2	204	80	0.00000
1024	2048	1	470	210	2.98382
1536	2048	2	248	360	0.00000
1536	2048	1	414	262	3.47704
1536	2048	2	452	438	0.00000
1536	2048	1	504	376	3.98016
1536	2048	1	512	278	5.75376
1536	2048	1	128	226	2.09539
1536	2048	1	346	158	0.00000
1536	2048	2	222	128	0.00000
1024	2048	1	268	0	0.00000
1024	2048	1	452	0	0.26212
1536	2048	1	92	102	5.50230
1536	2048	1	498	140	4.99423
1536	2048	2	488	70	0.00000
1536	2048	1	258	48	6.07459
1536	2048	1	170	54	6.10112
1536	2048	1	408	26	4.70456
1536	2048	1	28	0	0.32935
1024	2560	2	186	284	0.00000
1024	2560	2	506	396	0.00000
1536	2560	2	246	206	0.00000
1536	2560	2	486	416	0.00000
1024	2560	1	0	432	1.55181
1024	2560	2	84	180	0.00000
1536	2048	2	396	124	0.00000
1536	3584	1	146	332	1.23685
1024	3584	1	88	98	6.02967
1536	3072	1	172	434	5.34554
1536	3072	1	484	172	1.78850
1536	3072	1	286	488	3.51086
1536	3584	1	196	404	0.44558
1536	3584	1	446	298	0.72571
1024	3584	1	144	446	0.00000
1024	3584	1	470	212	6.12034
1024	3584	1	172	244	1.72648
1024	3584	1	276	10	0.29655
1024	3584	1	268	360	6.04486
1024	3584	1	368	48	1.78947
1536	3072	1	6	506	5.65467
1024	3584	1	342	200	2.86693
1536	3584	1	76	46	0.89157
1536	3584	1	184	224	1.29985
1536	3072	1	486	488	1.23535
1024	3072	1	318	302	0.15066
1024	3072	1	360	422	2.61641
1536	3072	1	410	96	1.83739
1536	3584	1	312	302	3.76184
1536	3072	1	154	228	5.28612
1536	3584	1	222	74	5.66757
1024	3584	1	408	294	0.00000
1024	3072	1	432	348	5.97778
1536	3072	1	96	462	2.25759
1536	3072	1	104	296	2.07816
1024	3072	1	244	366	0.00000
1024	3072	1	0	482	0.00000
1024	3072	1	152	482	4.86871
1536	3584	1	436	440	5.95650
1536	3072	1	38	316	2.71307
1024	3584	1	36	126	0.00000
1024	3584	1	342	444	0.97123
1024	3584	1	20	462	5.44229
1536	3584	1	154	122	5.72820
1536	3584	2	404	126	0.00000
1536	3584	2	464	106	0.00000
1536	3584	1	512	166	4.02757
1536	3584	2	368	72	0.00000
1536	3072	1	406	400	0.54042
1536	3072	1	302	360	4.22406
1536	3072	1	434	242	1.03291
1536	3072	1	412	36	1.88983
1024	3072	1	100	128	2.87888
1024	3072	1	434	148	0.00000
1024	3072	1	370	78	3.38422
1536	3072	1	100	62	4.50805
1536	3072	1	108	130	4.24874
1536	3072	1	200	34	0.00000
1536	3072	1	246	122	3.14159
1536	3072	1	254	244	3.31141
1024	3072	1	266	134	0.00000
1024	3072	1	176	152	0.00000
1024	3072	1	182	356	2.75223
1024	3072	1	236	250	1.23685
1024	3072	1	510	134	3.00473
1024	3072	1	130	370	2.65816
1024	3072	1	16	320	4.68242
1536	3584	1	234	502	0.94099
2048	2048	1	6	366	4.06737
2048	2048	1	6	262	5.81954
2560	2560	1	216	132	2.47831
2048	2560	1	418	64	6.19927
2048	2048	1	394	468	1.30950
2048	2048	1	82	454	2.62121
2560	2048	1	342	478	0.12178
2048	2560	1	238	352	5.34493
2048	2560	1	396	236	3.13491
2560	2560	1	306	260	2.94587
2048	2560	1	300	492	2.08446
2048	2560	1	118	290	3.48997
2048	2560	1	492	462	2.05659
2560	2560	1	236	468	2.78241
2560	2048	1	512	430	3.51186
2560	2560	1	370	508	3.95463
2560	2560	1	54	288	2.50238
2560	2560	1	410	356	5.26523
2048	2560	1	14	288	4.80866
2048	2560	1	102	442	5.72641
2560	2560	1	460	476	2.15526
2560	2560	1	130	422	0.35198
2048	2560	1	66	122	3.63303
2048	2560	1	298	78	4.84230
2560	2560	1	348	110	4.06716
2560	2560	1	398	190	0.53792
2048	2560	1	156	38	3.55872
2560	2560	1	94	148	1.09824
2560	2560	1	158	260	4.57681
2560	2560	1	510	192	4.99967
2560	2560	1	468	66	2.41238
2048	2048	1	194	470	2.86564
2048	2048	1	160	316	2.41195
2048	2048	1	358	206	0.00000
2560	2048	1	468	250	0.23365
2048	2048	1	170	196	0.00000
2560	2048	1	242	370	0.36718
2560	2048	1	262	508	1.67413
2560	2048	2	512	160	0.00000
2048	2560	2	232	150	0.00000
2048	2560	2	320	208	0.00000
2048	2560	2	164	362	0.00000
2048	2560	2	316	422	0.00000
2048	2560	2	198	412	0.00000
2048	2560	2	174	150	0.00000
2048	2560	1	438	296	0.03085
2048	2560	1	490	308	5.35847
2560	2560	2	316	486	0.00000
2048	2048	1	278	374	0.00000
2560	2560	2	468	324	0.00000
2048	2560	2	194	512	0.00000
2048	2560	1	432	512	0.63984
2560	2560	1	512	382	3.77354
2560	2048	2	438	464	0.00000
2560	2560	2	512	16	0.00000
2560	2048	1	62	350	5.41996
2048	2048	1	466	318	0.00000
2560	2048	1	114	242	5.80584
2048	2048	1	180	76	3.94517
2048	2048	1	380	80	0.00000
2048	2048	1	112	78	3.28349
2048	2048	1	0	138	5.04513
2048	2048	1	452	138	5.61972
2048	2048	1	334	44	0.29619
2048	2048	1	426	32	0.92218
2560	2048	1	64	120	3.24647
2560	2048	1	214	106	0.10724
2560	2048	1	312	80	0.15637
2560	2048	1	448	40	1.04202
2560	2048	1	132	0	0.00000
2560	2048	1	358	234	3.37973
2560	2048	2	298	402	0.00000
2560	2048	2	348	392	0.00000
2560	2560	2	14	168	0.00000
2048	2560	1	6	90	0.31131
2048	2048	1	246	280	5.79675
2048	2048	2	494	56	0.00000
2560	2048	2	512	70	0.00000
3072	2048	1	296	70	2.39743
3072	2048	1	140	26	1.74908
3072	2048	1	184	150	3.17437
3072	2048	1	74	160	1.99365
3072	2048	1	364	28	3.31751
3072	2048	1	490	38	5.46869
3584	2048	2	38	24	0.00000
3072	2048	1	260	186	0.75368
3072	2048	1	442	102	0.44048
3072	2048	1	42	272	2.41088
3072	2048	1	162	294	2.24743
3072	2048	1	334	270	5.56044
3072	2048	1	376	248	6.26451
3072	2048	1	454	232	6.04801
3584	2048	1	18	154	5.17115
3584	2048	1	110	86	0.26845
3584	2048	1	250	82	3.86329
3584	2048	1	352	86	0.56419
3584	2048	1	144	338	5.80779
3584	2048	1	58	338	3.15611
3584	2048	1	356	218	5.43974
3584	2048	1	320	348	4.82125
3584	2048	1	340	480	4.42567
3584	2560	1	198	34	3.87624
3584	2048	1	98	470	4.93215
3072	2048	1	448	372	5.21989
3072	2048	1	364	486	3.47085
3072	2048	1	302	422	0.57738
3072	2048	1	264	304	5.48031
3072	2048	1	480	454	4.96543
3072	2560	1	460	26	4.66831
3072	2560	1	268	50	4.24874
3072	2048	1	186	456	3.60773
3072	2048	1	116	430	0.26087
3072	2560	1	58	40	2.95460
3072	2048	2	28	392	0.00000
3072	2560	1	266	102	1.09661
3072	2560	1	208	238	0.78079
3072	2560	2	164	74	0.00000
3072	2560	1	366	158	0.00453
3072	2560	1	292	286	3.59613
3072	2560	1	22	198	5.45785
3584	2560	1	56	64	4.06889
3584	2560	1	186	114	1.92142
3584	2560	1	308	64	4.53703
3584	2560	1	424	154	5.69636
3584	2560	1	292	222	3.39201
3584	2560	1	118	204	5.20099
3584	2560	1	6	208	3.55372
3072	2560	2	434	128	0.00000
3072	2560	2	478	176	0.00000
3072	2560	1	398	252	3.65582
3072	2560	2	134	134	0.00000
3584	2560	1	370	232	1.18503
3584	2560	1	198	260	0.74135
3584	2560	1	286	372	3.78707
3584	2560	1	398	408	2.70854
3584	2560	1	500	312	5.39147
3072	2560	1	330	378	4.38735
3584	2048	1	474	54	5.76182
3072	2560	1	34	336	3.83216
3072	2560	1	102	442	3.19183
3072	2560	2	152	380	0.00000
3072	2560	2	270	486	0.00000
3584	2560	1	14	298	1.05408
3072	2560	1	408	442	2.00409
3584	2560	1	116	474	2.55612
3584	2560	1	20	480	3.50511
3584	2560	1	148	370	2.11086
3584	2560	2	238	320	0.00000
3584	2560	2	342	444	0.00000
3584	2560	1	480	396	5.62347
3072	2560	1	172	502	0.52081
3584	2048	2	512	144	0.00000
3584	2560	2	340	130	0.00000
3584	2560	2	356	512	0.00000
3584	2560	2	250	512	0.00000
3584	2560	2	268	452	0.00000
3584	2560	2	502	502	0.00000
3072	3072	1	68	148	0.77111
3072	3072	1	152	42	0.10221
3072	3072	1	244	38	0.46365
3072	3072	1	128	202	3.80784
3072	3072	1	214	202	3.71929
3072	3072	1	308	226	5.98843
3072	3072	1	396	66	0.00000
3072	3072	1	418	186	3.78552
3584	3072	1	90	102	4.71239
3072	3072	1	474	176	5.82961
3584	3072	1	344	22	1.01980
3584	3072	1	214	98	2.68920
3584	3072	2	234	28	0.00000
3584	3072	1	482	16	3.91410
3584	3072	1	336	104	4.24136
3584	3072	1	364	164	4.44945
3584	3072	1	464	96	1.07954
3584	3072	1	406	238	4.77404
3584	3072	1	120	160	4.38651
3584	3072	1	166	204	1.23045
3072	3072	2	440	260	0.00000
3072	3072	1	250	318	2.06814
3072	3072	1	76	286	1.79386
3072	3072	1	88	390	0.99227
3072	3072	1	184	394	3.14617
3072	3072	1	266	424	4.10631
3072	3584	1	284	6	0.47297
3072	3072	1	86	468	4.01250
3072	3072	1	190	504	2.43082
3072	3584	1	22	80	3.33364
3072	3584	1	128	66	4.79635
3072	3584	1	84	152	0.89505
3072	3584	1	168	172	2.54036
3072	3584	1	276	196	2.34438
3072	3584	1	62	286	4.00063
3072	3072	1	406	400	4.72628
3072	3072	1	488	368	2.02225
3584	3072	1	12	184	5.87164
3584	3072	1	36	316	5.75068
3584	3072	1	94	304	5.81954
3584	3072	1	172	298	2.83854
3584	3072	1	272	264	3.39862
3584	3072	1	376	330	4.79834
3584	3072	1	512	348	3.16179
3584	3584	1	198	226	2.39452
3072	3072	1	410	478	1.24295
3072	3584	1	430	56	3.70309
3072	3584	1	416	162	0.78756
3584	3072	1	96	444	4.65294
3584	3072	1	218	412	4.65523
3584	3072	1	216	474	1.75748
3584	3072	1	358	384	1.47030
3584	3072	1	400	480	1.35775
3584	3584	1	490	120	3.00365
3584	3584	1	48	8	1.42952
3584	3584	1	210	24	4.56113
3584	3584	1	32	78	4.77954
3584	3584	1	178	116	1.57080
3584	3584	1	374	68	2.13502
3584	3584	1	314	96	2.37357
3584	3072	2	512	504	0.00000
3584	3584	1	274	188	4.88956
3584	3584	1	444	244	1.53855
3072	3584	1	504	160	3.89958
3584	3584	1	68	188	0.00000
3584	3584	1	148	260	2.36293
3072	3584	1	450	282	2.76668
3072	3584	1	506	276	2.85625
3072	3584	1	304	354	3.81463
3072	3584	1	188	366	1.13285
3072	3584	1	62	408	0.43241
3072	3584	1	250	496	1.63100
3072	3584	1	378	284	0.00000
3072	3584	1	216	286	1.83292
3072	3584	1	122	244	0.00000
3584	3584	1	138	304	1.93752
3584	3584	1	88	372	5.10300
3072	3584	1	406	442	3.83230
3584	3584	1	122	472	4.99618
3584	3584	1	310	334	5.93203
3584	3584	1	410	318	4.41074
3584	3584	1	504	338	4.19666
3584	3584	1	402	404	2.32050
3584	3584	1	348	470	0.00000
3584	3584	1	260	478	3.09210
3072	3584	1	82	500	0.80206
3584	3072	1	502	208	0.41135
3584	3072	1	124	0	3.48607
2048	3072	1	60	108	5.43122
2048	3072	1	200	124	5.24085
2048	3072	1	306	120	0.00000
2048	3072	1	420	66	0.43714
2560	3072	1	32	56	0.58668
2560	3072	1	224	92	0.82835
2048	3072	2	196	24	0.00000
2048	3072	2	280	44	0.00000
2560	3072	2	16	174	0.00000
2560	3072	2	140	82	0.00000
2560	3072	2	100	230	0.00000
2560	3072	1	368	16	4.14927
2560	3072	1	406	124	0.23458
2560	3072	1	496	118	6.05139
2560	3072	1	276	194	0.00000
2560	3072	1	430	232	1.25488
2560	3072	2	344	238	0.00000
2048	3072	1	322	220	1.21348
2048	3072	1	212	270	1.50067
2048	3072	1	30	326	3.53681
2048	3072	2	88	414	0.00000
2048	3072	2	30	484	0.00000
2048	3584	2	20	82	0.00000
2048	3584	2	20	24	0.00000
2048	3584	1	48	162	4.31073
2048	3584	1	64	260	3.61576
2048	3072	1	344	316	2.79753
2048	3072	1	468	346	3.89933
2560	3072	1	154	312	0.72733
2560	3072	1	274	342	1.20185
2560	3072	1	502	330	3.14159
2048	3072	1	228	406	5.16111
2048	3072	1	284	490	1.17601
2048	3072	2	164	484	0.00000
2048	3584	2	372	20	0.00000
2048	3584	1	188	80	4.45036
2048	3584	1	322	134	5.13826
2560	3072	1	114	448	0.75334
2560	3072	1	130	510	4.64503
2560	3072	1	212	476	0.70863
2560	3072	1	290	440	3.82362
2560	3072	1	342	424	0.00000
2560	3072	1	416	470	2.74680
2560	3072	1	488	470	2.59480
2048	3584	1	452	70	2.61474
2560	3584	1	66	128	5.74645
2560	3584	1	254	66	4.33188
2560	3584	1	352	102	4.47644
2560	3584	2	434	80	0.00000
2560	3584	1	502	190	5.84674
2048	3584	1	448	182	5.05541
2560	3584	1	188	148	3.95126
2048	3584	1	288	202	5.34119
2048	3584	1	172	214	5.29143
2560	3584	1	264	216	6.15883
2560	3584	1	368	200	2.20060
2048	3584	1	376	322	0.00000
2048	3584	2	296	330	0.00000
2048	3584	1	206	296	1.39886
2048	3584	2	142	512	0.00000
2048	3584	2	412	512	0.00000
2560	3584	2	14	512	0.00000
2560	3584	2	308	512	0.00000
2048	3584	1	500	332	0.00000
2560	3584	1	62	286	0.00000
2560	3584	1	172	274	2.64131
2560	3584	1	342	294	4.38574
2560	3584	1	476	338	5.57125
2560	3584	1	316	394	1.22548
2560	3584	1	84	438	0.00000
2560	3584	1	168	454	6.17253
2048	3584	1	300	62	0.00000
2048	3584	1	480	424	0.72962
2560	3584	1	486	458	0.45145
2560	3584	1	370	442	5.21667
2048	3584	1	74	488	0.00000
2048	3584	1	200	444	1.98750
