1536	2560	1	394	418	2.29890
1536	2560	1	448	156	4.34844
1536	2560	1	242	356	2.10553
1536	2560	1	90	440	4.94366
1536	2560	1	204	500	0.00000
1536	2560	1	510	426	0.00000
1536	2560	1	478	250	0.00000
1536	2560	1	350	490	0.00000
1536	2560	1	62	242	5.52708
1024	2560	1	216	510	1.57297
1024	2560	1	424	398	3.31812
1024	2560	1	122	458	0.79483
1536	2560	1	314	264	5.60667
1536	2560	1	164	222	5.78458
1024	2560	1	476	212	0.00000
1024	2560	1	62	380	1.30502
1024	2560	1	284	424	5.52745
1024	2560	1	302	310	4.75907
1024	2560	1	390	192	3.81977
1024	2560	1	122	346	1.91571
1024	2560	1	482	84	0.60905
1024	2560	1	82	152	3.23307
1536	2560	1	68	108	0.00000
1024	2560	1	110	250	4.70199
1024	2560	2	180	294	0.00000
1536	2560	2	19	159	0.00000
1536	2560	1	308	148	5.67818
1536	2560	1	134	74	2.85643
1536	2560	1	222	136	3.03983
1536	2048	1	248	508	1.32696
1536	2560	1	366	64	2.30825
1536	2048	1	464	470	3.21117
1536	2048	1	176	444	3.45387
1024	2048	1	50	128	0.00000
1536	2048	1	376	402	0.00000
1536	2048	1	268	378	5.66350
1536	2048	1	76	432	3.84844
1536	2048	1	340	262	1.77933
1536	2048	1	234	302	5.13262
1536	2048	1	298	154	5.55223
1536	2048	1	216	124	0.00000
1536	2048	2	266	70	0.00000
1536	2048	2	504	54	0.00000
1024	2048	1	462	446	1.10064
1536	2048	1	20	0	0.00000
1536	2048	1	162	58	3.35933
1024	2048	1	448	110	1.55294
1024	2048	1	496	196	3.83540
1536	2048	1	18	306	3.27583
1024	2560	1	300	52	0.67118
1024	2048	1	228	376	0.55492
1024	2048	1	212	80	0.69241
1024	2048	1	124	104	2.86452
1024	2048	1	120	260	2.95835
1536	2048	2	76	172	0.00000
1536	3584	1	22	308	2.11313
1536	3584	1	354	330	4.60584
1536	3584	1	500	220	5.03480
1536	3584	1	268	118	4.52011
1536	3584	1	182	468	0.00000
1536	3584	1	268	212	2.51825
1536	3584	1	466	320	5.87605
1536	3584	1	486	402	4.37901
1536	3584	1	374	188	1.52064
1024	3584	1	480	452	0.56722
1536	3584	1	66	466	0.25557
1536	3584	1	172	326	1.88079
1024	3584	1	88	464	5.53685
1536	3584	1	356	506	5.29474
1536	3584	2	475	127	0.00000
1024	3584	1	104	316	0.82639
1024	3584	1	402	296	3.53124
1024	3584	1	412	98	1.75641
1024	3584	1	294	286	2.64181
1024	3584	1	248	346	5.73122
1024	3584	1	340	178	1.33282
1536	3584	1	108	86	3.81404
1536	3584	1	82	234	2.67863
1536	3584	1	178	232	0.00000
1024	3584	1	248	60	1.44171
1536	3584	1	460	32	3.56584
1024	3584	1	10	68	4.30968
1024	3584	1	108	118	0.89706
1536	3072	1	276	500	0.00000
1024	3072	1	106	296	4.85590
1024	3584	1	164	162	0.97564
1024	3072	1	160	460	0.13406
1536	3072	2	384	442	0.00000
1536	3072	1	424	318	1.26746
1536	3072	1	440	410	3.02538
1536	3072	1	398	128	0.00000
1536	3072	1	326	396	0.12222
1536	3072	1	424	224	3.86348
1536	3072	1	300	98	0.00000
1536	3072	1	502	62	0.00000
1536	3072	1	154	24	0.89757
1536	3584	1	174	6	6.18596
1024	3072	1	454	478	5.58220
1536	3072	1	212	388	1.09235
1024	3072	1	474	344	1.81563
1536	3072	1	96	468	3.40301
1024	3072	1	284	434	0.00000
1536	3072	1	208	212	3.76339
1536	3072	1	178	316	3.80487
1536	3072	1	226	54	0.78631
1536	3072	1	102	240	0.00000
1536	3072	1	22	186	5.78091
1024	3072	1	348	246	0.00000
1024	3072	1	270	238	6.07308
1024	3072	1	426	138	6.22494
1024	3072	1	334	32	5.41245
1024	3072	1	292	90	5.34676
1024	3072	1	138	60	1.25068
1024	3072	1	230	216	0.69878
1024	3072	1	204	174	0.80521
1024	3072	1	76	178	1.80587
2048	2048	2	186	97	0.00000
2048	2048	1	114	72	6.15848
2048	2048	1	62	216	0.22080
2048	2048	1	162	248	5.51855
2048	2048	1	290	316	0.00000
2560	2048	1	2	66	0.85369
2560	2048	1	28	210	5.82742
2560	2048	1	108	250	0.14222
2560	2048	1	172	202	0.24459
2560	2048	1	148	80	2.33107
2560	2048	1	74	104	3.01229
2048	2048	1	168	398	3.18808
2048	2048	1	86	458	2.57579
2048	2048	1	512	308	5.17909
2048	2048	1	448	372	2.25428
2048	2048	1	392	444	4.99458
2560	2048	1	294	100	0.00000
2560	2048	1	484	172	0.83742
2560	2048	1	392	132	4.13254
2560	2048	1	198	0	2.54950
2560	2048	1	294	200	4.97987
2560	2048	1	236	268	4.53687
2560	2048	1	354	304	1.63406
2560	2048	1	470	354	1.18088
2560	2048	1	184	472	0.46983
2560	2048	1	382	428	5.73878
2560	2048	1	328	482	5.60834
2560	2048	1	20	448	4.24873
2560	2560	1	66	24	1.99723
2048	2048	1	352	512	0.96712
2048	2560	2	410	55	0.00000
2048	2560	2	380	107	0.00000
2048	2560	2	258	7	0.00000
2048	2048	2	205	503	0.00000
2048	2560	2	231	161	0.00000
2048	2560	2	178	155	0.00000
2048	2560	1	128	94	0.44021
2048	2560	1	34	134	2.85065
2048	2560	1	48	300	6.08692
2048	2560	1	150	268	1.66547
2048	2560	1	312	280	0.92798
2048	2560	1	312	130	5.43342
2048	2560	1	486	168	6.23425
2048	2560	1	418	152	3.39994
2560	2560	1	46	230	0.62290
2560	2560	1	146	128	4.90701
2560	2560	1	312	200	5.74391
2560	2560	1	424	48	0.90353
2560	2560	1	428	200	2.50653
2048	2560	1	402	362	5.86620
2560	2560	1	4	366	0.73777
2560	2560	1	60	434	0.00000
2560	2560	1	266	292	5.68067
2560	2560	1	348	396	0.00000
2560	2560	1	432	406	3.24585
2560	2560	2	477	335	0.00000
2560	2560	1	186	384	1.42629
2560	2560	1	156	236	3.76256
2048	2560	1	14	446	6.19026
2048	2560	1	236	480	4.78544
2048	2560	1	78	512	3.14058
2048	2560	2	464	477	0.00000
2048	2560	2	312	423	0.00000
2048	2560	2	170	357	0.00000
2048	2560	2	196	413	0.00000
2560	2560	2	322	483	0.00000
2560	2560	1	510	146	2.58017
3584	2560	1	424	446	5.98908
3584	2560	1	190	402	4.72445
3584	2560	1	370	174	4.02318
3584	2560	1	426	40	3.77376
3072	2560	1	258	326	2.98746
3584	2048	1	384	466	3.12835
3584	2560	1	70	394	3.75028
3584	2560	1	176	484	2.05283
3072	2560	1	380	492	0.00000
3072	2560	1	446	238	5.54825
3072	2560	1	510	506	3.56139
3072	2560	1	464	368	2.11998
3584	2560	2	334	434	0.00000
3584	2560	1	250	56	1.27788
3584	2560	1	296	134	3.92699
3584	2560	1	420	288	0.87382
3584	2560	1	502	344	0.25980
3072	2560	1	148	416	1.49968
3072	2560	1	298	424	3.62929
3072	2560	1	360	250	3.37855
3072	2560	1	40	320	3.75005
3072	2560	1	130	108	3.00391
3072	2560	1	28	154	2.22649
3072	2560	1	208	168	0.22036
3072	2560	1	260	176	0.00000
3584	2560	1	48	40	5.29105
3584	2560	1	64	134	5.00687
3584	2560	1	178	162	5.88898
3584	2560	1	124	264	5.31468
3584	2560	1	306	296	3.46334
3584	2048	1	220	480	3.91656
3584	2048	1	92	418	4.17349
3584	2048	1	98	484	4.67969
3584	2048	1	48	298	0.00000
3584	2048	1	204	242	4.90061
3584	2048	1	246	100	4.11969
3584	2048	1	370	196	4.99474
3584	2048	1	388	88	6.11272
3584	2048	1	472	66	0.00000
3072	2048	1	378	88	5.51403
3072	2048	1	216	24	4.66243
3072	2048	1	222	112	4.73412
3072	2048	1	412	226	3.94826
3584	2048	1	14	158	3.31268
3584	2048	1	124	128	0.32567
3072	2048	1	480	342	3.11542
3072	2048	1	444	444	2.96559
3072	2048	1	362	476	3.12832
3072	2048	1	306	220	3.11219
3072	2048	1	238	454	1.03129
3072	2560	1	214	50	2.10314
3072	2560	1	380	122	1.76819
3072	2560	1	454	64	4.99636
3072	2560	2	464	180	0.00000
3072	2560	2	440	120	0.00000
3584	2560	1	36	246	2.93757
3072	2048	1	340	328	1.99222
3072	2048	1	204	362	4.50073
3072	2048	1	10	448	4.49372
3072	2048	1	60	252	3.18094
3072	2048	1	82	24	0.00000
3072	2048	2	26	60	0.00000
3072	2048	2	114	124	0.00000
3584	2560	1	512	188	4.83615
3072	3584	2	118	152	0.00000
3072	3072	2	434	248	0.00000
3584	3584	1	478	298	1.61622
3584	3584	1	492	206	4.14756
3584	3584	1	432	398	4.29662
3584	3584	1	372	294	3.55604
3584	3584	1	478	446	0.53793
3584	3584	1	40	290	0.21235
3584	3584	1	288	410	3.02486
3584	3584	1	334	212	3.64808
3584	3584	1	204	272	3.01764
3584	3584	1	264	256	0.02011
3584	3584	1	142	328	2.03306
3584	3584	1	138	212	5.86887
3072	3584	1	456	466	2.99689
3584	3584	1	14	372	4.59758
3584	3584	1	192	400	0.43535
3072	3584	1	126	464	3.18339
3072	3584	1	314	404	3.37994
3072	3584	1	218	372	0.39204
3072	3584	1	390	398	0.51622
3072	3584	2	110	358	0.00000
3072	3584	1	0	284	2.51936
3072	3584	1	324	300	1.95658
3072	3584	1	190	246	0.74183
3072	3584	1	420	262	2.06435
3072	3584	1	368	182	1.42890
3072	3584	1	490	150	0.54149
3584	3584	1	48	168	0.48177
3584	3584	1	112	88	0.17283
3584	3584	1	456	96	5.32847
3584	3584	1	242	14	5.19883
3584	3072	1	390	510	4.90509
3584	3584	1	324	90	3.48657
3584	3584	1	218	106	4.56299
3584	3072	1	314	462	1.18494
3072	3584	1	270	130	1.87590
3584	3072	1	438	350	3.43108
3584	3072	1	508	384	0.62128
3072	3584	1	182	80	0.38398
3072	3584	1	44	18	4.03380
3072	3584	1	38	120	0.85989
3072	3072	1	138	398	0.22566
3072	3072	1	256	482	3.30624
3072	3584	1	342	8	2.66719
3072	3584	1	388	116	1.82077
3072	3584	1	458	64	1.26744
3072	3072	1	470	480	0.61762
3584	3072	1	40	504	0.00000
3584	3072	1	134	474	5.78924
3584	3072	1	188	410	5.41754
3584	3072	1	262	380	5.65770
3584	3072	1	324	382	4.82485
3584	3072	1	246	278	5.13818
3584	3072	1	386	268	4.21365
3584	3072	1	386	174	0.73218
3584	3072	1	70	342	0.44301
3072	3072	1	436	400	3.70846
3072	3072	1	366	378	3.72906
3072	3072	1	352	296	3.80832
3072	3072	1	204	404	3.26740
3072	3072	1	422	148	0.53610
3072	3072	1	160	278	2.47534
3072	3072	1	38	410	0.57907
3072	3072	1	0	240	4.53636
3584	3072	1	62	172	3.31047
3584	3072	1	148	246	2.35356
3584	3072	1	164	170	2.18531
3584	3072	1	298	190	1.08409
3584	3072	2	352	120	0.00000
3584	3072	2	244	144	0.00000
3584	3072	1	252	94	1.86964
3584	3072	1	372	28	5.96431
3584	3072	1	466	42	4.45565
3584	3072	1	476	186	4.57049
3584	3072	1	512	272	5.11091
3584	3072	1	278	18	5.69984
3584	3072	1	110	40	2.11512
3072	3072	1	510	120	0.41642
3072	3072	1	480	20	3.46284
3072	3072	1	254	202	2.18152
3072	3072	1	214	28	5.40284
3072	3072	1	384	0	0.00000
3072	3072	1	92	86	3.10302
2048	3072	2	78	12	0.00000
2048	3072	2	12	112	0.00000
2048	3072	2	194	16	0.00000
2048	3072	1	102	114	0.58800
2048	3072	1	378	34	2.10859
2560	3072	2	140	74	0.00000
2560	3072	2	228	138	0.00000
2048	3072	1	222	174	4.03137
2048	3072	1	58	292	0.95854
2048	3072	1	322	222	4.21664
2048	3072	1	450	150	2.71029
2560	3072	1	6	106	6.05578
2560	3072	1	144	154	2.08884
2560	3072	2	94	226	0.00000
2560	3072	1	340	154	5.14480
2560	3072	1	368	56	0.18165
2560	3072	1	486	108	2.49809
2560	3072	1	482	216	5.01012
2560	3072	2	342	240	0.00000
2560	3072	1	494	340	0.46846
2560	3072	1	380	314	3.85022
2560	3072	1	274	260	3.16484
2560	3072	1	58	274	5.26856
2048	3072	1	372	282	0.69094
2048	3072	1	186	380	1.35993
2048	3072	1	490	406	5.94016
2560	3072	1	68	372	4.26094
2560	3072	2	86	446	0.00000
2560	3072	1	178	362	0.00000
2560	3072	1	310	428	5.24249
2048	3072	1	34	460	5.70568
2048	3072	2	154	476	0.00000
2048	3072	1	310	488	4.40269
2048	3072	1	386	380	5.85923
2560	3584	1	450	52	6.17253
2560	3584	1	404	204	0.00000
2560	3072	1	230	476	5.77832
2560	3584	1	322	50	2.34086
2560	3584	1	176	20	1.32407
2560	3584	1	178	100	3.99730
2560	3584	1	236	138	4.12439
2560	3584	2	512	146	0.00000
2048	3584	2	372	20	0.00000
2560	3584	1	16	116	0.18124
2048	3584	1	224	32	5.51075
2048	3584	1	282	146	0.19424
2048	3584	1	204	200	1.11903
2048	3584	1	156	98	2.47047
2048	3584	1	62	134	1.97481
2048	3584	2	36	234	0.00000
2048	3584	1	64	330	1.28474
2048	3584	2	182	278	0.00000
2048	3584	1	324	330	6.03471
2048	3584	1	218	438	5.42102
2048	3584	1	138	454	2.39699
2048	3584	1	338	462	6.02235
2048	3584	1	356	196	0.00000
2048	3584	1	428	212	3.32063
2560	3584	1	34	208	0.34772
2560	3584	1	84	268	3.80505
2560	3584	1	188	226	2.22011
2560	3584	1	310	220	5.90594
2560	3584	1	512	282	2.17362
2560	3584	1	254	310	1.43952
2048	3584	1	478	364	5.14350
2560	3584	1	132	384	5.07956
2560	3584	1	106	450	1.92199
2560	3584	1	470	360	2.28631
2560	3584	1	392	368	5.97393
2560	3584	1	328	410	5.40347
2560	3584	1	250	462	6.18855
