1536	2560	1	512	416	6.08862
1024	2048	1	98	240	1.04140
1024	2048	1	504	234	3.37280
1536	2048	1	120	382	5.89203
1024	2560	1	270	44	0.95326
1024	2048	1	354	144	0.00000
1024	2560	1	466	64	2.62323
1536	2560	1	72	146	0.62172
1536	2048	1	246	472	2.26942
1536	2048	1	252	254	3.74830
1024	2560	1	84	80	0.00000
1536	2560	1	308	86	3.71681
1536	2560	1	388	490	5.26936
1536	2560	1	416	144	6.13779
1536	2048	1	420	494	1.12002
1536	2560	1	170	186	0.05785
1024	2560	1	494	236	1.93172
1536	2560	1	184	310	4.78087
1536	2560	1	54	420	4.88994
1024	2560	1	130	234	2.84467
1024	2560	1	240	374	1.76809
1536	2560	1	226	424	2.31450
1024	2560	1	396	342	0.00000
1536	2560	1	84	342	2.39856
1536	2560	1	394	422	1.91675
1536	2560	1	454	288	0.85095
1024	2560	1	158	476	1.12735
1536	2560	1	260	234	5.91054
1024	2560	1	290	288	4.08217
1024	2560	1	318	496	4.44307
1536	2560	1	132	512	1.62356
1536	2560	1	342	198	3.50036
1536	2560	1	482	158	0.83914
1536	2048	1	386	344	1.99614
1024	2560	1	46	296	5.29279
1024	2560	1	50	202	1.89580
1024	2560	1	482	332	2.11433
1536	2560	1	104	54	1.35545
1024	2560	2	198	278	0.00000
1024	2560	2	120	358	0.00000
1536	2560	2	480	394	0.00000
1024	2560	2	352	434	0.00000
1536	2048	2	254	344	0.00000
1024	2048	2	184	90	0.00000
1024	2048	1	40	124	1.05165
1024	2048	1	264	102	4.23518
1536	2048	2	228	168	0.00000
1536	2048	1	446	262	3.22035
1024	2048	2	262	24	0.00000
1024	2048	2	440	28	0.00000
1536	2048	2	10	44	0.00000
1536	2048	1	96	70	0.00000
1536	2048	1	372	70	5.87008
1536	2048	1	262	50	0.00000
1536	2048	2	488	60	0.00000
1536	2048	1	512	502	2.81845
1536	2048	1	512	306	3.56488
1024	2560	1	20	430	3.23034
1024	2048	1	250	360	0.30327
1536	2048	2	502	146	0.00000
1024	3584	1	42	364	2.45350
1024	3584	1	106	260	0.41375
1024	3584	1	218	456	0.00000
1024	3584	1	300	436	6.16226
1024	3584	1	458	426	0.57147
1536	3584	1	54	444	6.12423
1536	3584	1	132	430	0.26798
1536	3584	1	244	404	0.70825
1536	3584	1	288	476	0.29816
1536	3584	1	432	468	5.97749
1536	3584	1	406	346	1.85536
1024	3584	1	356	236	0.00000
1024	3584	1	452	294	0.76573
1024	3584	1	286	302	2.06695
1536	3584	1	128	300	1.86653
1536	3584	1	126	196	5.74266
1536	3584	1	302	224	3.33609
1536	3584	1	396	132	0.29809
1536	3584	1	390	252	3.76333
1536	3584	2	472	105	0.00000
1024	3584	1	478	166	4.43892
1024	3584	1	90	124	0.57786
1024	3584	1	176	112	3.18013
1024	3584	1	236	140	0.00000
1024	3584	1	338	134	1.49626
1024	3584	1	490	68	3.64602
1024	3584	1	392	30	1.33922
1536	3072	1	68	510	3.10349
1536	3584	1	278	24	2.80459
1536	3072	2	374	455	0.00000
1536	3072	1	316	340	0.41072
1536	3072	1	452	500	5.73260
1536	3072	1	482	432	1.90936
1536	3072	1	456	346	1.98706
1536	3072	1	466	250	4.54383
1536	3072	1	164	448	5.31589
1024	3072	1	458	464	1.96254
1024	3072	1	334	468	0.66539
1024	3072	1	190	512	1.91452
1024	3072	1	238	430	1.29312
1024	3072	1	74	426	3.79379
1024	3072	1	168	324	5.36643
1024	3072	1	250	278	5.84388
1024	3072	1	312	292	0.33380
1024	3072	1	402	266	3.70620
1024	3072	1	458	370	1.01421
1536	3072	1	12	260	5.61278
1536	3072	1	86	224	5.54839
1536	3072	1	228	220	3.46533
1024	3072	1	40	182	0.00000
1024	3072	1	140	210	4.25832
1024	3072	1	126	48	4.38919
1024	3072	1	186	104	0.77723
1024	3072	1	312	140	5.90216
1024	3072	1	396	120	2.56814
1536	3072	1	70	94	4.27889
1536	3072	1	222	92	4.02956
1536	3072	1	362	90	4.55979
1536	3072	1	492	122	1.40772
1536	3072	2	420	27	0.00000
2048	2048	1	384	444	4.79913
2048	2048	1	46	34	5.59274
2048	2048	2	174	62	0.00000
2048	2048	1	42	122	1.57080
2048	2048	1	32	254	0.47735
2048	2048	1	86	350	4.60014
2048	2048	1	12	512	2.62169
2048	2560	1	130	10	5.22842
2048	2560	1	94	182	0.00000
2048	2560	1	148	292	0.81872
2048	2560	1	84	366	2.65092
2048	2560	1	28	424	0.00000
2048	2560	2	318	422	0.00000
2048	2560	2	194	420	0.00000
2048	2560	2	160	480	0.00000
2048	2560	2	232	156	0.00000
2048	2560	1	246	94	4.91800
2048	2560	1	318	18	4.03373
2048	2560	2	322	208	0.00000
2048	2048	1	230	332	0.00000
2048	2048	1	342	286	4.01202
2048	2048	1	394	68	5.69963
2048	2048	1	450	176	1.46058
2560	2048	1	112	252	5.48343
2048	2048	1	474	370	0.00000
2048	2560	2	416	60	0.00000
2048	2560	2	400	162	0.00000
2560	2560	1	192	88	1.91890
2560	2560	1	12	40	3.98051
2560	2048	1	78	362	3.84498
2048	2560	1	404	244	0.79799
2560	2560	1	12	264	2.55868
2048	2560	1	328	504	3.91270
2560	2048	1	194	108	0.00000
2048	2560	1	286	300	4.95463
2560	2560	2	14	482	0.00000
2048	2560	2	436	322	0.00000
2560	2560	2	24	164	0.00000
2048	2560	2	170	362	0.00000
2560	2560	1	136	512	1.44644
2048	2560	1	448	478	4.12201
2560	2560	1	70	400	4.22965
2560	2560	1	142	440	1.64414
2560	2560	1	278	426	0.42872
2560	2560	1	394	428	5.43537
2560	2560	1	138	220	0.00000
2560	2560	1	388	236	0.31956
2560	2560	2	472	336	0.00000
2560	2560	2	318	482	0.00000
2560	2560	2	512	468	0.00000
2560	2560	2	298	10	0.00000
2560	2560	1	434	106	2.13044
2560	2048	1	218	428	1.89255
2560	2560	1	292	166	3.64414
2560	2048	1	366	432	2.61385
2560	2048	1	418	358	2.18400
2560	2048	1	462	512	3.56846
2048	2048	2	482	56	0.00000
2560	2048	1	70	122	3.61441
2560	2048	1	316	90	0.00000
2560	2048	1	230	258	3.68057
2560	2048	1	404	174	1.04563
2560	2048	1	442	46	0.00000
2560	2048	1	436	258	0.71445
2560	2048	2	512	394	0.00000
3072	2560	2	462	178	0.00000
3072	2560	2	432	134	0.00000
3072	2560	2	164	90	0.00000
3072	2560	2	328	20	0.00000
3072	2560	2	272	14	0.00000
3072	2048	2	26	82	0.00000
3584	2560	2	360	446	0.00000
3584	2560	2	244	450	0.00000
3584	2560	2	250	324	0.00000
3072	2560	2	174	418	0.00000
3584	2048	1	6	250	5.61213
3072	2048	1	480	402	0.00000
3584	2048	1	134	116	0.00000
3072	2048	1	372	88	5.55953
3072	2048	1	224	102	0.00000
3584	2048	1	58	512	5.86950
3584	2048	1	248	92	4.29632
3072	2048	1	208	324	4.59032
3072	2048	1	56	254	0.64575
3072	2048	1	72	54	2.29820
3072	2048	1	160	82	2.91434
3072	2048	1	360	382	4.67241
3584	2048	1	244	380	2.65923
3584	2048	1	440	356	5.84035
3584	2048	1	344	450	3.81024
3584	2048	1	138	386	3.20866
3584	2560	1	96	334	0.86741
3072	2048	1	46	418	3.12111
3072	2048	1	134	380	5.58596
3584	2560	1	52	242	1.93773
3584	2560	1	228	52	3.10851
3584	2560	1	348	58	1.46481
3072	2560	1	348	208	3.89975
3072	2560	1	236	98	6.15063
3072	2048	1	248	470	0.98742
3072	2560	1	78	46	4.36145
3072	2560	1	98	220	0.42273
3072	2560	1	428	336	5.21816
3584	2048	1	316	274	2.70288
3072	2048	1	338	250	3.83264
3072	2048	1	422	280	3.61102
3072	2048	1	188	210	3.44176
3584	2048	1	68	110	2.33672
3584	2048	1	390	102	0.00000
3584	2048	1	476	62	0.00000
3584	2048	1	380	226	5.70836
3072	2560	1	510	36	4.70913
3584	2048	1	118	494	2.61775
3072	2560	1	320	110	3.88903
3072	2048	1	284	152	3.19655
3072	2048	2	298	36	0.00000
3072	2560	1	62	154	0.81856
3072	2560	1	458	94	2.19423
3584	2560	1	122	94	4.45507
3072	2560	1	176	228	3.75485
3072	2560	1	282	364	2.83609
3072	2560	1	74	364	3.94366
3584	2560	1	484	202	2.60941
3584	2560	1	194	174	4.72826
3584	2560	1	182	240	4.74949
3584	2560	1	298	204	3.16911
3584	2560	1	390	160	3.01189
3584	2048	2	502	470	0.00000
3072	2560	1	188	322	4.12439
3072	2560	1	362	444	0.98995
3072	2560	1	508	450	0.95245
3584	2560	1	386	282	1.89670
3072	2560	1	64	478	2.20240
3584	2560	1	356	360	1.32183
3072	2560	1	204	484	1.61201
3584	2560	1	320	462	5.76404
3584	2560	1	486	362	2.83571
3584	2560	1	22	476	4.86554
3072	2048	2	110	140	0.00000
3584	2048	2	218	38	0.00000
3584	2560	2	454	478	0.00000
3584	2560	2	492	126	0.00000
3584	3072	2	394	388	0.00000
3584	3072	2	338	276	0.00000
3072	3072	2	436	258	0.00000
3584	3584	2	364	14	0.00000
3072	3072	1	212	80	3.52272
3072	3072	1	158	0	4.01366
3072	3072	1	402	56	0.00000
3072	3072	1	304	178	6.10241
3584	3072	1	148	82	2.88915
3584	3072	1	40	142	0.00000
3584	3072	1	244	36	4.79622
3584	3072	1	322	0	5.49779
3584	3072	1	418	16	3.66538
3584	3072	1	512	6	1.38160
3584	3072	1	510	136	3.01358
3584	3072	1	448	130	2.87417
3584	3072	1	288	116	0.83478
3584	3072	1	368	200	5.70857
3584	3072	1	244	232	5.54205
3072	3072	1	480	188	5.37639
3072	3072	1	376	226	3.16674
3072	3072	1	254	238	2.70598
3072	3072	1	60	280	4.17005
3072	3072	1	202	310	2.96692
3072	3072	1	54	388	3.88914
3584	3072	1	12	312	1.44755
3584	3072	1	188	356	0.61073
3584	3072	1	512	284	1.44183
3584	3072	1	276	352	0.78677
3072	3072	1	298	358	0.67597
3072	3072	1	428	386	3.69873
3072	3072	1	488	406	3.61314
3584	3072	1	72	440	4.05135
3584	3072	1	292	440	0.35130
3584	3072	1	424	468	1.68395
3584	3072	1	122	488	1.54256
3072	3072	1	324	472	3.36934
3072	3072	1	104	444	0.46365
3072	3072	1	192	480	2.37884
3072	3584	1	118	24	1.06967
3072	3584	1	470	50	3.00066
3584	3584	1	512	34	4.35362
3584	3584	1	390	90	3.50808
3584	3584	1	200	86	5.62785
3584	3584	1	122	106	0.00000
3584	3584	1	68	144	5.84416
3072	3584	1	380	122	5.28919
3072	3584	1	192	92	1.32251
3072	3584	1	44	184	0.33706
3072	3584	1	196	188	5.52194
3072	3584	1	318	192	1.87368
3584	3584	1	458	156	1.42890
3584	3584	1	308	202	3.55323
3584	3584	1	438	254	3.56210
3584	3584	1	152	204	0.43420
3584	3584	1	200	238	0.92573
3072	3584	1	496	242	4.76655
3072	3584	1	354	304	1.44967
3072	3584	1	240	308	0.51535
3072	3584	1	132	250	2.60464
3072	3584	1	82	318	2.28529
3072	3584	1	22	394	4.57460
3072	3584	1	284	442	0.00000
3072	3584	1	108	450	4.61404
3072	3584	1	378	426	2.25890
3072	3584	1	466	364	3.07944
3584	3584	1	114	326	2.75929
3584	3584	1	282	356	2.91360
3584	3584	1	226	360	2.99477
3584	3584	1	368	332	2.61935
3584	3584	1	54	372	2.69376
3072	3584	1	506	470	0.30682
3584	3584	2	262	456	0.00000
3584	3584	2	460	464	0.00000
3584	3584	2	400	466	0.00000
3584	3584	1	342	464	6.15285
3584	3072	2	508	372	0.00000
2560	3072	2	140	70	0.00000
2560	3072	2	232	136	0.00000
2560	3072	2	354	234	0.00000
2048	3072	1	138	40	0.59808
2048	3072	1	458	60	3.14863
2048	3072	1	66	344	5.89041
2048	3072	1	54	200	4.50521
2048	3072	1	184	176	5.40211
2048	3072	1	214	354	4.12256
2048	3072	1	506	384	0.06629
2560	3072	2	100	232	0.00000
2560	3072	1	36	162	1.63578
2560	3072	1	94	16	1.46092
2560	3072	1	364	60	5.04305
2560	3072	1	290	104	5.29422
2560	3072	1	386	176	2.95632
2560	3072	1	512	84	2.89554
2048	3072	1	324	18	4.11568
2048	3072	1	382	38	3.89759
2048	3072	1	34	122	2.06865
2048	3072	1	494	234	1.76526
2048	3072	1	322	158	5.35413
2048	3072	2	276	282	0.00000
2048	3072	1	282	196	5.60249
2048	3072	1	42	282	3.96908
2048	3072	1	30	494	5.17182
2048	3584	1	4	124	0.54042
2048	3584	1	200	42	5.59248
2048	3072	1	372	314	4.65536
2048	3072	1	348	394	5.54885
2560	3072	1	150	318	0.39848
2560	3072	1	64	364	0.00000
2560	3072	2	108	430	0.00000
2560	3072	1	246	336	0.00000
2560	3072	1	346	346	2.45353
2560	3072	1	446	292	0.81872
2560	3072	1	494	426	0.00000
2560	3072	1	428	466	3.02065
2560	3584	1	500	60	0.72762
2560	3072	1	296	500	4.85529
2560	3072	1	222	462	0.00000
2560	3072	1	122	476	0.78910
2560	3584	1	152	30	4.11619
2560	3584	1	280	72	4.01572
2560	3584	1	366	130	0.19418
2560	3584	1	198	104	3.26196
2560	3584	1	120	140	2.58433
2560	3584	1	14	128	0.27129
2560	3584	1	74	198	2.83851
2048	3584	1	270	118	3.56552
2048	3584	1	296	188	0.60024
2048	3584	1	406	198	1.37233
2048	3584	1	504	270	2.15994
2048	3584	1	158	260	4.03406
2048	3584	1	22	280	3.86720
2048	3584	1	314	294	4.74941
2048	3584	1	286	376	2.52731
2048	3584	1	138	368	3.94256
2048	3584	1	142	458	0.70404
2560	3584	1	464	214	0.25569
2560	3584	1	398	246	3.27563
2560	3584	1	310	204	2.55598
2560	3584	1	232	230	3.57296
2560	3584	1	148	304	3.24593
2560	3584	1	110	400	5.94682
2048	3584	1	478	402	3.97957
2048	3584	1	490	486	3.94986
2560	3584	1	462	380	4.14934
2560	3584	1	214	364	3.48544
2560	3584	1	358	384	6.14895
2560	3584	1	282	348	0.24660
2560	3584	1	282	476	0.56475
2560	3584	1	408	454	3.86445
2048	3584	1	380	412	2.76658
2048	3584	2	358	30	0.00000
2048	3072	2	168	480	0.00000
2048	3072	1	0	448	4.52179
2048	3584	1	354	512	5.88820
2048	3584	1	214	512	0.64083
2560	3584	1	72	512	0.49793
2560	3584	1	190	512	5.73444
2560	3584	1	512	512	5.59437
