1024	2048	1	130	74	5.88584
1024	2048	1	240	364	0.45798
1024	2048	1	100	236	0.74082
1024	2048	1	48	92	0.00000
1536	2048	1	356	140	4.90381
1536	2048	1	438	190	0.64190
1536	2048	1	52	336	4.21934
1024	2048	1	482	232	3.41882
1536	2048	1	326	44	1.86636
1536	2048	1	188	272	3.85813
1536	2048	1	280	346	4.52417
1536	2048	1	462	314	5.81835
1536	2048	1	116	412	4.56514
1024	2560	1	258	52	1.18805
1536	2048	1	38	498	1.00870
1024	2560	1	456	62	2.56029
1536	2560	1	222	6	5.92550
1536	2048	1	326	462	2.56534
1536	2048	1	440	446	2.08882
1536	2560	1	390	50	3.74714
1536	2560	1	332	158	2.00976
1536	2560	1	88	158	5.60840
1536	2560	1	100	36	1.25816
1024	2560	1	106	286	5.73214
1024	2560	1	306	294	4.77799
1536	2560	1	10	204	1.79278
1024	2560	1	78	108	3.28992
1536	2560	1	412	324	2.40509
1536	2560	1	448	228	0.18059
1536	2560	1	312	260	5.69134
1536	2560	1	180	230	0.50870
1024	2560	1	484	302	2.08994
1024	2560	1	256	350	1.74547
1024	2560	1	400	396	0.91264
1536	2560	1	68	430	5.07891
1024	2560	1	194	452	3.05093
1024	2560	1	74	486	1.71269
1024	2560	1	288	472	5.62994
1024	2560	1	494	498	1.92111
1536	2560	1	212	484	2.48443
1536	2560	1	512	246	0.00000
1536	2560	1	406	422	2.14299
1536	2560	1	350	484	4.28877
1024	2560	1	382	104	1.84496
1536	2048	1	90	78	6.01573
1536	3584	1	376	358	5.53777
1536	3584	1	318	198	4.99397
1024	3584	1	388	232	1.42056
1536	3584	1	14	296	1.32288
1536	3584	1	54	370	1.31808
1536	3584	1	378	126	4.20260
1536	3584	1	114	234	2.73167
1024	3584	1	86	126	0.37926
1024	3584	1	466	474	0.32440
1024	3584	1	80	258	3.84825
1024	3584	1	186	408	0.00000
1536	3584	1	480	316	0.33262
1536	3584	1	158	422	0.28378
1536	3584	1	40	486	0.50284
1536	3584	1	436	448	1.51217
1536	3584	1	338	516	1.26549
1024	3584	1	494	180	4.76654
1024	3584	1	62	414	2.40878
1024	3584	1	312	314	1.37245
1536	3584	1	198	30	3.52905
1536	3072	1	392	388	5.89186
1536	3072	1	484	438	5.85899
1024	3584	1	474	64	3.71905
1536	3072	1	108	494	2.08935
1536	3584	1	380	4	1.85443
1536	3584	1	276	42	2.81984
1536	3584	1	106	136	5.12078
1536	3072	1	408	266	4.71558
1536	3072	1	506	316	4.78842
1536	3584	1	102	64	2.24020
1024	3584	1	224	104	2.76762
1024	3584	1	352	120	1.22087
1024	3584	1	318	44	3.94380
1536	3072	1	10	404	0.00000
1536	3072	1	144	414	4.92023
1536	3072	1	222	292	1.79797
1536	3072	1	412	146	1.05554
1536	3072	1	384	64	1.67908
1536	3072	1	282	218	1.24135
1536	3072	1	222	130	0.81829
1536	3072	1	128	72	0.32950
1024	3072	1	282	470	1.29833
1024	3072	1	476	222	0.72617
1024	3072	1	480	76	1.25686
1024	3072	1	308	278	0.33545
1024	3072	2	242	236	0.00000
1024	3072	1	130	440	6.05209
1024	3072	1	202	338	0.53172
1024	3072	1	92	262	0.18311
1024	3072	1	172	204	0.17000
1024	3072	1	286	90	5.39420
1024	3072	1	366	70	5.98469
1024	3072	1	124	78	1.29250
2048	2048	1	398	462	5.32508
2048	2560	2	78	486	0.00000
2048	2560	2	326	426	0.00000
2048	2560	2	196	418	0.00000
2048	2560	2	166	368	0.00000
2048	2048	2	184	116	0.00000
2560	2048	1	390	172	0.65329
2560	2048	1	114	244	5.60825
2560	2048	1	30	292	5.34407
2048	2048	1	494	172	1.52588
2048	2048	2	500	78	0.00000
2048	2048	2	414	16	0.00000
2560	2048	2	158	16	0.00000
2560	2048	1	190	132	0.00000
2560	2048	1	302	98	0.00000
2560	2048	1	420	34	0.30215
2560	2048	1	512	126	5.76342
2560	2048	1	400	268	0.83035
2560	2048	1	378	362	5.26601
2560	2048	1	204	256	2.15028
2048	2048	1	250	68	2.39727
2048	2048	1	314	172	3.58901
2048	2048	1	172	182	2.03238
2048	2048	1	18	196	0.84425
2048	2048	1	132	278	3.82099
2048	2048	1	408	296	6.13263
2048	2048	1	316	324	5.96797
2048	2048	1	214	316	3.91714
2560	2048	2	282	512	0.00000
2048	2048	2	264	510	0.00000
2560	2048	1	8	418	3.97377
2560	2048	2	306	388	0.00000
2048	2560	1	302	80	5.73585
2048	2560	1	36	56	0.72770
2048	2560	1	106	120	4.05721
2048	2560	2	178	154	0.00000
2048	2560	2	232	152	0.00000
2048	2560	2	412	52	0.00000
2560	2560	2	24	154	0.00000
2048	2560	1	482	80	4.04278
2560	2560	1	328	12	3.98014
2560	2048	1	450	510	4.18574
2560	2560	1	436	130	5.48543
2560	2560	1	162	122	2.86059
2560	2560	1	100	160	5.98435
2048	2560	2	440	324	0.00000
2048	2560	2	316	206	0.00000
2560	2560	2	316	482	0.00000
2560	2560	2	20	484	0.00000
2560	2560	1	152	462	4.44428
2048	2560	1	506	256	1.26943
2048	2560	1	386	118	6.09656
2048	2560	1	224	244	0.46094
2048	2560	1	148	266	5.57296
2048	2560	1	18	232	0.24112
2048	2560	1	90	314	2.47093
2048	2560	1	40	394	4.18417
2560	2048	1	84	122	3.59589
2048	2560	1	258	334	3.90782
2048	2560	1	164	512	0.27814
2048	2560	1	268	462	2.65469
2048	2560	1	400	498	0.42146
2048	2560	1	492	446	3.86371
2560	2560	1	258	214	4.94233
2560	2560	1	418	350	5.93942
2560	2560	1	130	376	5.27275
2560	2560	1	274	342	5.31695
2560	2560	1	444	254	2.28439
2560	2560	1	368	486	6.12658
2560	2560	1	254	512	0.00000
2560	2560	1	474	512	0.34015
2560	2560	1	512	214	2.60403
2048	2048	1	206	490	3.95571
3584	2560	1	176	334	3.03806
3584	2560	1	252	294	5.79462
3072	2560	1	222	356	2.68791
3072	2560	1	350	410	0.17535
3584	2560	1	428	482	5.99304
3584	2560	1	498	480	5.80152
3072	2560	1	448	370	2.81050
3072	2560	1	282	322	2.96274
3584	2560	1	432	328	5.93953
3584	2560	1	62	332	4.23178
3584	2560	1	168	470	2.17710
3584	2560	1	290	182	2.75639
3072	2560	1	248	464	2.69150
3584	2560	1	64	446	2.41290
3072	2560	1	126	498	1.70415
3072	2560	1	484	500	4.47185
3584	2560	1	500	344	2.86364
3584	2560	1	358	332	2.74394
3072	2560	1	62	362	5.38303
3584	2560	2	334	456	0.00000
3584	2560	2	220	438	0.00000
3072	2560	2	150	378	0.00000
3072	2560	1	276	176	3.86227
3072	2560	1	118	252	2.85522
3072	2560	1	16	222	2.71853
3072	2560	1	248	110	0.65533
3072	2560	1	460	216	2.08978
3072	2560	1	36	118	5.24172
3072	2560	1	474	128	2.42272
3584	2560	1	434	56	4.10033
3584	2560	1	468	188	0.00000
3584	2560	1	138	38	5.18326
3072	2560	1	482	282	1.65889
3584	2048	1	452	458	5.75994
3584	2560	1	74	168	0.27954
3072	2560	1	346	268	5.22702
3584	2560	1	132	212	3.49801
3584	2560	1	380	170	0.00000
3584	2560	2	24	68	0.00000
3584	2048	1	324	312	2.13548
3584	2048	1	90	440	3.84642
3072	2048	1	194	502	0.34158
3072	2560	1	362	82	0.00000
3584	2048	1	290	190	2.46152
3584	2048	1	438	294	0.99386
3584	2048	1	320	510	2.77806
3072	2048	1	318	470	5.45020
3072	2048	1	98	478	1.76819
3072	2048	1	170	382	1.65387
3072	2048	1	300	314	3.19764
3072	2048	1	480	370	4.05702
3584	2048	1	80	284	4.91102
3584	2048	1	466	66	0.00000
3584	2048	1	388	82	5.94055
3584	2048	1	248	88	3.74542
3584	2048	1	156	102	0.10790
3072	2048	1	410	302	4.28457
3072	2048	1	508	182	3.48581
3072	2048	1	468	58	2.67523
3072	2048	1	386	210	6.11608
3072	2048	1	374	68	3.78127
3072	2048	1	242	242	3.71911
3072	2048	1	94	246	5.59761
3072	2048	1	248	96	2.54383
3072	2048	1	198	148	5.66286
3072	2048	1	124	198	2.67091
3072	3072	1	30	70	0.00000
3072	3072	1	104	144	2.47759
3072	3072	1	270	26	2.94420
3072	3072	1	182	2	2.43602
3072	3072	1	204	138	3.10080
3072	3072	1	112	302	4.22181
3072	3072	1	286	210	5.69518
3072	3072	1	396	40	0.00000
3584	3072	1	20	0	4.43658
3072	3072	1	382	162	0.98844
3072	3072	1	478	188	1.03401
3584	3072	1	20	96	4.34018
3072	3072	1	86	388	0.72990
3072	3072	1	204	362	1.72217
3072	3072	1	366	288	0.87214
3072	3072	1	480	296	2.16997
3072	3072	1	420	396	3.65432
3072	3072	1	294	444	0.00855
3072	3072	1	126	498	1.02896
3072	3072	1	212	486	3.03337
3584	3072	1	80	192	5.86496
3584	3072	1	234	66	4.99697
3584	3072	1	202	112	1.90083
3584	3072	1	156	190	2.26308
3584	3072	1	468	12	0.00000
3584	3072	1	322	10	5.45167
3584	3072	1	376	88	0.39061
3584	3072	1	474	120	3.98506
3584	3072	1	300	172	4.01516
3584	3072	1	404	190	5.41023
3584	3072	1	480	286	4.10121
3584	3072	1	388	256	5.16346
3584	3072	1	254	278	5.12241
3584	3072	1	138	302	4.45658
3072	3584	1	50	130	2.58966
3072	3584	1	116	62	1.68145
3072	3584	1	294	86	4.78716
3072	3584	1	220	172	1.24147
3072	3584	1	112	256	5.74421
3072	3584	1	74	340	2.82755
3072	3584	1	48	400	2.43555
3072	3584	1	208	284	0.00000
3072	3584	1	302	260	0.69900
3072	3584	1	134	420	1.62955
3072	3584	1	200	452	3.48462
3072	3584	1	272	484	1.42505
3072	3584	1	402	448	0.07515
3072	3584	2	350	512	0.00000
3072	3584	1	264	368	0.83298
3072	3584	1	412	190	0.00000
3072	3584	1	440	102	5.36347
3584	3072	1	38	462	3.88937
3072	3072	1	436	486	4.20529
3584	3584	1	124	16	0.00000
3584	3584	1	30	52	0.04345
3584	3072	1	196	454	5.39438
3584	3072	1	276	380	0.00000
3584	3072	2	406	358	0.00000
3584	3072	2	342	334	0.00000
3584	3072	1	510	350	1.95461
3584	3072	1	482	446	5.37017
3584	3072	1	344	454	1.76220
3584	3584	1	382	22	1.25433
3584	3584	1	490	80	5.42102
3584	3584	1	468	166	2.65164
3584	3584	1	270	116	4.88180
3584	3584	1	180	86	6.08336
3584	3584	1	58	288	2.52530
3584	3584	1	218	210	0.70339
3584	3584	1	294	240	0.00000
3072	3584	1	478	298	3.84116
3584	3584	1	4	390	0.56609
3584	3584	1	140	296	2.79873
3584	3584	1	388	216	2.83982
3584	3584	1	78	450	0.00000
3584	3584	1	340	338	0.00000
3584	3584	1	512	386	2.26222
3584	3584	1	512	230	0.99649
2560	3072	2	348	236	0.00000
2048	3072	2	168	486	0.00000
2048	3072	2	40	386	0.00000
2048	3072	2	268	282	0.00000
2048	3072	2	196	224	0.00000
2560	3072	2	90	240	0.00000
2048	3072	2	302	430	0.00000
2560	3072	1	272	62	0.00000
2560	3072	2	138	78	0.00000
2560	3072	2	224	128	0.00000
2560	3072	1	398	190	0.00000
2560	3072	1	440	60	0.00000
2560	3072	1	366	18	0.00000
2048	3072	1	500	222	5.87268
2560	3072	1	12	80	1.04639
2560	3072	1	116	130	1.50097
2560	3072	1	170	188	4.70181
2560	3072	1	216	266	0.74098
2560	3072	1	140	330	0.00000
2560	3072	1	6	368	2.04027
2560	3072	2	102	432	0.00000
2048	3072	2	500	440	0.00000
2048	3072	1	400	388	4.09363
2048	3072	1	354	236	1.31131
2048	3072	1	386	142	5.00686
2048	3072	1	380	18	0.00000
2048	3072	1	144	34	0.27726
2048	3072	1	210	94	0.41644
2048	3072	1	264	148	3.76857
2048	3072	1	58	176	1.03847
2048	3072	1	10	72	0.00000
2048	3072	2	66	16	0.00000
2048	3072	1	196	330	3.50369
2048	3072	1	38	322	4.70238
2048	3072	1	372	492	0.97754
2048	3072	1	280	378	4.80729
2048	3584	1	426	42	0.65298
2560	3584	1	40	12	5.11252
2048	3584	1	490	86	4.45886
2048	3584	1	220	38	5.67372
2048	3584	1	62	74	1.18541
2048	3584	1	54	236	2.54242
2048	3584	1	166	242	2.27317
2048	3584	1	260	194	3.49454
2048	3584	1	378	234	1.64480
2048	3584	1	256	296	0.68524
2048	3584	1	426	360	0.00000
2048	3584	1	352	462	0.00000
2048	3584	1	38	492	5.56359
2048	3584	1	330	382	5.22239
2048	3584	1	70	452	0.00000
2048	3584	1	192	496	5.39626
2560	3584	1	20	386	1.21082
2048	3584	1	450	476	1.65923
2560	3584	1	24	480	0.00000
2560	3584	1	12	316	1.52839
2560	3584	1	210	436	1.65382
2560	3584	1	134	512	2.29925
2560	3584	1	334	498	0.00000
2560	3584	1	450	376	0.00000
2560	3584	1	348	326	3.36311
2560	3584	1	98	428	0.72405
2560	3584	1	248	354	3.97870
2560	3584	1	224	284	0.39669
2560	3584	1	482	498	1.69437
2560	3584	1	512	372	2.38588
2560	3584	1	36	214	1.27220
2048	3584	1	486	148	1.23885
2560	3584	1	428	216	2.00326
2560	3584	1	488	76	0.00000
2560	3584	1	388	70	0.60919
2560	3584	1	302	202	2.02859
2560	3584	1	134	202	3.75480
2560	3584	1	188	226	3.87940
2560	3584	1	298	144	5.25748
2560	3584	1	192	96	0.70242
2560	3584	1	122	64	4.28673
2560	3072	1	312	328	5.16672
2560	3072	1	390	448	4.90293
2560	3584	1	310	28	3.20333
2560	3072	1	236	468	0.00000
2560	3072	1	106	482	1.74767
2560	3072	1	488	324	3.60319
2560	3072	1	512	228	1.92726
2560	3072	1	512	98	0.00000
