1536	2048	1	126	426	4.92035
1024	2048	1	158	206	5.46409
1024	2048	1	242	386	0.32175
1024	2048	1	478	258	2.97644
1024	2048	1	102	338	1.79979
1024	2560	1	38	10	4.74627
1536	2048	1	158	246	2.04236
1536	2048	1	74	106	5.82367
1536	2048	1	314	174	6.07209
1536	2560	1	58	286	0.35877
1024	2560	1	262	38	1.09062
1024	2560	1	350	266	1.05103
1024	2560	1	354	162	3.58999
1024	2560	1	426	38	2.71676
1024	2560	1	510	66	3.89286
1536	2560	1	62	118	0.90251
1536	2560	1	174	122	3.10631
1536	2048	2	226	354	0.00000
1536	2048	2	226	150	0.00000
1024	2048	2	202	86	0.00000
1024	2048	2	262	0	0.00000
1024	2560	1	210	222	5.21006
1024	2560	2	82	198	0.00000
1024	2560	1	42	386	1.91009
1024	2560	1	154	354	1.48113
1024	2560	1	266	370	3.93375
1024	2560	1	194	494	5.09857
1024	2560	1	410	466	2.79785
1024	2560	1	478	460	2.60117
1536	2560	1	58	438	5.21765
1536	2560	1	270	254	6.02667
1536	2560	1	250	358	5.05378
1536	2560	1	250	462	1.95979
1536	2560	1	374	418	2.10879
1536	2560	1	350	258	2.91050
1536	2560	1	454	182	0.69038
1536	2560	1	512	318	5.01009
1536	2048	1	250	38	5.95261
1536	2048	1	150	30	0.08674
1536	2048	1	390	34	3.46386
1536	2048	2	498	70	0.00000
1536	2048	1	512	150	4.56194
1536	2048	1	502	258	5.72721
1536	2048	1	402	294	3.47192
1536	2048	1	346	406	1.91186
1536	2048	1	454	454	3.66918
1536	2048	1	342	466	4.35819
1536	2560	1	334	90	0.85288
1536	2560	1	466	82	5.27636
1024	3072	1	38	184	0.06287
1024	3072	1	298	94	5.60094
1536	3584	2	372	64	0.00000
1536	3584	2	392	126	0.00000
1024	3072	1	126	58	4.12188
1024	3072	2	222	22	0.00000
1024	3072	1	122	172	0.59225
1024	3072	1	200	188	0.43535
1024	3072	1	354	52	2.60117
1024	3072	1	416	28	3.27660
1024	3072	1	486	90	3.88780
1536	3072	1	62	80	3.76691
1536	3072	1	96	162	3.31303
1536	3072	1	186	68	0.27622
1536	3072	1	248	102	3.30456
1536	3072	1	364	96	1.39843
1536	3072	1	436	16	2.49172
1536	3072	1	512	94	2.25580
1536	3072	1	434	166	1.15473
1536	3072	1	488	288	3.73651
1536	3072	1	424	244	0.60699
1536	3072	1	492	484	2.06075
1536	3072	1	380	406	0.22384
1536	3072	1	304	346	0.77207
1536	3072	1	272	234	0.00000
1536	3072	1	188	214	0.00000
1536	3072	1	120	288	0.31629
1536	3072	1	26	242	3.03405
1024	3072	1	404	246	0.00000
1024	3072	1	312	290	0.00000
1024	3072	1	216	268	1.02576
1024	3072	1	0	468	5.91804
1024	3072	1	42	396	5.87023
1024	3072	1	92	374	2.46526
1024	3072	1	172	378	2.72140
1024	3072	1	242	360	0.00000
1024	3584	1	24	134	5.78876
1024	3584	1	82	72	5.60717
1024	3072	1	152	496	4.36937
1024	3072	1	274	494	0.28494
1024	3072	1	404	478	5.55072
1024	3072	1	478	372	5.35518
1024	3072	1	500	472	5.23297
1536	3072	1	90	454	2.14799
1536	3072	1	184	440	5.30668
1536	3072	2	202	358	0.00000
1536	3072	1	286	510	3.61729
1024	3584	1	354	64	2.24132
1536	3584	2	462	104	0.00000
1536	3584	2	508	182	0.00000
1536	3584	1	512	140	4.96009
1536	3584	1	82	56	0.69914
1024	3584	1	198	260	1.53522
1024	3584	1	336	204	3.34362
1536	3584	1	214	78	5.94659
1536	3584	1	160	152	6.15236
1536	3584	1	314	214	3.07366
1536	3584	1	428	254	2.54677
1536	3584	1	2	176	2.44747
1536	3584	1	106	188	0.00000
1024	3584	1	482	236	5.75903
1024	3584	1	414	310	6.08579
1536	3584	1	108	332	0.91767
1536	3584	1	198	412	0.17671
1536	3584	1	438	424	6.05182
1024	3584	1	268	372	5.59865
1024	3584	1	154	428	0.40772
1024	3584	1	18	484	5.45781
1536	3584	1	236	494	0.63554
1024	3584	1	334	480	0.99549
2560	2560	1	420	358	6.01604
2048	2560	1	26	296	4.94284
2048	2560	1	110	456	5.32379
2560	2560	1	244	512	3.60848
2048	2560	1	452	448	0.74385
2560	2560	1	174	384	2.68054
2048	2560	1	312	498	0.00000
2048	2560	1	272	404	0.00000
2560	2560	1	96	408	5.86020
2560	2560	1	308	378	3.52067
2560	2560	1	88	210	2.92958
2560	2560	1	212	294	4.88839
2560	2560	1	284	226	3.03693
2560	2560	1	216	146	0.15581
2560	2560	1	484	188	5.90694
2560	2560	1	402	192	5.95609
2560	2560	1	342	76	3.28544
2048	2560	1	494	240	2.09673
2560	2560	1	438	18	2.10431
2048	2560	1	70	116	3.68878
2048	2560	1	390	232	2.53511
2048	2048	1	72	450	3.09685
2048	2560	1	440	68	5.43122
2048	2560	1	164	60	3.51366
2048	2560	1	138	244	3.25360
2048	2560	1	280	94	4.54533
2560	2560	2	454	316	0.00000
2048	2560	2	200	408	0.00000
2048	2560	2	188	356	0.00000
2560	2560	2	320	486	0.00000
2048	2560	2	436	336	0.00000
2048	2560	2	494	330	0.00000
2560	2560	2	28	164	0.00000
2560	2560	2	270	8	0.00000
2048	2560	2	224	158	0.00000
2048	2560	1	248	338	4.70346
2048	2560	2	326	206	0.00000
2048	2048	1	110	50	0.00000
2048	2048	1	28	154	4.55325
2048	2048	1	172	84	4.55445
2048	2048	1	140	280	2.32034
2048	2048	1	196	462	2.79857
2048	2048	1	232	292	0.00000
2048	2048	1	316	62	0.36540
2048	2048	1	398	56	0.49935
2048	2048	2	498	54	0.00000
2048	2048	1	476	366	0.00000
2048	2048	1	366	474	1.22546
2048	2560	2	348	58	0.00000
2560	2048	1	76	376	5.39934
2560	2048	1	118	268	5.68284
2560	2048	2	300	400	0.00000
2560	2048	2	338	402	0.00000
2560	2048	1	430	324	1.71684
2560	2048	1	512	426	3.47527
2560	2560	1	152	88	3.27591
2560	2048	1	218	388	0.43241
2560	2048	1	496	218	0.40815
2560	2048	1	350	218	3.06004
2560	2048	1	204	120	0.00000
2560	2048	1	296	98	0.00000
2560	2048	1	408	54	1.20656
2048	2048	1	462	166	0.93529
2560	2048	1	74	124	3.38657
2560	2560	1	512	386	4.35362
3584	2048	1	466	66	5.94016
3584	2048	1	362	82	0.32950
3584	2048	1	238	92	3.89108
3584	2048	1	120	86	0.32562
3584	2048	1	364	224	5.36524
3584	2048	1	312	332	4.57741
3584	2048	1	148	332	0.00000
3584	2048	1	54	312	3.28349
3072	2048	1	490	180	4.92286
3072	2048	1	478	94	4.47547
3072	2048	1	90	100	1.57080
3072	2048	1	58	258	3.37066
3072	2048	1	134	242	3.07502
3072	2048	1	240	228	0.73091
3072	2048	1	198	388	3.01285
3072	2560	1	164	4	0.97819
3072	2560	1	44	22	3.19709
3072	2048	1	258	332	0.00000
3072	2048	1	330	340	5.81954
3072	2048	1	392	294	5.50093
3072	2048	1	446	246	5.43853
3072	2048	1	166	70	2.53087
3072	2048	1	18	414	0.83617
3072	2560	1	176	144	1.38215
3072	2560	1	256	68	5.16242
3072	2560	1	364	150	0.15491
3072	2560	1	192	248	0.75599
3584	2048	1	318	488	3.85239
3584	2048	1	104	476	4.77896
3072	2048	1	476	428	4.87754
3072	2048	1	356	502	3.40784
3072	2048	1	488	502	4.80947
3584	2560	1	238	40	2.83914
3584	2560	1	372	64	4.27909
3584	2560	1	438	176	5.22157
3584	2560	1	512	28	2.51809
3584	2560	1	116	56	4.80540
3584	2560	1	260	196	1.71969
3584	2560	1	174	130	1.67875
3584	2560	1	364	250	0.51239
3584	2560	2	342	132	0.00000
3584	2560	1	30	122	3.17745
3072	2560	1	448	78	5.42102
3072	2560	1	422	214	0.59918
3584	2560	1	20	300	0.25774
3072	2560	1	308	274	2.96174
3072	2560	1	144	366	2.41053
3072	2560	1	36	348	3.97979
3584	2560	1	114	208	5.02401
3584	2560	1	164	282	1.29894
3072	2560	1	390	342	4.12764
3072	2560	1	390	444	0.86217
3584	2560	1	148	392	1.50614
3584	2560	1	24	468	3.27342
3584	2560	1	100	494	2.81805
3584	2560	1	272	444	5.81311
3584	2560	1	498	412	5.26709
3072	2560	1	70	510	3.07861
3584	2560	1	184	512	3.15014
3584	2560	1	488	292	5.13846
3584	2560	1	402	360	3.68112
3584	2560	1	322	344	4.09656
3072	2048	1	366	64	1.63120
3072	2048	1	228	138	4.36563
3072	2048	1	228	36	2.98793
3072	2048	1	96	410	6.13191
3584	2560	2	238	336	0.00000
3584	2560	2	350	444	0.00000
3584	2560	1	398	512	3.16150
3584	3584	1	324	328	5.31639
3072	3584	1	386	258	3.39288
3584	3584	1	96	186	0.57158
3584	3584	1	384	162	2.36887
3584	3584	1	444	78	2.75845
3584	3072	1	414	474	1.01096
3072	3584	1	78	216	3.77253
3584	3584	1	432	274	0.69560
3584	3584	1	30	316	0.52822
3584	3584	1	148	340	1.55524
3584	3584	1	316	510	2.37510
3584	3584	1	148	284	2.27138
3584	3584	1	260	408	0.00000
3072	3584	1	286	418	2.69818
3584	3584	1	356	460	0.00000
3072	3584	1	244	506	2.20916
3584	3072	1	510	506	1.21029
3584	3584	1	330	10	2.43910
3584	3584	1	198	200	2.45769
3584	3584	1	286	68	2.40852
3584	3584	1	208	138	2.15097
3584	3584	1	164	46	3.86699
3584	3584	1	78	86	3.76130
3072	3584	1	56	158	0.89365
3072	3584	1	340	88	4.20004
3072	3584	1	486	196	3.72972
3072	3584	1	168	326	5.59842
3072	3584	1	232	276	2.49686
3072	3584	1	464	64	5.19743
3584	3584	1	64	410	5.57384
3072	3584	1	488	478	5.21218
3072	3584	1	214	382	2.84562
3584	3584	1	302	236	2.66244
3072	3584	1	314	276	2.96438
3072	3584	1	152	444	0.00000
3584	3584	1	432	396	5.31662
3072	3584	1	54	414	0.00000
3072	3584	1	26	310	0.00000
3072	3584	1	442	346	3.79524
3072	3584	1	318	174	1.60639
3072	3584	1	180	164	2.52009
3072	3584	1	48	36	3.41112
3072	3072	1	20	438	0.00000
3072	3584	1	172	70	6.11738
3072	3072	1	154	458	1.86324
3072	3584	1	264	32	0.39078
3072	3072	1	386	502	1.54618
3584	3072	1	6	486	2.20471
3072	3072	1	438	408	4.70736
3584	3072	1	96	408	4.45667
3584	3072	1	120	470	1.38192
3584	3072	1	174	378	5.93282
3584	3072	1	292	346	3.38948
3584	3072	1	356	406	0.28521
3584	3072	1	430	360	5.87400
3584	3072	1	512	316	2.90413
3584	3072	1	386	258	5.32656
3584	3072	1	396	186	5.08607
3584	3072	1	484	214	4.18732
3584	3072	1	478	110	1.24273
3584	3072	1	508	0	4.30042
3584	3072	1	398	38	3.30283
3584	3072	1	286	94	1.29127
3584	3072	1	290	232	3.04578
3584	3072	1	194	272	2.92402
3584	3072	1	186	168	4.62232
3584	3072	1	272	16	0.00000
3584	3072	1	184	46	3.07233
3584	3072	1	108	110	5.07240
3584	3072	1	156	242	1.08184
3584	3072	1	56	192	0.00000
3584	3072	1	50	302	5.78029
3072	3072	1	500	346	2.20504
3072	3072	1	328	354	3.56165
3072	3072	2	427	251	0.00000
3072	3072	1	324	276	0.00000
3072	3072	1	222	318	2.38101
3072	3072	1	152	368	3.01276
3072	3072	1	112	386	3.22410
3072	3072	1	48	314	2.94657
3072	3072	1	118	232	3.23052
3072	3072	1	434	182	5.12040
3072	3072	1	404	64	0.00000
3072	3072	1	320	130	3.16292
3072	3072	1	232	106	0.00000
3072	3072	1	62	168	0.69937
3072	3072	1	172	52	0.00000
3072	3072	1	58	46	3.24488
3584	3584	1	144	406	0.00000
2560	3584	1	64	276	0.12244
2560	3584	1	494	318	5.04189
2560	3584	1	278	236	5.77996
2560	3584	1	482	512	1.20146
2560	3584	1	244	466	6.11804
2048	3584	1	72	466	6.18225
2560	3584	1	406	410	0.55137
2560	3584	1	362	298	4.06889
2560	3584	1	82	414	0.30473
2048	3584	1	176	408	2.09142
2560	3584	1	188	290	2.36356
2560	3584	1	150	428	6.09370
2048	3584	1	146	492	6.13119
2560	3584	1	16	512	2.81426
2048	3584	1	274	364	0.51915
2048	3584	1	402	416	3.35695
2048	3584	1	482	304	0.38242
2048	3584	1	390	304	0.56367
2048	3584	1	284	226	5.71646
2048	3584	1	178	302	1.74889
2048	3584	1	16	178	5.38509
2048	3584	1	40	118	4.75122
2048	3584	1	70	24	1.24905
2048	3584	1	168	186	1.87847
2048	3584	1	170	116	4.58803
2048	3584	1	404	210	1.52432
2560	3584	1	188	158	3.93146
2560	3584	1	300	148	2.33696
2560	3584	1	438	212	2.31985
2560	3584	1	70	136	0.28805
2560	3584	1	448	118	4.33940
2560	3584	1	248	62	4.77751
2560	3584	1	416	60	1.34150
2048	3584	1	422	126	4.31720
2560	3584	1	150	34	5.68090
2560	3072	1	38	492	0.96099
2048	3584	1	416	34	3.89526
2048	3072	1	296	498	1.06185
2560	3072	1	222	490	0.00000
2560	3072	1	272	432	2.40700
2560	3072	1	382	438	2.33492
2560	3072	1	418	362	2.76633
2560	3072	1	476	328	2.71839
2560	3072	1	512	276	2.67795
2560	3072	1	232	352	1.43204
2560	3072	1	348	286	1.44012
2048	3072	1	460	352	4.63084
2560	3072	1	58	288	1.14736
2560	3072	1	264	140	0.28836
2560	3072	1	396	144	0.43087
2560	3072	1	464	50	2.46597
2560	3072	1	366	46	3.41493
2560	3072	1	242	22	4.06052
2560	3072	1	136	290	0.93805
2560	3072	1	56	68	4.20867
2048	3072	1	434	36	0.43441
2048	3072	1	298	102	6.00915
2048	3072	1	112	68	2.08568
2048	3072	1	34	106	5.54410
2048	3072	1	206	154	1.73619
2048	3072	1	298	270	2.29123
2048	3072	1	196	390	5.29395
2048	3072	1	78	296	1.37558
2048	3072	1	376	142	5.47004
2560	3072	2	10	173	0.00000
2560	3072	2	94	229	0.00000
2560	3072	2	144	75	0.00000
2560	3072	2	220	129	0.00000
2560	3072	2	350	239	0.00000
2048	3072	2	192	21	0.00000
2048	3072	2	80	414	0.00000
2048	3072	2	162	480	0.00000
2560	3584	2	272	354	0.00000
2048	3584	2	490	422	0.00000
2048	3584	2	126	234	0.00000
2048	3072	2	436	229	0.00000
2048	3072	2	198	331	0.00000
2560	3072	2	100	439	0.00000
2560	3072	2	36	437	0.00000
2048	3584	2	206	487	0.00000
