1024	2560	1	346	234	0.00000
1024	2560	1	246	460	2.97708
1536	2560	1	448	240	1.15006
1024	2560	1	120	394	0.93871
1536	2560	1	196	384	3.10184
1536	2560	1	76	434	5.14381
1024	2560	1	412	350	3.75081
1536	2560	1	372	412	2.22678
1024	2560	1	242	42	1.18207
1536	2560	1	70	146	0.62868
1536	2560	1	270	254	6.04624
1024	2560	1	206	204	2.09367
1024	2560	1	480	390	0.16183
1024	2560	1	374	62	1.98693
1024	2560	1	58	290	1.44913
1024	2560	1	268	148	2.73918
1024	2560	2	356	436	0.00000
1536	2560	1	190	282	0.37978
1536	2560	1	88	270	5.04259
1024	2560	1	468	250	5.71489
1536	2560	1	26	60	1.31251
1536	2560	1	244	136	4.29667
1536	2560	1	326	64	4.33777
1024	2048	1	88	464	5.83671
1024	2048	1	308	464	1.77229
1536	2048	1	340	454	3.97017
1536	2560	1	178	14	1.54161
1024	2048	1	502	476	3.75718
1024	2048	1	222	370	0.30031
1536	2560	1	342	486	1.74092
1536	2048	1	224	384	3.88768
1536	2048	1	504	446	3.30942
1536	2048	1	436	348	3.05958
1536	2048	1	488	246	5.68248
1536	2048	1	150	284	1.91888
1024	2048	1	460	216	2.99899
1536	2048	1	348	216	2.41834
1536	2048	1	154	196	2.13973
1536	2048	1	236	148	6.01427
1536	2048	1	142	78	5.00474
1536	2048	1	468	128	5.61684
1536	2048	1	394	32	0.20653
1024	2048	1	358	104	5.33487
1024	2048	1	214	206	2.28187
1024	2048	1	116	182	2.88718
1024	3072	1	74	78	5.88790
1024	3072	2	380	84	0.00000
1024	3072	1	242	166	4.16726
1024	3072	1	456	128	0.47190
1536	3072	1	42	42	6.24467
1536	3072	1	86	136	0.60435
1024	3072	1	132	266	0.94243
1024	3072	1	248	282	0.61726
1024	3072	1	300	308	0.50918
1024	3072	1	422	256	4.43938
1024	3072	1	84	360	1.20899
1024	3072	1	90	214	0.91249
1024	3072	1	68	480	0.00000
1024	3584	1	124	54	0.00000
1024	3584	1	230	56	0.00000
1024	3072	1	192	420	0.00000
1024	3072	1	294	466	5.88001
1024	3072	1	346	410	5.44229
1024	3584	1	34	204	0.00000
1024	3584	1	18	18	0.00000
1024	3584	1	116	208	5.78592
1024	3584	1	236	246	0.39427
1024	3584	1	332	182	0.00000
1024	3584	1	370	78	2.80295
1536	3584	1	64	14	5.40564
1536	3072	1	178	40	5.74383
1536	3072	1	142	168	0.82409
1536	3072	1	16	230	2.32629
1536	3072	1	94	454	2.01064
1536	3072	1	178	426	5.19539
1536	3072	1	152	284	5.28373
1536	3072	1	250	82	3.32749
1536	3072	1	262	204	4.35580
1536	3072	1	306	262	4.27749
1536	3584	2	376	62	0.00000
1536	3584	2	404	118	0.00000
1536	3584	2	252	264	0.00000
1536	3584	2	66	278	0.00000
1536	3584	2	44	206	0.00000
1536	3072	1	370	426	1.97478
1536	3584	1	228	78	5.44589
1536	3584	1	298	170	0.86114
1536	3072	1	388	114	3.28767
1536	3072	1	310	340	4.43027
1536	3072	1	438	256	1.15604
1536	3584	1	346	274	2.28413
1536	3072	1	60	312	4.26245
1024	3584	2	312	96	0.00000
1024	3584	2	44	118	0.00000
1536	3584	1	144	286	3.55354
1024	3584	1	492	224	5.55037
1024	3584	1	404	284	3.44069
1024	3584	1	246	344	1.11152
1536	3584	1	210	416	0.01389
1536	3584	1	478	148	5.23567
1536	3584	1	440	414	0.00302
1536	3072	1	304	492	3.76504
1536	3584	1	76	140	2.33969
1024	3072	1	478	422	3.82391
1024	3072	1	184	50	5.47138
1536	3072	1	512	472	5.46585
1536	3072	1	476	60	4.59548
1024	3584	1	292	426	5.05263
1536	3584	1	60	358	0.00000
1024	3584	1	146	478	0.00000
1536	3584	1	370	470	0.04758
1536	3584	1	512	420	0.48963
1536	3584	2	16	52	0.00000
2560	2048	2	284	394	0.00000
2560	2048	2	350	386	0.00000
2048	2560	2	166	152	0.00000
2048	2560	2	222	156	0.00000
2048	2048	1	106	108	5.63497
2048	2048	1	206	114	0.10674
2048	2048	1	330	58	3.90374
2048	2048	1	232	260	6.02608
2048	2048	1	72	300	4.40447
2048	2048	1	94	402	2.46194
2048	2048	1	364	114	0.78569
2048	2048	1	484	110	0.51889
2560	2048	1	8	182	3.10637
2560	2048	1	40	60	3.36834
2560	2048	1	156	98	2.26800
2560	2048	1	228	120	0.00000
2560	2048	1	318	92	0.00000
2560	2048	1	402	10	1.96559
2560	2048	1	498	186	2.18417
2560	2048	1	370	240	0.00000
2560	2048	1	134	228	1.49368
2048	2048	1	138	488	1.05801
2048	2560	1	74	96	3.15618
2048	2048	1	264	450	2.54784
2048	2048	1	348	392	2.31826
2048	2560	1	354	14	5.70163
2048	2048	1	408	490	2.73787
2048	2048	1	482	446	5.89198
2560	2048	1	66	384	5.03414
2560	2048	1	200	422	0.00000
2560	2048	1	274	316	5.29411
2560	2560	1	120	4	1.61162
2560	2048	1	322	464	4.03338
2048	2560	1	270	78	2.31245
2048	2560	1	410	128	4.34448
2560	2560	1	288	42	1.53419
2560	2560	1	404	26	5.80340
2560	2048	1	464	454	4.45491
2560	2560	1	508	74	2.12796
2560	2560	1	304	106	1.33707
2560	2560	1	340	180	0.70358
2560	2560	1	474	176	5.28377
2560	2560	1	150	168	0.76631
2048	2560	1	414	218	0.75710
2560	2560	1	36	248	5.31349
2048	2560	2	438	320	0.00000
2560	2560	2	4	314	0.00000
2048	2560	1	294	308	6.07162
2048	2560	2	328	216	0.00000
2048	2560	2	478	62	0.00000
2560	2560	2	14	164	0.00000
2048	2560	1	50	326	0.52354
2048	2560	1	118	326	3.64198
2048	2560	1	224	306	3.00264
2048	2560	1	54	464	2.62965
2048	2560	1	396	400	5.35157
2048	2560	2	312	424	0.00000
2048	2560	2	194	414	0.00000
2048	2560	2	168	364	0.00000
2048	2560	1	254	496	5.33891
2560	2560	1	136	324	0.13980
2560	2560	1	132	454	1.36405
2560	2560	1	398	258	1.64841
2560	2560	1	272	314	4.53029
2560	2560	1	394	394	2.73670
2560	2560	1	274	396	1.40021
2560	2560	1	220	480	3.17077
2560	2560	2	464	330	0.00000
2560	2560	2	306	486	0.00000
3072	2560	1	162	512	0.16911
3072	2560	1	336	498	0.23685
3072	2560	1	468	400	5.93449
3584	2560	1	434	342	4.03859
3072	2560	1	24	412	0.00000
3584	2560	1	286	456	5.72743
3072	2560	1	394	392	5.71466
3584	2560	1	136	512	2.59308
3584	2560	1	164	434	4.92314
3072	2560	1	276	400	0.09495
3072	2560	1	164	398	3.82042
3584	2560	1	126	342	2.01589
3584	2560	1	498	356	3.89315
3584	2560	1	4	494	4.66481
3584	2560	1	486	504	5.56080
3584	2560	1	210	346	2.96174
3584	2560	1	324	194	5.83625
3584	2560	1	204	208	4.91593
3584	2560	1	330	326	5.21786
3584	2560	1	156	144	4.63050
3584	2560	1	434	240	6.04025
3584	2560	1	456	138	4.91478
3584	2560	1	46	236	4.18951
3072	2560	1	420	274	3.36203
3072	2560	1	246	162	0.00000
3584	2560	1	24	392	2.69814
3072	2560	1	0	188	5.48114
3072	2048	1	182	306	5.58761
3072	2560	1	512	170	3.92699
3072	2560	1	172	250	0.32347
3072	2560	1	24	102	2.50657
3072	2560	1	116	160	0.33324
3072	2048	1	96	492	3.59375
3072	2560	1	226	8	0.60229
3072	2560	1	350	148	0.00000
3584	2560	1	236	40	5.37343
3072	2560	1	322	240	2.65627
3584	2048	1	74	476	4.63404
3584	2560	1	364	14	5.15737
3584	2048	1	426	470	4.95292
3584	2048	1	468	60	0.00000
3584	2048	1	336	394	4.37687
3584	2048	1	418	336	1.90910
3584	2048	1	512	398	4.57049
3072	2560	1	286	88	0.43984
3584	2048	1	110	418	4.77417
3584	2048	1	512	268	3.97790
3584	2048	1	512	102	0.00000
3072	2048	1	416	368	2.77348
3072	2560	1	500	50	5.86095
3072	2048	1	476	426	2.73888
3584	2560	1	104	52	4.89257
3072	2048	1	366	508	3.30902
3072	2560	1	462	54	2.69867
3072	2560	2	430	136	0.00000
3072	2048	1	328	344	2.84906
3072	2048	1	34	440	3.58722
3072	2048	1	158	224	4.80741
3072	2048	1	72	74	3.56107
3072	2048	1	166	10	0.00000
3072	2048	1	238	130	0.27256
3072	2048	1	406	34	5.10541
3584	2048	1	48	2	0.99336
3072	2048	1	392	200	4.50739
3584	2048	1	24	352	4.79392
3072	2048	1	508	280	4.59355
3584	2048	1	48	186	4.93641
3584	2048	1	118	154	1.91375
3584	2048	1	146	84	1.95930
3584	2048	1	234	76	4.18066
3584	2048	1	168	302	5.15165
3584	2048	1	356	232	5.69881
3584	2048	1	414	164	5.17846
3584	2560	1	356	442	2.11122
3072	2048	1	174	428	3.30324
3072	2048	1	46	160	0.00000
3072	3072	1	146	46	0.00000
3072	3072	1	408	76	6.06025
3584	3072	1	46	80	5.32353
3072	3072	1	198	166	1.75397
3072	3072	1	66	296	3.60785
3072	3072	1	32	162	3.52443
3072	3072	1	206	292	5.34743
3072	3072	1	490	176	1.02580
3072	3072	1	330	284	0.00000
3072	3072	1	484	256	4.19324
3584	3072	1	126	218	2.48590
3584	3072	1	154	126	2.01919
3584	3072	1	248	52	4.83557
3584	3072	1	410	46	1.58506
3584	3072	1	460	124	4.59731
3584	3072	1	280	178	5.32311
3584	3072	1	402	218	3.64368
3584	3072	1	236	268	3.65743
3584	3072	1	282	312	4.12061
3584	3072	1	134	320	5.65102
3584	3072	1	98	326	5.25520
3072	3072	1	506	374	0.00000
3072	3072	1	54	232	3.07917
3072	3072	1	408	486	2.64904
3072	3072	1	338	464	3.03905
3072	3072	1	268	470	0.00000
3072	3072	1	156	388	2.17825
3072	3072	1	134	496	1.99800
3072	3584	1	12	10	0.00000
3072	3584	1	44	102	3.63397
3072	3072	1	50	418	4.87358
3072	3584	1	164	110	4.69556
3072	3584	1	302	60	4.61808
3072	3072	1	484	482	0.46365
3584	3072	1	210	510	1.75268
3584	3072	1	100	428	4.49848
3584	3072	1	428	320	3.53770
3584	3072	2	240	416	0.00000
3072	3584	2	442	114	0.00000
3584	3584	1	94	26	3.02734
3584	3584	1	190	50	1.45430
3584	3072	1	330	472	0.63832
3584	3072	1	398	488	0.71261
3584	3584	1	446	2	0.83930
3584	3584	1	294	150	3.88109
3584	3584	1	284	46	1.49402
3584	3584	1	402	176	0.00000
3584	3584	1	332	210	3.49331
3072	3584	1	324	146	4.22974
3072	3584	1	178	172	1.42687
3072	3584	1	96	182	2.41241
3072	3584	1	422	394	5.17445
3072	3584	1	504	138	0.00000
3584	3584	1	62	204	2.97606
3072	3584	1	404	290	4.21342
3072	3584	1	178	296	1.51630
3072	3584	1	48	270	1.92577
3072	3584	1	306	344	0.28159
3584	3584	1	236	344	3.90225
3584	3584	1	498	80	0.47558
3584	3584	1	22	294	5.66142
3584	3584	1	6	138	0.00000
3584	3584	1	116	144	2.41576
3584	3584	1	342	432	0.00000
3072	3584	1	108	400	0.00000
3072	3584	1	200	454	1.19612
3072	3584	1	316	466	1.09707
3072	3584	1	20	366	0.00000
3584	3584	1	182	420	0.00000
3584	3584	1	458	426	1.70962
3584	3584	2	108	456	0.00000
3584	3584	2	404	284	0.00000
3584	3584	2	60	382	0.00000
3072	3584	1	352	208	4.96891
2048	3072	1	276	36	2.15156
2048	3072	1	470	240	1.40672
2048	3072	1	70	154	3.20213
2560	3072	2	147	73	0.00000
2560	3072	2	235	137	0.00000
2560	3072	2	338	443	0.00000
2560	3072	2	252	489	0.00000
2048	3072	2	166	469	0.00000
2048	3072	1	488	74	6.01135
2048	3072	1	406	40	1.72617
2560	3072	1	494	70	0.00000
2560	3072	1	412	62	5.86469
2560	3072	1	312	138	2.70937
2560	3072	1	220	38	3.19792
2048	3072	2	70	19	0.00000
2048	3072	2	204	15	0.00000
2048	3584	2	366	27	0.00000
2048	3072	2	314	431	0.00000
2048	3072	2	212	321	0.00000
2048	3072	1	280	254	2.73784
2048	3072	1	84	278	4.72157
2048	3072	1	46	332	5.07935
2048	3072	2	74	405	0.00000
2048	3072	1	32	492	2.21574
2048	3072	2	162	365	0.00000
2048	3072	1	226	418	0.00000
2048	3072	1	394	156	5.17256
2560	3072	1	194	212	1.70444
2048	3072	1	302	124	5.61403
2560	3072	1	400	204	0.63045
2560	3072	1	504	222	3.92807
2560	3072	1	232	266	4.19895
2560	3072	1	88	328	4.91569
2048	3072	1	452	318	2.43868
2048	3072	1	398	364	2.66834
2048	3072	1	388	478	5.58337
2048	3072	1	512	458	2.26991
2560	3072	1	474	318	2.26992
2560	3072	1	426	382	1.65891
2560	3072	1	182	454	1.05991
2560	3072	1	58	442	0.97362
2560	3072	1	512	506	6.05502
2560	3072	1	408	498	0.00000
2560	3584	1	150	152	4.28305
2560	3584	2	512	251	0.00000
2560	3584	1	432	152	6.27985
2560	3584	1	86	94	0.60031
2048	3584	1	498	96	0.96986
2048	3584	1	370	124	0.79146
2048	3584	1	288	72	0.72555
2048	3584	1	94	82	0.58731
2048	3584	2	184	201	0.00000
2048	3584	2	59	231	0.00000
2560	3584	1	496	372	1.36559
2560	3584	2	512	469	0.00000
2560	3584	1	440	326	0.75607
2560	3584	1	400	458	5.38788
2560	3584	1	256	494	0.00000
2560	3584	1	126	444	0.00000
2560	3584	1	20	474	0.00000
2048	3584	1	461	473	0.00000
2048	3584	1	308	466	0.00000
2048	3584	1	190	494	5.25259
2048	3584	1	86	462	0.86477
2048	3584	1	30	392	0.58400
2560	3584	1	282	370	1.48623
2048	3584	1	206	314	2.23199
2048	3584	1	284	242	0.51895
2048	3584	1	262	380	0.76979
2048	3584	1	373	347	0.00000
2048	3584	1	456	335	0.00000
2048	3584	1	442	210	1.56689
2560	3584	1	33	289	0.00000
2560	3584	1	170	252	2.15874
2560	3584	1	300	274	5.16166
2560	3584	1	354	238	6.03648
2560	3584	1	234	76	0.82305
2560	3584	1	462	130	0.00000
2560	3584	1	320	154	0.88165
