1024	2048	1	92	452	0.00000
1024	2048	2	200	78	0.00000
1024	2560	2	348	440	0.00000
1536	2048	2	504	52	0.00000
1024	2048	2	264	28	0.00000
1536	2048	2	30	46	0.00000
1024	2048	2	458	28	0.00000
1536	2048	2	230	154	0.00000
1536	2048	2	226	396	0.00000
1024	2560	2	192	298	0.00000
1024	2560	2	104	214	0.00000
1024	2048	1	236	354	0.39061
1024	2560	1	254	50	0.98279
1024	2048	1	110	158	3.15658
1024	2048	1	450	210	3.09163
1024	2048	1	224	204	2.27305
1024	2048	1	374	100	4.68383
1536	2048	1	162	296	2.34735
1024	2048	1	310	444	4.44292
1024	2560	1	394	68	1.74299
1024	2560	1	162	166	2.28098
1024	2560	1	262	164	2.27942
1536	2560	1	10	72	0.63162
1024	2048	1	498	498	4.22802
1536	2560	1	178	6	1.89960
1536	2560	1	106	136	0.00000
1536	2048	1	336	478	3.46850
1536	2048	1	116	80	4.58063
1536	2048	1	170	210	1.88784
1536	2048	1	352	212	2.98851
1536	2048	1	394	334	1.43543
1536	2048	1	488	238	5.94124
1536	2560	1	418	54	4.77896
1536	2560	1	310	136	4.41815
1536	2048	1	478	436	3.79482
1024	2560	1	308	294	2.04536
1024	2560	1	232	446	3.33107
1024	2560	1	74	320	5.22863
1024	2560	1	114	414	1.89900
1024	2560	1	420	374	3.23807
1024	2560	1	452	232	4.68537
1536	2560	1	76	268	4.17570
1536	2560	1	188	278	0.00000
1536	2560	1	280	242	0.00000
1536	2560	2	338	322	0.00000
1536	2560	2	36	490	0.00000
1024	3072	1	298	318	0.49945
1536	3584	2	390	126	0.00000
1536	3584	2	370	64	0.00000
1024	3072	1	70	66	5.70281
1024	3072	1	446	246	4.49372
1536	3072	1	42	338	4.52308
1024	3072	2	376	72	0.00000
1024	3072	2	382	188	0.00000
1024	3584	2	304	86	0.00000
1024	3072	1	130	190	0.67085
1536	3072	1	154	428	5.13323
1536	3072	1	86	470	1.95841
1024	3072	1	418	352	5.28550
1024	3072	1	262	176	4.50940
1536	3584	1	74	144	1.61077
1024	3584	1	374	74	2.83532
1536	3584	1	270	182	2.25394
1024	3584	2	334	244	0.00000
1024	3072	1	168	34	5.48518
1024	3072	1	442	136	3.16425
1536	3072	1	16	182	2.57247
1536	3072	1	40	22	0.23974
1536	3072	1	94	122	0.23685
1536	3072	1	248	108	3.30380
1536	3072	1	114	232	1.20257
1536	3072	1	368	100	2.94913
1536	3072	1	282	186	3.77680
1536	3072	1	186	298	5.06098
1536	3072	1	364	286	4.55014
1536	3072	1	358	408	1.89255
1536	3072	1	378	206	4.33847
1024	3072	1	102	318	1.73399
1024	3072	1	228	282	0.65073
1024	3584	1	208	100	0.00000
1024	3584	1	114	80	0.00000
1024	3072	1	200	442	0.00000
1024	3072	2	136	418	0.00000
1024	3072	1	308	494	4.77042
1536	3072	1	292	476	3.87851
1024	3584	1	486	208	5.43357
1536	3584	1	322	272	1.78447
1536	3584	1	202	404	0.00000
1536	3584	1	66	338	0.00000
1024	3584	1	226	348	1.09203
1024	3072	1	68	496	0.45952
1024	3072	1	50	408	0.69745
1536	3072	1	506	426	5.53148
1536	3072	1	478	234	0.00000
1536	3072	1	170	50	0.00000
1024	3584	1	110	194	2.18039
1024	3072	1	4	276	4.17339
1024	3072	1	302	410	1.36967
1024	3584	1	12	516	2.64622
1536	3584	1	218	82	5.42868
1536	3072	1	512	68	3.96327
1024	3584	1	240	232	0.54699
1024	3584	1	32	222	0.00000
1024	3584	1	400	284	4.24014
1536	3584	1	162	270	0.00000
1536	3584	1	452	148	0.28270
1536	3584	1	422	390	5.88053
1024	3584	1	152	468	0.00000
1024	3584	1	340	432	5.03740
1536	3584	1	80	38	5.43679
1536	3584	1	362	492	0.00000
1536	3584	1	246	516	0.52592
1536	3584	1	512	392	0.00000
2048	2560	1	366	512	5.01813
2048	2560	1	256	486	5.43277
2048	2560	1	322	328	0.55771
2560	2560	1	76	462	1.12285
2048	2560	1	384	372	5.99988
2560	2560	1	468	188	5.29341
2048	2560	1	418	210	3.30895
2560	2560	1	8	244	5.09502
2560	2560	1	296	322	4.73035
2048	2560	1	240	256	2.52029
2560	2560	1	500	68	1.70632
2560	2560	1	144	194	0.87792
2560	2560	1	232	102	1.90269
2560	2560	1	142	346	1.19445
2560	2560	1	362	216	1.93562
2560	2560	1	236	222	0.95184
2048	2560	2	448	312	0.00000
2560	2560	2	6	322	0.00000
2560	2560	2	468	330	0.00000
2048	2560	2	178	156	0.00000
2048	2560	2	230	154	0.00000
2048	2560	2	320	200	0.00000
2560	2048	2	434	474	0.00000
2048	2560	2	170	362	0.00000
2048	2560	2	184	512	0.00000
2048	2560	2	310	426	0.00000
2560	2560	2	306	496	0.00000
2048	2560	2	208	420	0.00000
2560	2560	1	254	406	1.82821
2560	2560	1	416	414	2.33287
2048	2560	1	340	136	4.20598
2048	2560	1	64	456	3.32838
2048	2560	1	266	56	2.62266
2048	2560	1	40	340	0.81304
2048	2560	1	140	258	2.60771
2560	2560	1	210	502	2.96123
2560	2048	1	296	466	3.52819
2560	2560	1	328	72	1.89693
2560	2560	1	436	34	5.35958
2560	2048	1	384	236	0.00000
2560	2048	1	300	296	5.58093
2560	2560	1	154	8	1.75991
2560	2048	1	218	404	0.49438
2560	2048	1	100	396	4.33101
2048	2560	1	334	6	4.92236
2048	2560	1	76	126	3.94734
2048	2048	1	104	504	2.17766
2048	2048	1	214	438	1.80454
2048	2048	1	90	404	2.73559
2048	2048	1	398	480	2.50680
2048	2048	1	452	412	5.83159
2048	2048	1	74	306	4.24122
2560	2560	2	38	158	0.00000
2048	2560	2	340	54	0.00000
2048	2048	1	192	382	1.31544
2048	2048	1	266	248	0.15432
2560	2048	1	510	154	1.52488
2560	2048	1	318	94	0.00000
2560	2048	1	228	108	0.00000
2560	2048	1	100	248	0.28364
2048	2048	1	352	120	1.30039
2560	2048	1	24	178	2.85744
2560	2048	1	102	58	2.75188
2048	2048	2	510	72	0.00000
2048	2048	1	368	28	5.35308
2048	2048	1	244	40	0.26305
2048	2048	1	52	38	5.03410
2048	2048	1	106	160	5.78819
2048	2048	1	178	140	0.00000
2048	2048	1	18	156	5.92262
2560	2048	1	182	116	2.81494
3072	2048	1	80	52	3.59975
3072	2048	1	194	50	5.67923
3072	2048	1	172	208	4.69280
3072	2048	1	44	196	2.52919
3072	2048	1	404	50	4.85459
3072	2048	1	310	24	1.63607
3584	2048	1	472	70	0.02381
3584	2048	1	238	90	3.96068
3584	2048	1	370	206	5.22894
3584	2048	1	384	128	5.02039
3584	2048	1	72	186	4.30984
3584	2048	1	34	126	1.39386
3584	2048	1	156	102	5.07907
3072	2048	1	436	226	4.80703
3072	2048	1	252	350	0.00000
3072	2048	1	330	312	3.09268
3072	2048	1	422	364	2.91534
3584	2048	1	56	302	5.86496
3584	2048	1	190	320	5.05535
3584	2048	1	398	384	4.40699
3584	2048	1	396	310	1.90421
3584	2048	1	446	474	5.06587
3584	2560	1	406	54	5.54969
3584	2560	1	272	54	0.00000
3584	2560	1	344	200	5.73331
3584	2560	1	434	256	0.00000
3584	2048	1	100	406	4.67646
3584	2048	1	120	478	4.66672
3584	2048	1	228	438	4.56680
3584	2048	1	4	428	2.82650
3072	2560	1	224	16	0.00000
3072	2048	1	102	488	3.26993
3072	2048	1	24	446	3.85663
3584	2560	1	464	342	3.81366
3584	2560	1	192	142	3.80502
3584	2560	1	138	52	4.60173
3072	2560	1	104	156	0.52264
3072	2560	1	206	362	4.05709
3072	2560	1	308	246	2.75348
3072	2560	1	356	158	0.00000
3072	2560	1	184	238	0.73188
3072	2560	1	280	134	3.89367
3072	2048	1	366	498	3.70219
3072	2560	1	40	448	5.72459
3584	2560	1	60	190	0.00000
3072	2560	1	472	208	6.15716
3072	2560	1	260	424	0.44699
3072	2560	1	442	414	5.70658
3584	2560	1	226	236	4.28244
3584	2560	1	212	450	5.74142
3584	2560	1	114	338	2.02697
3072	2560	1	444	246	2.91775
3584	2560	1	112	440	2.67054
3584	2560	1	8	366	2.83932
3584	2560	1	316	328	5.31468
3584	2560	1	380	412	0.00000
3584	2560	1	474	436	5.30115
3072	3072	1	212	314	5.98603
3072	3072	1	228	188	1.60474
3072	3072	1	90	294	3.32452
3584	3072	1	272	188	5.38187
3072	3072	1	170	400	2.14824
3072	3072	1	420	226	3.47344
3584	3072	1	74	110	4.94210
3072	3584	1	146	114	4.34691
3072	3584	1	160	10	2.06822
3072	3072	1	248	506	6.01206
3072	3072	1	444	412	2.61711
3072	3072	1	324	270	6.02019
3584	3072	1	148	210	1.76386
3072	3072	1	474	284	3.72462
3072	3072	1	158	42	0.00000
3584	3072	1	324	108	4.53254
3584	3072	1	422	232	3.80428
3072	3584	1	414	12	2.89359
3072	3584	1	300	86	4.36362
3072	3072	1	54	422	5.17083
3072	3072	1	328	464	2.98499
3584	3584	1	6	22	5.62531
3584	3072	1	18	394	0.09041
3584	3072	1	68	294	5.60860
3584	3584	1	110	144	2.55930
3072	3584	1	336	148	4.88149
3072	3584	1	42	106	4.29595
3072	3584	1	78	194	2.29744
3072	3584	1	190	172	0.92033
3584	3072	1	216	274	0.63169
3584	3072	1	452	78	1.05665
3584	3072	1	284	372	0.93805
3584	3072	1	326	442	0.40849
3584	3072	1	192	452	1.64431
3584	3072	1	94	500	2.97780
3584	3584	1	178	32	0.87808
3584	3072	1	394	444	0.69190
3584	3072	1	504	358	3.61274
3584	3584	1	188	148	5.96294
3584	3584	1	48	214	0.00000
3072	3072	1	400	64	0.00000
3072	3072	1	494	24	4.91940
3584	3072	1	176	68	1.70512
3584	3584	1	274	30	1.33657
3584	3584	1	290	102	4.27313
3584	3072	1	444	502	0.48080
3584	3584	1	412	130	0.00000
3584	3584	1	480	132	0.00000
3072	3584	1	446	116	0.32541
3072	3584	1	508	144	0.00000
3072	3584	1	288	230	5.07328
3584	3584	1	288	198	2.27466
3072	3584	1	466	370	5.57211
3072	3584	1	498	296	5.24507
3072	3584	1	158	290	0.57057
3072	3584	1	58	418	3.06337
3072	3584	1	48	286	1.63344
3072	3584	1	340	316	3.89302
3584	3584	1	440	296	0.66784
3584	3584	1	224	314	0.32879
3584	3584	1	98	366	4.18234
3072	3584	1	210	398	1.06370
3072	3584	1	294	464	1.20797
3584	3584	1	206	454	5.76188
3584	3584	1	342	426	6.00223
3584	3584	1	350	340	5.36749
3584	3072	1	418	352	0.00000
2048	3584	1	92	456	0.23727
2048	3072	1	60	164	0.21109
2048	3584	1	92	94	0.23109
2048	3072	1	208	174	2.27529
2048	3072	1	300	148	5.84243
2048	3072	1	502	124	0.00000
2560	3072	1	46	308	5.17604
2048	3072	1	104	250	4.18103
2560	3072	1	128	216	1.86636
2048	3584	1	408	230	0.68468
2048	3584	1	268	230	0.38639
2560	3072	2	138	76	0.00000
2560	3072	2	228	130	0.00000
2048	3584	1	456	330	0.00000
2048	3584	1	196	356	2.80022
2048	3584	1	210	182	1.39861
2048	3584	2	42	246	0.00000
2048	3584	2	122	240	0.00000
2048	3072	1	18	456	2.39784
2048	3072	2	72	428	0.00000
2048	3072	1	102	362	4.86322
2048	3072	1	28	64	4.31387
2048	3072	1	296	28	2.07722
2048	3072	1	396	14	2.11901
2560	3072	1	404	60	5.97562
2560	3072	1	492	54	0.00000
2560	3072	1	368	250	0.90602
2560	3072	1	496	188	4.10133
2560	3072	1	282	144	3.16314
2560	3072	1	234	50	2.71461
2048	3072	1	394	484	6.04568
2048	3072	1	496	426	3.79389
2048	3072	1	422	232	1.83795
2048	3072	1	444	318	1.90489
2048	3072	1	356	350	2.10622
2560	3584	1	252	104	1.55678
2560	3072	1	168	504	0.00000
2560	3072	1	68	452	0.53921
2560	3072	1	234	290	4.47335
2560	3072	1	404	496	0.00000
2560	3072	1	406	386	1.51044
2560	3072	1	470	296	2.16091
2048	3584	1	364	388	6.03463
2560	3584	1	136	452	6.07530
2560	3584	1	40	294	6.00618
2560	3584	1	162	250	2.32386
2560	3584	1	186	176	1.33268
2048	3584	1	278	80	3.88245
2048	3584	1	384	126	0.32175
2048	3584	1	488	104	0.78540
2560	3584	1	66	126	0.55039
2560	3072	2	252	486	0.00000
2560	3072	2	342	452	0.00000
2560	3584	1	284	276	5.55033
2560	3584	1	386	236	3.38020
2560	3584	1	324	168	0.97283
2560	3584	1	444	146	5.57456
2560	3584	1	310	426	0.30728
2560	3584	1	446	396	0.00000
2560	3584	1	222	408	3.86256
2048	3584	1	198	490	5.42320
2048	3584	1	16	410	0.59509
2048	3072	1	216	448	0.24498
2048	3072	2	312	430	0.00000
2048	3072	2	188	28	0.00000
2560	3072	1	512	504	6.20004
2560	3584	1	446	512	0.97198
2560	3584	1	30	482	3.48063
2048	3584	1	472	486	0.30740
2048	3072	2	200	318	0.00000
2048	3072	2	154	476	0.00000
2048	3584	1	280	370	0.42285
2560	3584	1	258	496	0.00000
2560	3584	2	512	114	0.00000
2560	3072	2	136	384	0.00000
2560	3584	1	508	262	5.01434
2048	3584	1	294	512	3.17189
2048	3584	2	22	316	0.00000
