1024	2048	1	172	228	0.12435
1024	2048	1	72	154	5.10545
1024	2048	1	212	70	0.16515
1024	2048	2	258	14	0.00000
1024	2048	2	458	14	0.00000
1024	2048	2	510	20	0.00000
1536	2048	1	76	98	5.52969
1536	2048	1	78	250	6.11125
1024	2048	1	468	232	2.84453
1024	2048	1	242	370	0.33110
1024	2048	1	80	442	0.11614
1536	2048	1	176	52	6.00686
1536	2048	2	252	64	0.00000
1536	2048	1	234	130	6.07209
1536	2048	1	364	114	3.38955
1536	2048	2	494	54	0.00000
1536	2048	2	512	120	0.00000
1536	2048	1	512	258	0.48654
1536	2048	1	446	330	2.87534
1536	2048	1	260	240	1.51821
1536	2048	1	318	352	3.27912
1536	2048	1	232	350	3.05124
1024	2560	1	264	36	1.12865
1024	2560	1	410	30	4.34492
1536	2560	1	16	38	3.76726
1536	2048	1	246	484	4.17647
1536	2560	1	356	2	0.36717
1536	2048	1	464	484	3.68881
1536	2560	1	84	118	0.75127
1536	2560	1	266	238	5.96143
1536	2560	1	370	512	0.90706
1024	2560	1	284	204	4.22791
1024	2560	1	122	270	3.79267
1024	2560	2	88	184	0.00000
1024	2560	1	12	260	0.00000
1024	2560	1	402	316	2.05380
1536	2560	1	46	270	0.49935
1024	2560	1	428	128	1.48175
1536	2560	1	368	166	5.24967
1536	2560	1	470	146	0.00000
1536	2560	1	464	296	4.71239
1024	2560	1	84	436	0.00000
1024	2560	1	10	464	2.85240
1024	2560	1	160	376	3.33614
1024	2560	2	184	290	0.00000
1024	2560	1	288	360	4.86798
1024	2560	1	326	470	4.82774
1024	2560	1	472	464	5.58093
1536	2560	1	60	436	5.16384
1536	2560	1	126	338	3.51805
1536	2560	1	186	394	3.48462
1536	2560	1	288	412	3.05588
1536	2560	1	394	424	2.08894
1536	2560	1	512	364	1.49768
1024	2560	2	192	500	0.00000
1536	2560	2	146	512	0.00000
1024	2560	1	460	206	0.98798
1536	2560	1	512	512	1.38863
1536	3584	1	352	344	5.67214
1536	3584	1	206	220	3.26366
1536	3584	1	74	466	0.00000
1024	3584	1	490	422	5.78302
1024	3584	1	322	372	0.74920
1536	3584	1	168	444	0.32394
1536	3584	1	232	472	0.23861
1536	3584	1	338	464	5.91385
1536	3584	1	466	434	0.00000
1024	3584	1	90	264	4.79222
1024	3584	1	144	450	0.00000
1024	3584	1	24	478	5.42102
1024	3584	1	364	504	5.76404
1024	3584	1	410	178	5.77034
1536	3584	1	342	158	1.20111
1024	3584	1	378	260	4.71239
1024	3584	1	186	268	2.29347
1536	3584	1	426	248	4.74795
1536	3584	1	100	174	3.01724
1536	3072	1	470	506	4.12283
1024	3584	1	468	128	5.98469
1536	3584	1	16	136	2.93775
1024	3584	1	306	168	3.83905
1536	3584	1	202	114	1.34763
1536	3584	1	498	214	5.49779
1024	3584	1	376	52	0.96525
1536	3584	2	466	108	0.00000
1024	3584	1	258	12	1.16613
1536	3584	1	266	4	3.02967
1536	3072	1	166	436	5.45377
1536	3072	1	2	490	0.66003
1024	3584	1	132	20	0.58800
1536	3072	1	104	454	5.62214
1536	3072	1	290	402	4.57049
1536	3072	1	406	452	1.13027
1024	3584	1	232	104	2.35619
1024	3072	1	400	450	3.81506
1024	3072	1	216	408	2.85262
1024	3072	1	106	368	1.95123
1024	3072	1	96	450	5.10039
1536	3072	1	150	280	1.08506
1536	3072	1	298	316	1.85537
1024	3072	1	446	354	1.82120
1024	3072	1	248	290	0.00000
1024	3072	1	328	294	0.27766
1024	3072	1	108	168	0.33474
1024	3072	1	186	190	6.09226
1024	3072	1	254	142	5.57456
1024	3072	1	342	148	3.65490
1024	3072	1	70	68	1.09677
1024	3072	1	316	44	4.87754
1536	3072	1	92	60	0.56829
1536	3072	1	188	60	0.54855
1536	3072	1	250	98	3.31778
1536	3072	1	450	94	1.52229
1536	3072	1	372	254	2.45928
1536	3072	1	476	292	1.85754
1024	3072	1	330	396	1.63811
1024	3072	1	184	50	0.29146
1536	3072	1	346	44	0.68625
1536	3584	1	32	274	4.82239
1024	3072	1	20	226	0.43634
1024	3584	1	8	16	4.55700
1024	3072	1	428	104	4.02643
1536	3584	2	374	62	0.00000
1024	3072	2	494	304	0.00000
2560	2048	1	114	236	5.48533
2560	2048	1	68	122	0.22923
2048	2048	1	410	150	5.13588
2048	2048	1	384	240	5.20355
2048	2048	1	176	312	5.76232
2048	2048	1	80	400	5.71951
2048	2048	1	300	314	5.54965
2560	2048	1	70	372	5.29162
2560	2048	1	198	148	0.00000
2560	2048	1	398	88	0.00000
2560	2048	1	314	100	0.00000
2560	2048	1	410	188	0.58183
2560	2048	1	226	248	4.12406
2560	2560	1	114	100	4.76596
2048	2048	1	370	484	1.27478
2048	2560	2	418	40	0.00000
2048	2048	1	230	504	4.61232
2048	2048	1	290	420	1.34815
2560	2560	1	238	26	4.49156
2048	2048	1	90	112	1.57768
2560	2048	1	320	396	4.00847
2048	2560	1	72	116	0.81019
2048	2560	1	136	242	2.96054
2560	2560	1	390	144	5.40023
2560	2560	1	356	260	2.18426
2048	2048	1	478	376	5.91531
2560	2048	1	374	462	5.79274
2048	2560	1	310	342	4.45741
2048	2560	1	52	362	4.75997
2560	2560	1	120	314	0.47137
2560	2560	1	180	378	0.14120
2560	2560	1	230	154	4.49107
2560	2560	1	282	392	0.40375
2560	2560	1	400	374	0.47998
2048	2560	1	414	482	0.99056
2560	2560	2	4	318	0.00000
2048	2560	2	428	312	0.00000
2048	2560	2	234	154	0.00000
2048	2560	1	274	78	3.98585
2048	2048	1	180	66	0.58408
2048	2048	1	292	38	0.62025
2560	2048	1	498	436	0.00000
2048	2560	1	136	448	5.64668
2048	2560	2	320	424	0.00000
2560	2560	2	14	158	0.00000
3584	2048	1	462	68	0.00000
3584	2048	1	356	54	0.43241
3584	2560	1	416	138	5.86033
3584	2048	1	370	236	5.75722
3584	2048	1	308	308	5.04858
3584	2048	1	250	176	4.35813
3072	2048	1	232	68	1.40075
3072	2048	1	42	180	2.52386
3072	2048	1	212	208	5.45781
3072	2048	1	476	92	5.34971
3584	2048	1	48	44	5.58845
3584	2048	1	148	92	0.36398
3584	2048	1	240	100	3.83090
3072	2048	1	176	300	1.91660
3072	2048	1	60	292	2.19578
3072	2048	1	222	416	3.17970
3072	2048	1	326	320	4.31207
3072	2048	1	374	204	2.89567
3072	2048	1	448	168	5.08902
3072	2048	1	500	288	5.45657
3072	2048	1	498	382	5.29279
3584	2048	1	86	456	4.30684
3584	2048	1	354	460	4.11321
3584	2048	1	250	492	2.29571
3584	2560	1	134	28	4.04794
3584	2560	1	204	82	1.48512
3584	2560	1	318	182	3.00352
3072	2560	1	214	60	2.71007
3072	2560	1	340	42	0.86511
3072	2048	1	346	432	2.04177
3072	2048	1	450	478	3.94524
3072	2560	1	464	70	1.60782
3072	2560	1	82	34	2.79487
3072	2560	1	64	200	4.28742
3072	2560	1	180	244	3.41162
3072	2560	1	294	186	3.28278
3072	2560	1	420	184	3.54096
3584	2560	1	96	148	4.98656
3584	2560	1	216	238	2.03022
3584	2560	1	512	182	3.61332
3584	2560	1	2	264	3.40878
3072	2560	1	32	342	4.15141
3072	2560	2	168	392	0.00000
3072	2560	1	326	300	3.04655
3072	2560	1	436	358	5.73080
3072	2560	1	344	458	1.17601
3072	2560	1	252	350	3.82771
3584	2560	1	168	348	0.24355
3584	2560	1	268	392	3.96522
3584	2560	2	236	310	0.00000
3584	2560	1	142	312	3.39052
3584	2560	1	32	304	3.67084
3072	2560	1	512	454	3.58155
3584	2560	1	338	368	3.47819
3584	2560	2	346	458	0.00000
3584	2560	1	248	466	4.67373
3072	2048	1	138	448	0.41621
3072	2048	2	142	62	0.00000
3584	2560	1	480	404	2.86417
3584	2560	2	406	252	0.00000
3072	2048	1	278	140	1.65220
3072	2560	2	154	80	0.00000
3584	2560	1	470	292	4.13427
3584	2560	1	416	484	3.18324
3584	2560	2	74	422	0.00000
3072	2560	2	20	458	0.00000
3584	2048	2	228	18	0.00000
3072	3072	1	154	86	1.98142
3072	3072	1	174	202	2.32287
3072	3072	1	254	178	5.77597
3072	3072	1	390	206	5.17952
3072	3072	1	402	70	5.92654
3072	3072	1	254	340	4.51969
3072	3072	1	482	292	0.46713
3072	3072	1	510	138	0.49567
3584	3072	1	60	194	0.23470
3584	3072	1	36	354	0.86373
3072	3072	1	282	450	3.69590
3072	3072	1	150	380	5.52451
3072	3072	1	138	268	5.34514
3072	3072	1	60	346	0.00000
3584	3072	1	338	364	3.30989
3072	3584	1	222	52	5.71959
3584	3072	1	168	484	1.17969
3584	3072	1	316	146	6.15309
3584	3072	1	254	84	0.70734
3072	3072	1	50	482	3.78532
3072	3072	1	120	504	3.65118
3072	3072	1	448	434	3.38549
3584	3072	1	188	270	0.00000
3584	3072	1	116	238	0.00000
3584	3072	1	416	200	5.64310
3584	3072	1	376	62	5.82847
3584	3072	1	456	68	2.85776
3584	3072	2	512	194	0.00000
3584	3072	2	492	300	0.00000
3584	3072	1	268	248	4.17675
3584	3072	1	134	56	4.10829
3072	3072	1	238	12	0.00000
3072	3072	1	20	240	3.57936
3584	3072	1	108	416	4.08889
3584	3072	2	212	394	0.00000
3584	3072	2	256	342	0.00000
3584	3072	1	282	438	3.06874
3584	3072	1	412	392	5.66689
3584	3072	1	506	454	3.15926
3584	3584	1	468	106	0.00000
3584	3584	1	284	78	2.77578
3584	3072	1	362	508	0.48033
3584	3584	1	430	18	3.41582
3584	3584	2	358	108	0.00000
3072	3072	1	368	502	2.70622
3072	3584	1	334	62	2.20864
3072	3584	1	152	102	4.18440
3072	3584	1	72	222	0.00000
3072	3584	1	414	156	4.35902
3584	3584	1	12	42	1.21875
3072	3072	1	482	502	0.77587
3072	3072	1	100	10	1.63589
3584	3584	1	212	112	2.41387
3584	3584	2	130	46	0.00000
3072	3584	1	60	364	3.37784
3072	3584	1	250	234	2.06816
3584	3584	1	154	196	1.76819
3584	3584	1	280	216	3.23968
3584	3584	1	390	228	3.59135
3584	3584	1	46	370	0.00000
3072	3584	1	234	436	0.17467
3072	3584	1	206	354	0.30491
3072	3584	1	132	462	5.85547
3584	3584	1	230	472	0.00000
3584	3584	1	128	462	5.90675
3584	3584	1	222	318	6.01573
3584	3584	1	178	360	5.77609
3584	3584	1	308	406	5.78924
3584	3584	1	478	340	3.19559
3584	3584	1	492	234	2.42505
3072	3584	1	312	418	1.85302
3072	3584	2	292	342	0.00000
3072	3584	2	402	450	0.00000
3072	3584	2	432	502	0.00000
3584	3584	2	52	212	0.00000
3072	3584	1	496	252	0.00000
3584	3584	2	372	378	0.00000
3584	3584	2	490	494	0.00000
3584	3584	1	430	446	0.86630
3072	3584	1	368	256	1.73533
3072	3584	1	148	226	0.88187
2048	3072	1	212	188	2.10735
2048	3072	1	370	286	3.51895
2048	3072	1	220	400	5.11728
2048	3072	1	292	340	3.15772
2048	3072	1	456	346	4.66153
2560	3072	1	12	310	1.97722
2048	3072	1	284	72	6.04976
2048	3072	1	212	112	2.31385
2048	3072	1	378	52	2.13961
2048	3072	1	472	104	3.43786
2560	3072	1	80	120	4.97218
2048	3072	1	32	154	3.59078
2048	3072	1	98	344	3.25339
2560	3072	1	188	40	2.52244
2560	3072	1	290	68	2.92893
2560	3072	1	354	112	3.36374
2560	3072	1	434	66	5.82959
2560	3072	1	512	140	3.23654
2560	3072	1	434	242	1.88787
2560	3072	1	228	188	0.90203
2560	3072	1	230	262	4.00878
2048	3584	1	114	6	2.37346
2048	3072	1	386	418	4.37310
2048	3072	1	416	510	1.71119
2048	3072	1	482	466	5.33534
2560	3072	1	164	358	5.50878
2560	3072	1	260	312	0.69349
2560	3072	1	338	334	3.10472
2560	3072	1	416	338	3.22272
2560	3072	1	512	394	3.03327
2560	3584	1	152	12	0.00000
2560	3584	1	72	36	0.45495
2560	3072	1	278	438	0.00000
2560	3072	1	228	478	0.00000
2560	3072	1	344	478	3.98906
2560	3584	1	424	8	0.85388
2048	3584	1	288	110	4.92310
2560	3584	1	130	148	5.49078
2560	3584	1	324	76	1.85253
2560	3584	1	240	104	1.62100
2048	3584	1	30	118	3.06069
2048	3584	1	120	140	2.72040
2048	3584	1	214	150	2.38897
2560	3584	1	380	170	3.37251
2560	3584	1	474	210	2.39101
2560	3584	1	508	120	2.82897
2048	3584	1	456	196	0.60034
2560	3584	1	58	164	5.75140
2560	3584	1	60	418	0.00000
2560	3584	1	186	286	2.81984
2048	3584	1	188	262	3.66016
2048	3584	1	62	296	1.09591
2048	3584	1	228	280	4.08639
2560	3584	1	34	270	1.76049
2048	3584	1	404	314	0.76969
2048	3584	1	300	316	0.63841
2560	3584	1	340	294	0.78934
2560	3584	1	292	218	3.32470
2560	3584	1	230	212	0.00000
2560	3584	1	432	294	0.82159
2560	3584	1	494	340	0.43441
2048	3584	1	154	432	0.00000
2048	3584	1	50	480	0.00000
2048	3584	1	376	452	0.41753
2560	3584	1	126	410	2.98196
2560	3072	2	104	240	0.00000
2560	3072	2	20	186	0.00000
2048	3072	2	204	332	0.00000
2048	3072	2	442	238	0.00000
2560	3072	2	140	76	0.00000
2048	3072	2	162	484	0.00000
