1536	2560	1	512	302	2.04707
1536	2560	1	512	32	1.79327
1536	2560	1	84	440	5.39274
1536	2560	1	62	502	2.19693
1536	2560	1	166	90	5.98940
1536	2560	1	334	104	4.27367
1536	2560	1	322	326	3.67234
1536	2560	1	392	430	2.00356
1536	2560	1	512	412	2.93126
1536	2560	1	314	512	5.62850
1536	2560	1	180	204	2.32759
1024	2560	1	412	502	3.90493
1536	2560	1	70	206	0.00000
1536	2560	1	146	326	3.69043
1536	2560	1	512	164	0.77665
1536	2560	1	438	512	5.10837
1536	2560	1	266	250	0.00000
1536	2560	1	2	306	0.00000
1536	2560	1	468	138	1.65254
1536	2560	1	436	284	0.00000
1536	2560	2	512	222	0.00000
1024	2560	1	400	370	3.08485
1024	2560	1	122	150	4.38112
1536	2048	1	6	480	3.97402
1024	2560	1	440	182	1.62543
1024	2560	1	208	436	0.84626
1024	2560	1	50	480	5.87564
1024	2560	1	206	208	5.39718
1024	2560	1	48	310	0.76256
1024	2560	1	36	122	0.58946
1024	2560	1	238	52	0.88867
1536	2048	1	338	464	3.22102
1536	2048	1	412	406	3.54871
1024	2048	1	224	356	0.84864
1024	2048	1	74	180	0.00000
1024	2560	1	222	360	0.70210
1024	2560	2	190	286	0.00000
1024	2560	2	432	74	0.00000
1024	2048	1	84	448	0.00000
1536	2048	1	304	410	3.87271
1536	2048	1	234	410	0.00000
1536	2048	1	188	352	0.59270
1536	2048	1	354	298	2.02614
1536	2048	1	438	288	0.00000
1536	2048	1	486	190	2.19281
1536	2048	2	494	72	0.00000
1536	2048	1	368	32	4.97677
1536	2048	1	318	102	1.80479
1536	2048	1	232	140	0.00000
1536	2048	1	230	50	2.74767
1536	2048	1	32	0	0.00000
1024	2048	1	448	0	0.00000
1536	2048	1	58	112	1.47706
1536	2048	1	218	254	1.93835
1536	2048	1	50	302	4.92411
1024	2048	1	438	214	2.90517
1024	2048	1	234	198	2.91848
1024	2048	1	134	38	0.00000
1024	2048	1	256	0	0.00000
1024	2048	1	184	42	0.00000
1024	3072	1	178	230	0.85519
1024	3072	1	508	80	4.25823
1024	3072	1	118	136	0.00449
1024	3072	1	202	70	0.39804
1024	3072	1	300	162	3.88567
1024	3072	1	270	308	0.25157
1024	3072	1	108	404	0.82969
1024	3072	1	236	452	1.21048
1024	3584	1	54	46	2.45037
1024	3584	1	34	162	2.61560
1024	3584	1	140	250	6.02548
1536	3072	1	38	444	0.31567
1536	3072	1	242	94	2.96365
1536	3072	1	302	32	5.92848
1536	3072	1	180	184	5.23723
1536	3072	1	420	82	5.48706
1536	3072	1	222	416	0.20054
1536	3072	1	92	234	1.96807
1536	3072	1	58	294	5.39086
1024	3072	1	416	234	4.58393
1024	3584	1	464	48	2.62699
1536	3072	1	350	422	3.14833
1536	3584	1	452	28	6.12605
1536	3584	1	166	178	0.00000
1536	3584	1	308	120	0.00000
1536	3072	1	146	26	1.08906
1536	3072	1	394	180	1.08117
1536	3072	1	106	96	0.74140
1024	3072	1	264	78	3.71678
1024	3072	1	50	30	5.69210
1024	3072	1	8	230	3.43577
1024	3072	1	436	402	2.55394
1024	3072	2	344	346	0.00000
1024	3072	1	0	402	3.72587
1024	3072	2	374	86	0.00000
1024	3072	2	468	136	0.00000
1536	3072	1	230	292	4.95046
1536	3072	1	378	312	4.96829
1536	3072	1	454	276	2.61580
1536	3072	1	510	234	6.01410
1536	3584	1	140	60	2.72885
1024	3072	1	332	482	3.69611
1024	3584	1	136	122	0.00000
1024	3584	1	234	130	0.00000
1024	3584	1	348	162	1.21770
1024	3584	2	302	94	0.00000
1024	3584	1	392	82	1.97987
1024	3584	1	460	186	5.56195
1536	3584	1	48	76	3.51133
1536	3584	1	108	162	2.46830
1536	3584	2	242	156	0.00000
1536	3584	2	388	124	0.00000
1536	3584	2	374	66	0.00000
1536	3072	1	506	406	5.98870
1536	3584	1	392	360	5.48878
1536	3584	1	198	384	0.00000
1536	3584	1	42	352	0.00000
1536	3584	1	430	174	0.81191
1536	3584	2	496	270	0.00000
1536	3584	2	512	166	0.00000
1536	3584	2	248	274	0.00000
1536	3584	2	34	204	0.00000
1024	3584	2	176	38	0.00000
1024	3584	1	388	252	6.13604
1024	3584	1	18	268	5.30503
1024	3584	1	60	372	0.40310
1024	3584	1	270	446	1.94842
1024	3584	1	26	502	2.10337
1024	3584	1	158	492	0.00000
1024	3584	1	456	330	4.37634
1536	3584	1	76	382	0.87122
1536	3584	1	354	516	5.96224
1536	3584	1	446	516	0.00000
1536	3584	2	248	358	0.00000
1536	3584	1	220	516	5.39242
2048	2560	1	410	450	6.02016
2560	2560	1	56	426	0.72147
2560	2560	1	224	490	0.86603
2560	2560	1	222	404	1.56665
2560	2560	1	424	472	1.88365
2560	2560	1	390	386	1.35077
2560	2560	1	276	304	3.96697
2048	2560	1	272	482	5.94510
2048	2560	1	90	428	0.33502
2048	2560	1	214	352	5.24295
2048	2560	1	8	320	2.27922
2048	2560	1	66	262	1.83154
2048	2560	1	48	186	1.60841
2048	2560	1	200	198	1.31476
2048	2560	1	228	282	1.23266
2048	2560	1	398	196	5.31468
2048	2048	1	88	396	2.93519
2048	2560	1	48	30	1.50965
2048	2048	1	232	312	0.88848
2048	2048	1	276	410	1.81815
2048	2048	1	372	312	0.44358
2048	2560	1	312	68	3.01540
2048	2560	1	426	94	3.95185
2048	2560	1	512	92	3.67888
2560	2560	1	88	182	0.68232
2560	2560	1	184	188	5.79471
2560	2560	1	352	126	3.48209
2560	2560	1	256	78	3.05653
2560	2560	1	474	144	1.68440
2560	2048	1	388	248	1.18912
2560	2048	1	378	176	0.95055
2048	2048	1	498	326	5.50718
2048	2048	1	450	418	6.15462
2048	2048	1	374	480	5.46922
2048	2048	1	142	242	5.76404
2048	2048	1	222	198	1.95282
2048	2048	1	74	140	1.28867
2048	2048	1	380	174	5.20876
2048	2048	1	442	64	3.57760
2560	2048	1	14	214	4.55679
2560	2048	1	232	118	0.00000
2560	2048	1	314	92	0.00000
2560	2560	1	106	24	0.41753
2560	2048	1	244	418	0.00000
2560	2048	1	168	378	0.00000
2560	2048	1	426	390	3.36473
2048	2048	1	258	104	3.29512
2560	2048	1	460	60	0.85964
2048	2048	2	124	22	0.00000
2048	2048	2	174	68	0.00000
2048	2048	2	52	36	0.00000
2048	2560	2	94	106	0.00000
2048	2560	2	308	434	0.00000
2048	2560	2	438	326	0.00000
2048	2560	2	512	322	0.00000
2560	2560	1	124	302	4.58359
2560	2048	2	126	48	0.00000
2048	2560	2	310	216	0.00000
2560	2048	2	370	394	0.00000
2560	2048	2	298	394	0.00000
2560	2560	2	468	312	0.00000
2560	2560	2	304	498	0.00000
2048	2560	2	196	430	0.00000
2048	2560	2	188	512	0.00000
2560	2048	2	212	20	0.00000
3584	2048	1	74	172	0.25404
3072	2048	1	100	46	0.77699
3072	2048	1	244	72	5.55951
3072	2048	1	348	0	0.46477
3584	2048	1	242	78	3.89716
3072	2048	1	458	36	5.53493
3584	2048	1	32	2	0.95930
3584	2048	1	468	66	0.00000
3584	2048	1	336	150	0.94876
3584	2048	1	370	238	5.82658
3584	2048	1	438	338	0.00595
3584	2048	1	166	246	4.30240
3072	2048	1	438	226	2.44050
3072	2048	1	168	202	5.16317
3072	2048	1	182	80	0.24639
3072	2048	1	228	398	4.71227
3072	2048	1	44	408	4.01608
3072	2048	1	86	482	0.53210
3072	2048	1	388	352	4.91061
3584	2048	1	110	324	4.39146
3584	2048	1	358	388	2.65828
3072	2560	2	252	20	0.00000
3072	2560	2	164	82	0.00000
3072	2560	2	434	130	0.00000
3072	2048	1	496	422	0.28737
3584	2048	1	86	440	5.95683
3584	2048	1	168	472	3.10218
3584	2048	1	234	370	5.19846
3584	2048	1	512	428	3.62751
3584	2048	1	512	288	0.00000
3072	2048	1	370	490	3.38785
3584	2560	1	40	18	2.87737
3584	2048	1	274	458	4.87448
3584	2560	1	436	8	5.51855
3584	2560	1	292	32	4.90079
3584	2560	1	388	114	5.82934
3584	2560	1	448	172	3.68644
3072	2560	1	254	96	0.96606
3072	2560	1	358	142	0.00000
3072	2560	1	450	74	5.14573
3584	2560	1	172	72	4.83841
3584	2560	1	288	114	2.69449
3072	2560	1	62	222	4.46482
3072	2560	1	0	146	1.12170
3072	2560	1	252	270	2.79438
3072	2560	1	404	254	3.08021
3072	2560	1	498	170	0.92384
3584	2560	1	122	150	5.61907
3584	2560	1	26	232	0.67837
3584	2560	1	244	232	3.01405
3584	2560	1	364	230	3.29650
3584	2560	2	316	178	0.00000
3072	2560	1	164	306	5.55343
3072	2560	1	28	294	1.71983
3584	2560	1	142	262	5.09036
3072	2560	1	426	378	1.64995
3584	2560	1	400	372	0.30564
3584	2560	1	226	378	2.78330
3584	2560	1	326	356	3.53840
3584	2560	1	490	340	2.70150
3584	2560	1	512	252	1.93597
3072	2560	1	70	404	1.27137
3072	2560	2	58	480	0.00000
3072	2560	1	230	390	4.31001
3072	2560	1	352	448	5.38167
3584	2560	1	30	454	1.21119
3584	2560	1	44	318	1.29109
3584	2560	1	174	448	3.12278
3584	2560	1	334	474	3.18525
3584	2560	2	432	504	0.00000
3584	2560	1	476	454	5.78754
3072	2560	1	180	512	0.00000
3072	2560	1	282	504	2.13542
3072	3072	1	216	224	5.83389
3072	3072	1	140	124	4.18251
3072	3072	1	26	32	3.25557
3072	3072	1	132	38	0.95055
3072	3072	1	16	194	4.14927
3072	3072	1	60	302	2.98608
3072	3072	1	402	64	5.82093
3584	3072	1	14	32	4.93146
3584	3072	1	120	108	3.32145
3584	3072	1	194	80	0.39113
3584	3072	1	270	62	5.72888
3584	3072	1	396	108	5.67652
3072	3072	1	482	178	1.14648
3072	3072	1	260	374	2.96174
3072	3072	1	334	276	3.79472
3072	3072	1	152	316	0.91353
3072	3072	1	378	360	1.15839
3072	3072	1	212	476	5.55295
3072	3072	1	406	508	1.69350
3072	3072	1	106	472	5.13086
3584	3072	1	32	384	5.25448
3072	3072	1	512	268	3.99791
3584	3072	1	438	284	6.10487
3584	3072	1	266	450	3.96438
3072	3072	1	388	432	1.28980
3584	3072	1	114	210	1.54566
3584	3072	1	144	416	2.28798
3072	3584	1	190	70	2.83842
3584	3072	1	292	328	3.77572
3584	3072	1	488	144	0.00000
3584	3584	1	418	34	0.10349
3072	3584	1	58	78	1.15938
3584	3584	1	208	64	2.51254
3584	3584	1	286	38	3.42773
3584	3072	1	352	414	0.00000
3584	3072	2	378	312	0.00000
3584	3072	1	222	206	3.00519
3584	3072	1	298	186	0.00000
3584	3072	2	372	206	0.00000
3584	3072	1	106	504	0.00000
3584	3072	1	2	460	2.30281
3072	3584	1	260	160	3.69836
3072	3584	1	162	136	2.79019
3072	3584	1	470	84	3.82641
3584	3584	1	40	142	4.38514
3072	3072	1	2	346	5.85224
3584	3072	1	168	334	1.93688
3072	3072	1	300	184	1.88463
3584	3584	1	158	172	2.88349
3584	3072	1	488	426	4.74389
3584	3072	1	494	508	0.62025
3584	3584	1	246	204	0.00000
3072	3584	1	446	194	2.12589
3072	3584	1	76	212	2.23576
3072	3584	1	350	262	5.85581
3584	3584	1	322	220	3.02064
3584	3584	1	274	362	0.37904
3072	3584	1	40	302	1.49902
3072	3584	1	36	446	0.00000
3072	3584	1	106	380	6.13822
3072	3584	1	190	422	0.00000
3072	3584	1	188	258	4.23854
3072	3584	1	286	310	0.00000
3072	3584	1	366	394	6.00366
3072	3584	1	262	462	0.65209
3584	3584	1	82	246	0.46233
3584	3584	1	22	308	5.09926
3072	3584	1	508	348	5.12111
3072	3584	1	482	412	4.30120
3584	3584	1	112	334	0.00000
3584	3584	1	186	328	0.00000
3584	3584	1	496	270	0.27579
3584	3584	1	444	168	0.00000
3584	3584	1	410	222	5.71951
3584	3584	1	152	368	0.00000
3584	3584	1	378	364	1.26058
3584	3584	1	390	464	1.73341
3584	3584	1	480	416	3.87516
3584	3584	2	362	10	0.00000
3584	3584	1	36	512	5.70842
3584	3584	1	278	432	4.36527
3072	3072	1	8	494	0.00000
3584	3072	2	344	54	0.00000
2560	3584	1	22	458	3.44965
2048	3584	1	472	442	0.58800
2048	3584	1	292	462	0.00000
2048	3584	1	350	450	0.00000
2560	3584	1	16	294	0.00000
2560	3584	1	172	324	0.84983
2560	3584	1	368	290	5.47689
2560	3584	1	242	500	0.00000
2560	3584	1	512	298	1.09510
2560	3584	1	120	218	1.40573
2048	3584	1	74	288	2.06568
2048	3584	1	208	284	0.53607
2048	3584	1	332	276	0.00000
2048	3584	1	412	236	0.00000
2560	3584	1	320	382	2.40257
2048	3584	1	446	362	0.65063
2560	3584	1	240	402	3.79364
2560	3584	1	410	460	0.63791
2560	3584	1	464	408	2.04520
2560	3584	1	176	140	2.12031
2560	3584	1	248	190	3.32739
2048	3584	1	204	496	3.17548
2560	3584	1	316	170	0.00000
2048	3584	1	116	486	0.00000
2560	3584	1	404	126	3.90290
2560	3584	1	418	28	1.00090
2560	3584	1	482	162	4.17955
2048	3584	1	278	28	2.92912
2048	3584	1	324	96	1.12469
2048	3584	1	456	88	0.00000
2560	3584	1	122	32	0.00000
2560	3072	1	22	264	3.72340
2048	3584	1	44	140	0.95825
2048	3584	2	140	238	0.00000
2048	3584	2	208	186	0.00000
2048	3584	2	248	324	0.00000
2560	3584	1	156	512	0.00000
2560	3072	2	248	484	0.00000
2560	3072	2	26	422	0.00000
2048	3072	2	312	436	0.00000
2048	3072	2	206	314	0.00000
2048	3584	2	374	22	0.00000
2048	3072	2	164	486	0.00000
2560	3072	2	366	228	0.00000
2560	3072	2	6	182	0.00000
2048	3072	2	432	228	0.00000
2560	3072	2	110	242	0.00000
2560	3072	2	328	452	0.00000
2560	3072	1	86	316	4.18143
2048	3072	1	184	404	3.89997
2048	3584	1	98	36	5.32019
2048	3072	2	88	416	0.00000
2048	3072	1	122	304	3.77644
2048	3072	1	368	328	3.27712
2048	3072	1	404	432	4.83674
2048	3072	1	470	358	5.59298
2560	3072	1	382	298	0.90298
2560	3072	1	410	400	1.30454
2560	3072	1	512	206	4.53479
2560	3072	1	476	108	0.35731
2560	3072	1	334	56	5.32360
2560	3072	1	254	80	5.05726
2560	3072	1	364	202	4.62446
2560	3072	2	228	126	0.00000
2560	3072	1	86	444	0.90617
2560	3072	1	230	24	0.61562
2560	3072	1	178	134	5.90389
2560	3072	1	126	122	3.11024
2048	3072	1	246	76	5.67277
2048	3072	1	180	136	2.15315
2048	3072	1	4	262	5.22032
2048	3072	1	0	434	5.20787
2048	3072	1	416	72	5.58198
2048	3072	1	304	0	5.64617
2048	3072	1	280	272	2.50156
2560	3072	1	512	502	0.00000
