1024	2560	1	40	406	3.21836
1024	2560	1	122	382	0.62123
1024	2560	1	226	414	4.81263
1024	2560	1	290	352	1.89959
1024	2560	1	418	446	1.00038
1024	2560	1	328	286	4.61741
1024	2560	2	200	316	0.00000
1024	2560	1	170	214	3.84352
1024	2560	2	44	164	0.00000
1024	2560	1	502	356	5.85959
1536	2560	1	8	470	0.80616
1536	2560	1	178	486	2.05018
1536	2560	1	318	448	4.77894
1536	2560	1	346	512	4.86463
1536	2560	2	502	498	0.00000
1536	2560	1	212	342	2.24249
1536	2560	1	254	286	2.31340
1536	2560	1	310	252	5.55971
1536	2560	1	328	154	2.83521
1536	2560	1	420	276	5.22008
1536	2560	1	436	150	5.41625
1536	2560	1	462	42	3.04418
1536	2560	1	332	38	2.03935
1536	2560	2	248	138	0.00000
1536	2560	1	146	242	0.00000
1536	2560	1	60	240	2.74915
1536	2560	2	408	392	0.00000
1024	2560	1	330	168	3.90028
1024	2560	1	304	52	1.04599
1024	2560	1	468	102	5.07899
1536	2048	1	192	482	2.29533
1536	2048	1	222	410	3.55019
1536	2048	1	326	410	0.00000
1536	2048	1	416	350	3.03963
1024	2048	1	220	366	0.36131
1024	2048	2	112	300	0.00000
1024	2048	1	230	202	2.21477
1024	2048	2	198	84	0.00000
1024	2048	2	258	36	0.00000
1024	2048	1	60	144	2.22210
1024	2048	2	54	54	0.00000
1024	2048	1	510	194	4.06022
1024	2048	2	454	172	0.00000
1536	2048	1	274	244	1.24963
1536	2048	1	406	56	2.15401
1536	2048	2	508	190	0.00000
1536	2048	2	512	70	0.00000
1536	2048	2	286	102	0.00000
1536	2048	2	242	172	0.00000
1536	2048	2	200	42	0.00000
1536	2048	1	142	324	1.71902
1024	2048	1	504	388	0.96939
1024	2048	1	484	324	3.69363
1536	2048	1	36	504	0.00000
1536	2048	2	91	470	0.00000
1536	2560	2	110	30	0.00000
1536	2560	2	186	120	0.00000
1024	2560	2	36	246	0.00000
1024	2560	1	176	484	1.19895
1024	2560	2	284	512	0.00000
1536	2048	2	6	52	0.00000
1024	3584	1	24	490	5.28923
1536	3584	1	504	338	0.56165
1024	3584	1	114	306	0.81301
1024	3584	1	228	356	4.76095
1024	3584	1	394	394	0.45928
1536	3584	1	396	356	0.00000
1536	3584	1	182	300	0.00000
1536	3584	1	314	362	0.00000
1024	3584	1	400	150	4.72966
1536	3584	1	202	456	0.00000
1536	3584	1	512	464	4.22853
1536	3584	1	74	480	0.43993
1024	3584	1	106	468	5.67984
1536	3584	1	346	492	5.53399
1536	3584	1	16	406	0.51392
1024	3584	1	332	248	1.12531
1024	3584	1	462	284	0.00000
1536	3584	1	84	246	2.23458
1024	3584	1	84	130	0.35816
1024	3584	1	30	26	1.78796
1024	3584	1	228	138	1.36217
1024	3584	1	400	64	3.90357
1024	3584	1	298	30	0.92733
1536	3584	1	422	254	4.98189
1536	3584	1	272	222	0.75035
1536	3584	1	402	120	3.88337
1536	3584	1	468	130	3.34074
1536	3584	1	512	106	0.99147
1536	3584	1	512	222	4.17845
1536	3072	1	512	494	2.04546
1536	3072	1	442	348	5.49865
1536	3072	1	380	482	3.00440
1536	3584	1	136	196	5.39556
1536	3584	1	216	78	0.75228
1536	3584	1	134	72	3.72426
1536	3072	1	102	478	3.51365
1024	3072	1	500	480	3.46216
1024	3072	1	282	432	0.00000
1024	3072	1	170	462	0.22064
1024	3072	1	66	428	3.41011
1024	3072	1	152	342	1.01889
1536	3072	1	34	326	0.63302
1536	3072	1	246	464	0.95860
1536	3072	1	164	396	4.97945
1536	3072	1	196	308	5.17834
1536	3072	1	346	360	2.17201
1024	3072	1	354	266	0.00000
1024	3072	1	270	246	3.27574
1024	3072	1	188	218	0.32873
1024	3072	1	114	232	5.84550
1536	3584	2	16	57	0.00000
1536	3584	2	364	53	0.00000
1536	3072	1	512	252	0.73459
1536	3072	1	372	218	0.10745
1536	3072	1	234	240	2.39500
1536	3072	1	248	82	4.26369
1536	3072	1	404	126	2.10953
1536	3072	1	498	58	2.85026
1536	3072	1	388	22	1.69694
1024	3072	1	446	198	6.08021
1536	3072	1	20	196	0.00000
1536	3072	1	112	154	0.00000
1536	3072	1	4	100	4.12828
1024	3072	1	324	128	5.23423
1024	3072	1	110	92	2.39044
1024	3072	1	268	36	3.93110
1024	3072	1	495	4	0.00000
2048	2048	1	492	384	4.66850
2560	2560	1	512	464	5.83826
2560	2560	1	444	512	2.81610
2048	2560	1	372	232	0.27148
2560	2560	1	362	448	5.85656
2048	2560	1	464	428	5.03346
2560	2560	1	26	318	2.24482
2560	2560	1	230	440	0.00000
2560	2560	1	152	326	0.00000
2048	2560	1	304	464	4.75997
2048	2560	1	312	350	4.61272
2048	2560	1	186	276	3.82347
2560	2560	1	312	294	4.19972
2048	2560	1	104	242	0.00000
2048	2560	1	54	434	5.10947
2560	2560	1	424	208	0.00000
2560	2560	1	364	122	0.00000
2560	2560	1	504	120	0.30623
2560	2560	1	270	208	0.00000
2560	2560	1	210	180	3.29108
2560	2560	1	30	172	0.00000
2048	2560	1	466	112	6.02578
2560	2560	1	98	88	5.81019
2560	2560	1	212	38	2.11608
2560	2560	1	344	2	0.81765
2560	2560	1	454	28	0.58986
2560	2048	1	20	482	3.57353
2048	2048	1	380	500	1.03994
2048	2048	1	348	448	4.21078
2048	2048	1	316	380	4.40729
2048	2560	1	70	122	3.88225
2560	2048	1	244	6	1.15776
2560	2048	1	460	330	1.08428
2048	2560	1	234	74	5.06116
2048	2048	1	54	358	0.00000
2560	2048	1	300	430	3.97044
2560	2048	1	484	172	0.87971
2560	2048	1	456	256	1.15747
2560	2048	1	420	52	0.00000
2560	2048	1	372	184	3.54494
2560	2048	1	308	282	2.29377
2560	2048	1	184	150	5.93879
2560	2048	1	70	128	5.87697
2560	2048	1	70	248	5.84656
2048	2048	1	476	170	0.48313
2048	2048	1	398	44	5.08694
2048	2048	1	374	120	4.86727
2048	2048	1	232	260	0.00000
2048	2048	1	94	146	1.91778
2048	2048	1	76	36	2.43198
2048	2048	1	174	64	3.26030
2048	2048	1	102	292	4.13036
2048	2048	1	168	390	3.19457
2048	2048	1	102	508	5.82285
2048	2048	1	16	506	2.95593
2560	2048	1	312	86	0.00000
2048	2048	2	198	504	0.00000
2048	2048	2	260	506	0.00000
2048	2560	2	378	106	0.00000
2048	2560	2	406	52	0.00000
2048	2048	2	376	158	0.00000
2560	2560	2	460	336	0.00000
2560	2560	2	504	258	0.00000
2048	2560	2	442	314	0.00000
2048	2560	2	166	144	0.00000
2048	2560	2	226	150	0.00000
2048	2560	2	314	208	0.00000
2048	2560	2	192	422	0.00000
2048	2560	2	164	366	0.00000
2560	2560	2	308	488	0.00000
2560	2560	2	14	490	0.00000
2048	2560	2	464	486	0.00000
2048	2560	2	66	512	0.00000
2048	2560	2	190	512	0.00000
2560	2048	2	438	462	0.00000
2048	2048	2	500	61	0.00000
2560	2048	2	500	19	0.00000
3072	2048	1	86	48	0.26319
3072	2048	1	196	40	4.56409
3072	2048	1	214	104	4.42761
3072	2048	1	354	196	6.10124
3072	2048	1	362	62	3.14381
3072	2048	1	422	154	6.22114
3072	2048	1	512	110	2.34852
3584	2048	1	160	84	0.00000
3584	2048	1	260	102	3.69756
3584	2048	1	396	80	5.99463
3584	2048	1	470	62	0.00000
3584	2048	1	378	206	5.33143
3584	2048	1	322	248	2.00682
3584	2048	1	164	322	4.48254
3584	2048	1	20	256	5.06621
3072	2048	1	504	400	3.94917
3072	2048	1	432	316	4.35969
3584	2048	1	50	452	4.08925
3584	2048	1	402	482	2.91520
3584	2560	1	484	86	2.69821
3584	2560	1	302	26	0.20001
3584	2048	1	168	492	5.40848
3584	2048	1	248	460	2.99770
3584	2560	1	486	308	0.84038
3584	2560	1	434	268	0.69322
3584	2560	1	512	456	6.02126
3584	2560	1	442	446	5.86152
3584	2560	1	172	262	3.22994
3584	2560	1	112	142	2.72784
3584	2560	1	348	282	2.37705
3584	2560	1	220	122	1.87841
3584	2560	1	112	414	0.68594
3584	2560	1	94	294	0.00000
3072	2560	1	498	336	3.86125
3584	2560	1	2	470	3.05315
3584	2560	1	286	478	2.01023
3584	2560	1	180	480	2.58448
3584	2560	1	216	350	3.24688
3584	2560	1	144	34	1.93137
3584	2560	1	392	186	4.37327
3584	2560	1	270	198	3.82038
3584	2560	1	328	362	5.36922
3584	2560	2	348	451	0.00000
3072	2560	1	22	452	0.00000
3072	2560	1	344	232	3.99495
3072	2560	1	94	404	3.48700
3072	2560	1	242	338	3.17514
3072	2560	1	376	484	0.02776
3072	2560	1	412	380	2.95730
3072	2560	1	118	122	6.06213
3072	2560	1	344	124	0.63982
3072	2560	1	184	444	4.41573
3072	2560	1	324	362	3.23373
3072	2048	1	302	250	2.82922
3072	2048	1	384	468	3.18204
3072	2048	1	230	294	2.59700
3072	2048	1	310	382	0.85695
3584	2560	1	16	154	5.25053
3072	2560	1	512	66	1.89088
3072	2048	1	148	356	5.26186
3072	2048	1	84	458	2.48618
3072	2560	1	258	116	2.76683
3072	2048	1	0	252	1.62786
3072	2560	2	162	72	0.00000
3072	2560	2	464	184	0.00000
3072	2560	2	434	126	0.00000
3072	2560	2	458	502	0.00000
3072	2560	1	68	278	2.08247
3072	2560	2	320	24	0.00000
3072	2048	2	112	130	0.00000
3072	3584	1	42	376	1.98958
3072	3584	1	134	452	0.00000
3072	3584	1	224	468	0.51915
3072	3584	1	376	432	1.82745
3072	3584	1	232	360	0.75521
3072	3584	1	370	336	5.59774
3072	3584	1	460	320	0.67114
3072	3584	1	490	446	5.89312
3584	3584	1	108	392	5.34119
3584	3584	1	16	388	5.52835
3584	3584	1	236	422	5.68727
3584	3584	1	296	392	0.00000
3584	3584	1	488	390	3.94826
3584	3584	1	414	354	3.09696
3072	3584	1	50	320	1.95010
3072	3584	1	70	248	1.86633
3072	3584	1	174	294	3.54101
3072	3584	1	250	208	3.46334
3072	3584	1	92	194	1.94790
3072	3584	1	82	122	5.01234
3072	3584	1	154	18	3.01077
3072	3584	1	38	14	2.49274
3072	3584	1	270	90	1.16547
3072	3584	1	384	116	0.91635
3072	3584	1	412	206	1.03038
3584	3584	1	6	190	5.90335
3584	3584	1	92	244	0.18151
3584	3584	1	266	274	0.86854
3072	3072	1	378	492	1.96141
3584	3584	1	240	236	0.84983
3584	3584	1	210	192	1.22414
3584	3584	1	202	132	1.39514
3584	3584	1	468	198	3.72277
3584	3584	1	152	300	3.06880
3584	3584	1	354	270	1.05165
3584	3584	1	414	98	6.11730
3584	3584	1	350	94	3.41989
3584	3584	1	478	54	5.77298
3584	3584	1	50	84	5.65084
3584	3584	1	114	48	5.41399
3584	3584	1	230	64	4.60600
3584	3072	1	334	500	1.60516
3584	3072	1	198	462	4.71239
3584	3072	1	72	418	0.51460
3584	3072	1	454	486	1.70474
3584	3072	1	492	414	1.36330
3584	3072	1	468	350	1.34930
3584	3072	1	416	262	4.41389
3584	3072	1	136	292	0.70632
3584	3072	1	208	350	3.73751
3584	3072	1	326	406	1.91524
3584	3072	1	274	358	1.07580
3584	3072	1	260	266	4.93919
3072	3072	1	216	464	2.77070
3072	3072	1	294	368	3.04048
3584	3072	1	398	190	2.00531
3584	3072	1	486	150	0.00000
3072	3072	1	116	290	4.40434
3072	3072	1	222	298	6.03063
3072	3072	1	408	368	2.41917
3072	3072	1	454	322	2.56729
3072	3072	1	328	182	4.24986
3072	3072	1	186	138	2.47630
3072	3072	1	204	48	5.13722
3072	3072	1	42	146	3.71590
3072	3072	1	492	152	3.87968
3072	3072	1	400	136	5.36138
3072	3072	1	462	56	3.17384
3584	3072	1	98	176	1.58983
3584	3072	1	108	62	0.00000
3584	3072	1	310	46	5.09742
3584	3072	2	186	47	0.00000
3584	3072	2	232	139	0.00000
3584	3072	2	346	105	0.00000
3072	3072	2	380	45	0.00000
2048	3072	2	74	10	0.00000
2048	3072	2	206	20	0.00000
2560	3072	2	142	70	0.00000
2560	3072	2	224	128	0.00000
2048	3072	2	456	290	0.00000
2048	3072	2	318	422	0.00000
2048	3072	2	222	272	0.00000
2048	3072	2	292	278	0.00000
2560	3072	2	104	234	0.00000
2560	3072	2	350	236	0.00000
2560	3072	2	88	440	0.00000
2048	3072	2	496	438	0.00000
2560	3072	2	14	410	0.00000
2048	3072	1	0	60	2.81683
2048	3072	1	136	92	0.22185
2048	3072	1	34	210	0.65981
2048	3072	1	62	280	0.62668
2048	3072	2	40	374	0.00000
2048	3072	1	200	192	4.18656
2048	3072	1	308	164	5.92278
2048	3072	1	370	142	5.57681
2048	3072	1	428	56	5.18973
2560	3072	1	30	114	0.36006
2560	3072	1	120	156	2.38571
2560	3072	1	216	242	0.45601
2560	3072	1	382	122	2.99157
2560	3072	1	512	190	4.22596
2560	3072	1	462	14	3.02012
2560	3072	1	234	0	6.16160
2560	3072	1	380	0	6.05114
2560	3072	1	426	282	4.37439
2560	3072	1	428	384	2.03391
2560	3072	1	314	328	2.81857
2560	3072	1	242	394	4.96893
2560	3072	1	150	380	0.18311
2560	3072	1	92	322	0.33667
2048	3072	1	510	322	0.00000
2048	3072	1	218	362	4.65889
2048	3072	1	380	398	0.00000
2560	3072	1	404	464	4.68362
2560	3584	1	512	10	2.79318
2560	3072	1	220	458	0.00000
2560	3584	1	112	4	4.65728
2048	3584	1	442	30	2.96932
2560	3584	1	446	96	0.00000
2560	3584	1	350	108	0.75147
2560	3584	1	240	114	5.95878
2560	3584	1	128	188	3.51206
2560	3584	1	44	188	0.64087
2048	3584	1	502	96	0.26196
2048	3584	1	374	76	0.00000
2048	3584	1	320	4	3.68201
2048	3584	2	286	70	0.00000
2048	3584	2	244	42	0.00000
2048	3072	1	182	512	3.79135
2048	3072	1	26	494	1.99059
2048	3584	2	26	114	0.00000
2048	3584	1	246	146	3.57135
2048	3584	1	420	178	0.47440
2048	3584	1	58	244	5.38906
2048	3584	1	126	184	5.61914
2048	3584	2	196	264	0.00000
2560	3584	1	466	236	0.00000
2560	3584	1	354	236	0.00000
2560	3584	1	244	240	5.56291
2560	3584	1	246	328	1.60476
2560	3584	2	510	352	0.00000
2560	3584	2	512	282	0.00000
2048	3584	1	34	340	1.01150
2048	3584	1	16	460	4.28468
2048	3584	1	122	466	5.96095
2048	3584	1	178	400	2.73249
2048	3584	1	258	336	0.00000
2048	3584	1	326	469	0.00000
2048	3584	1	376	270	4.89774
2048	3584	1	432	392	0.68826
2048	3584	1	500	466	6.19481
2560	3584	1	34	436	5.18973
2560	3584	1	56	378	5.18173
2560	3584	1	56	302	4.80876
2560	3584	1	280	448	3.45756
2560	3584	1	390	414	5.94151
2560	3584	1	450	372	2.84397
2560	3584	1	512	512	0.53886
2560	3584	1	384	512	0.00000
2560	3584	1	326	512	0.00000
2560	3584	1	216	512	0.00000
2560	3072	1	512	340	0.00000
