1024	2048	1	234	368	0.37814
1024	2048	1	98	240	0.80426
1024	2048	1	56	104	0.00000
1024	2048	1	498	214	3.35695
1024	2048	2	192	88	0.00000
1536	2048	2	14	36	0.00000
1024	2048	1	370	70	5.73049
1024	2048	2	250	22	0.00000
1024	2048	2	444	0	0.00000
1536	2048	1	104	150	5.96613
1536	2048	1	274	86	5.31244
1536	2048	1	360	26	4.88961
1536	2048	2	484	72	0.00000
1536	2048	1	474	188	1.14596
1536	2048	1	512	330	0.00000
1536	2048	1	372	370	3.21303
1536	2048	1	222	116	0.00000
1536	2048	1	204	222	4.33454
1536	2048	1	246	292	4.65887
1536	2048	1	52	292	3.19240
1536	2048	1	36	444	1.05978
1536	2048	1	192	426	0.78965
1536	2048	1	134	334	2.18355
1024	2560	1	300	34	0.74433
1024	2560	1	78	122	3.06449
1024	2560	1	216	210	4.31110
1024	2560	1	416	2	3.60923
1024	2560	1	488	90	1.40565
1536	2560	1	86	86	0.00000
1536	2560	1	160	80	0.47835
1536	2560	1	454	36	5.18969
1536	2560	2	270	42	0.00000
1536	2048	2	482	492	0.00000
1536	2560	1	434	110	5.53039
1536	2560	1	362	146	5.63211
1536	2560	1	204	246	0.03985
1536	2560	1	324	256	5.68217
1024	2560	1	122	328	0.00000
1024	2560	2	214	290	0.00000
1536	2560	2	156	312	0.00000
1536	2560	2	252	494	0.00000
1536	2560	1	104	224	5.17494
1536	2560	1	396	298	5.89326
1536	2560	2	448	262	0.00000
1024	2560	1	214	484	5.39033
1024	2560	1	52	466	3.73885
1024	2560	1	18	300	4.20469
1024	2560	1	382	348	0.43640
1024	2560	1	500	306	5.11657
1024	2560	1	476	424	5.38554
1536	2560	1	86	432	5.29893
1536	2560	1	398	414	2.10704
1536	2560	1	250	366	0.65322
1024	2560	1	404	512	0.95976
1536	2560	1	512	480	0.61153
1024	3072	1	288	88	5.54752
1024	3072	1	134	188	0.52876
1024	3072	1	152	78	0.96376
1024	3072	1	246	192	3.58728
1024	3072	1	304	246	0.00000
1024	3072	1	440	138	2.78435
1536	3072	1	54	74	0.73724
1024	3072	2	376	190	0.00000
1024	3072	2	472	38	0.00000
1536	3072	1	74	166	4.23000
1024	3072	1	204	346	5.88897
1024	3072	1	116	338	2.51222
1024	3072	1	90	434	0.00000
1024	3584	1	248	58	0.71607
1024	3584	1	92	94	0.98969
1024	3072	1	402	396	1.31409
1536	3072	1	48	418	1.75240
1536	3072	1	134	212	3.68007
1536	3072	1	228	206	4.16825
1536	3072	1	380	50	3.05080
1536	3072	1	346	224	4.15204
1536	3072	1	440	216	6.20922
1536	3072	1	264	312	1.56702
1536	3072	1	346	362	0.88426
1536	3072	1	452	376	1.41648
1536	3072	1	142	476	3.68436
1536	3072	1	260	496	5.06819
1536	3072	2	374	466	0.00000
1024	3584	1	322	138	2.83629
1024	3584	1	430	152	1.67830
1024	3584	1	494	90	2.25632
1536	3584	1	158	78	0.82599
1536	3584	1	212	158	2.58034
1536	3584	1	380	110	4.81252
1536	3584	2	476	122	0.00000
1024	3584	1	234	192	4.85540
1024	3584	1	198	294	1.53974
1024	3584	1	72	416	3.64708
1024	3584	1	150	452	0.00000
1024	3584	1	244	402	0.43996
1024	3584	1	414	360	0.99412
1024	3584	1	494	444	0.30793
1536	3584	1	48	472	0.00000
1536	3584	1	54	228	2.72307
1536	3584	1	172	246	2.68718
1536	3584	1	316	188	5.45154
1536	3584	1	398	316	5.20008
1536	3584	1	296	336	2.03577
1536	3584	1	162	368	1.33811
1536	3584	1	314	468	5.33548
1536	3584	1	194	478	0.47837
2560	2560	1	86	446	5.93019
2560	2560	1	328	358	5.64611
2560	2560	1	256	438	3.27258
2560	2560	1	166	460	0.13824
2048	2560	1	496	358	2.88580
2048	2560	1	368	498	0.96357
2048	2560	1	72	512	3.16978
2048	2560	1	334	318	2.28510
2048	2560	1	490	240	1.17227
2048	2560	1	266	416	0.45451
2048	2560	1	158	332	2.35198
2048	2560	1	118	58	1.40259
2560	2560	1	224	38	2.62182
2048	2560	1	38	290	0.00000
2048	2560	1	22	486	0.00000
2048	2560	1	158	512	0.55533
2560	2560	1	150	296	6.16132
2560	2560	1	222	198	0.21327
2560	2560	1	106	26	1.23389
2560	2560	1	454	512	0.00000
2048	2560	1	182	262	2.22247
2560	2560	1	140	170	3.64094
2560	2560	1	304	200	0.50320
2560	2560	1	478	238	4.60235
2560	2560	1	488	138	1.08012
2560	2560	1	422	90	4.31302
2048	2048	1	512	444	3.35391
2048	2048	1	398	482	5.28802
2048	2560	1	486	76	3.83243
2560	2048	1	470	502	4.35237
2048	2560	1	272	88	0.69799
2560	2048	1	342	512	0.00000
2560	2560	1	442	372	5.85078
2560	2048	1	440	64	0.00000
2560	2048	1	502	174	1.07379
2560	2048	1	444	332	1.13406
2560	2048	1	356	244	4.29911
2560	2048	1	364	48	0.00000
2560	2048	1	300	86	0.00000
2560	2048	1	200	114	0.00000
2560	2048	1	116	258	5.91506
2560	2048	1	12	198	0.00000
2048	2048	1	458	242	2.89586
2048	2048	1	376	262	0.00000
2048	2048	1	296	320	0.00000
2048	2048	1	176	390	3.95728
2048	2048	1	20	464	3.92700
2048	2048	1	18	334	0.00000
2048	2048	1	104	336	0.00000
2048	2048	1	156	254	5.97614
2048	2048	1	380	102	0.57409
2048	2048	1	236	140	4.97762
2048	2048	1	164	62	2.79719
2048	2048	1	106	102	0.00000
2560	2048	1	232	338	0.34411
2560	2048	1	100	402	0.36736
2560	2048	1	68	114	2.85094
2048	2048	2	504	65	0.00000
2048	2048	2	398	9	0.00000
2048	2048	2	220	505	0.00000
2048	2048	2	258	497	0.00000
2048	2560	2	172	153	0.00000
2048	2560	2	224	149	0.00000
2048	2560	2	374	127	0.00000
2048	2560	2	416	55	0.00000
2048	2560	2	350	57	0.00000
2560	2560	2	22	161	0.00000
2048	2560	2	506	109	0.00000
2560	2048	2	296	383	0.00000
2560	2560	2	312	492	0.00000
2560	2560	2	18	488	0.00000
2048	2560	2	316	434	0.00000
2048	2560	2	320	206	0.00000
2048	2560	2	196	414	0.00000
2560	2048	2	290	512	0.00000
2560	2560	2	470	334	0.00000
2048	2560	2	468	480	0.00000
2048	2560	2	442	310	0.00000
3584	2048	1	476	58	0.00000
3584	2048	1	398	96	6.20336
3584	2048	1	392	220	5.33163
3584	2048	1	248	266	4.92978
3584	2048	1	384	446	2.59268
3584	2560	1	512	4	2.38058
3584	2560	1	470	194	2.67157
3584	2560	1	300	194	4.13074
3584	2560	1	452	92	4.27461
3584	2560	1	332	64	1.74976
3584	2560	1	240	16	0.00000
3584	2048	1	60	430	4.10184
3584	2048	1	22	326	0.34168
3584	2048	1	258	100	3.89883
3584	2048	1	142	20	1.81236
3584	2048	1	168	146	0.00000
3584	2048	1	6	62	5.22236
3072	2048	1	406	106	2.27208
3072	2048	1	214	40	4.59751
3072	2048	1	218	106	4.04834
3072	2048	1	238	166	4.02666
3072	2048	1	340	252	2.35129
3072	2048	1	420	232	2.80453
3072	2048	1	94	34	0.32175
3072	2048	1	62	174	4.03169
3072	2048	1	112	244	0.00000
3072	2048	1	216	304	2.63743
3072	2048	1	320	368	4.21600
3072	2048	1	430	400	3.09833
3584	2048	1	512	190	2.03139
3072	2048	1	102	440	3.01627
3072	2048	1	308	458	1.56556
3072	2560	1	494	30	2.83329
3584	2048	1	98	504	4.47012
3072	2560	1	112	76	2.41193
3072	2560	1	208	26	5.15504
3072	2560	1	360	46	0.97623
3584	2560	1	98	90	1.05525
3584	2560	1	176	148	3.04737
3072	2560	1	272	166	3.00504
3072	2560	1	172	214	1.76222
3072	2560	1	12	128	1.80735
3072	2560	1	8	228	4.84549
3584	2560	1	42	160	0.13957
3072	2560	1	348	242	3.22209
3072	2560	1	460	276	3.90801
3072	2560	1	244	348	3.39204
3584	2560	1	98	218	3.79083
3584	2560	1	86	318	1.23150
3584	2560	1	182	322	0.21109
3584	2560	1	274	316	3.98164
3584	2560	1	394	404	2.92817
3584	2560	1	256	408	4.00494
3584	2560	1	74	440	5.79629
3072	2560	1	510	428	2.90366
3072	2560	1	374	472	0.00000
3584	2560	1	488	458	5.85286
3584	2560	1	512	364	3.05410
3584	2560	1	454	352	2.84711
3584	2560	1	302	480	0.00000
3584	2560	1	162	478	2.39988
3072	2048	2	20	68	0.00000
3072	2560	2	438	126	0.00000
3072	2560	2	466	182	0.00000
3584	2560	2	346	136	0.00000
3584	2560	2	404	242	0.00000
3072	2560	2	162	396	0.00000
3072	2560	1	56	490	2.84397
3072	2560	2	16	14	0.00000
3072	2560	2	306	14	0.00000
3584	2560	1	348	482	3.00748
3584	2560	2	402	510	0.00000
3072	2560	2	172	74	0.00000
3072	2048	2	306	18	0.00000
3584	3584	1	62	490	5.72913
3584	3584	1	328	320	4.62929
3584	3584	1	342	444	2.67155
3072	3584	1	426	360	5.62227
3584	3584	1	398	316	0.33426
3072	3584	1	436	470	1.95910
3584	3584	1	512	338	0.48198
3072	3584	1	144	488	0.97549
3072	3584	1	424	282	1.41837
3072	3584	1	420	220	1.77719
3584	3584	1	28	368	4.38150
3584	3584	1	172	296	0.59119
3584	3584	1	460	512	0.57891
3584	3584	1	416	460	0.00000
3584	3584	1	4	300	0.76988
3584	3584	1	136	388	5.62733
3072	3584	1	46	454	1.74882
3072	3584	1	260	476	1.55405
3072	3584	1	138	328	1.56333
3072	3584	1	268	370	0.60789
3072	3584	1	264	252	2.13529
3072	3584	1	490	458	0.00000
3072	3584	1	296	198	1.91309
3584	3584	1	464	270	3.16007
3072	3584	1	90	242	2.01947
3072	3584	1	14	372	4.97738
3584	3584	1	128	458	2.31182
3584	3584	1	218	432	0.00000
3072	3584	1	354	412	1.72494
3072	3584	1	296	480	0.60955
3584	3584	1	280	292	2.55754
3584	3584	1	388	200	0.77358
3584	3584	1	492	66	0.00000
3584	3584	1	324	118	2.94121
3584	3584	1	230	158	1.83233
3584	3584	1	114	238	4.30898
3584	3584	1	38	166	0.69103
3584	3584	1	110	138	2.94158
3072	3584	1	504	84	1.28945
3072	3584	1	286	130	5.42010
3072	3584	1	122	156	1.14382
3072	3584	1	32	162	3.24956
3072	3584	1	44	70	1.94782
3072	3584	1	332	48	4.76460
3072	3072	1	158	482	0.00000
3584	3584	1	162	74	4.99675
3584	3584	1	230	8	1.69206
3584	3584	1	390	48	2.33731
3584	3072	1	500	428	5.60763
3584	3072	1	388	396	3.42547
3584	3072	1	308	488	2.14379
3584	3072	1	310	392	0.00000
3584	3072	2	366	322	0.00000
3584	3072	1	192	368	1.41178
3584	3072	1	164	432	1.73649
3584	3072	1	88	446	5.80482
3584	3072	1	20	468	1.94561
3072	3584	1	488	26	5.16558
3072	3072	1	238	446	5.71636
3072	3072	1	60	444	3.64014
3072	3072	1	156	340	0.59037
3072	3072	1	292	352	4.39192
3072	3072	1	322	446	2.73335
3072	3072	1	414	394	5.03509
3584	3072	1	10	366	3.97270
3584	3072	1	106	298	3.25206
3584	3072	1	182	290	0.38420
3584	3072	1	302	276	1.37150
3584	3072	1	512	262	3.66824
3584	3072	1	406	238	5.20825
3584	3072	1	440	168	1.93520
3584	3072	1	510	82	2.51006
3584	3072	1	442	48	3.37617
3584	3072	1	360	96	1.28600
3584	3072	1	244	210	1.51522
3584	3072	1	260	116	0.61081
3584	3072	1	372	44	4.17646
3584	3072	1	308	0	0.00000
3584	3072	1	262	0	5.92852
3584	3072	1	194	64	5.15705
3584	3072	1	86	120	2.92871
3584	3072	1	8	132	0.00000
3584	3072	1	18	40	1.31741
3072	3072	1	474	242	3.22524
3072	3072	1	404	282	2.64190
3072	3072	1	394	0	0.00000
3072	3072	1	354	118	5.89613
3072	3072	1	250	202	2.65249
3072	3072	1	242	98	6.11611
3072	3072	1	26	324	2.92169
3072	3072	1	90	210	5.08391
3072	3072	1	58	116	4.95003
3072	3072	1	58	14	3.13252
2048	3072	1	296	194	5.61914
2048	3072	1	132	120	4.91755
2048	3072	1	96	234	4.88299
2048	3072	1	92	474	5.77851
2048	3072	1	218	334	1.18967
2048	3072	1	54	318	2.08953
2048	3072	1	108	26	0.93519
2048	3072	1	428	66	1.20825
2048	3072	1	330	8	1.20182
2560	3072	2	146	80	0.00000
2560	3072	2	222	130	0.00000
2560	3072	1	332	30	4.38091
2560	3072	2	342	240	0.00000
2560	3072	1	402	292	4.38418
2560	3072	2	512	316	0.00000
2560	3072	2	216	484	0.00000
2560	3072	1	38	352	1.06608
2560	3072	2	80	440	0.00000
2560	3072	2	96	228	0.00000
2560	3072	1	150	172	5.08762
2048	3072	1	508	188	0.68973
2048	3072	1	500	90	0.97593
2048	3072	1	380	140	5.45657
2048	3072	1	352	298	0.96517
2048	3072	1	380	380	4.14566
2048	3072	1	228	420	4.30129
2048	3072	1	414	482	5.13381
2560	3584	1	108	4	0.39644
2560	3584	1	218	38	4.59615
2560	3072	1	170	316	5.86885
2560	3072	1	276	394	5.21168
2560	3072	1	452	498	3.64806
2560	3584	1	294	128	5.41194
2048	3584	1	346	294	6.09081
2048	3584	1	216	56	5.25281
2048	3584	1	340	2	1.67691
2048	3584	1	44	32	2.15557
2048	3584	1	44	78	5.46687
2048	3584	2	140	192	0.00000
2048	3584	1	172	108	5.27333
2048	3584	2	180	300	0.00000
2048	3584	1	276	180	0.54097
2048	3584	1	404	190	3.35910
2560	3584	1	22	116	0.52240
2560	3584	1	50	184	0.97162
2560	3584	1	176	136	2.11095
2048	3584	1	68	366	5.67752
2048	3584	1	214	470	5.74221
2048	3584	2	330	456	0.00000
2048	3584	1	394	376	0.14530
2048	3584	1	468	310	5.92031
2560	3584	1	92	260	3.68496
2560	3584	1	120	398	0.00000
2560	3584	1	220	228	2.24194
2560	3584	1	204	316	1.79571
2560	3584	1	374	294	4.98555
2560	3584	1	332	220	4.94432
2560	3584	1	436	198	3.03672
2560	3584	1	502	48	2.02433
2560	3584	1	330	406	6.04304
2560	3584	1	476	378	5.02339
2048	3584	2	468	444	0.00000
2560	3584	1	192	410	0.42935
2560	3584	1	194	470	0.47485
2560	3584	1	284	512	3.14733
2560	3584	1	420	398	5.82159
2560	3072	1	502	384	0.00000
2560	3584	1	362	476	5.78507
2560	3584	1	48	398	5.91798
2048	3584	1	194	382	5.26707
