1024	2048	2	266	0	0.00000
1024	2048	1	360	16	0.52049
1024	2048	2	450	0	0.00000
1536	2048	1	16	0	0.37185
1024	2048	1	114	198	0.27616
1024	2048	2	198	94	0.00000
1536	2048	1	120	28	4.66516
1536	2048	1	224	42	1.17847
1536	2048	1	366	60	2.53268
1536	2048	2	288	104	0.00000
1536	2048	2	224	172	0.00000
1536	2048	2	486	66	0.00000
1536	2048	1	458	0	3.29766
1536	2048	1	48	164	6.10090
1024	2048	1	288	184	4.62594
1024	2048	1	224	390	0.42890
1024	2048	1	422	160	2.33555
1024	2048	1	488	316	5.96915
1024	2048	1	204	266	1.94283
1024	2048	1	332	430	4.44765
1536	2048	1	250	310	4.23283
1536	2048	1	418	242	0.83366
1536	2048	1	140	342	2.67104
1536	2048	2	250	408	0.00000
1536	2048	1	376	388	0.73505
1024	2560	1	288	32	1.05791
1536	2560	1	28	32	5.75165
1536	2048	1	108	468	3.54442
1536	2560	1	184	14	0.56709
1536	2560	1	314	28	0.72091
1536	2048	1	512	440	5.89691
1024	2560	1	164	102	4.42235
1024	2560	1	424	80	0.92899
1536	2560	1	484	58	2.21868
1536	2560	1	24	148	1.23330
1536	2560	1	168	140	1.53380
1536	2560	1	358	110	3.43179
1024	2560	1	334	192	1.82951
1024	2560	1	50	228	0.85416
1024	2560	1	170	240	4.44423
1024	2560	2	188	294	0.00000
1536	2560	1	70	266	1.27314
1536	2560	1	192	278	0.23830
1536	2560	1	320	260	5.44091
1536	2560	1	482	180	2.21101
1024	2560	1	148	408	5.16190
1024	2560	1	384	368	0.85844
1024	2560	2	356	446	0.00000
1024	2560	1	140	332	1.98161
1024	2560	1	266	382	3.11414
1536	2560	1	436	296	2.39198
1536	2560	1	258	342	0.04806
1024	2560	1	480	412	0.38603
1536	2560	1	98	370	5.29139
1536	2560	1	44	488	0.73766
1024	2560	1	164	508	5.03392
1024	2560	1	292	512	5.70597
1024	2560	1	380	510	3.63234
1536	2560	1	338	512	4.64925
1536	2560	2	482	414	0.00000
1536	2560	1	124	512	0.00000
1536	2560	1	222	474	0.84684
1536	2560	2	352	392	0.00000
1536	2560	1	402	424	4.08117
1536	2560	1	512	436	3.57084
1024	3072	1	104	112	2.83310
1024	3072	1	184	122	0.61630
1024	3072	1	272	68	5.73532
1024	3072	1	32	180	3.12615
1024	3072	1	144	240	0.89179
1024	3072	1	314	210	4.97421
1024	3072	1	404	112	5.09290
1536	3072	1	66	118	0.29913
1536	3072	1	176	60	4.50016
1536	3072	1	334	148	3.04355
1536	3072	1	244	152	0.00000
1536	3072	1	192	232	2.26946
1536	3072	1	40	266	2.26745
1536	3072	1	396	252	3.51040
1536	3072	1	280	330	0.25255
1536	3072	2	436	78	0.00000
1024	3072	2	240	326	0.00000
1024	3072	1	54	356	3.58154
1024	3072	1	156	402	2.11334
1024	3072	1	48	490	0.86961
1024	3072	1	308	426	5.77832
1024	3072	2	424	360	0.00000
1024	3072	1	436	448	5.04249
1536	3072	1	100	466	3.55632
1536	3072	1	172	466	3.69198
1536	3072	1	246	490	0.00000
1536	3072	1	352	464	5.76830
1536	3072	1	414	374	0.00000
1536	3072	1	500	290	3.42415
1536	3584	1	502	70	5.56370
1536	3584	1	258	116	1.84978
1536	3584	1	62	132	4.97700
1024	3584	1	438	66	2.64922
1024	3584	1	274	28	4.81206
1024	3584	1	314	132	2.50711
1024	3584	1	172	138	1.38678
1024	3584	1	66	86	3.68862
1024	3584	1	78	228	1.24005
1024	3584	1	258	278	0.00000
1024	3584	1	354	302	0.00000
1024	3584	1	504	266	0.00000
1024	3584	1	442	378	0.00000
1536	3584	1	126	364	1.53563
1536	3584	1	114	262	0.00000
1536	3584	1	240	224	4.41983
1536	3584	1	332	280	3.69234
1536	3584	1	380	368	0.00000
1536	3584	1	480	270	0.00000
1536	3584	1	178	478	0.00000
1536	3584	1	308	502	5.84375
1536	3584	1	446	500	0.00000
1536	3584	1	68	496	0.28577
1024	3584	1	100	490	5.70854
2560	2560	1	512	484	3.44747
2560	2560	1	342	410	2.06008
2560	2560	1	258	460	2.57628
2560	2560	1	72	428	0.00000
2048	2560	1	344	472	5.68441
2048	2560	1	242	412	3.10812
2560	2560	1	480	32	2.64485
2560	2560	1	276	218	1.32221
2048	2560	1	34	418	3.81791
2560	2560	1	430	316	0.16755
2560	2560	1	422	128	3.54942
2560	2560	1	214	80	1.34089
2048	2560	1	148	512	0.00000
2048	2560	1	340	270	0.00000
2048	2560	1	414	112	4.56472
2560	2560	1	320	108	1.79648
2048	2560	1	76	512	0.00000
2048	2560	1	66	304	3.66207
2048	2560	1	358	398	2.52364
2560	2560	1	512	210	1.47345
2560	2560	1	288	322	3.91062
2048	2560	1	330	58	3.36525
2560	2560	1	364	18	0.79516
2560	2560	2	12	471	0.00000
2560	2560	1	170	312	5.80896
2560	2560	1	44	276	5.12014
2048	2560	1	200	92	4.64998
2560	2560	1	462	446	0.34813
2048	2560	1	470	280	0.00000
2048	2560	1	478	224	1.19618
2560	2560	1	90	82	0.35123
2560	2560	1	2	90	3.31142
2048	2560	2	178	412	0.00000
2048	2560	2	172	358	0.00000
2048	2560	2	462	482	0.00000
2048	2560	2	318	190	0.00000
2048	2560	2	222	150	0.00000
2048	2560	2	174	164	0.00000
2560	2560	2	284	4	0.00000
2560	2048	1	272	454	4.08586
2048	2560	1	76	130	3.76058
2048	2048	1	10	442	0.00000
2048	2560	1	132	14	1.84730
2048	2048	1	200	494	5.19717
2048	2048	1	160	476	3.49756
2048	2048	1	134	392	3.61312
2048	2560	2	408	56	0.00000
2048	2048	1	492	508	5.04986
2048	2048	1	470	418	5.28855
2048	2048	1	324	404	3.73440
2560	2048	1	508	306	0.61027
2560	2048	1	414	304	3.13681
2560	2048	1	512	228	0.79915
2560	2048	1	494	156	3.99259
2560	2048	1	384	228	0.87619
2560	2048	1	428	50	0.00000
2560	2048	1	362	54	0.00000
2560	2048	1	306	82	0.00000
2560	2048	1	242	44	3.14317
2560	2048	1	176	186	5.86712
2048	2048	1	494	334	4.59321
2560	2048	1	136	66	4.23938
2560	2048	1	36	228	1.18037
2560	2048	1	36	122	5.85113
2048	2048	1	442	144	3.40125
2048	2048	1	372	146	0.00000
2048	2048	1	262	222	0.00000
2048	2048	2	390	22	0.00000
2048	2048	1	222	124	5.65355
2048	2048	1	136	212	5.82311
2048	2048	1	52	282	0.00000
2048	2048	1	64	98	0.58072
2048	2048	2	120	112	0.00000
2048	2048	1	56	20	0.80518
3072	2560	2	468	186	0.00000
3072	2560	2	156	86	0.00000
3072	2560	1	74	342	4.57216
3072	2560	1	114	420	4.25214
3072	2560	1	196	308	2.81984
3072	2560	1	310	416	0.83298
3072	2560	1	370	462	0.00000
3072	2560	1	440	410	2.98168
3584	2560	1	20	464	5.77323
3584	2560	1	110	436	2.19959
3072	2560	1	332	310	4.51531
3072	2560	1	308	214	1.64757
3072	2560	1	468	278	5.83611
3584	2560	1	96	316	0.81625
3584	2560	1	158	378	1.28981
3584	2560	1	296	458	3.21411
3584	2560	1	442	436	4.06926
3584	2560	1	488	330	5.98053
3584	2560	1	254	382	1.14742
3584	2560	1	412	348	1.63899
3584	2560	1	376	258	4.57851
3584	2560	1	228	302	4.43883
3584	2560	1	104	240	4.42683
3584	2560	1	50	174	1.49045
3072	2560	2	438	128	0.00000
3072	2560	1	298	108	5.46749
3072	2560	1	366	60	5.20371
3584	2560	1	42	70	1.98044
3584	2560	1	214	196	1.96948
3584	2560	1	372	186	4.03418
3584	2560	1	476	158	3.41902
3584	2560	1	430	116	0.00000
3584	2560	1	296	132	3.43415
3584	2560	1	206	108	1.18462
3584	2048	1	130	480	0.01117
3584	2048	1	464	458	3.04728
3584	2048	1	396	478	3.05313
3584	2048	1	320	472	3.02399
3584	2560	1	220	4	3.58836
3584	2048	1	456	328	4.96330
3072	2560	1	80	92	4.06751
3072	2048	1	56	454	2.76632
3072	2048	1	168	510	2.73439
3072	2048	1	326	480	1.40339
3072	2048	1	506	496	4.78502
3584	2048	1	220	410	5.09097
3584	2048	1	388	208	5.37343
3584	2048	1	470	72	0.00000
3584	2048	1	384	86	0.00000
3584	2048	1	154	126	0.00000
3072	2048	1	360	128	0.00000
3072	2048	1	122	348	4.50318
3072	2048	1	232	362	3.45860
3072	2048	1	292	390	3.51884
3072	2048	1	432	392	2.09603
3584	2048	1	106	372	3.60090
3072	2048	1	510	362	2.55822
3584	2048	1	234	230	4.35617
3584	2048	1	34	268	1.80981
3584	2048	1	36	184	5.02517
3584	2048	1	264	80	3.65381
3072	2048	1	400	238	3.92129
3072	2048	1	446	118	3.53393
3072	2048	1	144	216	3.87149
3072	2048	2	230	230	0.00000
3072	2048	1	304	228	4.88019
3072	2048	1	76	72	0.35581
3072	2048	1	180	66	1.97569
3072	2048	1	288	68	0.00000
3584	3584	1	490	474	0.82596
3584	3584	1	210	452	0.64263
3584	3584	1	474	184	5.10219
3584	3584	1	78	512	0.09093
3584	3584	1	448	96	4.46092
3584	3584	1	106	354	1.22853
3584	3584	1	484	300	3.80562
3584	3584	1	440	422	0.76890
3584	3584	1	512	126	1.50142
3584	3584	1	426	278	0.46365
3072	3584	1	368	448	0.51013
3584	3584	1	376	426	0.53373
3584	3584	1	6	366	0.16870
3584	3584	1	228	268	1.33116
3584	3584	1	250	358	0.61492
3584	3584	1	362	236	5.04624
3072	3584	1	468	448	2.21728
3072	3584	1	426	512	2.28766
3584	3584	1	360	326	0.29485
3072	3584	1	94	328	0.24781
3072	3584	1	300	408	0.00000
3072	3584	1	196	476	4.53924
3072	3584	1	466	310	2.59975
3072	3584	1	110	418	0.89815
3584	3584	1	42	178	1.03038
3072	3584	1	350	336	0.32974
3072	3584	1	436	188	0.00000
3584	3584	1	162	198	0.28427
3072	3584	1	196	256	3.47539
3584	3584	1	296	152	4.88481
3072	3584	1	4	318	4.82204
3072	3584	1	348	188	0.27830
3072	3584	1	262	298	0.44442
3072	3584	1	286	180	0.38279
3072	3584	1	24	200	5.44151
3072	3584	1	30	86	2.26991
3584	3072	1	420	392	3.48502
3584	3584	1	26	78	1.61303
3072	3584	1	284	44	0.85095
3584	3072	1	346	468	3.45217
3584	3584	1	192	54	0.61895
3072	3584	1	120	20	0.00000
3072	3584	1	180	108	3.33796
3584	3584	1	360	36	4.04124
3072	3584	1	398	68	0.95776
3584	3584	1	454	28	5.33449
3584	3072	1	482	426	2.56992
3584	3072	1	438	274	0.00000
3072	3072	1	200	484	3.58770
3072	3072	1	102	368	0.36120
3072	3072	2	28	374	0.00000
3072	3072	1	44	134	5.90594
3072	3072	1	230	356	4.30138
3072	3072	1	342	458	5.60570
3072	3072	1	440	434	2.50517
3584	3072	1	36	470	3.80436
3584	3072	1	100	490	2.33330
3584	3072	1	168	444	1.95130
3584	3072	1	302	384	1.72676
3584	3072	2	366	324	0.00000
3584	3072	1	74	352	2.74509
3072	3072	2	452	260	0.00000
3072	3072	1	168	190	4.15203
3072	3072	1	344	294	2.17450
3072	3072	1	326	194	5.46939
3072	3072	1	360	122	5.39610
3072	3072	1	234	68	4.07933
3072	3072	1	120	56	3.19171
3584	3072	1	240	256	4.89157
3584	3072	1	322	172	1.31347
3584	3072	1	500	134	0.52984
3584	3072	1	456	50	0.00000
3584	3072	1	396	38	0.00000
3584	3072	2	506	16	0.00000
3584	3072	1	62	206	0.54433
3584	3072	1	188	170	3.25225
3584	3072	2	264	150	0.00000
3584	3072	1	282	112	1.71153
3072	3072	1	488	138	5.06878
3072	3072	1	390	0	0.00000
3584	3072	1	58	0	5.34174
3584	3072	1	84	88	1.64349
3584	3072	1	190	58	1.91382
3584	3072	1	230	26	2.37889
3584	3072	2	296	10	0.00000
2048	3072	1	66	70	0.00000
2048	3072	1	156	14	6.26898
2048	3072	1	226	120	0.27991
2048	3072	2	138	110	0.00000
2048	3072	1	68	238	0.30651
2048	3072	1	344	52	5.21977
2048	3072	1	474	120	5.97565
2048	3072	1	300	176	6.15366
2048	3072	1	362	268	0.24811
2048	3072	1	212	352	2.42563
2560	3072	1	84	130	2.10951
2560	3072	1	350	62	1.91672
2560	3072	1	278	216	2.79263
2560	3072	1	388	214	2.43315
2560	3072	2	134	78	0.00000
2560	3072	2	224	128	0.00000
2560	3072	2	100	234	0.00000
2560	3072	1	10	294	0.31347
2048	3072	1	374	408	5.62442
2048	3072	1	474	412	2.61062
2560	3072	1	224	276	5.72702
2560	3072	1	178	326	5.57762
2560	3072	1	116	358	5.76479
2560	3072	1	46	406	3.17189
2048	3072	1	134	376	5.59426
2048	3072	2	166	480	0.00000
2048	3072	1	98	484	3.09109
2048	3072	1	22	498	5.66794
2048	3584	1	292	54	3.63226
2560	3072	1	512	278	5.74277
2560	3072	1	368	398	5.87278
2560	3072	1	478	444	5.68167
2560	3584	1	284	10	3.58841
2560	3072	1	218	454	0.39367
2560	3584	1	390	78	4.32121
2560	3584	1	138	22	5.87195
2560	3584	1	34	12	4.24768
2048	3584	1	442	14	3.47130
2048	3584	1	120	132	3.47698
2048	3584	1	16	106	5.72985
2048	3584	1	82	186	5.63968
2048	3584	1	240	220	2.62780
2048	3584	1	304	202	2.77179
2048	3584	1	370	174	6.09680
2048	3584	1	430	220	6.03156
2048	3584	1	498	164	0.15465
2560	3584	1	68	204	2.36989
2560	3584	1	100	120	5.85656
2560	3584	1	212	140	2.27305
2560	3584	1	392	152	4.82782
2560	3584	1	512	198	5.91269
2560	3584	1	324	284	5.98317
2560	3584	1	82	314	2.87559
2048	3584	1	480	304	0.58024
2048	3584	1	38	272	0.26625
2048	3584	1	184	256	0.00000
2048	3584	1	452	440	0.33250
2560	3584	1	22	444	0.00000
2560	3584	1	208	490	5.85592
2560	3584	1	370	390	5.09843
2560	3584	1	500	314	1.47290
2560	3584	1	512	396	2.42635
2048	3584	1	330	414	0.67803
2048	3584	2	238	338	0.00000
2048	3584	1	188	464	5.69442
2048	3584	1	146	370	4.89248
2048	3584	1	76	462	2.66219
2560	3584	2	262	354	0.00000
