1024	2048	1	80	294	5.96463
1024	2048	1	88	110	0.69620
1024	2048	1	294	188	2.25096
1024	2048	1	216	374	0.33707
1024	2560	1	312	46	0.70098
1024	2048	1	460	358	4.05116
1536	2048	1	126	352	2.85706
1024	2048	2	206	82	0.00000
1536	2048	1	292	210	0.00000
1536	2048	1	6	232	2.52950
1536	2048	1	244	384	0.28023
1536	2048	1	390	302	2.44063
1536	2048	1	336	418	0.47136
1536	2048	1	512	370	4.82831
1536	2048	1	472	468	4.85461
1536	2560	1	340	14	0.41175
1536	2048	2	490	68	0.00000
1536	2048	1	10	18	3.08336
1536	2048	1	226	134	6.02069
1536	2048	1	266	14	4.27180
1536	2048	1	144	94	1.02904
1536	2048	1	286	84	5.41222
1536	2560	1	12	20	5.30116
1536	2048	1	110	468	1.10970
1536	2048	1	222	504	2.56443
1536	2048	1	88	216	5.55985
1536	2048	1	16	404	0.76412
1536	2048	1	150	28	2.47655
1024	2560	1	40	124	5.53092
1024	2560	1	124	224	0.64676
1024	2560	1	440	100	3.99101
1536	2560	1	162	166	2.40009
1024	2560	1	264	198	4.28576
1024	2560	1	314	282	3.39601
1536	2560	2	474	414	0.00000
1536	2560	1	412	154	0.66285
1536	2560	1	358	104	0.73638
1536	2560	1	492	154	3.78531
1536	2560	1	316	268	2.20697
1024	2560	1	402	344	0.73282
1536	2560	1	42	238	2.58043
1536	2560	1	8	344	5.66786
1536	2560	1	130	304	0.83596
1024	2560	1	226	432	1.43636
1024	2560	1	222	368	1.69277
1536	2560	1	236	286	0.00000
1536	2560	1	344	386	2.28199
1536	2560	1	56	494	1.22968
1024	2560	1	66	448	2.95239
1536	2560	1	262	426	5.16215
1536	2560	1	330	512	5.02145
1024	2560	1	450	420	1.10053
1024	2560	1	164	496	1.75580
1536	2560	1	426	316	0.15411
1536	2560	1	452	498	6.01693
1024	2560	1	198	302	1.34400
1024	2560	1	106	334	0.59918
1536	2560	1	472	26	5.00492
1024	3072	1	328	256	6.07270
1536	3072	1	24	162	5.72818
1024	3072	1	484	202	5.41721
1024	3072	1	252	228	0.00000
1024	3072	1	188	126	5.96956
1024	3072	1	268	92	0.00000
1024	3072	1	264	396	5.89458
1024	3072	1	488	480	3.34901
1024	3072	1	366	108	4.36704
1536	3072	1	36	314	0.76679
1536	3072	1	78	34	0.93162
1024	3072	2	474	38	0.00000
1536	3584	2	466	118	0.00000
1536	3584	2	6	48	0.00000
1536	3072	2	432	328	0.00000
1536	3584	1	186	472	0.03586
1536	3584	1	74	478	0.74072
1536	3584	1	318	496	5.42073
1536	3584	1	484	448	5.90140
1536	3584	1	410	360	6.21737
1536	3584	1	336	372	0.41315
1536	3584	1	38	384	0.74077
1024	3584	1	424	394	0.53661
1024	3584	1	174	394	4.84486
1024	3584	1	84	488	5.92904
1024	3584	1	142	276	0.59898
1536	3584	2	42	206	0.00000
1024	3584	1	358	308	5.95113
1024	3584	1	492	134	5.55319
1024	3584	1	98	140	0.52832
1024	3584	1	194	146	0.58229
1024	3584	1	58	64	0.68879
1024	3072	1	60	472	0.88670
1024	3072	1	184	458	0.39917
1024	3072	1	128	366	5.66542
1024	3072	1	52	276	3.08018
1024	3072	1	138	254	5.75828
1024	3072	1	70	116	0.64159
1024	3584	1	302	18	0.70401
1024	3584	1	338	86	4.27102
1024	3584	1	318	186	5.03501
1024	3584	1	472	234	5.52449
1536	3584	1	90	256	0.85587
1536	3584	1	196	274	0.00000
1536	3584	1	138	102	3.18920
1536	3072	1	100	470	3.65402
1536	3584	1	272	152	0.66619
1536	3584	2	348	266	0.00000
1536	3584	1	486	258	5.15152
1536	3584	1	404	174	4.95417
1536	3072	1	512	488	1.15121
1536	3072	2	378	472	0.00000
1536	3072	2	446	56	0.00000
1536	3584	1	280	30	0.59525
1536	3072	1	238	472	0.53635
1536	3072	1	176	414	2.97939
1536	3072	1	198	318	5.15051
1536	3072	1	224	270	1.95421
1536	3072	1	368	378	1.91463
1536	3072	1	330	242	2.52427
1536	3072	1	456	248	5.37029
1536	3072	1	488	120	3.15051
1536	3072	1	246	102	4.62964
1536	3584	1	512	126	3.10328
1024	3072	1	14	52	4.22308
2048	2048	1	268	60	3.95322
2048	2048	1	350	118	0.00000
2048	2048	1	86	88	2.49839
2048	2048	1	486	146	0.64662
2560	2048	1	156	250	1.39022
2560	2048	1	186	132	5.89221
2560	2048	1	122	110	5.03157
2560	2048	1	238	78	2.89990
2048	2048	1	376	308	2.28588
2048	2048	1	256	292	6.18205
2048	2048	1	162	264	0.35534
2560	2048	1	192	366	5.25252
2560	2048	1	306	224	4.29246
2560	2048	1	432	60	6.19409
2560	2048	1	494	164	1.09818
2560	2048	1	448	266	1.65635
2048	2048	1	52	358	4.74239
2048	2048	1	474	386	3.07666
2560	2048	1	192	484	4.10228
2560	2048	1	376	490	4.63887
2560	2048	1	492	330	1.12968
2560	2560	1	380	134	0.06836
2560	2560	1	464	140	0.14620
2560	2560	1	312	120	0.04692
2560	2560	1	252	68	6.21372
2560	2048	1	28	490	3.26474
2560	2560	1	104	86	1.41443
2048	2048	1	338	438	4.11797
2048	2560	1	456	62	3.33237
2048	2560	2	230	152	0.00000
2048	2560	2	170	150	0.00000
2048	2560	2	380	94	0.00000
2048	2560	2	414	58	0.00000
2048	2560	2	322	206	0.00000
2560	2560	2	16	162	0.00000
2560	2560	2	466	330	0.00000
2048	2048	2	504	62	0.00000
2560	2048	2	295	398	0.00000
2048	2048	1	168	80	3.26701
2560	2048	1	310	88	0.00000
2560	2048	1	364	54	6.01815
2048	2048	1	172	402	4.31508
2048	2048	1	78	486	0.00000
2048	2560	1	224	66	5.04995
2048	2560	1	62	120	4.24814
2048	2560	1	388	172	5.17631
2048	2560	1	138	230	5.44963
2560	2560	1	166	266	1.96025
2560	2560	1	212	180	2.34271
2560	2560	1	318	280	4.00594
2048	2560	1	302	356	4.56896
2048	2048	2	204	504	0.00000
2048	2048	2	250	438	0.00000
2048	2048	2	258	508	0.00000
2560	2560	1	334	448	3.53651
2048	2560	1	34	268	5.78001
2560	2560	1	120	338	5.13634
2560	2560	1	26	412	2.56172
2048	2560	1	42	416	5.79405
2560	2048	1	512	456	2.46635
2560	2560	1	80	194	1.38070
2048	2560	1	418	432	4.87628
2048	2560	1	270	448	4.29795
2048	2560	2	164	358	0.00000
2048	2560	2	198	412	0.00000
2048	2560	2	446	318	0.00000
2048	2560	1	432	254	5.09097
2560	2560	1	160	426	5.04993
2560	2560	2	17	481	0.00000
2048	2560	2	468	488	0.00000
2048	2560	2	68	508	0.00000
2560	2560	1	480	512	2.44648
3584	2048	1	442	364	2.84615
3584	2048	1	396	472	2.74188
3584	2048	1	232	388	4.33188
3584	2560	1	512	366	0.64296
3584	2560	1	448	512	5.69518
3584	2560	1	366	408	5.71277
3584	2560	1	504	460	5.33264
3584	2560	1	426	326	2.83375
3584	2560	1	258	454	4.81083
3584	2560	1	314	296	1.32884
3584	2560	1	260	390	1.94804
3584	2560	1	186	482	2.82919
3584	2560	1	142	418	1.00559
3584	2560	1	82	270	5.59746
3584	2560	1	196	278	2.02327
3584	2560	1	2	512	2.83751
3584	2560	1	162	204	5.24440
3072	2560	1	374	472	0.00000
3072	2560	1	314	382	3.33899
3072	2560	1	508	414	0.90422
3072	2560	1	498	328	4.58488
3072	2560	1	376	244	3.83633
3072	2560	1	212	260	3.96510
3072	2560	1	64	262	0.46944
3584	2560	1	374	178	3.64567
3072	2560	1	118	480	3.72467
3072	2560	1	64	414	4.04491
3072	2560	1	30	156	0.43693
3072	2560	1	264	112	2.83738
3584	2560	1	512	236	4.84173
3072	2560	1	144	168	0.00000
3584	2560	1	476	166	1.42583
3072	2560	1	374	56	0.81137
3584	2048	1	294	510	0.75415
3072	2560	1	420	160	4.69477
3072	2560	1	500	70	1.44403
3584	2560	1	208	134	5.22362
3584	2560	1	74	116	4.25133
3584	2560	1	304	176	3.60725
3584	2048	1	466	64	0.00000
3584	2048	1	134	108	0.09827
3584	2048	1	512	110	0.00000
3584	2048	1	380	226	5.30039
3584	2048	1	396	100	0.00000
3584	2560	1	120	14	1.37635
3584	2048	1	258	90	3.75846
3584	2048	1	222	0	0.00000
3584	2048	1	182	292	4.34909
3584	2048	1	38	488	3.55567
3072	2048	1	492	446	3.88097
3072	2048	1	348	458	4.45443
3584	2560	1	312	512	6.04787
3072	2048	1	204	466	2.54155
3072	2048	1	150	368	4.72555
3072	2560	1	132	28	1.50532
3072	2048	1	278	366	2.48503
3072	2048	1	370	330	2.43115
3072	2048	1	478	348	3.67740
3584	2048	1	12	238	5.44757
3072	2048	1	390	60	2.50057
3072	2048	1	418	198	0.00000
3584	2048	1	76	360	5.61021
3584	2048	1	32	78	0.18499
3072	2048	1	338	136	0.50710
3072	2048	1	248	204	2.35394
3072	2048	1	210	104	4.78916
3072	2048	1	210	38	4.73239
3072	2048	1	88	48	0.22390
3072	2048	1	16	462	2.43934
3072	2048	1	24	334	1.42890
3072	2048	1	46	256	2.50845
3072	2048	2	108	122	0.00000
3072	2048	2	24	60	0.00000
3072	2048	2	18	148	0.00000
3072	2560	2	318	20	0.00000
3584	2560	2	344	458	0.00000
3584	2560	2	412	242	0.00000
3072	3072	1	86	324	6.04264
3072	3072	1	90	12	3.14159
3072	3072	1	220	74	5.62661
3072	3072	1	158	128	2.37164
3072	3072	1	368	0	0.00000
3072	3072	1	130	244	5.22794
3072	3072	1	2	158	5.96963
3072	3072	1	206	316	0.21391
3072	3072	1	286	230	2.52243
3072	3072	1	312	136	6.00334
3072	3072	1	430	92	4.26671
3584	3072	1	12	30	2.65795
3584	3072	1	104	50	5.56891
3584	3072	1	180	48	1.80314
3584	3072	1	326	40	5.66294
3584	3072	1	404	44	5.63968
3584	3072	1	448	0	5.69518
3072	3072	1	452	154	4.21404
3584	3072	2	220	152	0.00000
3584	3072	1	54	150	0.97840
3072	3072	1	476	216	1.50064
3584	3072	1	134	216	1.20708
3584	3072	1	300	174	5.91068
3584	3072	2	342	124	0.00000
3584	3072	1	444	136	1.28880
3584	3072	1	262	266	5.20854
3584	3072	1	388	242	4.02215
3072	3072	1	398	336	1.27264
3584	3072	1	90	296	4.77394
3072	3072	1	52	482	2.23821
3072	3072	2	14	378	0.00000
3072	3072	2	240	456	0.00000
3584	3072	1	468	288	3.92699
3584	3072	2	508	360	0.00000
3584	3072	1	272	362	3.16390
3584	3072	1	362	384	2.42263
3584	3072	1	174	384	1.27823
3584	3072	1	10	432	1.19029
3072	3072	1	352	468	1.57080
3072	3584	1	302	26	2.45284
3072	3584	1	152	16	3.22975
3072	3584	1	422	4	4.33654
3584	3072	1	128	480	3.99159
3584	3584	1	170	20	4.17197
3072	3584	1	222	142	0.64530
3072	3584	1	336	148	2.34201
3072	3584	1	472	112	5.69518
3584	3584	1	24	52	5.31669
3072	3584	1	288	214	3.80855
3072	3584	1	126	242	1.98382
3072	3584	1	60	292	1.98413
3072	3584	1	12	364	2.86660
3072	3584	1	132	412	4.03179
3072	3584	1	278	382	1.73594
3072	3584	1	120	502	2.14675
3072	3584	1	220	474	1.76796
3072	3584	1	348	490	3.01164
3072	3584	1	318	270	0.56997
3072	3584	1	378	308	0.26625
3072	3584	1	502	204	1.32923
3072	3584	1	430	158	2.38994
3584	3584	1	98	160	2.05433
3584	3584	1	260	96	5.12887
3584	3584	1	374	82	2.43459
3584	3584	1	204	146	5.31015
3072	3584	1	470	272	5.29145
3584	3584	1	144	246	1.98051
3584	3584	1	86	284	5.05541
3584	3584	1	370	180	5.80152
3584	3584	1	306	246	4.48399
3584	3584	1	438	238	3.02503
3584	3584	1	512	204	2.20553
3072	3584	1	450	430	5.92919
3072	3584	1	494	374	5.89631
3584	3584	1	68	372	5.97316
3584	3584	1	168	330	1.21349
3584	3584	1	228	370	4.01330
3584	3584	1	318	372	1.91225
3584	3584	1	390	332	2.19642
3584	3584	1	484	448	2.62245
3584	3584	1	32	458	5.37790
3584	3584	2	146	436	0.00000
3584	3584	1	396	480	5.38422
2048	3072	1	240	186	4.73666
2048	3072	1	440	68	5.69210
2048	3072	1	156	68	0.00000
2048	3072	1	348	40	0.53276
2560	3072	1	166	368	0.21109
2560	3072	1	252	330	6.21217
2560	3072	2	94	232	0.00000
2560	3072	2	152	82	0.00000
2560	3072	2	218	140	0.00000
2560	3072	2	350	242	0.00000
2048	3072	1	56	296	0.64552
2560	3072	1	392	106	3.32843
2048	3072	1	48	156	0.81817
2048	3072	1	506	200	0.48637
2048	3072	1	190	354	3.84194
2560	3072	1	220	468	0.00000
2560	3072	1	72	338	4.92784
2560	3072	1	148	192	2.58957
2560	3072	1	110	50	0.91795
2560	3072	1	266	90	6.25412
2560	3072	1	496	160	5.63346
2560	3072	1	442	222	5.93530
2560	3072	1	482	362	1.64651
2560	3072	1	406	456	5.00189
2560	3584	1	346	72	6.14129
2560	3584	1	474	54	1.46793
2560	3584	1	436	138	5.49779
2560	3072	2	86	444	0.00000
2048	3072	1	340	444	3.72335
2048	3584	1	512	92	0.42663
2560	3584	1	142	240	2.31409
2560	3584	1	148	150	5.56722
2560	3584	1	148	50	1.84534
2048	3584	1	444	32	3.16205
2048	3584	1	386	60	0.00000
2048	3584	1	306	48	2.83219
2048	3584	1	222	58	5.64166
2048	3072	2	218	268	0.00000
2048	3072	2	282	276	0.00000
2048	3072	2	468	286	0.00000
2048	3072	2	488	340	0.00000
2048	3072	2	510	398	0.00000
2560	3584	1	48	418	5.40664
2048	3584	1	262	348	0.21071
2560	3584	1	470	268	0.00000
2560	3584	1	338	222	0.55903
2560	3584	1	328	326	1.47036
2048	3584	1	354	274	5.91771
2560	3584	1	30	180	0.26439
2048	3584	1	416	210	0.00000
2560	3584	1	64	306	5.10300
2560	3584	1	264	448	6.03171
2048	3584	1	120	466	6.01769
2048	3584	1	102	182	0.03197
2048	3584	1	230	194	4.65032
2048	3584	1	206	144	2.33185
2560	3584	1	262	96	1.20929
2048	3584	1	64	324	1.26580
2048	3072	1	54	476	1.57959
2048	3584	1	192	406	5.83732
2048	3584	1	500	512	6.06307
2560	3584	1	486	450	1.66391
2048	3584	2	180	272	0.00000
2560	3584	2	276	256	0.00000
2048	3584	1	450	366	0.92664
2048	3584	1	20	118	0.00000
2048	3072	1	398	144	5.31637
2048	3072	2	484	442	0.00000
2048	3072	2	164	478	0.00000
2560	3584	2	212	350	0.00000
2048	3584	1	322	472	0.00000
2560	3584	1	362	392	5.71646
