1536	2560	1	460	204	3.46429
1536	2560	1	368	266	0.22752
1536	2560	1	272	254	5.94965
1536	2560	1	166	296	2.67569
1536	2560	1	190	396	1.75347
1024	2560	1	420	332	2.73416
1536	2560	1	76	432	5.15165
1536	2560	1	38	344	1.51011
1024	2560	1	410	476	3.72959
1024	2560	1	314	232	6.02197
1536	2560	1	58	220	1.76350
1024	2560	1	284	338	5.88768
1536	2560	1	384	512	5.42877
1024	2560	1	256	512	3.57822
1536	2560	1	390	422	2.10428
1024	2560	1	204	486	3.80964
1024	2560	1	104	474	1.17112
1024	2560	1	34	370	0.81765
1024	2560	1	112	408	1.14416
1024	2560	1	28	268	0.62932
1024	2560	1	122	300	2.52134
1536	2560	1	288	374	5.46860
1536	2560	1	498	470	0.32175
1536	2560	1	512	340	1.49402
1536	2560	1	296	512	2.88543
1024	2560	1	248	42	0.71883
1024	2560	1	426	222	2.35434
1024	2560	1	462	44	1.98360
1024	2560	1	190	186	2.90603
1536	2560	1	316	120	4.44614
1536	2560	1	88	106	0.44385
1536	2048	1	160	22	5.95991
1536	2560	1	132	182	0.42605
1536	2560	1	420	10	3.93288
1536	2048	1	322	456	3.64805
1536	2560	1	186	24	3.82036
1536	2048	1	90	456	5.59426
1024	2560	1	88	160	6.02586
1536	2048	1	326	268	2.00742
1536	2048	1	512	126	3.88554
1536	2048	1	378	114	3.78445
1536	2048	1	226	124	6.05932
1536	2048	1	256	32	6.06980
1024	2048	1	500	234	3.56332
1536	2048	1	20	0	0.36933
1024	2048	1	370	26	2.63449
1024	2048	1	260	0	0.00000
1024	2048	1	174	270	3.97957
1536	2048	1	512	268	0.35115
1024	2048	1	208	56	0.37569
1024	2048	1	246	370	0.38788
1024	2048	1	32	334	5.54272
1024	2048	1	68	138	3.67699
1024	2560	2	198	288	0.00000
1024	2560	2	362	447	0.00000
1536	2560	2	480	411	0.00000
1024	3584	1	272	408	0.55288
1024	3584	1	98	376	1.56952
1024	3584	1	214	334	5.68739
1024	3584	1	390	258	1.64565
1536	3584	1	64	438	0.00000
1024	3584	1	488	360	1.07192
1024	3584	1	458	462	1.00180
1536	3584	1	298	482	0.00000
1536	3584	1	142	446	0.00000
1536	3584	1	214	454	0.13961
1536	3584	1	506	422	2.95166
1024	3584	1	124	236	0.98432
1536	3584	1	252	270	2.83275
1536	3584	1	118	176	1.07614
1536	3584	1	152	268	4.05270
1536	3584	1	374	260	2.54639
1536	3584	1	388	398	5.08614
1536	3584	2	44	202	0.00000
1536	3584	1	452	244	3.75896
1024	3584	1	202	142	6.23693
1024	3584	1	322	128	1.64485
1024	3584	1	440	188	4.86601
1536	3584	1	418	140	0.00000
1536	3072	1	286	504	2.40869
1024	3072	1	126	510	0.18153
1024	3584	2	170	20	0.00000
1024	3584	1	42	2	0.19470
1024	3072	1	300	488	0.50704
1024	3584	1	404	6	2.90863
1024	3584	1	494	40	3.67265
1536	3584	1	68	44	3.56373
1536	3584	2	440	64	0.00000
1536	3584	2	186	152	0.00000
1536	3072	1	490	498	2.33988
1024	3072	1	502	236	0.78827
1536	3072	1	286	438	5.42324
1536	3072	1	164	438	5.46997
1536	3072	1	108	496	5.42140
1536	3072	1	278	350	5.52343
1536	3072	1	364	326	2.16746
1536	3072	1	452	264	5.75405
1536	3072	2	432	378	0.00000
1024	3072	1	236	350	3.12228
1024	3072	1	130	234	3.10841
1024	3072	1	36	192	0.00000
1024	3072	1	334	300	0.39510
1024	3072	1	250	230	0.00000
1024	3072	1	326	112	5.90491
1024	3072	1	428	424	2.24153
1024	3072	1	464	346	2.37764
1536	3072	1	36	334	0.00000
1536	3072	1	122	178	0.30180
1536	3072	1	168	244	0.70321
1536	3072	1	290	234	1.81409
1536	3072	1	370	180	0.30882
1536	3072	1	256	118	3.19305
1536	3072	1	414	28	5.55796
1536	3072	1	298	36	2.55091
1536	3072	1	174	28	1.48518
1024	3072	2	470	38	0.00000
1024	3072	2	378	180	0.00000
1536	3072	2	410	112	0.00000
1024	3072	1	208	126	4.63152
1024	3072	1	104	112	3.07514
1024	3072	1	246	38	3.80622
1024	3072	1	120	378	5.11575
1024	3072	2	62	422	0.00000
2560	2560	1	346	378	3.40511
2560	2560	1	496	214	1.33590
2560	2560	1	464	100	5.73640
2048	2560	1	168	254	1.19781
2560	2560	1	220	58	1.86570
2560	2560	1	118	172	2.07515
2560	2560	1	244	146	5.15584
2560	2048	1	384	508	3.92626
2048	2048	1	366	468	4.48359
2048	2048	1	310	92	0.92503
2048	2048	1	286	290	0.00000
2048	2048	1	198	344	3.31718
2048	2048	1	194	76	4.12852
2560	2560	1	16	304	6.17253
2560	2560	1	282	278	0.20832
2048	2560	1	288	88	6.06110
2560	2048	1	484	414	1.64429
2048	2560	1	230	36	3.39722
2560	2560	2	6	150	0.00000
2048	2560	1	12	356	1.39630
2048	2560	1	380	298	0.71176
2560	2048	1	490	500	3.12689
2560	2048	1	72	110	3.51118
2560	2560	1	382	202	3.49232
2560	2048	1	70	338	5.82978
2048	2048	1	484	410	5.99550
2560	2048	1	56	506	4.68115
2048	2048	1	24	268	0.36254
2048	2560	1	144	60	3.66766
2560	2560	1	416	434	4.64229
2560	2560	1	426	298	4.38840
2560	2560	1	250	512	2.37646
2560	2048	1	472	274	0.00000
2048	2560	1	408	482	0.93709
2560	2560	1	192	288	0.75973
2560	2560	1	124	506	2.17080
2048	2560	1	64	98	3.93598
2048	2560	1	126	438	0.00000
2048	2048	1	28	98	0.87850
2048	2048	1	108	118	0.00000
2560	2048	1	382	256	3.83933
2560	2048	1	2	224	2.56836
2560	2048	1	116	254	5.76799
2048	2560	1	508	84	5.23567
2560	2560	2	12	466	0.00000
2560	2560	2	232	438	0.00000
2560	2560	2	306	476	0.00000
2048	2560	2	330	428	0.00000
2048	2560	2	164	368	0.00000
2048	2560	2	318	202	0.00000
2048	2048	1	104	462	1.57420
2048	2560	2	214	426	0.00000
2048	2560	2	234	154	0.00000
2048	2560	2	448	306	0.00000
2048	2560	2	172	156	0.00000
2048	2560	2	340	40	0.00000
2048	2560	2	414	48	0.00000
2560	2048	1	430	82	2.11670
2560	2048	1	312	88	0.00000
2560	2048	1	202	54	0.00000
2560	2048	1	144	178	5.69608
2560	2048	1	240	376	0.24376
2560	2048	1	164	382	3.60052
2048	2048	2	492	64	0.00000
2560	2048	1	138	0	0.00000
2048	2048	1	440	86	0.00000
3072	2048	1	66	114	5.63802
3072	2048	1	200	56	3.23851
3072	2048	1	254	140	4.21937
3072	2048	1	120	226	3.08622
3072	2048	1	194	316	0.00000
3072	2048	1	432	144	3.35940
3072	2048	1	354	236	2.16631
3072	2048	1	414	32	4.92248
3584	2048	1	54	204	5.56434
3584	2048	1	130	116	0.00000
3584	2048	1	226	96	4.25910
3584	2048	1	386	94	0.00000
3584	2048	1	470	64	0.00000
3584	2048	1	364	234	5.63292
3584	2048	1	220	270	4.50387
3072	2048	1	472	302	2.92089
3584	2048	1	66	314	2.01090
3072	2048	1	266	290	0.00000
3072	2048	1	370	356	2.23238
3072	2048	1	102	372	3.02211
3072	2560	1	220	2	2.12332
3072	2048	1	374	470	2.42763
3072	2560	1	86	70	0.63458
3072	2560	1	136	182	0.52174
3072	2560	1	244	188	5.56659
3072	2560	1	336	176	5.45673
3072	2560	1	290	88	1.55075
3072	2560	1	420	70	1.73876
3072	2560	1	496	22	2.38872
3584	2560	1	46	158	5.64310
3584	2560	1	80	18	5.53946
3584	2048	1	64	432	1.56459
3584	2048	1	270	448	4.77583
3584	2048	2	168	380	0.00000
3072	2560	2	466	186	0.00000
3072	2560	2	168	76	0.00000
3072	2560	2	440	134	0.00000
3584	2560	1	186	76	0.00000
3584	2560	1	296	96	0.00000
3584	2560	1	414	78	4.13273
3584	2560	1	414	180	4.94445
3584	2560	1	24	404	5.63619
3072	2560	1	68	340	1.10493
3072	2560	2	164	422	0.00000
3072	2560	1	188	290	3.07970
3072	2560	1	260	342	3.22684
3072	2560	1	364	314	3.61604
3072	2560	1	452	310	0.59259
3072	2560	1	308	476	2.09575
3072	2560	1	420	456	1.67768
3584	2560	1	112	286	0.92494
3584	2560	1	146	388	1.39521
3584	2560	1	368	294	0.30058
3584	2560	1	306	394	2.88225
3584	2560	1	442	348	2.92210
3584	2560	2	238	318	0.00000
3584	2560	2	248	454	0.00000
3072	3072	2	242	446	0.00000
3072	3072	2	428	254	0.00000
3584	3072	2	2	200	0.00000
3072	3072	1	44	120	3.26998
3072	3072	1	124	180	4.03608
3072	3072	1	282	68	4.07546
3072	3072	1	176	24	1.37758
3072	3072	1	388	84	5.71197
3072	3072	1	334	188	1.11436
3072	3072	1	192	232	1.46846
3072	3072	2	50	220	0.00000
3072	3072	1	236	306	1.79211
3072	3072	1	98	340	1.30037
3072	3072	1	196	376	1.46570
3072	3072	1	474	166	0.64378
3584	3072	1	132	78	4.03500
3584	3072	1	234	48	0.79745
3584	3072	1	284	92	3.76808
3584	3072	1	336	140	3.83729
3584	3072	1	494	52	5.90522
3584	3072	1	152	188	1.97527
3584	3072	1	198	142	5.95431
3584	3072	1	412	114	3.64968
3584	3072	1	470	168	3.61856
3584	3072	1	342	222	4.65254
3584	3072	1	198	260	1.08034
3584	3072	2	416	364	0.00000
3584	3072	2	346	324	0.00000
3584	3072	2	494	252	0.00000
3584	3072	1	450	424	0.67866
3584	3072	1	318	396	1.95834
3584	3072	1	278	306	1.87394
3584	3072	1	56	248	0.84843
3072	3072	1	346	372	3.79879
3072	3072	1	454	418	3.72641
3072	3584	1	376	2	2.38046
3072	3072	1	206	502	2.43658
3072	3072	1	70	482	1.18429
3584	3072	1	34	468	0.60453
3584	3072	1	94	334	2.49547
3584	3072	1	138	430	1.05487
3584	3072	1	218	354	1.80254
3584	3072	1	226	454	3.60476
3584	3584	1	170	14	4.91194
3584	3584	1	158	86	2.72894
3584	3584	1	340	16	0.94992
3584	3584	1	254	92	3.49138
3584	3584	1	356	174	2.37331
3584	3584	1	494	52	5.37864
3584	3584	2	456	128	0.00000
3072	3584	1	480	82	3.35847
3072	3584	1	380	126	5.00626
3584	3584	1	44	136	1.32481
3072	3584	1	248	122	4.05793
3072	3584	1	152	60	1.31122
3072	3584	1	42	80	1.01220
3072	3584	1	24	170	1.61229
3072	3584	1	4	216	1.74117
3072	3584	1	178	252	5.48541
3072	3584	1	262	228	4.79979
3072	3584	1	304	322	2.39306
3072	3584	1	112	332	5.69093
3072	3584	2	34	328	0.00000
3072	3584	1	48	434	3.65604
3072	3584	1	92	422	0.48511
3072	3584	1	480	362	1.49580
3072	3584	2	276	436	0.00000
3072	3584	2	464	476	0.00000
3072	3584	2	386	456	0.00000
3072	3584	2	328	484	0.00000
3072	3584	1	506	202	1.67418
3584	3584	2	96	286	0.00000
3584	3584	2	210	254	0.00000
3584	3584	2	308	222	0.00000
3584	3584	2	136	262	0.00000
3584	3584	2	340	314	0.00000
3584	3584	2	308	456	0.00000
3584	3584	2	430	488	0.00000
3584	3584	2	488	258	0.00000
3584	3584	1	120	402	1.09039
3584	3584	2	226	498	0.00000
3584	3072	2	12	30	0.00000
2048	3584	1	210	268	5.97966
2048	3584	1	238	448	0.00000
2048	3584	1	406	436	0.54928
2048	3584	1	462	288	0.32016
2048	3584	1	140	464	0.00000
2560	3584	1	26	400	0.64280
2560	3584	1	222	272	2.85846
2560	3584	1	504	212	1.87480
2048	3584	1	136	334	0.51403
2048	3584	1	166	142	3.98415
2048	3584	1	352	264	0.38187
2048	3584	1	270	268	6.04656
2048	3584	1	276	124	1.12224
2048	3584	1	442	214	0.75171
2560	3584	1	52	240	1.85509
2560	3584	1	472	326	2.57498
2560	3584	1	376	222	2.22682
2560	3584	1	184	418	2.88725
2560	3584	1	436	450	3.80728
2560	3584	1	340	348	0.70390
2048	3584	1	68	140	0.85141
2048	3584	1	394	136	1.35990
2560	3584	2	116	304	0.00000
2560	3072	2	96	226	0.00000
2560	3072	2	144	74	0.00000
2560	3072	2	232	130	0.00000
2048	3072	2	158	472	0.00000
2048	3584	2	74	12	0.00000
2048	3584	2	212	388	0.00000
2560	3072	2	66	494	0.00000
2560	3584	1	280	222	2.47033
2560	3584	1	86	144	2.75225
2560	3584	1	380	52	2.39937
2560	3584	1	4	96	2.55550
2560	3072	1	450	490	3.32878
2560	3584	1	160	56	2.64099
2048	3584	1	226	62	1.53064
2560	3584	1	368	142	1.89341
2560	3584	1	280	48	3.50825
2048	3072	1	318	476	0.74770
2048	3072	1	42	446	3.33056
2048	3072	1	394	394	2.88974
2048	3072	1	224	398	5.21088
2048	3072	1	172	304	4.25084
2048	3072	1	498	462	5.86247
2048	3584	1	402	20	3.62913
2560	3072	1	388	428	1.05742
2560	3072	1	368	310	0.31189
2560	3072	1	232	366	0.88904
2560	3072	1	202	294	1.05468
2560	3072	1	314	240	5.96728
2560	3072	1	478	322	4.27261
2560	3072	1	496	216	4.55775
2048	3072	1	490	308	4.54406
2560	3072	2	40	444	0.00000
2560	3072	2	112	428	0.00000
2560	3072	1	130	158	4.88979
2048	3072	1	258	176	5.02586
2560	3072	1	434	68	5.62868
2560	3072	1	350	128	5.40518
2560	3072	1	36	86	3.91348
2560	3072	2	16	182	0.00000
2048	3072	1	292	314	2.77796
2048	3072	1	370	244	5.98502
2048	3072	1	480	200	2.70296
2048	3072	1	442	42	0.78603
2048	3072	1	290	96	5.92948
2048	3072	1	168	100	1.83310
2048	3072	2	206	22	0.00000
2048	3072	1	50	78	5.26070
