1024	2048	1	246	372	0.30427
1024	2048	1	90	232	1.20030
1024	2048	1	60	106	5.74708
1024	2048	2	20	184	0.00000
1024	2048	1	112	22	5.60766
1024	2048	2	358	48	0.00000
1024	2048	2	444	22	0.00000
1536	2048	2	12	46	0.00000
1536	2048	1	222	142	0.00000
1536	2048	1	92	164	5.89937
1024	2048	1	494	224	3.50196
1536	2048	1	314	116	0.11109
1536	2048	1	394	126	4.59590
1536	2048	1	264	28	3.88771
1536	2048	1	36	308	3.25153
1536	2048	1	122	300	3.79184
1536	2048	1	512	136	4.72532
1536	2048	1	170	398	2.99578
1536	2048	1	224	348	3.13625
1536	2048	1	358	362	3.03597
1536	2048	1	448	378	3.25353
1024	2560	1	78	128	3.28349
1536	2560	1	90	460	2.17390
1536	2560	1	262	380	0.90173
1024	2560	1	442	388	2.52790
1536	2560	1	340	448	1.66219
1536	2560	1	466	236	6.11258
1024	2560	1	26	438	6.07687
1024	2560	1	272	440	0.00000
1024	2560	1	128	364	5.12215
1024	2560	1	378	504	1.47768
1536	2560	1	512	452	0.14708
1536	2560	1	176	382	3.25085
1024	2560	1	168	484	1.10067
1536	2560	1	408	330	4.20984
1024	2560	2	344	442	0.00000
1536	2560	2	412	512	0.00000
1024	2560	2	90	480	0.00000
1536	2560	2	242	512	0.00000
1536	2560	2	464	410	0.00000
1024	2560	2	198	284	0.00000
1024	2560	1	32	270	1.19237
1024	2560	1	168	230	4.64794
1024	2560	1	508	306	2.11405
1024	2560	1	320	312	5.31661
1536	2560	1	86	232	2.08423
1536	2560	1	216	184	0.52143
1536	2560	1	300	244	5.57494
1536	2560	1	366	226	2.53617
1536	2560	1	466	130	3.98343
1536	2560	1	436	56	3.65782
1536	2560	1	362	74	3.33479
1536	2048	1	276	454	0.91267
1536	2560	1	198	72	0.83110
1536	2560	1	92	94	5.96143
1536	2048	1	108	500	1.69390
1024	2560	1	496	88	0.39555
1024	2560	1	302	46	0.81141
1024	2560	1	390	108	0.91093
1024	2560	2	14	112	0.00000
1024	2560	1	504	418	3.66400
1024	2560	2	482	242	0.00000
1024	2048	2	266	20	0.00000
1024	2048	1	206	72	0.39610
1024	2048	2	490	420	0.00000
1024	3072	1	138	82	0.90072
1024	3072	1	288	96	5.96859
1024	3072	1	40	96	0.14980
1024	3072	1	222	192	6.21817
1024	3072	1	306	246	0.00000
1536	3072	1	494	254	4.61260
1536	3072	1	32	154	5.04146
1536	3072	1	86	68	0.61847
1536	3072	1	216	38	0.77379
1536	3072	1	292	104	3.80224
1536	3072	1	402	84	5.98972
1536	3072	1	494	88	6.00570
1024	3584	1	310	112	2.52435
1024	3072	1	154	408	2.65884
1024	3072	1	204	334	5.67607
1536	3584	1	488	298	0.62664
1024	3584	1	480	228	2.91633
1536	3072	1	280	242	3.22537
1536	3072	1	116	278	3.12714
1536	3072	1	422	194	1.12032
1024	3072	1	436	174	2.34563
1536	3072	1	254	348	1.98140
1536	3072	1	388	360	0.38931
1536	3584	1	50	208	2.80038
1536	3072	1	120	468	3.79364
1536	3072	1	236	482	0.00000
1024	3584	1	302	440	5.80538
1024	3584	1	128	434	6.27636
1536	3584	1	244	348	5.20165
1536	3584	1	64	458	0.66691
1024	3584	1	488	428	0.61476
1536	3072	1	446	434	3.75324
1536	3072	2	366	451	0.00000
1536	3584	2	466	107	0.00000
1536	3584	1	322	96	2.71957
1536	3584	2	372	59	0.00000
1024	3072	2	498	297	0.00000
1024	3584	1	202	408	6.06782
1024	3584	1	380	314	0.41280
1536	3584	1	180	150	2.44539
1536	3584	1	232	98	2.14317
1536	3584	1	152	460	0.20984
1536	3584	1	424	206	4.10846
1536	3584	1	372	304	4.58951
1536	3584	1	322	516	5.52462
1536	3072	1	430	360	0.00000
1024	3584	1	258	262	1.24905
1536	3584	1	308	196	3.84426
1536	3584	1	124	234	3.14159
1536	3584	1	460	402	2.15540
1024	3584	1	68	276	2.27341
1024	3584	1	104	188	4.58799
1024	3584	1	70	82	0.97178
1024	3584	1	254	66	0.53766
1024	3072	1	132	212	0.85052
1024	3072	1	30	226	0.00000
1024	3072	1	438	306	2.66798
1024	3072	2	110	410	0.00000
1024	3072	2	66	352	0.00000
1024	3072	1	464	476	2.55400
1536	3584	1	50	106	1.20042
1024	3072	1	28	466	5.75991
1536	3584	2	254	258	0.00000
1024	3072	1	136	14	1.23647
1536	3584	1	512	50	4.87423
1024	3072	2	480	40	0.00000
1536	3584	2	16	50	0.00000
2048	2048	1	154	256	5.53777
2048	2048	1	392	474	5.35249
2048	2560	2	416	60	0.00000
2048	2048	1	294	312	0.00000
2048	2048	1	368	202	0.00000
2048	2560	1	490	250	1.41018
2048	2560	2	174	146	0.00000
2048	2560	2	226	150	0.00000
2048	2560	2	324	204	0.00000
2048	2048	2	214	508	0.00000
2048	2560	2	280	2	0.00000
2048	2048	2	172	90	0.00000
2560	2560	2	462	328	0.00000
2048	2560	2	170	358	0.00000
2048	2560	2	196	416	0.00000
2048	2560	2	334	432	0.00000
2560	2560	2	16	172	0.00000
2048	2560	2	370	116	0.00000
2560	2560	2	14	482	0.00000
2048	2560	2	462	486	0.00000
2560	2048	2	292	394	0.00000
2560	2048	2	488	480	0.00000
2560	2560	2	312	488	0.00000
2048	2560	2	434	322	0.00000
2048	2560	2	188	502	0.00000
2560	2048	2	492	216	0.00000
2048	2048	1	46	276	6.05395
2048	2048	1	54	144	4.87363
2048	2048	1	116	74	6.05331
2048	2048	1	406	330	3.78136
2048	2048	1	64	474	3.04475
2048	2048	1	172	406	3.34720
2048	2048	1	490	396	4.73412
2560	2048	1	122	256	0.00000
2560	2048	1	44	202	5.77411
2048	2560	1	46	156	0.00000
2048	2560	1	112	76	0.00000
2048	2560	1	440	144	3.81633
2048	2560	1	284	116	5.44564
2560	2560	1	150	150	3.60963
2560	2560	1	82	24	1.77192
2560	2048	1	92	422	3.75918
2560	2048	1	182	450	3.59409
2560	2560	1	240	36	1.29098
2560	2048	1	204	136	0.00000
2560	2048	1	456	338	0.84739
2560	2048	1	312	320	1.48675
2560	2048	1	300	86	0.00000
2560	2048	1	442	146	4.45033
2560	2560	1	296	338	5.77609
2560	2560	1	290	180	0.33410
2560	2560	1	222	138	0.24124
2560	2560	1	458	108	3.32857
2560	2560	1	374	56	0.00000
2560	2048	1	384	448	5.32399
2560	2048	1	240	234	4.48130
2048	2560	1	238	312	0.81267
2048	2560	1	326	348	0.63294
2048	2560	1	142	226	2.99935
2560	2560	1	172	310	5.14215
2560	2560	1	398	236	5.04784
2560	2560	1	76	422	0.00000
2048	2560	1	390	456	0.00000
2560	2560	1	172	438	5.93535
2048	2560	1	498	374	2.82276
2560	2560	1	460	410	5.44263
2048	2560	1	38	450	0.00000
2560	2048	1	362	70	0.00000
2560	2048	1	438	74	0.00000
2560	2048	1	82	130	2.72337
2048	2048	2	396	32	0.00000
2560	2560	1	242	462	2.76764
2048	2048	1	480	38	1.16265
2048	2560	1	246	484	2.06496
3072	2048	1	72	68	0.42830
3072	2048	1	196	46	4.50673
3072	2048	1	216	112	4.87139
3072	2048	1	350	72	4.70634
3584	2048	1	30	80	3.88375
3584	2048	1	164	128	0.05556
3584	2048	1	250	98	3.98138
3584	2048	1	222	0	0.00000
3584	2048	1	394	88	6.20825
3584	2048	1	458	50	0.00000
3072	2048	1	110	194	5.92287
3072	2048	2	20	143	0.00000
3072	2048	1	322	242	2.79091
3072	2048	1	408	238	3.06221
3072	2048	1	492	286	3.33909
3584	2048	1	56	320	0.45523
3584	2048	1	86	426	3.52326
3584	2048	1	220	276	4.61621
3584	2048	1	376	216	5.24557
3584	2048	1	500	200	1.60028
3584	2048	1	512	114	0.00000
3072	2048	1	102	324	4.41105
3072	2048	1	306	344	1.91130
3072	2048	1	204	388	4.80853
3072	2048	1	64	444	4.15238
3072	2048	1	444	438	2.73539
3072	2048	1	358	488	1.92284
3584	2048	1	408	488	2.47384
3072	2560	1	510	16	4.41012
3072	2560	1	124	172	0.87999
3072	2560	1	92	50	3.64707
3072	2560	2	22	9	0.00000
3072	2560	2	250	25	0.00000
3072	2560	2	311	13	0.00000
3072	2560	1	210	38	0.15706
3584	2560	1	94	8	4.38338
3584	2560	1	240	16	0.23389
3584	2560	1	302	62	5.88079
3584	2560	1	512	52	3.76187
3584	2560	1	462	70	3.43445
3584	2560	1	410	162	2.61122
3072	2560	1	270	178	1.33852
3072	2560	1	364	130	1.71870
3072	2560	1	488	84	1.40207
3072	2560	2	458	181	0.00000
3072	2560	2	168	423	0.00000
3584	2560	1	104	90	5.07011
3584	2560	1	42	164	0.38101
3072	2560	1	262	328	2.84077
3072	2560	1	344	264	3.15927
3072	2560	1	434	276	4.04715
3072	2560	1	486	334	3.98778
3584	2560	1	242	164	0.14271
3584	2560	1	136	244	3.34591
3584	2560	1	348	242	6.25350
3584	2560	1	422	320	6.23140
3584	2560	1	250	326	1.66447
3072	2560	1	426	406	5.20499
3072	2560	1	378	484	6.13761
3072	2560	1	224	512	0.42584
3072	2560	1	78	512	2.91396
3584	2560	1	170	386	5.55513
3584	2560	1	50	368	5.79082
3584	2560	1	486	228	3.43746
3072	2560	1	512	512	0.92508
3584	2560	1	104	512	0.00000
3584	2560	1	192	512	2.51360
3584	2560	1	292	430	3.23886
3584	2560	2	346	443	0.00000
3584	2560	1	512	364	3.43408
3584	2560	1	424	418	5.09593
3584	2560	1	362	512	3.86058
3584	2560	1	512	512	3.79235
3072	3584	1	250	512	0.00000
3072	3584	1	480	478	2.85342
3072	3584	1	494	136	2.15973
3584	3584	1	146	458	0.00000
3072	3584	1	186	140	1.09923
3072	3584	1	32	384	5.42807
3072	3584	1	318	476	2.42427
3072	3584	1	374	450	2.32763
3584	3584	1	512	470	1.98321
3584	3584	1	386	382	1.56515
3072	3584	1	134	500	0.79618
3584	3584	1	342	464	4.83301
3584	3584	1	68	454	0.00000
3584	3584	1	202	478	0.50683
3072	3584	1	104	454	6.19252
3072	3584	1	210	392	0.00000
3072	3584	1	34	268	2.61608
3072	3584	1	190	218	1.12150
3072	3584	1	200	284	1.64572
3072	3584	1	306	384	3.66869
3072	3584	1	348	210	0.00000
3072	3584	1	376	336	6.02693
3584	3584	1	4	358	0.85705
3072	3584	1	436	318	0.00000
3072	3584	1	484	220	1.48352
3072	3584	1	504	296	1.26585
3072	3584	1	390	136	2.12654
3584	3584	1	228	342	2.08796
3584	3584	1	286	276	0.00000
3584	3584	1	472	246	5.61504
3584	3584	1	410	302	2.76765
3584	3584	1	102	232	3.48516
3072	3584	1	140	56	1.40565
3584	3584	1	374	166	3.89474
3584	3584	1	504	74	0.27604
3584	3584	1	346	50	0.60555
3584	3584	1	436	40	3.82152
3584	3584	1	290	102	2.89263
3584	3584	1	192	144	0.79744
3584	3584	1	66	122	2.02879
3584	3072	1	374	434	4.75835
3584	3072	1	264	478	3.09412
3584	3072	1	134	360	3.75339
3584	3072	1	494	440	5.98692
3584	3072	1	492	68	3.27627
3584	3072	1	246	116	0.66222
3584	3584	1	100	56	5.87829
3584	3072	1	46	400	3.08659
3584	3072	1	232	380	0.51535
3584	3072	1	334	36	4.36362
3584	3584	1	166	8	2.07853
3584	3072	1	182	452	1.79681
3584	3072	1	304	338	0.23097
3584	3072	1	206	50	4.45712
3584	3072	1	120	16	0.00000
3584	3072	1	438	318	1.48014
3072	3584	1	408	26	4.07056
3072	3584	1	508	18	3.65282
3072	3072	1	464	422	4.76113
3584	3072	1	356	222	2.08994
3584	3072	1	434	176	0.00000
3584	3072	1	394	54	4.85120
3584	3072	1	332	118	4.71239
3584	3072	1	212	210	1.55609
3584	3072	1	214	298	3.66614
3584	3072	1	90	250	0.16628
3584	3072	1	120	110	2.32496
3072	3072	1	504	36	0.77782
3072	3072	1	380	10	0.00000
3072	3072	1	480	140	0.80667
3072	3072	1	492	304	3.20035
3072	3072	1	408	316	2.75816
3072	3072	1	318	440	4.26844
3072	3584	1	262	36	5.49779
3072	3072	1	254	340	3.32529
3072	3072	1	52	512	0.63287
3072	3072	1	148	404	3.05512
3072	3072	1	40	316	2.69941
3072	3072	1	288	212	2.44195
3072	3072	1	324	136	5.21949
3072	3072	1	212	42	0.00000
3072	3072	1	102	56	2.87907
3072	3584	2	120	362	0.00000
3072	3072	2	246	456	0.00000
3584	3072	2	10	203	0.00000
3072	3072	2	420	249	0.00000
2048	3584	1	458	318	0.16878
2048	3584	1	330	394	5.82579
2048	3584	1	194	402	6.06265
2048	3584	1	60	388	6.11204
2048	3584	1	18	292	0.31362
2048	3584	1	56	162	2.18388
2048	3584	1	188	272	3.26777
2048	3584	1	134	212	3.52991
2048	3584	1	38	62	5.04521
2048	3584	1	88	2	2.18833
2048	3584	1	202	42	5.60018
2048	3072	1	124	434	4.71239
2048	3072	1	272	484	4.74865
2048	3072	1	266	378	0.15362
2048	3072	1	70	300	0.81872
2048	3072	1	76	188	4.57015
2048	3072	1	124	90	1.65154
2048	3072	1	260	138	5.65439
2048	3072	1	364	150	5.71387
2048	3072	1	354	278	0.16894
2048	3072	1	414	346	3.24960
2048	3072	1	496	360	3.86426
2048	3072	1	480	192	4.17376
2560	3072	1	22	82	1.32399
2048	3072	1	462	36	1.36540
2560	3072	1	458	38	5.36978
2560	3072	1	350	130	3.14336
2560	3072	1	454	174	4.47658
2048	3584	1	382	226	2.23393
2048	3584	1	368	302	5.69629
2048	3584	1	510	464	1.72740
2560	3584	1	50	384	5.02044
2560	3584	1	152	428	0.00000
2560	3584	1	244	442	5.22036
2560	3584	1	288	348	0.00000
2560	3584	1	422	504	0.17545
2560	3584	1	412	336	3.57183
2560	3584	1	352	286	0.00000
2560	3584	1	512	392	5.14685
2560	3584	1	348	512	6.14129
2560	3584	1	180	308	2.11640
2560	3584	1	90	260	3.66451
2560	3584	1	60	162	0.60157
2560	3584	1	40	98	0.55968
2048	3584	1	466	50	1.14660
2560	3072	1	8	472	1.66870
2560	3072	1	142	272	3.86207
2560	3072	1	268	264	0.63476
2560	3072	1	420	286	4.02666
2560	3072	1	188	388	4.79013
2560	3072	1	136	510	0.30077
2560	3584	1	172	92	3.80723
2560	3584	1	204	226	2.10786
2560	3584	1	322	182	4.67241
2560	3584	1	262	132	0.94179
2560	3072	1	218	468	0.00000
2560	3584	1	310	44	5.02297
2560	3072	1	390	502	4.63815
2560	3072	1	484	374	0.97075
2560	3584	1	448	132	5.49079
2048	3584	2	374	20	0.00000
2048	3072	2	224	278	0.00000
2048	3072	2	292	284	0.00000
2048	3072	2	194	224	0.00000
2048	3072	2	196	26	0.00000
2560	3072	2	144	78	0.00000
2560	3072	2	270	50	0.00000
2560	3072	2	226	130	0.00000
2560	3072	2	354	242	0.00000
2560	3072	2	94	232	0.00000
2048	3072	2	464	282	0.00000
2560	3072	2	96	438	0.00000
2048	3584	1	384	142	5.44917
2048	3072	1	178	322	1.52321
