1024	2048	1	148	26	0.17517
1024	2048	1	50	90	0.00000
1024	2048	1	100	234	0.83017
1536	2048	1	222	118	0.09436
1536	2048	1	92	116	6.10963
1024	2048	1	204	38	0.21907
1024	2048	2	248	16	0.00000
1536	2048	1	26	0	0.00000
1536	2048	1	50	304	3.38654
1536	2048	1	120	344	3.40702
1536	2048	1	406	102	1.70271
1024	2048	1	496	220	3.47701
1024	2048	1	244	362	0.39561
1536	2560	2	34	244	0.00000
1536	2048	1	454	0	1.04214
1536	2048	1	512	98	2.70837
1536	2048	1	512	250	5.57748
1536	2048	1	288	180	0.86759
1024	2560	1	192	218	4.64965
1024	2560	1	72	126	2.89502
1024	2560	1	264	48	0.86405
1024	2560	1	28	408	5.18806
1024	2560	1	56	304	2.10061
1024	2560	1	44	512	3.51830
1024	2560	1	72	232	2.40733
1024	2560	2	192	282	0.00000
1024	2560	1	398	382	1.36565
1024	2560	1	426	512	2.10626
1024	2560	1	464	458	2.64615
1024	2560	1	244	468	3.89479
1024	2560	1	148	470	3.65937
1536	2048	1	338	458	4.25377
1536	2048	1	196	494	2.21043
1536	2048	1	512	444	1.05445
1536	2048	1	242	362	1.95577
1536	2560	1	74	218	2.79156
1024	2560	1	462	60	2.05376
1536	2048	1	18	466	4.32665
1536	2048	1	266	282	5.09664
1536	2560	1	474	62	4.48420
1536	2560	1	134	78	5.71221
1024	2560	1	472	224	0.93867
1536	2560	1	86	116	5.73536
1536	2048	1	474	342	5.24293
1536	2560	1	338	112	4.01713
1536	2560	1	204	326	1.85015
1536	2560	1	220	166	0.25103
1024	2560	1	498	318	2.02294
1536	2560	1	306	252	5.50050
1536	2560	1	256	440	1.65604
1536	2560	1	74	436	5.23561
1536	2560	1	490	144	5.83314
1536	2560	1	444	228	0.29949
1536	2560	1	378	246	0.00000
1536	2560	1	394	416	2.07784
1536	2560	1	508	274	4.12481
1536	2560	1	430	354	1.43600
1536	2560	1	512	370	2.74182
1536	2560	1	318	512	2.93133
1536	2560	2	332	458	0.00000
1024	3072	1	102	204	6.13054
1024	3072	1	128	78	1.46014
1024	3072	1	300	108	5.37914
1024	3072	1	456	106	1.48766
1536	3072	1	44	206	0.30588
1024	3072	1	318	298	0.49734
1024	3584	1	378	208	4.85089
1536	3072	1	162	408	5.34797
1536	3072	1	24	404	0.00000
1536	3072	1	260	124	0.00000
1536	3072	1	134	50	1.31146
1536	3072	1	462	194	2.67795
1024	3072	1	386	512	2.74680
1024	3584	1	470	52	3.45842
1024	3072	2	226	174	0.00000
1024	3072	1	176	204	0.00000
1536	3072	1	348	56	2.76880
1536	3072	1	236	332	2.13092
1536	3072	1	416	370	5.80584
1024	3584	1	84	110	0.83082
1536	3584	1	36	168	4.43062
1024	3584	1	350	128	1.57080
1024	3072	1	222	336	0.36681
1536	3072	2	196	218	0.00000
1536	3072	2	380	438	0.00000
1536	3584	2	134	52	0.00000
1536	3072	1	414	506	1.13210
1536	3584	2	462	90	0.00000
1024	3584	1	64	22	1.26439
1536	3072	1	344	266	4.84792
1536	3584	1	246	204	5.46409
1536	3584	1	174	2	2.49478
1536	3072	1	296	456	0.67575
1536	3584	1	368	122	4.26938
1536	3584	1	412	236	5.01287
1024	3584	1	218	192	1.88067
1024	3584	1	180	120	4.27375
1024	3584	1	216	378	0.00000
1024	3584	1	98	246	5.17667
1024	3584	1	352	338	1.61774
1536	3584	1	136	364	1.51456
1536	3584	1	142	256	2.32672
1536	3584	1	308	454	0.00000
1024	3584	1	474	450	0.58436
1536	3584	1	38	462	0.49642
1536	3584	1	196	448	0.83298
2048	2048	1	82	250	0.00000
2048	2048	1	48	56	0.00000
2560	2048	1	172	110	0.00000
2048	2048	1	308	330	6.13734
2048	2048	1	410	262	0.00000
2048	2048	1	236	232	0.58180
2048	2048	2	190	58	0.00000
2048	2048	2	124	116	0.00000
2048	2048	1	174	384	3.46334
2560	2048	1	434	54	0.95198
2560	2048	1	302	84	0.00000
2560	2048	1	396	160	4.00114
2560	2048	1	224	200	4.82521
2560	2048	1	118	256	5.97769
2560	2048	1	22	250	2.49217
2048	2048	2	430	150	0.00000
2048	2048	2	100	494	0.00000
2048	2048	2	220	478	0.00000
2048	2048	2	264	506	0.00000
2560	2048	2	294	400	0.00000
2560	2048	1	460	232	1.59647
2560	2048	1	462	330	1.66264
2560	2560	1	396	8	4.28756
2560	2560	2	286	6	0.00000
2560	2048	2	446	452	0.00000
2560	2048	1	188	316	3.68201
2048	2048	1	478	364	4.42283
2560	2048	1	146	438	1.09072
2048	2048	1	390	480	5.41831
2048	2560	1	292	112	0.49623
2048	2560	2	410	62	0.00000
2048	2560	2	368	120	0.00000
2048	2560	1	166	94	4.37097
2560	2560	2	18	164	0.00000
2048	2560	1	462	126	3.71293
2560	2560	1	64	84	0.75909
2560	2560	1	288	88	5.30669
2560	2560	1	138	148	3.88097
2048	2560	1	494	244	1.41383
2560	2560	1	262	218	0.00000
2560	2560	1	152	294	5.47454
2560	2560	1	46	322	5.04283
2048	2560	2	438	320	0.00000
2048	2560	2	322	214	0.00000
2048	2560	2	156	158	0.00000
2048	2560	2	220	150	0.00000
2048	2560	1	274	322	3.11065
2048	2560	1	178	246	0.00000
2048	2560	1	108	310	3.08807
2048	2560	2	74	486	0.00000
2048	2560	2	308	430	0.00000
2048	2560	2	166	364	0.00000
2048	2560	2	190	412	0.00000
2048	2560	1	236	450	0.00000
2048	2560	1	452	428	0.84036
2560	2560	2	12	486	0.00000
2560	2560	2	310	496	0.00000
2560	2560	1	90	446	5.95579
2560	2560	1	216	440	0.00000
2560	2560	1	318	384	5.81828
2560	2560	1	426	382	5.95528
2560	2560	2	468	328	0.00000
2560	2560	1	448	260	4.92775
2560	2560	2	496	202	0.00000
2048	2048	2	26	380	0.00000
2048	2560	1	28	370	2.81892
2560	2048	1	70	106	3.52521
2048	2048	2	506	60	0.00000
3584	2560	1	256	378	1.36117
3072	2560	1	294	168	0.16799
3584	2048	1	138	486	4.48989
3072	2560	1	146	134	1.35674
3072	2560	1	486	136	2.10077
3072	2560	1	286	394	1.89985
3584	2560	1	136	126	4.10876
3072	2560	1	364	206	3.38590
3072	2560	1	32	94	4.40620
3072	2560	1	400	368	5.81781
3584	2560	1	222	468	4.01765
3584	2560	1	154	464	5.52903
3584	2560	1	460	432	5.71644
3584	2560	1	294	472	3.62641
3584	2560	1	506	332	5.92755
3584	2048	1	394	414	3.63408
3584	2560	1	36	330	5.06526
3584	2560	1	362	328	6.04058
3584	2560	1	166	326	3.78534
3584	2560	1	18	508	0.90531
3584	2560	1	70	436	2.68066
3072	2560	1	278	304	2.01323
3584	2560	1	226	68	2.72553
3072	2560	1	418	48	1.78156
3584	2560	1	202	206	1.20954
3072	2560	1	30	442	3.41432
3072	2560	1	468	242	3.85453
3584	2560	1	100	226	2.25591
3072	2560	1	348	474	1.04606
3072	2560	1	50	212	1.59288
3584	2560	1	356	162	5.89339
3072	2560	1	472	428	2.89661
3072	2560	1	182	210	4.48341
3584	2560	1	290	258	3.18004
3584	2560	1	456	198	5.58428
3584	2560	1	426	60	4.16793
3584	2560	2	366	444	0.00000
3584	2560	2	364	502	0.00000
3584	2560	2	22	78	0.00000
3584	2560	2	398	458	0.00000
3584	2560	2	432	512	0.00000
3072	2560	2	262	30	0.00000
3584	2048	2	512	420	0.00000
3072	2560	2	162	398	0.00000
3072	2560	2	316	20	0.00000
3584	2048	1	512	126	0.00000
3584	2048	1	248	96	3.87875
3584	2048	1	62	424	3.90572
3072	2048	1	342	386	3.63766
3584	2048	1	512	482	0.89796
3584	2048	1	470	316	2.25476
3584	2048	1	162	122	0.11725
3584	2048	1	42	96	2.39443
3072	2048	1	400	52	4.80954
3072	2048	1	36	464	5.25646
3072	2048	1	468	172	5.17054
3072	2048	1	120	350	3.99089
3584	2048	1	368	214	5.36343
3584	2048	1	392	86	6.04348
3072	2048	1	172	486	5.87413
3584	2048	1	300	350	1.03992
3584	2048	1	504	228	6.03717
3072	2048	1	508	354	4.46261
3072	2048	1	400	412	3.25225
3072	2048	1	258	432	5.33212
3584	2048	1	460	62	0.00000
3584	2560	2	512	124	0.00000
3584	2048	2	220	24	0.00000
3072	2048	2	120	118	0.00000
3072	2048	2	32	60	0.00000
3072	2048	1	446	260	5.59604
3072	2048	1	336	134	2.67189
3072	2048	1	158	74	6.17219
3072	2048	1	246	104	2.60886
3072	2048	1	94	176	0.00000
3072	2048	1	26	190	0.00000
3072	2048	2	50	108	0.00000
3072	2048	1	338	248	2.47789
3072	2048	1	218	250	2.62781
3072	2048	2	86	26	0.00000
3072	2048	2	278	24	0.00000
3072	2560	2	162	74	0.00000
3072	2560	2	18	22	0.00000
3072	3072	1	366	164	1.20206
3072	3072	1	182	70	4.29998
3072	3072	1	292	198	0.00000
3584	3584	1	42	24	0.00000
3584	3072	2	360	326	0.00000
3584	3584	1	170	248	6.19086
3072	3072	1	48	68	0.99101
3072	3072	1	190	140	4.39610
3072	3072	1	62	228	3.28169
3072	3072	1	222	250	2.52440
3072	3072	1	186	348	2.72709
3072	3584	1	106	12	2.47211
3072	3072	1	60	438	0.16515
3072	3072	2	86	342	0.00000
3072	3072	1	396	64	0.00000
3072	3072	1	500	36	3.63565
3584	3072	1	44	64	3.81330
3584	3072	1	32	218	0.00000
3072	3072	1	436	218	0.87548
3072	3072	1	392	284	4.54724
3584	3072	1	18	284	2.35673
3072	3072	1	300	350	1.26642
3072	3072	1	370	416	1.03038
3072	3072	1	502	378	5.39934
3072	3072	1	436	456	4.39064
3072	3584	1	230	12	3.81339
3072	3584	1	364	18	5.09781
3072	3584	1	166	118	1.99222
3072	3584	1	38	118	2.07058
3584	3072	1	198	46	4.34572
3584	3072	1	130	114	4.36652
3584	3072	1	486	70	3.86082
3584	3072	1	84	276	3.18990
3584	3072	1	220	170	5.01711
3584	3072	1	364	130	5.03414
3584	3072	1	270	100	3.92699
3584	3072	1	490	164	1.80189
3584	3072	1	198	274	6.03821
3584	3072	1	290	256	3.74534
3584	3072	1	458	330	3.21079
3584	3072	1	98	378	4.10106
3584	3072	1	162	430	1.02187
3584	3072	1	294	406	1.99742
3584	3072	1	386	396	0.00000
3584	3072	1	478	480	2.42789
3584	3584	1	390	26	2.79181
3584	3584	1	194	60	0.16196
3584	3584	1	148	6	0.56946
3584	3584	1	296	98	4.16108
3584	3584	1	136	136	5.04597
3072	3584	1	392	90	1.53009
3584	3584	1	502	62	2.03444
3072	3584	1	306	160	2.07566
3072	3584	1	476	172	3.26714
3584	3584	1	38	244	2.72347
3072	3584	1	492	268	3.08947
3584	3584	1	282	198	3.79161
3584	3584	1	326	250	3.91042
3584	3584	1	424	252	2.75742
3584	3584	1	512	218	2.12629
3072	3584	1	210	206	4.58215
3072	3584	1	344	254	4.37167
3072	3584	1	28	196	5.30039
3072	3584	1	44	284	4.84853
3072	3584	1	60	368	3.22990
3072	3584	1	196	370	0.57238
3072	3584	1	194	464	0.84684
3072	3584	1	260	448	0.00000
3072	3584	1	364	438	4.41389
3584	3584	1	58	444	1.24050
3584	3584	1	388	358	4.79913
3584	3584	1	376	436	0.00000
3584	3584	1	240	358	4.63562
3584	3584	1	484	426	0.00000
3584	3584	2	86	378	0.00000
2560	3584	1	468	392	0.00000
2048	3584	1	24	428	1.61528
2048	3584	1	348	336	0.00000
2560	3584	1	216	436	0.66104
2048	3584	1	352	512	0.00000
2560	3584	1	48	438	2.37580
2560	3584	1	138	512	0.00000
2048	3584	1	204	232	4.61519
2048	3584	1	102	238	1.66687
2048	3584	1	10	188	0.00000
2560	3584	1	320	308	3.07726
2048	3584	1	260	342	5.51625
2560	3584	1	268	456	0.35965
2048	3584	1	182	398	1.72254
2048	3584	1	272	462	5.98317
2048	3584	1	452	426	5.28334
2048	3584	1	428	492	5.48740
2560	3584	1	330	512	0.17559
2560	3584	1	512	490	1.94445
2560	3584	1	22	512	5.73300
2560	3584	1	122	384	1.76453
2560	3584	1	376	392	3.46982
2560	3584	1	192	314	3.19523
2560	3584	1	22	240	0.00000
2560	3584	1	418	222	2.01484
2560	3584	1	512	112	2.28812
2560	3584	1	512	288	1.66575
2560	3584	1	230	190	2.06249
2560	3584	1	372	136	1.18979
2560	3584	1	112	200	3.46334
2560	3584	1	512	186	1.87701
2560	3584	1	220	40	4.82901
2560	3584	1	198	108	1.82695
2048	3584	1	200	38	5.74998
2048	3584	1	24	6	0.29888
2048	3584	1	96	98	2.80746
2560	3584	1	324	24	5.55654
2560	3072	1	444	500	3.93282
2048	3584	1	298	118	1.38642
2048	3584	1	398	186	4.55140
2048	3072	2	46	384	0.00000
2048	3072	2	166	468	0.00000
2048	3584	1	304	14	1.23472
2048	3584	1	466	38	4.29747
2560	3584	1	102	24	3.26840
2560	3072	1	456	302	4.26603
2560	3072	1	420	396	4.14521
2048	3072	1	418	454	2.21430
2048	3072	1	448	368	5.18808
2560	3072	1	60	342	0.00000
2560	3072	1	214	458	0.00000
2560	3072	1	276	418	5.78987
2560	3072	1	256	300	5.24958
2560	3072	2	98	436	0.00000
2048	3072	2	318	442	0.00000
2560	3072	2	344	238	0.00000
2560	3072	2	90	224	0.00000
2048	3072	1	270	396	3.92995
2048	3072	1	216	324	0.67474
2048	3072	1	38	236	0.93862
2048	3072	1	296	178	5.95516
2048	3072	1	104	150	2.06123
2048	3072	1	238	182	2.95582
2048	3072	1	70	0	0.00000
2048	3072	1	156	0	0.00000
2048	3072	1	238	0	0.00000
2048	3072	1	312	2	3.71245
2048	3072	1	372	142	5.79398
2048	3072	1	474	274	4.02706
2048	3072	2	432	238	0.00000
2048	3072	1	452	40	1.00887
2560	3072	1	4	122	0.58658
2560	3072	1	180	94	0.00000
2560	3072	2	122	72	0.00000
2560	3072	2	230	122	0.00000
2560	3072	1	294	138	0.78047
2560	3072	1	406	60	5.20544
2560	3072	1	512	80	0.66152
2560	3072	1	148	286	0.29850
