1536	2048	2	236	360	0.00000
1024	2560	1	408	454	3.68444
1536	2560	1	8	472	2.75099
1536	2560	1	408	436	1.85317
1024	2560	1	248	442	4.02755
1024	2560	2	86	188	0.00000
1536	2560	1	288	478	0.91777
1536	2560	1	74	426	5.21725
1536	2560	1	454	502	1.15189
1024	2560	1	64	464	1.61201
1024	2560	1	30	394	1.07856
1024	2560	1	144	378	2.52684
1536	2560	1	180	352	3.70286
1024	2560	1	130	236	3.70500
1024	2048	2	200	76	0.00000
1024	2048	1	72	160	4.66481
1024	2560	2	194	276	0.00000
1536	2560	1	422	140	3.41301
1536	2560	1	338	300	3.73596
1536	2560	1	476	242	5.89302
1536	2560	1	266	238	5.81299
1024	2560	1	232	328	1.46006
1536	2560	1	58	262	0.56413
1024	2048	1	26	492	0.39617
1024	2048	1	82	370	2.91232
1536	2560	2	476	412	0.00000
1024	2560	1	376	248	1.42648
1024	2560	1	286	198	4.41920
1536	2560	1	204	192	3.25225
1536	2560	1	82	116	0.72074
1024	2560	1	376	334	3.84113
1536	2560	1	310	90	1.05165
1024	2560	1	262	42	1.00207
1024	2560	1	482	56	4.24874
1024	2560	1	336	108	4.25720
1536	2048	1	392	468	3.04728
1024	2048	1	240	362	0.22202
1536	2048	1	100	454	4.66455
1024	2048	1	480	390	5.78147
1024	2048	1	482	244	2.80166
1536	2048	1	492	376	4.61833
1536	2048	1	388	294	3.25639
1536	2048	1	166	212	1.96615
1536	2048	1	42	94	5.15529
1536	2048	1	158	40	5.70888
1536	2048	2	234	152	0.00000
1536	2048	1	250	34	6.21291
1536	2048	1	338	166	0.67819
1536	2048	1	494	234	5.73280
1536	2048	1	364	26	4.44214
1536	2048	1	472	124	4.48130
1536	2048	2	498	60	0.00000
1536	3584	1	204	242	2.99032
1536	3584	1	264	202	2.87650
1536	3584	1	110	300	0.33502
1024	3584	1	412	290	0.00000
1024	3584	1	270	510	6.12882
1536	3584	1	246	490	0.22581
1024	3584	1	406	428	1.15257
1536	3584	1	186	398	0.00000
1024	3584	1	450	200	5.88826
1024	3584	1	282	338	5.85591
1536	3584	1	394	206	4.17197
1024	3584	1	108	182	1.37890
1024	3584	1	500	130	5.78366
1024	3584	1	348	218	3.05719
1536	3584	1	288	334	4.21845
1536	3584	1	128	108	4.71925
1024	3584	1	482	472	1.02624
1536	3584	1	118	182	4.00502
1024	3584	1	176	264	3.20829
1536	3584	1	422	516	6.04981
1024	3584	1	128	398	0.38179
1536	3584	1	332	496	0.37629
1536	3584	1	498	514	0.00000
1536	3584	1	448	398	0.09960
1024	3584	1	16	482	5.49605
1536	3072	1	34	464	0.42670
1536	3584	1	386	142	0.59024
1536	3584	1	176	30	2.44475
1536	3584	1	76	24	0.59324
1536	3584	1	284	10	3.43203
1024	3584	1	116	22	0.29468
1536	3072	1	424	420	1.49286
1024	3584	1	412	40	1.44372
1536	3584	1	438	258	4.44172
1536	3584	2	370	64	0.00000
1536	3584	1	512	26	3.08992
1024	3072	1	70	464	4.19663
1536	3584	2	466	111	0.00000
1024	3072	1	332	442	2.71168
1024	3072	1	182	394	3.00860
1024	3072	1	420	356	1.21203
1024	3072	1	498	394	4.08175
1024	3072	1	256	472	0.00000
1024	3072	2	496	297	0.00000
1024	3072	1	124	368	2.47177
1024	3072	1	88	250	0.91447
1024	3072	1	160	268	1.00407
1024	3072	1	348	272	0.00000
1024	3072	1	280	248	5.85229
1536	3072	1	288	388	4.06252
1536	3072	1	182	434	5.56339
1536	3072	1	394	482	5.54537
1536	3072	1	110	398	3.22891
1536	3072	1	372	298	1.99306
1536	3072	1	512	142	4.04957
1536	3072	1	432	196	0.53767
1536	3072	1	320	108	2.80523
1536	3072	1	512	350	3.36040
1536	3072	1	512	218	1.15720
1024	3072	1	416	170	0.13992
1024	3072	1	498	148	2.99838
1536	3072	1	462	78	0.92077
1536	3072	1	428	12	1.21409
1536	3072	1	254	120	3.30452
1536	3072	1	168	178	0.19786
1536	3072	1	96	252	2.22613
1536	3072	2	198	360	0.00000
1536	3072	1	254	4	1.03994
1536	3072	1	80	98	0.42996
1024	3072	2	480	32	0.00000
1024	3072	1	108	36	0.80450
1024	3072	1	16	148	0.29406
1024	3072	1	122	140	5.21318
1024	3072	1	254	100	3.93796
1024	3072	1	354	48	5.20523
1536	3072	1	36	4	3.20285
1024	3584	2	310	90	0.00000
2048	2048	1	310	40	0.46365
2048	2048	1	186	80	3.62599
2048	2048	1	116	132	2.85986
2048	2048	1	122	300	2.51551
2048	2048	1	260	314	0.00000
2048	2048	1	72	422	4.37450
2048	2048	1	220	494	4.04839
2048	2048	1	460	150	6.16442
2048	2048	1	0	382	4.45624
2048	2048	1	476	364	0.00000
2560	2048	1	70	338	5.83513
2560	2048	1	116	246	5.75778
2560	2048	1	78	108	3.56246
2560	2048	1	210	116	0.00000
2560	2048	1	302	76	0.00000
2560	2048	1	420	46	0.58986
2560	2048	1	484	162	0.12934
2560	2048	1	346	228	3.68737
2560	2048	1	238	360	0.30506
2560	2048	1	410	396	6.03929
2048	2560	1	134	154	3.14852
2048	2048	1	82	512	1.10675
2048	2048	1	378	474	1.19815
2048	2560	2	410	54	0.00000
2048	2560	2	354	58	0.00000
2560	2560	2	10	160	0.00000
2048	2560	2	232	154	0.00000
2048	2048	2	484	50	0.00000
2560	2560	2	470	330	0.00000
2048	2560	2	196	430	0.00000
2048	2560	2	322	428	0.00000
2048	2560	2	510	314	0.00000
2048	2560	2	442	318	0.00000
2048	2560	2	316	206	0.00000
2560	2048	2	258	502	0.00000
2048	2048	2	14	118	0.00000
2560	2048	2	140	0	0.00000
2560	2560	1	222	206	3.09481
2560	2560	1	280	72	5.18073
2560	2560	1	470	52	2.21490
2560	2560	1	296	304	3.30397
2560	2560	1	468	172	5.28669
2560	2560	1	414	226	5.41162
2560	2560	1	86	178	2.75935
2048	2560	1	278	78	4.31332
2048	2560	1	70	104	3.59873
2048	2560	1	364	288	3.47888
2560	2048	1	512	438	3.44009
2560	2048	2	336	422	0.00000
2560	2560	1	188	306	2.57009
2560	2560	1	128	374	2.05959
2560	2560	1	342	400	4.28222
2560	2560	1	6	440	0.92766
2048	2048	2	12	282	0.00000
2048	2048	2	414	6	0.00000
2048	2560	1	224	328	5.26041
2048	2560	1	350	488	1.26301
2048	2560	1	116	450	5.79485
2048	2560	2	158	366	0.00000
2048	2560	1	72	360	4.45925
2560	2560	2	306	494	0.00000
2560	2560	1	170	462	1.32821
2560	2560	1	480	508	2.65925
2560	2560	1	380	498	5.76691
2560	2560	2	246	512	0.00000
2048	2048	2	474	6	0.00000
2048	2560	2	4	298	0.00000
3584	2560	1	402	412	2.15975
3584	2560	1	166	370	1.74279
3584	2560	1	374	506	1.37651
3584	2560	1	302	510	1.34317
3072	2560	1	446	292	2.24317
3584	2560	1	314	470	3.08834
3072	2560	1	212	468	0.00000
3584	2560	1	328	210	3.51472
3584	2560	1	216	456	4.72063
3584	2560	1	512	246	5.09698
3072	2560	1	76	488	3.06015
3584	2560	1	318	350	3.58345
3072	2560	1	348	494	1.37808
3072	2560	1	270	372	4.77929
3584	2560	1	432	310	4.18810
3072	2560	1	458	384	1.40462
3072	2560	1	34	352	3.55461
3584	2560	1	500	396	5.65938
3584	2560	1	490	512	3.92406
3584	2560	1	426	158	0.00000
3584	2560	1	240	320	3.27339
3072	2560	1	336	158	5.04262
3072	2560	1	336	288	2.37870
3584	2560	1	52	264	3.06741
3072	2560	1	484	480	3.80810
3072	2560	1	346	68	0.97714
3072	2560	1	134	378	0.00000
3072	2560	1	182	246	0.00000
3072	2560	1	182	136	3.63433
3584	2560	1	228	196	1.61077
3072	2560	1	74	54	3.18277
3584	2560	1	154	300	0.91462
3072	2560	1	508	200	3.32189
3584	2560	1	206	116	2.05763
3072	2048	1	166	470	3.16206
3584	2560	1	108	198	5.80472
3584	2048	1	326	472	4.52194
3584	2048	1	244	502	6.10417
3584	2048	1	314	334	4.45764
3072	2048	1	442	462	4.35523
3584	2560	1	118	38	3.82474
3072	2048	1	88	304	0.00000
3072	2560	1	450	88	3.65838
3072	2048	1	350	422	2.93614
3584	2048	1	80	464	4.18697
3584	2048	1	354	204	5.58328
3072	2048	1	130	304	0.00000
3584	2560	2	378	232	0.00000
3584	2560	1	512	122	1.86385
3584	2048	1	78	358	3.16667
3072	2048	1	460	374	5.27610
3072	2048	1	126	414	0.00000
3072	2048	1	44	418	3.32694
3072	2048	1	234	348	2.05569
3072	2560	2	264	14	0.00000
3584	2048	1	512	120	0.00000
3584	2048	1	500	64	0.00000
3584	2048	1	382	64	0.00000
3584	2048	1	378	134	5.49413
3584	2048	1	258	90	4.10878
3584	2048	1	248	16	0.00000
3584	2048	1	156	96	0.00000
3584	2048	1	58	6	5.37179
3584	2048	1	56	146	5.51105
3072	2048	1	492	180	5.63266
3072	2048	1	402	284	0.47405
3072	2048	1	418	180	0.00000
3072	2048	1	430	36	0.00000
3072	2048	1	330	82	1.06703
3072	2048	1	302	186	2.93654
3072	2048	1	252	258	5.26206
3072	2048	1	234	160	6.03196
3072	2048	1	166	166	3.63536
3072	2048	1	94	52	1.71602
3072	2048	1	106	236	2.12092
3072	2048	1	20	272	2.34009
3584	3584	1	474	394	6.02539
3584	3584	1	404	450	2.50903
3584	3584	1	340	434	6.14129
3584	3584	1	274	400	5.81954
3584	3584	1	284	498	3.51755
3584	3584	1	204	476	0.00000
3584	3584	1	140	444	6.03115
3584	3584	1	84	438	2.85319
3584	3584	1	10	416	0.19903
3072	3584	1	408	492	5.76764
3072	3584	1	404	374	2.26886
3072	3584	1	294	434	2.34149
3072	3584	1	186	414	2.66671
3072	3584	1	72	444	0.00000
3072	3584	1	130	486	0.28260
3072	3584	1	12	356	5.88466
3072	3584	1	76	290	5.72325
3072	3584	1	250	262	0.67474
3072	3584	1	334	254	0.49905
3072	3584	1	148	246	5.38364
3072	3584	1	496	320	4.20422
3584	3584	1	140	314	2.54655
3584	3584	1	166	252	2.47503
3584	3584	1	350	268	0.71542
3584	3584	1	296	238	3.23025
3584	3584	1	178	100	1.96141
3584	3584	1	230	210	3.30297
3584	3584	1	30	174	6.04954
3584	3584	1	310	76	4.95734
3584	3584	1	128	170	4.43821
3584	3584	1	510	136	2.68228
3584	3584	1	428	124	2.79209
3584	3072	1	446	468	2.37200
3584	3072	1	386	494	2.07609
3584	3072	1	396	390	0.70557
3584	3072	1	512	382	3.10837
3584	3072	1	410	320	5.26539
3584	3072	1	428	198	0.15294
3584	3072	1	512	126	1.15742
3584	3072	1	272	448	0.80894
3584	3072	1	260	388	4.08938
3584	3072	1	482	44	3.72960
3584	3072	1	380	10	1.29793
3584	3072	1	332	136	4.09918
3584	3072	1	280	96	4.51877
3584	3072	1	262	28	4.06996
3584	3072	1	122	74	3.95151
3584	3072	1	248	226	2.82340
3584	3072	1	198	132	2.23130
3584	3072	1	186	258	0.18948
3584	3584	1	158	24	4.31656
3584	3072	1	120	486	1.27230
3584	3584	1	32	60	5.59746
3072	3584	1	442	122	0.55676
3072	3584	1	462	212	3.72260
3072	3584	1	314	144	1.02336
3072	3584	1	172	150	1.24268
3072	3584	1	410	38	4.12582
3072	3584	1	230	88	1.40344
3072	3072	1	324	498	0.51915
3072	3072	1	204	496	2.32049
3072	3584	1	60	120	0.00000
3072	3584	1	66	10	1.73595
3072	3072	1	152	426	4.16436
3584	3072	1	160	376	1.39095
3584	3072	1	40	434	3.82327
3072	3072	1	492	426	0.80816
3584	3072	1	86	334	0.94000
3584	3072	1	128	228	0.00000
3584	3072	1	44	248	4.07963
3072	3072	1	500	198	0.80988
3072	3072	1	410	68	5.98143
3072	3072	1	410	194	4.17197
3072	3072	1	468	336	4.42433
3072	3072	1	342	410	4.43972
3072	3072	1	318	344	1.14794
3072	3072	1	246	258	1.63592
3072	3072	1	118	340	3.61894
3072	3072	1	34	372	2.73877
3072	3072	1	8	420	5.50478
3072	3072	1	220	166	4.60751
3072	3072	1	260	82	1.10715
3072	3072	1	218	6	0.97682
3072	3072	1	106	98	1.52542
3072	3072	1	46	176	1.45937
3072	3072	1	52	252	4.21427
3072	3072	1	74	16	2.65177
3072	3072	2	428	260	0.00000
3072	3072	2	248	454	0.00000
3584	3584	1	414	274	3.40219
3072	3584	2	206	216	0.00000
3072	3584	2	428	272	0.00000
3584	3584	2	364	19	0.00000
2560	3072	1	112	174	4.27866
2048	3072	1	504	92	4.91029
2048	3072	2	198	322	0.00000
2048	3072	2	158	476	0.00000
2048	3584	2	362	24	0.00000
2560	3072	2	12	178	0.00000
2560	3072	2	98	236	0.00000
2560	3072	2	134	78	0.00000
2560	3072	2	352	246	0.00000
2560	3072	1	18	288	1.57916
2560	3072	1	174	294	1.03038
2560	3072	1	234	200	4.92312
2560	3072	1	222	44	3.41512
2560	3072	1	344	86	2.57486
2560	3072	1	396	18	5.64653
2048	3072	1	452	28	1.51014
2048	3072	1	298	82	6.13848
2048	3072	1	380	146	5.29666
2048	3072	2	198	16	0.00000
2048	3072	1	52	128	4.18355
2048	3072	1	76	192	1.22170
2048	3072	1	290	192	1.49407
2048	3072	1	350	266	1.85257
2048	3072	1	202	392	5.10097
2048	3072	1	342	370	2.83601
2048	3072	1	454	384	4.07655
2048	3072	1	28	348	3.35879
2048	3072	1	80	384	3.34229
2048	3584	1	30	18	3.14854
2048	3584	1	116	84	3.54974
2048	3584	1	204	140	5.09722
2560	3072	1	490	52	3.38816
2560	3072	2	226	136	0.00000
2560	3072	1	120	416	4.92408
2048	3072	1	368	486	1.80358
2048	3072	1	498	474	5.07407
2560	3072	1	244	416	5.28703
2560	3072	1	456	260	0.96731
2560	3072	1	512	168	1.49402
2560	3072	1	416	350	4.32121
2560	3072	1	482	422	5.17909
2560	3584	1	444	8	2.84615
2560	3072	1	216	472	0.00000
2560	3584	1	256	32	4.29998
2560	3584	1	94	28	4.68441
2048	3584	1	494	88	1.51760
2560	3584	1	112	108	1.11649
2560	3584	1	250	120	3.75952
2560	3584	1	380	96	3.19403
2560	3584	1	488	106	3.84025
2560	3584	1	150	164	3.54383
2560	3584	1	88	230	5.83484
2048	3584	1	450	250	0.00000
2048	3584	1	394	308	0.00000
2048	3584	1	182	194	1.98358
2048	3584	1	66	276	3.78682
2560	3584	1	284	238	5.98582
2560	3584	1	206	258	2.93927
2560	3584	1	348	222	2.63973
2560	3584	1	480	222	0.89783
2048	3584	1	512	260	3.00824
2048	3584	1	128	370	5.14774
2048	3584	1	238	304	1.26430
2048	3584	1	320	296	6.06110
2560	3584	1	66	394	5.90268
2048	3584	1	50	452	0.00000
2048	3584	1	496	418	5.28373
2560	3584	1	418	350	0.68686
2560	3584	1	348	364	3.58263
2560	3584	1	182	388	0.99972
2560	3584	1	462	444	1.05797
2560	3584	1	268	498	3.13089
2560	3584	1	512	358	5.55730
2560	3584	1	24	512	2.66719
2048	3584	1	322	468	0.00000
2048	3072	2	432	226	0.00000
