1024	2560	1	22	274	2.15272
1024	2560	1	290	382	3.63123
1024	2560	1	202	444	2.52272
1536	2560	1	82	436	5.22941
1536	2560	1	268	258	5.96717
1024	2560	1	264	194	4.43663
1536	2560	1	466	340	5.18581
1024	2560	1	308	258	4.24627
1024	2560	1	424	342	1.91785
1536	2560	1	270	424	2.68755
1536	2560	1	158	322	2.55972
1536	2560	1	494	112	0.14002
1536	2560	1	374	144	5.78440
1536	2560	1	46	272	0.42231
1536	2560	1	388	408	2.24712
1024	2560	1	130	282	2.89083
1536	2560	2	478	414	0.00000
1536	2560	2	448	454	0.00000
1024	2560	1	24	414	0.00000
1024	2560	1	250	44	0.87615
1024	2560	1	494	192	2.31158
1024	2560	1	420	242	2.26744
1024	2560	1	404	22	3.73254
1024	2560	2	84	184	0.00000
1024	2560	1	446	100	4.22951
1536	2560	1	84	132	0.69706
1536	2048	1	444	498	3.88173
1536	2048	1	454	422	1.23180
1536	2048	1	198	458	4.43168
1024	2048	1	236	364	0.12259
1024	2048	1	88	432	0.64488
1536	2048	1	332	388	3.07165
1536	2048	2	242	346	0.00000
1536	2048	1	462	298	3.20053
1536	2048	1	392	96	4.73297
1536	2048	1	264	232	1.63302
1536	2048	1	234	124	6.20106
1536	2048	1	174	42	0.00000
1536	2048	1	96	34	0.00000
1536	2048	1	128	194	0.00000
1024	2048	1	452	222	2.72705
1024	2048	1	180	200	0.55345
1024	2048	1	64	136	5.21100
1024	2048	2	198	84	0.00000
1024	3072	1	62	8	0.00000
1024	3072	1	130	68	0.00000
1024	3072	1	358	4	4.57049
1024	3072	1	24	86	2.30872
1024	3072	1	56	240	0.00000
1024	3072	1	106	204	0.00000
1024	3072	1	180	212	0.16398
1024	3072	1	302	86	4.29361
1024	3072	1	316	170	3.83622
1536	3072	1	106	36	5.13927
1024	3072	2	470	24	0.00000
1536	3072	1	366	50	0.00000
1536	3072	1	196	50	3.11086
1536	3072	1	100	110	1.96323
1536	3072	1	252	118	3.21692
1536	3072	1	486	108	1.80921
1024	3072	1	412	206	3.55870
1024	3072	1	322	300	0.49613
1024	3072	1	240	308	5.96846
1024	3072	1	114	350	1.99099
1024	3072	1	232	398	2.52906
1024	3072	1	362	420	1.99204
1024	3072	1	478	358	1.72740
1536	3072	1	78	310	0.41089
1536	3072	1	364	254	2.93350
1536	3072	2	512	284	0.00000
1536	3072	1	186	256	0.90301
1536	3072	1	268	368	5.59229
1536	3072	1	160	436	5.55654
1536	3072	1	124	482	6.00576
1024	3072	1	458	454	0.67071
1024	3584	1	480	30	0.57701
1024	3072	1	326	492	2.14148
1024	3072	1	62	486	4.18103
1024	3072	1	170	506	1.27373
1024	3584	1	310	78	2.54775
1024	3584	1	406	106	2.06686
1536	3584	2	512	98	0.00000
1536	3072	1	424	380	1.85096
1536	3584	1	474	36	5.10189
1536	3584	1	284	10	2.56425
1024	3584	1	96	100	5.72702
1024	3584	1	244	172	5.09403
1536	3584	1	232	116	1.64626
1024	3584	1	68	250	3.90393
1024	3584	1	210	294	1.46330
1024	3584	1	82	330	3.12731
1024	3584	1	246	396	5.81418
1024	3584	1	148	438	0.27454
1024	3584	1	388	382	0.64350
1024	3584	1	374	222	4.89080
1536	3584	1	158	234	1.60696
1536	3584	1	176	292	2.64812
1536	3584	1	306	334	5.80384
1024	3584	1	466	434	0.21669
1536	3584	1	44	450	0.00000
1536	3584	1	136	450	0.42247
1536	3584	1	304	210	5.50474
1536	3584	1	426	308	4.87791
1536	3584	1	204	482	0.27072
1536	3584	1	286	478	0.00000
1536	3584	1	456	432	0.00000
1536	3584	1	436	234	4.79171
1536	3584	1	378	166	0.59851
1536	3584	2	456	108	0.00000
1536	3072	2	388	454	0.00000
1536	3584	1	110	294	2.25348
1024	3584	2	30	516	0.00000
1024	3584	1	252	516	0.00000
1536	3584	2	506	502	0.00000
2048	2048	1	178	328	6.04132
2048	2048	1	296	28	0.34446
2048	2048	1	196	80	3.35780
2048	2048	1	90	34	3.66761
2048	2048	1	136	130	1.57080
2048	2048	1	392	130	5.95147
2048	2048	1	298	320	5.58845
2048	2048	1	296	468	2.37695
2048	2048	1	76	398	5.31666
2048	2048	1	142	504	3.57381
2048	2560	1	70	112	3.67952
2048	2048	1	482	252	1.06339
2048	2048	1	468	384	6.07466
2048	2048	1	398	462	0.53898
2560	2048	1	188	118	0.30599
2048	2048	2	488	72	0.00000
2048	2560	2	418	54	0.00000
2048	2560	2	352	48	0.00000
2048	2560	2	230	148	0.00000
2560	2048	1	340	250	4.12800
2560	2048	1	120	248	5.77609
2560	2048	1	204	244	3.73956
2560	2048	1	228	386	0.82729
2560	2048	1	72	372	5.07288
2560	2560	1	92	38	5.53574
2560	2560	2	36	160	0.00000
2048	2560	1	290	76	2.80306
2048	2560	1	140	250	2.09629
2048	2560	1	310	324	3.24514
2560	2048	1	70	130	3.56445
2560	2048	1	134	0	0.00000
2560	2048	1	294	108	0.00000
2560	2048	1	370	94	5.40347
2560	2048	1	214	496	3.64452
2560	2048	2	296	396	0.00000
2048	2560	1	40	314	5.79629
2048	2560	1	118	448	5.53276
2560	2560	1	350	52	1.04437
2560	2560	1	356	146	4.24502
2560	2560	1	142	272	0.00000
2048	2560	2	444	314	0.00000
2048	2560	2	316	210	0.00000
2048	2560	2	174	362	0.00000
2048	2560	2	198	420	0.00000
2048	2560	2	320	432	0.00000
2048	2560	2	506	314	0.00000
2560	2560	2	26	468	0.00000
2560	2560	2	316	480	0.00000
2560	2560	2	464	338	0.00000
2560	2048	1	506	464	3.50792
2560	2560	1	206	124	3.74077
2048	2560	1	426	462	0.84090
2560	2560	1	428	448	4.40960
2560	2560	1	270	392	3.81664
2560	2560	1	350	234	1.29581
2560	2560	1	182	474	5.96369
2560	2560	1	380	374	3.77743
2560	2560	2	94	488	0.00000
2048	2048	1	32	252	0.27148
2560	2048	1	428	16	3.31255
2560	2560	1	490	72	2.10633
2560	2048	2	398	412	0.00000
2048	2560	1	14	498	4.89224
2048	2560	2	164	164	0.00000
3584	2048	1	2	388	5.36778
3072	2048	1	120	58	1.46160
3072	2048	1	368	78	1.50970
3584	2048	1	462	68	0.00000
3584	2048	1	262	284	5.03524
3584	2048	1	360	234	5.54124
3584	2048	1	354	102	5.97668
3584	2048	1	322	124	0.00000
3584	2048	1	230	104	4.15592
3584	2048	1	134	116	0.00000
3072	2048	1	270	238	0.39801
3072	2048	1	190	208	0.00000
3072	2048	1	246	60	3.62158
3072	2048	1	262	366	4.02233
3072	2048	1	346	318	5.38157
3072	2048	1	410	248	4.30139
3072	2048	1	372	146	1.73901
3072	2048	1	498	134	2.97819
3072	2048	1	70	156	1.88934
3584	2048	1	76	478	4.25240
3584	2560	1	138	28	3.59534
3584	2048	1	332	458	4.93753
3584	2560	1	326	38	5.00385
3072	2048	1	152	388	0.22680
3072	2560	1	216	36	2.13578
3072	2048	1	338	432	2.33703
3072	2048	1	470	512	3.85347
3072	2560	1	346	48	0.42385
3584	2560	1	38	186	2.47393
3072	2560	1	260	180	2.58863
3584	2560	1	228	86	2.15409
3584	2560	1	232	218	2.27527
3584	2048	1	74	78	3.30165
3584	2048	2	228	30	0.00000
3072	2048	1	454	8	2.62256
3072	2048	1	56	236	1.43816
3072	2048	1	56	392	0.00000
3072	2560	1	104	58	2.68928
3072	2560	1	52	200	5.01778
3584	2048	1	512	110	0.00000
3072	2560	1	138	300	3.55484
3584	2560	1	512	168	3.01724
3584	2560	1	352	240	3.36883
3584	2560	1	420	166	5.67888
3072	2560	1	404	140	2.49450
3072	2560	1	378	266	3.60524
3584	2560	1	8	288	2.56743
3584	2560	1	134	244	3.05384
3072	2560	2	174	78	0.00000
3072	2560	2	140	128	0.00000
3072	2560	2	168	412	0.00000
3072	2560	1	448	310	3.12895
3072	2560	1	234	374	3.11211
3072	2560	1	300	350	2.99772
3584	2560	1	108	358	2.86730
3584	2560	1	300	378	1.13297
3072	2560	1	18	356	3.68056
3584	2560	1	244	318	0.33465
3584	2560	1	456	296	1.06247
3072	2560	1	366	438	0.41241
3072	2560	1	456	444	5.92026
3584	2560	1	46	414	5.10895
3584	2560	1	172	352	0.00000
3584	2560	1	198	446	2.78925
3584	2560	1	474	366	4.15690
3584	2560	2	344	442	0.00000
3584	2560	2	426	494	0.00000
3584	2560	2	504	484	0.00000
3072	2560	2	68	512	0.00000
3072	2560	1	214	512	5.91601
3584	2560	2	264	456	0.00000
3584	2560	2	310	506	0.00000
3584	2560	1	74	460	1.73595
3584	2048	1	388	60	0.00000
3072	2048	2	24	76	0.00000
3584	2560	2	338	136	0.00000
3072	2560	2	474	182	0.00000
3072	2560	2	432	120	0.00000
3072	2560	1	14	86	2.23184
3072	3072	1	142	100	0.09293
3072	3072	1	64	40	3.48474
3072	3072	1	248	26	5.55437
3072	3072	1	400	68	5.98420
3584	3072	1	138	46	4.24874
3584	3072	1	250	46	4.10870
3584	3072	1	482	50	2.71407
3584	3072	1	316	80	3.87021
3584	3072	1	416	38	0.00000
3072	3072	1	244	130	3.90303
3072	3072	1	82	182	5.18896
3072	3072	1	334	198	0.97346
3072	3072	1	502	174	0.00000
3584	3072	1	84	176	0.00000
3584	3072	1	174	144	0.33936
3584	3072	1	240	158	0.60934
3584	3072	1	396	132	2.51534
3584	3072	1	364	206	5.45479
3584	3072	1	274	258	3.82329
3584	3072	1	174	286	0.00000
3584	3072	1	8	278	1.31251
3584	3072	1	50	340	1.61554
3072	3072	2	430	251	0.00000
3072	3072	1	78	292	0.61282
3072	3072	1	174	328	4.58500
3072	3072	1	376	338	4.69628
3072	3072	1	102	402	4.81755
3072	3072	1	76	470	4.92821
3072	3072	1	220	440	0.19957
3072	3072	1	288	442	2.96964
3072	3072	1	378	500	5.94943
3072	3072	1	470	396	3.44606
3584	3072	1	432	468	1.54993
3584	3072	2	486	259	0.00000
3584	3072	1	312	414	3.59449
3584	3072	1	424	374	2.38599
3584	3072	1	222	466	0.40259
3584	3072	1	158	462	0.00000
3584	3584	1	110	68	5.62654
3584	3584	1	230	58	1.44113
3584	3584	1	332	4	2.67928
3584	3584	1	412	60	3.20470
3584	3584	1	486	54	3.22343
3072	3584	1	206	32	1.05225
3072	3584	1	62	132	0.81217
3072	3584	1	178	116	0.98938
3072	3584	1	338	92	0.64521
3072	3584	1	452	110	3.39616
3072	3584	1	108	216	3.11753
3072	3584	1	196	264	0.29990
3072	3584	1	318	272	1.30459
3072	3584	1	426	290	1.08924
3584	3584	1	98	222	1.33738
3584	3584	1	222	178	2.96881
3584	3584	1	74	98	0.00000
3584	3584	1	284	130	2.73533
3584	3584	1	358	126	2.77557
3584	3584	1	436	210	0.34464
3584	3584	1	246	472	5.63407
3072	3584	1	34	268	0.44644
3072	3584	1	100	366	0.45939
3072	3584	1	210	340	4.87212
3072	3584	1	414	414	1.87722
3072	3584	2	260	421	0.00000
3072	3584	1	174	462	0.00000
3584	3584	1	34	414	5.81888
3584	3584	1	86	370	5.78590
3584	3584	1	194	304	5.69748
3584	3584	1	466	332	5.99075
3584	3584	1	302	392	1.64760
3584	3584	1	372	458	5.11314
3584	3584	1	242	356	0.00000
3072	3584	2	412	497	0.00000
2560	3072	1	452	52	4.88162
2560	3072	1	458	166	0.93805
2560	3072	1	372	100	5.63968
2560	3072	1	280	96	0.00000
2560	3072	2	202	20	0.00000
2560	3072	2	138	78	0.00000
2560	3072	2	350	234	0.00000
2560	3072	2	94	234	0.00000
2560	3072	2	20	186	0.00000
2048	3072	2	160	470	0.00000
2048	3072	2	304	434	0.00000
2048	3072	1	174	124	5.33331
2560	3584	1	166	436	1.71318
2048	3072	2	196	26	0.00000
2048	3072	1	292	86	6.05802
2048	3072	1	418	56	0.61648
2048	3072	1	478	78	3.29302
2560	3072	1	74	16	3.34792
2560	3072	1	438	332	2.79745
2048	3072	1	292	208	1.55679
2048	3072	1	94	362	4.59983
2048	3072	1	196	416	5.52635
2048	3072	1	288	300	4.49425
2048	3072	1	366	370	1.41729
2560	3072	1	58	156	5.26670
2560	3072	1	172	154	3.50943
2560	3072	1	230	260	3.89595
2048	3584	1	148	46	5.89487
2048	3584	1	46	6	2.80801
2048	3072	1	84	290	1.50710
2560	3072	1	276	384	0.60963
2560	3072	1	210	360	0.97008
2560	3072	1	2	304	2.36449
2048	3072	1	482	346	2.57259
2048	3072	1	442	498	1.43582
2560	3072	1	372	484	4.21383
2560	3072	1	496	248	3.57192
2560	3072	1	376	366	2.53589
2560	3072	1	120	368	0.08424
2560	3584	1	82	6	2.12130
2560	3072	1	136	466	5.54367
2560	3584	1	458	24	0.99066
2048	3584	1	386	126	1.60733
2560	3584	1	306	84	2.74307
2560	3584	1	160	144	0.73188
2560	3584	1	24	82	1.79645
2048	3584	1	178	172	2.40144
2048	3584	1	226	456	0.00000
2048	3584	1	78	512	0.00000
2560	3584	1	16	396	0.47002
2560	3584	1	420	228	0.48883
2560	3584	1	318	180	2.19482
2560	3584	1	336	352	2.19741
2048	3584	1	496	270	1.29848
2048	3072	1	26	128	0.00000
2560	3584	1	172	286	2.68092
2048	3584	1	192	338	4.46070
2048	3584	1	38	234	5.81183
2048	3584	1	302	292	0.00000
2048	3584	1	382	290	6.12494
2560	3584	1	80	198	5.84233
2048	3584	1	452	170	0.73435
2560	3584	1	454	280	0.65245
2048	3584	1	376	450	0.89306
2048	3584	1	196	272	4.46885
2560	3584	1	432	408	0.94115
2048	3072	1	396	438	0.77970
2560	3072	1	222	466	5.94889
2048	3072	2	424	228	0.00000
