1024	2048	1	136	304	3.25860
1024	2048	1	466	248	3.00898
1024	2048	1	230	360	0.55441
1024	2048	1	242	192	2.30814
1024	2048	1	300	88	4.18681
1024	2048	2	198	90	0.00000
1024	2048	2	254	14	0.00000
1536	2048	2	28	36	0.00000
1024	2048	2	462	12	0.00000
1024	2048	1	34	440	0.58996
1024	2048	1	220	490	4.34719
1024	2560	1	270	42	0.83134
1024	2048	1	498	508	3.90374
1536	2560	1	88	36	1.60977
1024	2560	1	68	102	1.17056
1024	2560	1	210	140	4.59616
1024	2560	2	86	214	0.00000
1024	2560	2	0	302	0.00000
1024	2560	2	354	444	0.00000
1536	2560	2	512	328	0.00000
1024	2560	1	476	134	5.95209
1536	2048	1	344	484	3.66400
1536	2048	1	188	222	1.29894
1536	2048	2	168	398	0.00000
1024	2560	1	404	122	2.89661
1536	2048	1	246	308	1.51036
1536	2048	2	106	48	0.00000
1536	2048	2	500	68	0.00000
1536	2048	2	332	126	0.00000
1536	2048	2	238	140	0.00000
1536	2048	1	176	60	3.76875
1536	2048	1	408	62	0.64074
1536	2048	1	466	240	5.93355
1536	2048	1	382	256	3.25337
1536	2048	1	406	364	4.34686
1536	2048	1	202	508	2.80005
1536	2560	1	88	118	0.90549
1536	2560	1	230	164	3.35216
1536	2048	1	466	410	4.01109
1536	2560	1	472	136	0.00000
1536	2560	1	38	282	0.00000
1024	2560	2	196	296	0.00000
1536	2560	2	336	330	0.00000
1024	2560	1	190	238	4.36721
1024	2560	1	430	268	1.47781
1024	2560	1	344	360	5.05686
1024	2560	1	132	362	1.10016
1536	2560	1	150	190	0.00000
1536	2560	1	272	252	5.89013
1024	2560	1	508	480	1.89255
1536	2560	1	398	428	2.00320
1536	2560	1	242	360	2.06787
1536	2560	1	190	456	3.00904
1536	2560	1	48	426	5.16784
1024	2560	1	44	456	2.26782
1024	2560	2	234	434	0.00000
1024	2560	2	136	444	0.00000
1536	3584	1	190	420	0.40331
1536	3584	1	430	402	5.86627
1024	3584	1	152	458	0.20225
1024	3584	1	298	438	4.54334
1024	3584	1	252	322	0.46241
1024	3584	1	422	290	5.04521
1024	3584	1	490	208	5.71872
1024	3584	1	140	264	2.71435
1024	3584	1	338	188	3.46665
1024	3584	1	226	224	5.75284
1024	3584	1	40	90	0.00000
1024	3584	1	112	74	5.89005
1024	3584	1	202	8	5.79629
1024	3584	1	24	488	5.23154
1536	3584	1	82	340	0.45130
1536	3584	1	234	516	0.37527
1536	3584	1	352	516	0.00000
1536	3584	1	452	516	5.87849
1536	3584	1	384	258	1.84433
1536	3584	1	190	308	2.45982
1536	3584	1	64	134	2.30861
1024	3584	1	382	66	2.58281
1024	3584	2	310	96	0.00000
1536	3584	1	330	152	1.94928
1536	3584	2	388	126	0.00000
1536	3584	2	466	114	0.00000
1536	3584	1	238	82	5.83053
1536	3584	1	94	34	5.46691
1536	3072	1	192	432	5.55248
1536	3072	1	414	422	0.96525
1536	3072	1	288	498	3.66074
1536	3584	1	512	10	3.00806
1536	3072	1	422	278	5.81954
1536	3072	1	368	130	3.02292
1536	3072	1	440	144	3.11262
1536	3072	1	510	300	2.62215
1536	3072	1	458	20	1.20505
1536	3072	1	256	104	3.33810
1536	3072	1	200	296	4.62236
1024	3072	1	68	44	2.31917
1024	3072	1	170	4	0.00000
1536	3072	1	80	18	1.22261
1024	3072	1	282	134	5.73218
1024	3072	1	490	106	2.66728
1024	3072	1	414	92	3.17677
1536	3072	1	174	120	0.47263
1536	3072	1	104	104	3.65838
1536	3072	1	126	194	4.51499
1536	3072	1	70	276	5.54732
1536	3072	1	74	464	1.93981
1536	3072	1	58	352	2.48944
1024	3072	1	476	452	2.57162
1024	3072	1	400	488	2.15538
1024	3072	1	286	446	5.98469
1024	3072	1	70	438	0.53172
1024	3072	1	108	176	0.58387
1024	3072	1	172	208	0.75838
1024	3072	1	236	262	0.57430
1024	3072	1	426	208	4.09597
1024	3072	1	394	346	5.60413
1024	3072	2	494	358	0.00000
1024	3072	1	298	322	0.22964
1024	3072	1	202	384	5.86598
1024	3072	1	68	328	0.65696
1024	3072	2	158	396	0.00000
2560	2560	1	494	512	5.87332
2560	2560	1	408	470	3.76907
2560	2560	2	304	492	0.00000
2560	2560	1	512	388	1.23925
2560	2560	2	457	329	0.00000
2560	2560	1	300	380	0.42655
2560	2560	1	230	452	5.96299
2560	2560	1	212	344	4.04870
2560	2560	1	88	432	5.11115
2560	2560	2	141	299	0.00000
2048	2560	1	464	480	0.54553
2048	2560	1	308	494	5.36747
2048	2560	2	315	418	0.00000
2048	2560	1	170	484	4.71390
2048	2560	1	216	360	2.33271
2048	2560	1	88	396	0.84333
2048	2560	1	88	316	1.62922
2560	2560	2	1	319	0.00000
2048	2560	2	433	323	0.00000
2048	2560	1	298	348	5.38577
2048	2560	1	268	214	0.58679
2048	2560	2	240	164	0.00000
2048	2560	2	180	162	0.00000
2048	2560	1	60	124	3.74809
2048	2560	1	132	12	2.36267
2048	2560	1	232	82	0.97148
2048	2048	1	266	496	3.58524
2048	2560	1	498	224	5.32800
2048	2560	1	386	240	0.84819
2560	2048	1	128	440	0.00000
2560	2560	1	412	264	6.19870
2560	2560	1	476	158	5.04129
2560	2560	1	328	184	3.11270
2560	2560	1	66	196	3.10120
2560	2560	1	168	42	2.44385
2560	2560	1	510	32	1.29928
2560	2560	1	364	30	4.31458
2560	2560	1	274	12	3.31061
2560	2048	1	512	446	4.04583
2560	2048	1	502	324	3.91346
2560	2048	1	504	194	1.91717
2560	2048	1	424	114	4.28898
2560	2048	1	328	76	0.35834
2560	2048	1	218	122	0.00000
2560	2048	2	448	30	0.00000
2048	2560	1	398	112	4.91622
2048	2048	1	504	504	1.82088
2048	2048	1	364	506	5.33935
2048	2048	1	484	382	5.76266
2560	2048	1	68	352	5.15121
2560	2048	1	328	406	1.59396
2560	2048	1	390	246	0.00000
2560	2048	1	268	326	1.87720
2560	2048	1	274	220	1.07895
2048	2048	1	234	278	0.00000
2048	2048	1	156	426	2.69536
2048	2048	2	32	380	0.00000
2048	2048	1	74	290	4.57670
2048	2048	1	62	216	4.80328
2048	2048	1	58	96	5.46876
2048	2048	1	144	18	3.54620
2048	2048	1	206	112	4.90859
2048	2048	1	290	38	5.24497
2048	2048	1	370	112	0.82471
2560	2048	1	44	24	4.39469
2048	2048	1	472	116	0.00000
2560	2048	1	182	62	4.01983
2560	2048	1	72	194	2.63903
3584	2560	1	482	468	5.83954
3584	2560	1	396	384	3.03120
3584	2560	1	512	358	4.31531
3584	2560	1	474	298	5.01726
3584	2560	1	306	336	0.00000
3584	2560	1	250	450	1.71090
3584	2560	1	150	512	2.34321
3584	2560	1	8	464	5.17604
3072	2560	1	102	476	3.32996
3072	2560	1	38	378	1.35281
3072	2560	1	84	274	1.64613
3072	2560	1	230	328	4.39877
3072	2560	1	160	512	0.00000
3072	2560	1	336	488	0.98742
3072	2560	1	384	366	5.44566
3584	2560	1	56	398	2.74321
3584	2560	1	142	394	1.66440
3584	2560	2	218	340	0.00000
3584	2560	2	338	452	0.00000
3584	2560	1	426	194	6.17185
3584	2560	1	318	192	5.80699
3584	2560	1	72	282	2.65037
3584	2560	1	136	264	5.45559
3584	2560	1	236	226	4.69469
3072	2560	1	498	288	3.28395
3072	2560	1	434	234	3.11919
3072	2560	1	78	136	2.47437
3072	2560	1	182	180	0.00000
3072	2560	1	262	116	0.00000
3072	2560	1	354	138	0.11061
3072	2560	1	168	38	1.02041
3072	2560	1	492	56	0.33123
3072	2560	1	430	72	3.04972
3584	2560	1	34	114	4.09458
3072	2560	1	308	238	2.29016
3584	2560	1	166	94	4.68727
3072	2048	1	252	478	1.96559
3072	2048	1	276	352	3.11408
3072	2048	1	194	374	2.45996
3072	2048	1	110	474	2.77795
3072	2048	1	126	266	0.24998
3072	2048	1	24	212	2.16349
3072	2048	1	276	222	5.17915
3072	2048	1	204	134	4.08359
3072	2048	1	356	174	0.00000
3072	2048	1	460	184	0.00000
3584	2048	1	22	198	0.00000
3584	2048	1	134	220	4.60931
3072	2048	1	402	326	4.50756
3072	2048	1	372	504	3.54618
3072	2048	1	482	430	0.00000
3584	2048	1	70	336	4.99405
3584	2048	1	110	432	5.36123
3584	2560	1	112	12	4.82184
3584	2048	1	308	354	5.23631
3072	2048	1	356	430	0.00000
3584	2048	1	238	100	4.05050
3584	2048	1	104	78	6.04989
3584	2048	1	462	64	0.00000
3584	2048	1	470	310	5.98120
3584	2048	1	358	508	3.98375
3584	2560	1	466	70	5.76740
3584	2048	1	510	464	2.13753
3584	2048	1	282	254	1.48251
3584	2048	1	356	208	5.61793
3072	2048	1	384	36	5.07807
3072	2048	1	94	26	2.37268
3072	2048	1	14	412	3.92530
3584	2560	1	148	168	4.50862
3584	2048	1	374	148	5.21499
3072	2048	2	296	20	0.00000
3072	2048	2	34	96	0.00000
3072	2048	1	192	26	3.50391
3072	2048	1	0	314	4.84671
3072	2560	2	158	394	0.00000
3072	2560	1	32	28	1.43897
3072	2560	1	8	170	1.89954
3072	2560	2	326	30	0.00000
3584	2048	1	34	0	0.58674
3584	2048	1	228	0	0.00000
3584	2560	1	404	512	2.46032
3584	2560	1	252	512	3.74823
3072	2560	2	478	504	0.00000
3072	3584	1	76	216	2.14773
3072	3584	1	30	282	2.15387
3072	3584	1	32	392	1.53861
3584	3584	1	268	194	0.39884
3584	3584	1	110	458	0.42533
3584	3584	1	486	326	1.72188
3584	3584	1	18	472	5.84081
3072	3584	1	442	476	6.02308
3072	3584	1	310	430	1.28474
3072	3584	1	158	382	2.55258
3584	3584	1	292	392	0.47421
3584	3584	1	492	428	4.86195
3584	3584	1	206	276	2.53605
3584	3584	1	58	248	3.89135
3584	3584	1	118	188	2.75130
3584	3584	1	170	330	1.58197
3584	3584	1	38	354	0.83429
3072	3584	1	508	172	4.43527
3072	3584	1	274	362	1.80129
3072	3584	1	438	338	0.61425
3072	3584	1	302	42	3.29162
3072	3584	1	322	190	4.19739
3072	3584	1	176	292	1.60412
3072	3584	1	392	242	2.74259
3584	3584	1	428	310	2.57342
3072	3584	1	228	466	0.80961
3072	3584	1	126	94	3.63679
3072	3584	1	126	4	1.74913
3072	3584	1	40	100	4.16503
3072	3584	1	218	148	1.86658
3072	3072	1	158	42	0.22656
3072	3072	1	202	134	0.36933
3072	3072	1	386	74	6.16434
3072	3072	1	476	44	5.63855
3072	3072	1	46	156	3.04542
3072	3072	1	72	0	2.87500
3584	3072	1	66	74	0.17769
3584	3072	1	160	8	2.72166
3584	3072	1	238	118	1.59973
3584	3072	1	354	66	5.76241
3584	3072	1	258	0	0.70205
3584	3072	1	418	40	2.60477
3584	3072	1	488	62	0.30499
3072	3072	1	342	234	2.47682
3072	3072	1	146	258	2.44827
3072	3072	1	246	290	6.00116
3072	3072	1	472	144	4.18390
3072	3072	1	478	264	3.38507
3072	3072	2	418	256	0.00000
3584	3072	1	148	198	2.55095
3584	3072	1	252	176	4.65338
3584	3072	1	346	164	5.77984
3584	3072	1	408	192	3.56709
3584	3072	1	438	294	3.04192
3584	3072	1	512	228	4.79804
3072	3072	1	150	374	5.29425
3072	3072	1	72	424	5.49318
3072	3072	1	320	374	4.48533
3584	3072	1	276	248	1.50504
3584	3072	1	122	282	5.69920
3584	3072	1	66	348	5.27696
3072	3072	1	456	390	1.70632
3584	3072	1	200	344	4.26167
3584	3072	1	278	368	0.00000
3584	3072	1	362	306	1.79607
3584	3072	1	502	404	1.85280
3584	3072	1	364	414	1.43216
3584	3072	1	240	486	2.20225
3584	3072	1	370	478	0.74305
3584	3584	1	458	4	0.42483
3584	3072	1	64	414	5.64398
3072	3072	1	334	470	1.90372
3584	3072	1	152	452	3.16962
3584	3072	1	60	500	5.86905
3584	3584	1	210	42	1.81324
3584	3584	1	102	88	4.47554
3584	3584	1	470	116	3.38619
3072	3072	1	454	494	1.05719
3072	3584	1	416	50	4.71239
3072	3584	1	408	122	4.53809
3072	3072	1	230	482	0.00000
3584	3584	1	236	130	3.72560
3072	3584	1	22	2	5.76178
3584	3584	1	356	152	0.00000
3072	3584	1	98	478	5.90628
3072	3584	1	180	198	5.03414
3072	3584	1	320	286	1.85175
3584	3584	1	280	488	0.90498
3584	3072	2	14	198	0.00000
3584	3584	1	370	400	0.00000
2048	3584	1	218	136	4.93421
2560	3584	1	20	276	0.50764
2560	3584	1	336	300	3.12689
2560	3584	1	322	420	5.21689
2560	3584	1	150	480	6.16891
2560	3584	1	146	250	5.90093
2048	3584	1	286	480	0.63584
2560	3584	1	440	306	1.38627
2560	3584	1	432	214	0.78763
2048	3584	1	98	464	0.75510
2560	3584	1	80	406	0.78688
2048	3584	1	98	82	0.63400
2048	3584	1	202	176	1.51530
2048	3584	1	40	12	2.89633
2048	3584	1	270	382	0.31624
2048	3584	1	42	336	0.84632
2048	3584	1	182	312	2.53815
2560	3584	1	478	470	0.79380
2048	3584	1	414	360	0.41798
2048	3584	1	364	330	0.48364
2048	3584	1	294	226	0.42976
2048	3584	1	442	206	1.76819
2560	3584	1	184	186	2.21957
2048	3584	2	46	246	0.00000
2048	3584	1	478	118	1.04165
2048	3584	1	202	498	5.20418
2048	3584	1	486	436	0.63716
2048	3584	2	82	208	0.00000
2560	3584	2	264	338	0.00000
2560	3584	2	210	350	0.00000
2048	3584	2	126	232	0.00000
2560	3584	1	390	92	5.50414
2560	3584	1	454	16	2.13824
2560	3072	1	512	488	5.67588
2560	3584	1	294	212	5.46655
2560	3584	1	324	152	2.11868
2048	3584	1	380	106	0.69569
2048	3584	2	384	16	0.00000
2560	3072	2	244	480	0.00000
2560	3072	2	340	438	0.00000
2560	3072	2	360	236	0.00000
2560	3072	2	138	78	0.00000
2560	3072	2	230	122	0.00000
2560	3072	2	12	176	0.00000
2560	3072	2	104	232	0.00000
2048	3072	2	158	462	0.00000
2048	3072	2	78	418	0.00000
2048	3072	2	206	314	0.00000
2560	3072	1	492	42	5.92704
2560	3072	1	370	120	4.27353
2560	3072	1	420	184	1.71830
2560	3072	1	452	266	2.13206
2560	3072	1	392	376	1.69299
2560	3584	1	278	54	2.11122
2560	3584	1	148	40	0.98371
2560	3584	1	82	6	0.87306
2560	3072	1	214	412	0.95404
2560	3072	1	288	244	3.06804
2560	3072	1	146	190	1.55264
2560	3072	1	186	288	4.60542
2560	3072	1	52	338	4.68055
2560	3072	1	96	436	0.66104
2048	3072	2	302	428	0.00000
2048	3072	1	202	384	5.22599
2048	3072	1	446	14	0.00000
2560	3072	1	10	248	1.56239
2048	3072	1	294	130	5.83535
2048	3072	2	194	22	0.00000
2048	3072	1	134	90	2.05922
2048	3072	1	20	268	3.15079
2048	3072	1	112	264	0.24498
2048	3072	1	72	142	0.00000
2048	3072	1	296	268	6.06110
2048	3072	1	420	442	2.72176
2048	3072	1	414	292	1.80014
2048	3072	1	496	454	2.82280
2560	3072	1	248	0	2.81223
