1024	2048	1	492	412	0.00000
1024	2048	1	232	372	0.57267
1536	2560	1	302	82	0.50907
1536	2560	1	424	132	3.63123
1024	2560	1	470	54	3.98539
1536	2560	1	82	120	0.76349
1024	2048	1	80	156	4.68245
1024	2048	1	206	72	0.52807
1024	2048	1	468	228	2.72703
1536	2048	1	174	226	1.90965
1536	2048	1	52	94	4.40651
1536	2048	1	384	308	3.49423
1536	2048	2	244	324	0.00000
1536	2048	1	112	434	4.82353
1536	2048	1	380	464	3.17789
1536	2048	1	350	156	0.54082
1536	2048	1	240	130	6.19861
1024	2560	1	238	50	0.94417
1024	2048	1	78	366	2.20011
1536	2560	1	192	188	3.56684
1024	2560	1	360	338	4.25943
1536	2048	1	512	246	6.02100
1536	2048	1	476	142	3.97457
1536	2560	1	64	424	5.21031
1024	2560	1	28	12	0.47372
1536	2560	1	334	346	3.69085
1536	2560	1	44	270	0.55692
1024	2560	1	130	258	3.89614
1024	2560	2	76	190	0.00000
1024	2560	1	328	126	3.98051
1536	2560	1	280	508	1.02514
1536	2560	1	270	252	0.00000
1536	2560	1	492	246	5.96408
1536	2560	1	186	340	4.07026
1024	2560	1	278	212	1.17549
1024	2560	1	254	438	3.74967
1024	2560	2	500	464	0.00000
1024	2560	1	136	368	2.38897
1024	2560	1	234	324	1.03038
1024	2560	1	354	244	1.37581
1024	2560	1	428	436	3.81633
1024	2560	1	74	470	1.01350
1024	2560	1	28	394	0.62315
1536	2560	1	392	418	1.90438
1536	2560	1	452	504	1.10598
1536	2048	1	372	28	4.80360
1024	2048	2	462	18	0.00000
1024	2048	2	510	16	0.00000
1536	2048	1	170	58	6.03422
1024	2048	2	260	14	0.00000
1536	2048	1	494	370	4.66498
1536	2048	2	486	44	0.00000
1024	3584	2	308	90	0.00000
1024	3072	2	502	300	0.00000
1536	3072	1	174	162	0.00000
1024	3072	1	100	40	1.00605
1024	3072	1	114	138	5.33252
1024	3072	1	248	98	4.03801
1024	3072	1	366	66	5.16956
1024	3072	1	18	178	0.08674
1024	3072	1	80	260	0.94519
1024	3072	1	166	264	0.62838
1024	3072	1	290	228	5.65422
1024	3072	1	420	194	0.02088
1024	3072	1	484	150	3.10278
1024	3072	2	478	36	0.00000
1536	3072	1	82	92	0.30777
1536	3072	2	250	4	0.00000
1536	3072	1	250	118	3.29667
1536	3072	1	334	102	2.51855
1536	3072	1	454	6	1.11541
1536	3072	1	480	78	1.08388
1536	3072	1	434	204	0.21452
1536	3072	1	88	244	1.82672
1024	3072	1	130	374	2.45537
1024	3072	1	186	376	2.78920
1024	3072	1	70	474	4.12812
1024	3584	1	118	42	0.14808
1024	3072	1	272	498	6.04976
1024	3072	1	340	460	2.36359
1024	3072	1	342	300	0.45545
1024	3072	1	426	362	1.16920
1024	3072	1	470	430	3.73665
1536	3072	1	10	476	0.38263
1536	3072	1	96	424	3.48161
1536	3072	1	198	450	5.55037
1536	3072	1	278	392	4.17425
1536	3072	1	400	320	1.59654
1536	3072	1	512	328	4.67241
1536	3072	1	406	420	1.74104
1024	3584	1	410	38	1.45312
1024	3584	1	116	174	1.57815
1024	3584	1	174	286	3.47384
1536	3584	1	80	40	0.67719
1024	3584	1	346	234	3.04452
1024	3584	1	460	206	5.64484
1536	3584	1	12	164	5.83475
1536	3584	1	130	124	4.60173
1536	3584	1	204	60	2.45522
1536	3072	1	282	508	3.53590
1536	3072	1	404	492	5.14643
1536	3584	1	512	26	3.15019
1536	3584	2	464	112	0.00000
1536	3584	1	380	134	0.92648
1536	3584	1	286	192	2.50986
1536	3584	1	176	224	3.59318
1536	3584	1	430	262	4.57519
1536	3584	1	394	186	4.77039
1024	3584	1	0	486	5.20192
1024	3584	1	412	310	0.00000
1536	3584	1	100	324	5.91676
1536	3584	1	270	328	4.46908
1024	3584	1	302	358	6.12807
1536	3584	1	174	422	0.00000
1536	3584	1	462	422	0.00000
1024	3584	1	410	424	1.24583
1024	3584	1	118	420	0.30061
1024	3584	1	480	476	1.10715
1536	3584	1	326	474	0.00000
1536	3072	2	192	364	0.00000
1536	3584	1	240	488	0.25981
1536	3584	1	420	516	5.94810
2048	2048	1	142	126	2.30137
2048	2048	1	198	62	0.77305
2048	2048	1	296	50	0.28379
2048	2048	1	462	144	0.00000
2560	2048	1	210	132	0.00000
2560	2048	1	312	96	0.00000
2560	2048	1	408	44	0.51196
2560	2048	1	58	108	0.30813
2048	2048	2	494	56	0.00000
2048	2048	1	124	304	2.50221
2048	2048	1	256	322	0.00000
2048	2048	1	470	362	0.00000
2560	2048	1	76	354	6.02258
2560	2048	1	112	250	5.74514
2560	2048	1	322	246	3.64286
2560	2048	1	488	176	0.25279
2048	2048	1	14	376	4.54724
2048	2048	1	48	450	3.99719
2048	2560	1	78	8	4.03391
2048	2048	1	214	484	3.80637
2048	2048	1	380	470	1.05165
2048	2560	2	344	48	0.00000
2048	2560	2	418	48	0.00000
2048	2560	1	56	122	3.74183
2048	2560	1	114	138	3.38020
2048	2560	2	222	148	0.00000
2048	2560	1	256	96	4.48559
2560	2048	1	406	378	5.84494
2560	2048	1	224	398	0.00000
2560	2048	1	320	402	0.36254
2560	2048	1	262	510	1.68349
2560	2560	1	284	84	1.72494
2560	2560	1	452	12	2.19742
2560	2560	1	466	158	2.10539
2560	2560	1	396	228	2.43181
2048	2560	1	96	326	0.93919
2048	2560	1	208	336	5.21409
2048	2560	1	356	288	3.52847
2048	2560	2	452	330	0.00000
2048	2560	2	512	310	0.00000
2560	2560	1	102	164	0.00000
2560	2560	2	14	162	0.00000
2560	2560	1	222	190	3.45314
2560	2560	1	294	284	3.01539
2560	2560	1	198	310	2.30730
2560	2560	1	152	380	2.73053
2560	2560	1	350	392	1.02696
2560	2560	2	462	328	0.00000
2048	2560	1	114	452	5.59746
2048	2560	2	314	408	0.00000
2048	2560	1	370	488	1.16938
2560	2560	1	4	440	0.90975
2560	2560	2	308	486	0.00000
2560	2560	2	232	484	0.00000
2560	2560	1	142	450	1.57080
3072	2048	1	82	48	1.75065
3072	2048	1	222	20	1.33906
3072	2048	1	418	26	4.77481
3584	2048	1	44	0	5.31766
3584	2048	1	222	0	0.00000
3584	2048	1	476	64	0.00000
3584	2048	1	372	64	0.00000
3584	2048	1	248	94	3.88724
3584	2048	1	148	98	0.10549
3584	2048	1	24	106	5.54124
3072	2048	1	484	156	5.91601
3072	2048	1	394	158	0.11103
3072	2048	1	312	104	1.08390
3072	2048	1	136	156	3.71293
3072	2048	1	214	160	5.74456
3072	2048	1	322	214	2.94682
3072	2048	1	408	262	0.33459
3584	2048	1	358	146	5.23154
3584	2048	1	366	232	5.63337
3584	2048	1	310	348	4.53889
3584	2048	1	78	344	2.92878
3072	2048	1	218	254	5.61841
3072	2048	1	126	260	2.17778
3072	2048	1	50	290	2.34441
3072	2048	1	430	376	4.94311
3072	2048	1	212	350	1.87602
3072	2048	1	342	440	2.78282
3072	2048	1	200	504	2.61457
3072	2048	1	114	426	0.97065
3584	2048	1	338	474	4.70578
3584	2048	1	214	484	5.96450
3584	2048	1	90	476	4.02757
3584	2560	1	130	26	3.75281
3072	2048	1	470	466	4.36362
3584	2560	1	240	128	1.96068
3072	2560	2	316	14	0.00000
3072	2560	2	246	28	0.00000
3072	2560	2	160	82	0.00000
3584	2560	2	346	136	0.00000
3584	2560	2	390	238	0.00000
3072	2560	1	68	60	3.18665
3072	2560	1	182	128	4.06523
3072	2560	1	370	58	0.91279
3072	2560	1	474	62	3.47851
3584	2560	1	414	156	5.84185
3584	2560	2	494	226	0.00000
3584	2560	1	428	312	4.25867
3584	2560	1	308	240	3.48596
3584	2560	1	242	184	1.16590
3584	2560	1	112	174	5.52635
3584	2560	1	8	208	3.12646
3072	2560	1	330	162	4.80781
3072	2560	2	468	188	0.00000
3584	2560	1	68	276	3.30860
3584	2560	1	154	306	0.54637
3584	2560	2	214	328	0.00000
3584	2560	1	482	384	5.32364
3584	2560	1	300	372	3.43954
3584	2560	1	432	434	1.83533
3584	2560	2	346	440	0.00000
3072	2560	1	446	252	2.48339
3072	2560	1	356	260	2.53676
3072	2560	1	216	260	0.80848
3072	2560	1	486	370	1.62231
3584	2560	1	168	392	1.60227
3584	2560	1	250	462	5.02462
3584	2560	1	140	454	2.46889
3072	2560	1	304	370	4.22650
3072	2560	1	162	394	0.28255
3072	2560	1	68	458	2.97221
3072	2560	1	42	342	3.77866
3072	2560	1	346	470	0.78783
3072	2560	1	482	458	0.76786
3584	2560	1	478	512	3.78935
3072	3072	2	428	252	0.00000
3072	3072	2	242	452	0.00000
3072	3072	1	90	100	1.17302
3072	3072	1	206	6	0.57367
3072	3072	1	246	74	1.43563
3072	3072	1	394	54	6.24011
3072	3072	1	404	184	4.50528
3072	3072	1	210	188	4.28675
3072	3072	1	68	162	1.75844
3072	3072	1	66	234	1.47372
3072	3072	1	120	314	3.44088
3072	3072	1	240	252	1.66727
3072	3072	1	350	316	1.20362
3072	3072	1	32	372	2.89611
3072	3072	1	150	410	3.97957
3072	3584	1	74	2	1.81400
3072	3072	1	180	500	2.33931
3072	3072	1	330	400	4.61744
3072	3072	1	512	182	0.68892
3584	3072	1	46	236	3.69325
3072	3072	1	466	346	3.81879
3072	3072	1	342	480	1.16444
3072	3584	1	260	76	1.45431
3072	3584	1	42	120	6.17354
3072	3584	1	174	144	1.45592
3072	3584	1	412	42	4.12439
3072	3072	1	490	416	0.67206
3584	3072	1	70	328	1.44267
3584	3584	1	26	12	5.51481
3072	3584	1	458	110	0.89028
3072	3584	1	304	146	1.27323
3584	3072	1	108	62	4.24874
3584	3072	1	270	34	4.46597
3584	3072	1	274	96	4.94532
3584	3072	1	262	234	2.92076
3584	3072	1	348	160	1.15957
3584	3072	1	470	38	4.01013
3584	3072	1	116	476	1.37340
3584	3072	1	46	424	3.86823
3584	3072	1	152	358	1.22687
3584	3072	1	188	252	0.00000
3584	3072	1	124	206	0.00000
3584	3072	2	198	142	0.00000
3584	3072	1	242	378	4.06579
3584	3072	1	262	448	0.54383
3584	3072	1	376	284	5.43485
3584	3072	1	426	198	6.23311
3584	3072	1	364	44	3.39686
3584	3072	1	510	392	3.10387
3584	3072	1	438	496	2.06776
3584	3072	1	512	134	1.15905
3584	3584	1	324	80	4.75887
3584	3072	1	342	498	2.77761
3584	3072	1	382	390	0.81765
3584	3584	1	140	28	4.09822
3584	3584	1	186	90	1.87602
3584	3584	1	430	132	3.03094
3584	3584	1	508	140	3.02993
3072	3584	1	152	222	5.49779
3072	3584	1	70	280	5.64781
3072	3584	1	256	272	0.45728
3072	3584	1	350	248	0.32175
3072	3584	1	422	236	3.72024
3584	3584	1	24	130	0.00000
3584	3584	1	98	176	3.43305
3584	3584	1	360	244	0.24642
3584	3584	1	304	248	3.20337
3584	3584	1	226	222	2.65488
3584	3584	1	170	252	2.50360
3584	3584	1	484	414	5.74277
3072	3584	1	192	406	1.87962
3072	3584	1	318	424	1.98655
3072	3584	1	24	338	5.78604
3072	3584	1	474	322	3.75900
3072	3584	1	78	430	0.29940
3072	3584	1	466	478	2.90850
3584	3584	1	48	336	0.00000
3584	3584	1	134	316	2.27069
3584	3584	1	258	396	5.37343
3584	3584	1	198	468	0.00000
3584	3584	1	414	470	2.44619
3584	3584	1	416	304	0.00000
3584	3584	1	132	442	5.89631
2560	3584	1	428	356	0.06840
2560	3584	1	278	246	0.00000
2560	3584	1	340	242	2.80120
2560	3584	1	458	138	3.71389
2560	3584	1	386	96	3.13113
2048	3584	1	388	456	0.00000
2560	3584	1	282	100	4.37804
2048	3584	1	122	502	0.00000
2560	3584	1	348	366	3.60639
2048	3584	1	512	436	2.42779
2560	3584	1	114	104	1.48106
2560	3584	1	262	34	4.72818
2048	3584	1	166	188	2.23290
2048	3584	1	230	304	1.14816
2048	3584	1	316	462	0.00000
2048	3584	1	500	86	1.51576
2048	3584	1	226	148	5.11437
2048	3584	1	48	438	0.00000
2560	3584	1	80	12	4.84623
2048	3584	1	442	254	0.00000
2560	3584	1	482	442	1.10112
2048	3584	1	102	376	5.52344
2560	3584	1	484	232	0.67261
2560	3584	1	504	304	5.68464
2048	3584	1	66	248	3.93863
2560	3584	1	238	376	0.63162
2560	3584	1	154	360	0.00000
2560	3584	1	76	426	5.98509
2560	3584	1	264	472	0.00000
2048	3584	1	296	290	0.00000
2560	3072	1	452	498	2.59868
2048	3584	1	366	324	0.00000
2560	3584	1	16	254	2.90237
2560	3584	1	82	224	5.81576
2560	3584	1	148	208	3.31358
2048	3584	1	110	90	3.97591
2048	3584	1	30	8	3.51588
2560	3584	1	208	238	3.06464
2560	3072	1	482	426	1.84471
2048	3072	1	340	468	1.65018
2048	3072	2	158	474	0.00000
2048	3584	2	372	40	0.00000
2560	3072	1	512	350	0.00000
2560	3072	1	386	364	4.27379
2560	3072	1	420	256	0.96960
2560	3072	2	354	242	0.00000
2560	3072	1	512	282	4.52437
2560	3072	1	512	168	0.63565
2560	3072	1	478	60	3.07271
2560	3072	1	420	0	0.00000
2560	3072	1	366	114	2.49125
2560	3072	1	256	56	3.34292
2560	3072	2	146	82	0.00000
2560	3072	1	236	226	4.86468
2560	3072	1	126	150	4.44400
2560	3072	2	6	180	0.00000
2560	3072	2	94	239	0.00000
2560	3072	1	280	446	6.00411
2560	3072	1	206	468	0.00000
2560	3072	1	122	416	5.05181
2560	3072	1	144	308	0.58375
2048	3072	1	486	468	4.98391
2048	3072	1	442	368	4.01937
2048	3072	1	496	284	1.11341
2048	3072	1	498	102	4.92176
2048	3072	1	464	42	1.36961
2048	3072	1	368	118	5.41471
2048	3072	1	304	78	0.00000
2048	3072	1	344	288	1.83860
2048	3072	1	310	342	2.60754
2048	3072	1	212	412	5.53425
2048	3072	2	192	330	0.00000
2048	3072	1	78	394	3.49076
2048	3072	1	4	336	3.44180
2048	3072	1	314	210	1.29745
2048	3072	1	90	208	0.96254
2048	3072	1	44	124	4.10598
2048	3072	1	184	0	0.00000
