1024	2048	1	162	214	6.07719
1024	2048	1	64	140	5.32239
1024	2048	1	208	68	0.40489
1024	2048	1	486	230	2.84853
1536	2048	1	100	78	0.00000
1536	2048	1	168	36	0.00000
1536	2048	1	232	138	0.00000
1536	2048	1	250	234	1.54889
1536	2048	1	362	142	3.73700
1024	2048	1	242	376	0.35679
1024	2048	1	70	448	0.79574
1024	2560	1	244	40	1.12127
1536	2048	1	122	220	0.75737
1536	2048	1	234	360	2.92543
1536	2048	1	318	370	3.07370
1536	2048	1	440	326	3.09995
1536	2048	1	230	474	3.54357
1536	2048	1	362	482	0.62431
1536	2048	1	442	496	3.72782
1024	2560	1	412	4	3.28712
1024	2560	1	496	66	3.43251
1536	2560	1	88	106	0.70697
1536	2560	1	364	124	6.23660
1536	2560	1	482	112	0.23132
1024	2560	1	124	272	3.33851
1024	2560	1	276	206	4.19469
1024	2560	1	448	166	1.97958
1024	2560	1	422	244	1.83963
1024	2560	1	410	324	1.84430
1024	2048	2	511	29	0.00000
1536	2048	1	506	262	0.60876
1536	2560	1	268	244	5.96223
1024	2560	2	81	186	0.00000
1024	2560	2	175	274	0.00000
1536	2560	1	38	280	0.52257
1536	2560	1	136	344	5.90734
1024	2560	1	302	326	5.86031
1024	2560	1	238	356	3.07152
1024	2560	1	24	416	5.69233
1024	2560	1	154	452	0.00000
1024	2560	1	306	488	5.33845
1024	2560	1	402	408	5.36464
1536	2560	1	70	432	5.22036
1536	2560	1	212	406	3.09873
1536	2560	1	288	432	3.05621
1536	2560	1	388	422	2.19225
1536	2560	2	379	491	0.00000
1536	2560	1	488	272	5.42401
1536	2560	1	492	354	5.31955
1536	2048	2	499	65	0.00000
1536	3072	1	176	256	0.87713
1536	3072	1	250	88	0.00000
1024	3072	1	434	472	0.00000
1024	3072	1	312	290	0.44926
1024	3072	1	118	180	0.72016
1024	3072	1	314	162	0.86523
1024	3072	2	260	104	0.00000
1024	3072	2	74	82	0.00000
1024	3072	2	32	252	0.00000
1024	3584	2	150	200	0.00000
1024	3072	1	188	218	0.48870
1024	3072	1	360	34	4.52095
1536	3072	1	70	52	1.73147
1024	3072	1	430	344	1.40369
1024	3584	1	242	194	5.23197
1536	3584	1	66	240	5.65223
1536	3072	1	382	268	5.84081
1536	3072	1	364	374	5.48195
1536	3072	1	116	474	6.01159
1536	3072	1	190	430	5.42377
1536	3072	1	288	512	5.48868
1536	3072	1	286	384	0.00000
1024	3072	1	208	404	5.91956
1024	3072	1	110	350	5.45590
1536	3072	2	364	74	0.00000
1536	3072	2	456	88	0.00000
1024	3584	1	124	22	0.91662
1024	3072	1	80	478	1.25948
1024	3584	1	198	80	4.81206
1024	3584	1	258	4	1.07400
1024	3072	1	324	432	1.97002
1024	3072	1	228	298	0.00000
1024	3584	1	342	30	0.00000
1024	3584	1	472	48	0.00000
1024	3584	1	376	126	0.69661
1536	3584	1	230	108	5.33122
1536	3584	1	224	216	5.49779
1536	3584	1	184	278	5.73741
1536	3584	1	370	166	0.85753
1536	3584	1	372	246	5.46705
1536	3584	1	480	12	0.97995
1536	3584	1	494	206	5.13632
1024	3584	1	74	328	0.39119
1024	3584	1	470	410	0.00000
1536	3584	1	144	442	0.00000
1536	3584	1	56	404	0.00000
1024	3584	1	382	354	0.00000
1024	3584	1	254	394	0.69147
1536	3584	1	358	376	5.58804
1536	3584	2	458	102	0.00000
1536	3072	2	204	46	0.00000
1024	3584	1	214	360	0.59393
1536	3584	1	466	416	0.00000
2048	2048	1	94	36	2.56100
2048	2048	1	184	56	3.92418
2048	2048	1	82	126	1.81753
2048	2048	1	26	228	0.50832
2048	2048	1	186	334	2.81689
2048	2048	1	66	378	5.75667
2048	2048	1	132	502	4.23225
2048	2560	1	64	114	3.58368
2048	2048	1	292	282	5.98907
2048	2048	1	302	50	3.31002
2560	2048	1	108	238	5.73765
2048	2048	1	448	250	1.46619
2048	2048	1	458	364	5.97981
2048	2048	1	394	448	0.75285
2048	2048	1	282	470	2.51435
2048	2560	2	168	146	0.00000
2048	2560	2	228	150	0.00000
2048	2560	1	280	90	2.59754
2048	2560	2	346	50	0.00000
2048	2560	2	410	44	0.00000
2048	2048	1	384	120	5.68389
2560	2048	1	234	252	0.00000
2560	2048	1	202	104	0.25147
2560	2048	1	312	86	0.06694
2560	2048	1	368	66	5.83384
2560	2048	1	488	30	3.80697
2560	2048	1	382	234	4.21369
2560	2048	1	382	458	2.56189
2560	2048	1	60	362	5.36045
2560	2048	1	74	124	3.56328
2048	2048	2	494	62	0.00000
2048	2560	1	424	476	0.85964
2048	2560	1	106	450	5.86737
2048	2560	1	304	354	3.71456
2048	2560	1	124	232	2.24156
2560	2560	1	120	482	3.53687
2560	2560	1	254	410	4.17075
2560	2560	1	428	464	4.45458
2560	2560	1	384	236	1.28740
2560	2560	1	96	88	5.68380
2560	2560	1	204	154	4.05375
2560	2048	1	204	504	4.39461
2560	2560	1	382	360	0.28950
2560	2048	1	502	440	3.26882
2048	2048	2	404	12	0.00000
2560	2048	2	148	24	0.00000
2560	2560	2	22	158	0.00000
2048	2560	2	326	206	0.00000
2048	2560	2	438	318	0.00000
2048	2560	2	508	316	0.00000
2048	2560	2	168	356	0.00000
2048	2560	2	194	422	0.00000
2048	2560	2	258	418	0.00000
2048	2560	2	324	420	0.00000
2560	2560	2	14	478	0.00000
2048	2560	2	190	512	0.00000
2560	2560	2	464	330	0.00000
2560	2560	2	314	484	0.00000
2560	2048	2	290	390	0.00000
2560	2048	2	512	274	0.00000
2560	2048	1	246	362	0.34214
2560	2048	2	512	144	0.00000
2560	2560	2	504	12	0.00000
2560	2560	1	352	46	1.87393
2560	2560	1	500	90	1.67040
2560	2560	1	382	138	5.01898
2560	2560	1	512	220	4.58379
2048	2560	1	12	286	5.33264
2048	2560	1	0	356	4.87637
2560	2560	1	130	316	6.24511
2560	2560	2	178	512	0.00000
2560	2560	2	284	512	0.00000
2048	2560	2	26	508	0.00000
3072	2048	1	114	66	1.02598
3072	2048	1	228	68	3.65114
3072	2048	1	324	66	0.38777
3072	2048	1	418	54	3.12082
3584	2048	1	26	54	3.21518
3584	2048	1	140	34	3.27841
3584	2048	1	238	92	3.88067
3072	2048	1	46	164	2.27081
3072	2048	1	186	200	5.47658
3584	2048	1	370	90	0.48023
3584	2048	1	472	82	0.00000
3584	2048	1	372	248	5.91533
3584	2048	1	294	198	0.00000
3584	2048	1	280	298	5.69186
3584	2048	1	130	142	0.00000
3072	2048	1	506	216	0.17082
3072	2048	1	376	232	1.42616
3072	2048	1	232	288	0.83155
3584	2048	1	338	454	4.84326
3072	2048	1	460	314	4.71775
3072	2048	1	326	334	4.52862
3072	2048	1	62	420	0.00000
3072	2048	1	172	406	4.82997
3584	2560	1	136	28	4.05953
3072	2048	1	496	406	4.92158
3072	2560	1	100	64	2.54247
3072	2560	1	204	36	2.35761
3072	2560	1	350	38	0.73439
3072	2048	1	464	498	3.75221
3584	2048	1	90	478	4.18360
3584	2560	1	302	32	2.39933
3584	2560	1	428	134	6.01089
3584	2560	1	220	84	1.81000
3072	2560	1	510	98	5.39299
3072	2560	1	68	220	4.68195
3072	2560	1	272	180	1.95001
3072	2560	1	412	160	3.27832
3584	2560	1	106	164	3.89820
3072	2560	1	510	242	4.31344
3584	2560	1	196	230	5.05982
3584	2560	1	344	248	3.60914
3584	2560	1	498	198	3.74453
3584	2560	1	96	360	0.00000
3584	2560	1	36	362	3.12862
3584	2560	1	310	470	4.18079
3072	2560	1	346	320	3.35070
3072	2560	1	260	376	3.15551
3072	2560	1	138	314	3.58687
3072	2560	1	38	356	3.50376
3584	2560	1	240	316	0.00000
3584	2560	1	442	320	1.05873
3584	2560	1	476	380	4.06712
3584	2560	1	412	494	0.00000
3584	2560	1	496	438	1.10555
3072	2560	1	382	302	0.00000
3584	2560	1	324	368	4.04570
3584	2560	1	212	426	4.00521
3584	2560	1	122	490	4.77515
3072	2560	1	484	446	0.00000
3072	2560	1	342	456	0.45824
3072	2560	2	176	433	0.00000
3072	3072	1	148	90	0.83130
3072	3072	1	254	152	3.98531
3072	3072	1	130	200	5.63444
3072	3072	1	24	174	0.00000
3072	3072	1	76	292	0.32831
3072	3072	1	178	326	5.24965
3072	3072	1	342	340	1.94928
3072	3072	1	368	212	0.52771
3072	3072	1	398	72	6.16340
3072	3072	1	482	186	6.07260
3584	3072	1	84	156	0.72270
3584	3072	1	4	36	0.87072
3584	3072	1	138	190	0.37689
3072	3072	1	284	458	3.53580
3072	3072	1	184	470	3.49724
3072	3072	1	116	390	4.62899
3072	3072	1	382	512	2.80248
3072	3584	1	86	62	0.50242
3072	3584	1	216	144	0.67585
3072	3584	1	172	90	3.67531
3072	3072	1	512	294	1.40417
3072	3072	2	430	254	0.00000
3584	3072	1	70	344	1.32424
3072	3072	1	466	402	3.65945
3072	3584	1	510	6	1.74626
3584	3584	1	140	60	1.91642
3584	3072	1	204	472	0.46720
3584	3072	1	150	446	0.17504
3584	3072	1	332	418	3.80996
3584	3072	1	282	328	0.71559
3584	3072	1	178	280	0.00000
3584	3072	1	266	252	4.61908
3584	3072	1	414	234	5.36840
3584	3072	1	278	62	0.73319
3584	3072	2	240	154	0.00000
3584	3072	1	388	106	5.34362
3584	3072	1	488	74	3.24185
3584	3072	1	418	482	1.34201
3584	3072	1	428	386	5.90307
3072	3584	1	66	238	0.44986
3072	3584	1	206	330	1.46842
3072	3584	1	178	242	1.02716
3072	3584	1	334	280	1.97643
3584	3584	1	164	234	5.35848
3584	3584	1	274	16	2.20240
3584	3584	1	312	130	2.52338
3584	3584	1	400	64	3.84250
3584	3584	1	470	62	0.00000
3072	3584	1	102	350	0.00000
3072	3584	1	474	232	1.07196
3584	3584	1	36	130	5.65015
3584	3584	1	162	152	2.04778
3584	3584	1	128	428	5.67049
3584	3584	1	180	354	2.54151
3584	3584	1	308	254	0.89815
3584	3584	1	408	194	3.27542
3072	3584	1	458	448	0.32383
3584	3584	1	44	438	6.07931
3584	3584	1	328	390	5.35354
3584	3584	1	502	230	2.93870
3584	3584	1	228	460	0.52021
2048	3584	1	166	458	5.57373
2048	3584	1	408	466	0.69474
2560	3584	1	12	506	0.77903
2560	3584	1	194	486	3.94018
2560	3584	1	108	430	2.54123
2560	3584	1	474	420	0.69904
2560	3584	1	450	344	1.39779
2560	3584	1	282	500	0.56945
2560	3584	1	328	374	2.46851
2560	3584	1	14	390	0.38382
2048	3584	1	204	354	4.01688
2048	3584	1	40	318	1.02401
2048	3584	1	52	460	0.52020
2048	3584	1	458	244	0.70316
2560	3584	1	212	214	5.56991
2560	3584	1	182	290	2.47695
2560	3584	1	494	216	0.73659
2560	3584	1	410	234	0.47760
2048	3584	1	302	304	0.00000
2560	3584	1	340	226	3.89089
2048	3584	1	386	304	5.89981
2048	3584	1	446	194	1.09522
2560	3584	1	442	142	1.75102
2560	3584	1	120	92	5.05844
2560	3584	1	74	166	5.32488
2560	3584	1	262	154	2.37987
2048	3584	1	26	100	2.22496
2048	3072	1	80	488	2.46854
2048	3584	1	162	170	1.90176
2048	3584	1	138	96	4.91755
2560	3584	1	308	56	2.66657
2560	3584	1	488	12	2.45275
2048	3584	1	350	158	0.93976
2048	3584	1	184	262	4.39498
2560	3072	1	138	478	5.85305
2560	3072	1	438	452	4.15768
2048	3072	1	452	500	1.61935
2048	3072	1	430	444	4.83437
2560	3072	1	142	280	0.34406
2048	3072	1	312	506	4.15070
2560	3072	1	296	420	0.00000
2560	3584	1	398	26	1.81577
2560	3072	1	224	480	6.24486
2560	3072	1	386	418	3.85813
2560	3584	1	50	14	1.59460
2560	3072	1	428	260	2.78756
2560	3072	1	248	350	0.00000
2560	3072	1	494	344	0.56581
2560	3072	1	332	316	2.23521
2048	3072	1	198	412	5.58180
2048	3072	1	92	380	4.43163
2048	3072	1	310	366	1.97866
2048	3072	1	464	348	3.11693
2560	3072	1	22	308	2.49924
2560	3072	1	434	148	1.73618
2560	3072	1	318	198	0.44237
2560	3072	1	232	250	3.73490
2048	3072	1	292	280	4.57599
2048	3072	1	284	198	1.83771
2048	3072	1	38	172	3.81024
2048	3072	1	40	298	4.90876
2048	3072	1	192	110	0.53259
2048	3072	1	290	80	5.84746
2048	3072	1	484	86	3.52106
2560	3072	1	92	138	4.88139
2560	3072	2	98	232	0.00000
2560	3072	1	258	100	6.04083
2560	3072	1	436	54	5.48252
2560	3072	1	324	48	2.38552
2048	3072	1	420	42	0.62025
2560	3072	1	178	52	3.01599
2560	3072	1	88	0	3.29402
2560	3072	2	20	170	0.00000
