1024	2560	2	178	288	0.00000
1024	2048	1	226	200	2.61633
1024	2048	1	200	68	0.37054
1024	2048	1	442	236	2.72247
1024	2560	1	264	40	1.28246
1024	2048	1	232	344	0.74272
1536	2048	1	182	320	1.29112
1536	2048	1	96	114	1.56743
1536	2048	1	234	48	2.25509
1536	2048	1	256	248	2.14645
1024	2048	1	100	440	0.00000
1024	2048	1	490	494	4.04326
1536	2048	1	14	326	3.79344
1536	2560	1	126	66	5.13750
1536	2048	1	380	288	2.31485
1536	2048	1	438	252	6.10773
1536	2048	1	326	480	3.17080
1536	2048	1	214	384	0.43755
1536	2560	1	78	192	6.08579
1536	2048	1	390	92	1.85018
1024	2560	1	428	202	2.16509
1536	2560	1	244	136	4.29669
1024	2560	1	28	128	0.86366
1536	2048	1	228	150	2.77528
1536	2048	2	496	66	0.00000
1536	2048	1	378	24	4.73187
1536	2048	1	414	422	3.12020
1024	2560	1	142	238	4.74136
1024	2560	1	242	332	0.16515
1024	2560	1	284	406	0.58758
1024	2560	2	436	70	0.00000
1024	2560	2	358	440	0.00000
1536	2560	1	438	228	0.55860
1536	2560	1	6	312	1.50732
1536	2560	1	274	238	5.93818
1536	2560	1	168	406	2.50387
1024	2560	1	440	394	2.49717
1536	2560	1	478	96	1.20657
1536	2560	1	408	422	1.94378
1536	2560	1	60	422	5.08135
1024	2560	1	50	308	1.16164
1536	2560	1	170	224	2.51973
1536	2560	1	278	512	5.64260
1024	2560	1	404	496	4.36937
1536	2560	1	392	508	5.38758
1024	2560	1	14	460	2.75797
1536	2048	1	32	0	0.16890
1024	2048	1	130	10	5.53809
1024	2560	1	96	168	4.82305
1536	2560	1	500	470	5.81837
1536	2560	1	504	372	2.67003
1536	2560	1	328	332	3.63289
1536	2560	1	40	498	2.87898
1024	3072	1	120	134	0.16941
1024	3072	1	194	64	0.49860
1024	3072	1	166	232	0.58418
1024	3072	1	262	100	3.83110
1024	3072	1	312	162	3.81087
1024	3072	2	382	86	0.00000
1024	3072	1	474	106	3.73910
1536	3072	1	40	38	3.08146
1536	3072	1	140	26	1.05700
1536	3072	1	102	116	0.70863
1024	3072	1	440	236	4.96757
1024	3072	1	260	340	0.32175
1024	3072	1	6	254	3.62191
1024	3072	1	118	394	0.90378
1536	3072	1	252	92	3.26354
1024	3072	1	444	426	2.78584
1024	3072	1	240	456	1.02874
1024	3584	1	40	18	2.54652
1536	3072	1	80	234	2.23513
1536	3072	1	236	294	5.08303
1536	3072	1	186	188	5.46332
1536	3072	1	312	150	0.85518
1536	3072	1	308	32	5.89288
1536	3072	1	326	224	4.37438
1536	3072	1	486	128	1.13058
1536	3072	1	420	10	5.18808
1536	3072	1	386	306	4.91203
1536	3072	1	228	436	0.49153
1536	3072	1	346	436	4.12800
1536	3584	1	430	10	6.08861
1536	3072	1	512	436	5.27099
1536	3072	1	72	304	4.69443
1536	3072	1	50	462	0.68193
1536	3584	1	160	46	2.32395
1536	3584	1	62	72	2.98397
1024	3584	1	482	86	2.52927
1024	3072	1	328	482	3.73787
1024	3584	1	382	58	2.68412
1024	3584	1	236	106	0.21644
1024	3584	2	300	90	0.00000
1024	3584	1	138	142	5.65770
1024	3584	1	68	188	2.74354
1024	3584	1	330	158	1.35947
1024	3584	1	484	224	5.65173
1024	3584	1	388	256	5.55985
1536	3584	1	132	192	2.26946
1536	3584	1	436	172	0.39306
1536	3584	2	252	158	0.00000
1536	3584	2	400	118	0.00000
1536	3584	2	372	60	0.00000
1024	3584	1	154	280	0.46365
1024	3584	1	48	350	0.37157
1536	3584	2	252	260	0.00000
1536	3584	1	412	382	5.36957
1536	3584	1	496	192	0.22981
1024	3584	1	408	356	4.76688
1536	3584	1	116	348	1.07685
1536	3584	1	202	406	0.00000
1024	3584	1	298	436	1.14806
1024	3584	1	6	206	5.89135
2048	2048	1	88	46	2.15121
2048	2048	1	218	148	3.16790
2048	2048	1	414	80	4.37421
2048	2048	1	400	202	4.67016
2048	2048	1	56	250	1.77655
2048	2048	1	58	138	1.70262
2560	2048	1	148	104	3.51458
2560	2048	1	222	108	0.00000
2560	2048	1	320	104	0.25203
2560	2048	1	426	68	0.97569
2560	2048	1	390	248	1.47233
2560	2048	1	440	172	1.37526
2560	2048	1	2	338	5.33846
2560	2048	1	170	354	5.85714
2048	2048	1	280	270	2.23353
2048	2048	1	104	396	2.50573
2048	2048	1	158	274	0.00000
2048	2048	1	324	408	1.42981
2048	2560	1	254	64	4.36843
2048	2048	1	376	490	5.11307
2048	2560	1	432	80	4.36297
2048	2048	1	448	430	0.00000
2048	2048	1	400	304	0.00000
2560	2560	1	88	12	0.89919
2560	2048	1	208	456	0.83298
2560	2048	1	418	406	3.42415
2560	2560	1	110	160	0.18311
2560	2560	1	208	170	1.95192
2560	2560	1	274	112	3.52777
2560	2560	1	348	166	2.93957
2560	2560	1	474	116	4.27131
2560	2048	2	276	400	0.00000
2560	2048	2	360	404	0.00000
2560	2048	2	256	340	0.00000
2048	2560	1	106	102	5.67666
2048	2560	1	72	8	1.23912
2048	2560	1	76	200	1.51531
2048	2560	1	220	204	0.90404
2048	2560	1	426	216	0.00000
2560	2560	1	4	128	3.84716
2560	2560	1	148	306	4.98872
2560	2560	2	2	318	0.00000
2048	2560	2	458	336	0.00000
2048	2560	2	318	216	0.00000
2560	2560	1	2	468	0.00000
2560	2560	1	126	464	0.00000
2560	2560	1	414	388	2.13830
2560	2560	1	512	320	1.38744
2560	2560	1	498	226	4.84792
2560	2560	1	294	308	4.01911
2048	2560	1	98	418	0.00000
2048	2560	1	256	300	1.65705
2048	2560	1	382	386	0.00000
2048	2560	1	262	364	4.28576
2048	2560	1	98	268	1.92302
2048	2560	1	272	500	5.82305
2048	2560	2	30	512	0.00000
2048	2560	2	386	512	0.00000
2560	2560	2	326	488	0.00000
2560	2560	1	400	488	2.36333
2560	2560	1	76	422	0.38441
2560	2560	1	222	408	1.38545
3072	2048	1	116	52	1.20505
3584	2048	1	82	154	0.07126
3072	2048	1	372	314	0.32614
3072	2048	1	170	218	5.14455
3072	2048	1	268	84	5.67782
3072	2048	1	444	48	5.71014
3072	2048	1	16	50	0.00000
3072	2048	1	372	508	3.30672
3072	2048	1	198	82	0.39356
3072	2560	2	253	17	0.00000
3072	2560	2	164	80	0.00000
3584	2560	2	430	505	0.00000
3072	2560	2	20	22	0.00000
3072	2560	2	432	138	0.00000
3072	2048	2	114	115	0.00000
3584	2048	1	44	12	0.89738
3584	2048	1	240	86	3.93352
3584	2048	1	466	78	0.00000
3584	2048	1	406	148	0.00000
3584	2048	1	328	136	1.32805
3584	2048	1	362	254	5.93162
3584	2048	1	148	246	4.61275
3072	2048	1	458	234	2.72994
3584	2048	1	56	334	4.36782
3072	2048	1	464	416	5.72227
3072	2048	1	194	394	4.92699
3072	2048	1	40	404	3.93290
3072	2560	1	96	8	3.48085
3584	2048	1	72	450	5.93287
3584	2048	1	194	362	4.93057
3584	2048	1	440	336	0.20418
3584	2048	1	348	386	2.21774
3584	2048	1	156	480	3.44296
3584	2048	1	268	466	4.51925
3072	2560	1	240	116	0.76573
3072	2560	1	32	120	1.46113
3072	2560	1	36	202	4.66389
3072	2560	1	142	286	5.38364
3072	2560	1	24	312	1.70482
3072	2560	1	58	414	1.42469
3072	2560	1	286	284	2.05148
3072	2560	1	222	380	3.65278
3072	2560	1	354	160	0.18701
3072	2560	1	442	66	4.69883
3584	2560	1	66	62	2.19784
3072	2560	1	486	170	0.49038
3072	2560	1	396	274	3.07489
3072	2560	1	352	444	5.40090
3072	2560	1	268	490	2.30936
3584	2560	1	274	36	4.69176
3584	2560	1	422	10	5.70165
3584	2560	1	504	76	4.17544
3584	2048	1	498	458	4.06669
3584	2560	1	292	146	2.83464
3584	2560	1	182	136	3.55885
3584	2560	1	398	116	5.96447
3584	2560	1	74	144	5.60885
3072	2560	1	510	242	0.44344
3072	2560	1	434	396	2.28496
3584	2560	1	44	452	1.27461
3584	2560	1	92	356	1.31917
3584	2560	1	170	282	2.20093
3584	2560	1	226	232	3.58604
3584	2560	1	362	244	3.19005
3584	2560	1	436	230	3.35362
3584	2560	1	194	444	2.81619
3584	2560	1	234	404	3.07936
3584	2560	1	310	400	3.27165
3584	2560	1	398	402	3.29441
3584	2560	1	478	324	3.35825
3584	2560	1	480	480	5.83192
3584	2560	1	330	510	3.42452
3072	2560	1	46	512	3.36203
3072	2560	2	132	512	0.00000
3584	2560	2	256	512	0.00000
3584	2560	2	512	169	0.00000
3072	2560	2	298	25	0.00000
3072	3072	1	46	68	3.21514
3072	3072	1	118	52	0.35545
3072	3072	1	194	80	3.13397
3072	3072	1	400	64	6.11245
3072	3072	1	498	82	3.12499
3072	3072	1	300	8	2.47710
3072	3072	1	348	178	2.07844
3072	3072	1	230	202	0.00000
3072	3072	1	144	266	6.17253
3072	3072	1	70	292	3.06740
3072	3072	1	276	414	2.83420
3072	3072	1	194	456	5.80830
3072	3072	1	88	456	4.97570
3072	3072	1	6	192	4.09893
3072	3072	1	328	296	3.09036
3584	3072	1	46	96	0.35227
3584	3072	1	182	74	6.01693
3584	3072	1	144	138	2.51657
3584	3072	1	24	266	4.98321
3072	3072	1	438	328	1.23872
3584	3072	1	110	216	2.77761
3584	3072	1	246	64	0.07884
3584	3072	1	322	30	0.33929
3584	3072	1	232	160	0.00000
3584	3072	1	304	176	6.15125
3584	3072	1	408	138	5.65611
3584	3072	1	500	152	0.00000
3584	3072	1	434	284	5.76404
3072	3584	1	390	48	2.88544
3584	3072	1	42	482	1.78947
3584	3072	1	50	374	0.39922
3072	3072	1	442	416	0.92093
3072	3584	1	194	94	2.93524
3072	3584	1	140	178	2.98868
3072	3584	1	76	78	1.07145
3072	3584	1	484	92	3.21836
3584	3584	1	42	106	3.24851
3584	3072	1	244	348	4.22587
3584	3072	1	140	432	1.95130
3584	3072	1	136	332	0.73188
3584	3072	1	470	422	2.41427
3584	3584	1	404	6	0.00000
3584	3072	1	266	474	3.51275
3584	3584	1	154	30	0.80141
3584	3584	1	308	54	3.19794
3584	3584	1	250	182	0.30747
3584	3584	1	208	92	1.58362
3584	3072	1	346	388	5.89414
3584	3584	1	424	178	0.32995
3584	3584	1	364	192	0.11528
3584	3584	1	306	218	3.71245
3072	3584	1	248	222	3.88146
3072	3584	1	338	226	0.00000
3072	3584	1	384	382	0.00000
3072	3584	1	162	326	2.27874
3072	3584	1	292	318	4.70219
3072	3584	1	70	254	2.44685
3072	3584	1	112	374	5.24291
3584	3584	1	168	184	2.58405
3584	3584	1	48	290	2.69871
3584	3584	1	118	218	6.20641
3072	3584	1	442	338	5.75901
3584	3584	1	188	318	0.00000
3584	3584	1	122	330	0.00000
3584	3584	1	262	342	0.33564
3584	3584	1	354	374	1.79383
3072	3584	1	462	430	4.77424
3072	3584	1	254	468	0.22986
3072	3584	1	202	442	0.36872
3584	3584	1	108	452	5.57362
3584	3584	1	512	318	0.00000
3072	3584	1	392	496	1.34095
3584	3584	1	372	448	2.10400
3072	3072	2	430	252	0.00000
3584	3072	2	368	314	0.00000
3584	3072	2	224	254	0.00000
3584	3584	2	272	512	0.00000
3072	3584	2	22	306	0.00000
3072	3072	1	10	354	2.68881
3584	3584	1	484	458	3.69607
3072	3584	1	32	442	0.33274
2560	3072	2	256	499	0.00000
2560	3072	2	352	457	0.00000
2048	3072	2	432	235	0.00000
2560	3072	2	96	237	0.00000
2560	3072	2	220	139	0.00000
2048	3584	2	124	217	0.00000
2048	3072	2	196	329	0.00000
2048	3072	2	318	441	0.00000
2048	3072	2	164	477	0.00000
2560	3584	2	98	501	0.00000
2560	3584	2	396	247	0.00000
2560	3072	2	352	235	0.00000
2048	3584	2	366	13	0.00000
2560	3584	2	124	303	0.00000
2560	3584	1	28	286	0.00000
2560	3584	1	414	466	0.72102
2560	3584	1	512	466	0.00000
2560	3584	1	334	384	2.76271
2048	3584	1	112	480	0.00000
2048	3584	1	406	216	0.00000
2048	3584	1	330	276	0.00000
2048	3584	1	350	440	0.00000
2048	3584	1	38	486	3.26249
2048	3584	1	446	354	0.48233
2048	3584	1	296	476	0.00000
2048	3584	1	246	366	0.17634
2560	3584	1	166	492	6.06562
2560	3584	1	268	486	0.00000
2048	3584	1	488	438	0.50032
2560	3584	1	224	410	3.98429
2560	3584	1	446	386	1.31514
2560	3584	1	484	308	1.42100
2560	3584	1	388	312	5.94710
2560	3584	1	308	168	0.00000
2560	3584	1	14	474	3.85466
2560	3584	1	478	182	4.08375
2560	3584	1	506	14	0.00000
2560	3584	1	396	132	3.86719
2560	3584	1	376	44	0.41193
2560	3072	1	512	354	2.90486
2048	3584	1	198	304	0.47410
2048	3584	1	218	512	2.76443
2048	3584	1	98	292	2.59329
2048	3584	1	204	190	1.23854
2048	3584	1	60	134	1.36026
2048	3584	1	74	54	5.09244
2048	3072	1	142	448	3.68567
2048	3072	1	18	458	2.09132
2048	3072	1	68	422	3.57755
2048	3072	1	128	294	4.03545
2048	3072	1	46	218	0.34316
2048	3072	1	44	36	2.24052
2048	3072	1	208	162	1.99942
2048	3072	1	256	92	5.66285
2560	3584	1	238	176	3.24029
2560	3584	1	230	310	1.57791
2560	3584	1	160	140	1.64407
2560	3584	1	120	36	0.00000
2560	3072	1	422	396	1.63230
2560	3072	1	474	208	4.10867
2048	3584	1	344	100	1.00404
2560	3072	1	388	314	1.03044
2560	3072	1	460	130	0.59187
2560	3584	1	134	242	2.28398
2048	3584	1	270	14	2.98416
2048	3584	1	448	70	5.87052
2560	3072	1	402	28	3.02014
2560	3072	1	334	82	5.79150
2560	3072	1	256	210	4.44175
2560	3072	1	254	102	5.50260
2560	3072	1	196	20	0.68195
2560	3072	1	132	62	5.53829
2560	3072	1	78	130	2.44714
2560	3072	1	28	228	2.81230
2560	3072	1	86	334	4.03223
2560	3072	1	66	448	0.66915
2048	3072	1	474	358	6.14114
2048	3072	1	402	48	5.62753
2048	3072	1	314	30	2.57664
2048	3072	1	396	354	2.52344
2048	3072	1	388	154	5.35244
2048	3072	1	292	342	3.24715
2048	3072	1	422	442	4.93432
