1024	2048	1	268	0	0.23467
1024	2048	1	354	2	0.19052
1536	2048	1	6	2	0.15495
1024	2048	1	212	66	0.39565
1024	2048	1	108	174	0.28775
1024	2048	1	268	166	4.68608
1024	2048	1	412	166	2.51515
1024	2048	1	200	264	1.64656
1536	2048	1	46	158	0.00000
1536	2048	1	226	142	0.08153
1536	2048	1	116	34	4.58452
1536	2048	1	252	26	1.29830
1536	2048	1	280	80	5.77844
1536	2048	1	370	100	3.03018
1536	2048	2	496	62	0.00000
1024	2048	1	488	328	0.00000
1536	2048	1	252	314	4.75479
1536	2048	1	432	242	1.63773
1024	2048	1	222	380	0.51445
1024	2048	1	326	442	4.61973
1024	2560	1	312	10	1.15890
1536	2560	1	30	26	5.71952
1536	2048	1	162	374	2.58057
1536	2048	1	246	382	0.02272
1536	2048	1	376	390	0.68424
1536	2048	1	502	426	5.75428
1536	2560	1	186	8	0.75976
1536	2048	1	100	496	3.38657
1024	2560	1	138	112	4.56702
1024	2560	1	426	72	0.44442
1536	2560	1	40	140	1.16078
1536	2048	1	332	510	0.58732
1536	2560	1	358	110	3.38313
1536	2560	1	502	52	2.30361
1536	2560	1	502	170	2.54213
1536	2560	1	174	142	1.32403
1024	2560	1	368	208	1.63581
1024	2560	1	176	222	3.99578
1024	2560	1	68	224	0.88128
1536	2560	1	60	260	1.02954
1024	2560	1	376	362	1.17659
1024	2560	1	266	388	3.13119
1536	2560	1	386	168	0.00000
1536	2560	1	190	276	0.28650
1536	2560	1	252	320	0.00000
1536	2560	1	310	254	5.69219
1536	2560	1	430	296	2.38820
1024	2560	1	136	320	2.30383
1024	2560	2	192	288	0.00000
1024	2560	1	476	424	0.24815
1024	2560	1	130	396	5.07171
1536	2560	1	52	474	0.85909
1536	2560	1	116	376	5.35149
1536	2560	1	248	442	0.76594
1536	2560	1	356	382	0.62050
1536	2560	1	396	440	3.97558
1024	2560	1	142	498	5.27102
1024	2560	1	368	512	3.72701
1536	2560	1	356	508	4.76216
1536	2560	1	154	510	5.07485
1024	3072	1	288	62	5.97834
1024	3072	1	200	84	0.69228
1024	3072	1	98	134	2.89256
1024	3072	1	38	206	3.13139
1024	3072	1	320	186	5.40594
1024	3072	1	412	102	5.28995
1536	3072	1	66	130	0.56609
1536	3072	1	248	136	5.99278
1536	3072	1	340	156	2.89134
1536	3072	1	370	272	3.42736
1536	3072	1	208	244	1.72673
1536	3072	1	50	282	2.01783
1024	3072	1	506	472	2.26000
1024	3072	1	450	356	0.59620
1024	3072	1	300	388	0.00000
1024	3072	1	224	328	0.58333
1024	3072	1	142	226	0.95801
1024	3072	1	62	356	3.98051
1024	3072	1	50	468	0.63009
1024	3072	1	154	404	1.99411
1024	3584	1	240	2	5.06938
1024	3584	1	78	90	3.03265
1024	3584	1	258	94	1.25604
1024	3584	1	160	214	0.89323
1024	3584	1	266	232	0.00000
1024	3584	1	358	288	0.09467
1024	3584	1	444	46	2.18655
1024	3584	1	392	140	2.06635
1024	3584	1	494	252	0.00000
1536	3584	1	88	134	5.15476
1536	3584	2	40	212	0.00000
1536	3584	2	468	120	0.00000
1536	3584	2	408	124	0.00000
1536	3072	1	276	328	0.61552
1536	3072	1	422	326	0.17559
1536	3072	1	498	316	3.36291
1536	3072	1	432	84	2.18669
1536	3072	1	156	26	5.15786
1536	3072	1	86	496	3.68239
1536	3072	1	164	480	3.24712
1536	3072	1	240	482	0.00000
1536	3072	1	328	446	5.40713
1536	3584	1	258	136	2.33588
1536	3584	1	242	220	5.03832
1536	3584	1	122	254	0.64871
1536	3584	1	168	360	1.15839
1024	3584	1	428	360	0.00000
1024	3584	1	80	482	5.90158
1536	3584	1	70	482	0.93762
1536	3584	1	174	470	0.00000
1536	3584	1	314	484	5.83877
1536	3584	1	468	268	0.32540
1536	3584	1	344	272	3.13667
1536	3584	1	390	346	0.00000
1536	3584	1	506	444	6.01062
1536	3584	1	494	94	5.68991
2048	2560	2	240	161	0.00000
2048	2560	2	182	163	0.00000
2048	2048	2	272	509	0.00000
2048	2560	2	410	57	0.00000
2048	2560	2	170	361	0.00000
2048	2560	2	208	409	0.00000
2048	2560	2	466	479	0.00000
2560	2560	2	12	485	0.00000
2048	2560	2	444	303	0.00000
2560	2560	2	304	9	0.00000
2560	2560	2	466	341	0.00000
2560	2560	1	248	466	2.45835
2560	2560	1	96	72	0.47194
2560	2560	1	302	118	1.69326
2048	2560	1	148	496	0.00000
2048	2560	1	72	298	3.76229
2560	2560	1	410	174	3.45915
2048	2560	1	20	430	3.87865
2560	2560	1	282	208	1.02131
2048	2560	1	484	200	1.29771
2560	2560	1	10	104	3.82531
2048	2560	1	422	102	4.90121
2048	2560	2	317	205	0.00000
2048	2560	1	232	440	3.09448
2048	2560	1	350	280	5.90318
2560	2560	1	210	64	1.27843
2560	2560	1	460	448	0.14435
2048	2560	1	380	430	2.59136
2560	2560	1	356	424	2.02946
2560	2560	1	88	432	6.14559
2560	2560	1	176	328	5.62760
2560	2560	1	404	306	0.00000
2560	2560	1	314	282	3.63277
2560	2560	1	26	298	5.35354
2560	2560	1	512	228	1.45692
2048	2560	1	316	448	5.74301
2048	2560	1	64	112	3.75147
2048	2560	1	162	124	4.04518
2048	2560	1	144	28	1.71579
2048	2048	1	156	426	0.00000
2048	2048	1	62	278	0.00000
2048	2048	1	138	230	0.00000
2048	2048	1	272	246	0.00000
2560	2048	1	170	184	5.56465
2560	2560	1	396	2	0.48142
2560	2560	1	494	82	3.14590
2048	2560	1	326	32	3.46761
2048	2048	1	512	506	4.78591
2048	2048	1	452	384	5.60939
2048	2048	1	300	390	3.76701
2048	2048	1	94	396	3.99638
2048	2048	1	0	438	5.40748
2560	2048	1	14	342	4.93710
2048	2048	2	202	505	0.00000
2560	2048	1	250	442	3.90734
2048	2048	1	58	74	0.60490
2048	2048	1	68	8	0.84798
2048	2048	1	112	74	0.00000
2048	2048	1	210	128	5.31449
2048	2048	1	366	134	0.51154
2048	2048	1	428	204	3.36965
2560	2048	1	24	220	1.41147
2560	2048	1	46	124	5.51432
2048	2048	2	410	15	0.00000
2560	2048	1	144	96	4.03117
2560	2048	1	300	106	0.00000
2560	2048	1	396	226	1.16352
2560	2048	1	418	56	0.00000
2560	2048	1	350	38	0.00000
2560	2048	1	256	58	3.13910
2560	2048	1	430	314	3.11432
2560	2048	1	512	218	0.69590
2560	2048	1	512	318	0.73571
2560	2048	1	496	134	4.07814
2048	2048	1	194	22	3.98652
3584	2560	1	408	462	3.40052
3584	2560	1	86	250	4.43039
3584	2560	1	498	328	5.70232
3072	2560	1	58	224	1.22703
3584	2560	1	196	310	4.05657
3072	2560	1	16	474	0.00000
3584	2560	1	28	462	5.52933
3072	2560	1	378	474	0.00000
3584	2560	1	404	354	1.80894
3072	2560	1	186	316	2.90952
3072	2560	1	60	334	4.60550
3072	2560	1	374	322	4.68284
3072	2560	1	128	420	3.83225
3072	2560	1	442	456	3.00727
3072	2560	1	332	410	0.87583
3584	2560	1	96	308	1.01470
3072	2560	1	460	268	5.71418
3584	2560	1	128	468	2.32286
3584	2560	1	68	168	1.79055
3584	2560	1	48	72	2.14686
3072	2560	2	440	126	0.00000
3072	2560	2	472	190	0.00000
3584	2560	2	344	432	0.00000
3584	2560	2	216	468	0.00000
3584	2560	2	276	482	0.00000
3584	2560	2	346	500	0.00000
3584	2560	1	432	122	6.19598
3584	2560	1	300	140	3.36484
3584	2560	1	204	108	1.36704
3584	2560	1	490	170	3.53779
3584	2560	1	234	212	2.29560
3584	2560	1	280	366	1.25089
3584	2560	1	370	268	4.35326
3584	2560	1	350	184	3.78270
3584	2560	2	144	394	0.00000
3072	2560	1	290	108	5.85835
3072	2560	1	394	84	5.99058
3072	2560	1	202	62	2.95644
3072	2560	1	318	224	1.99912
3072	2560	1	58	100	3.78623
3072	2560	2	154	84	0.00000
3072	2560	2	330	28	0.00000
3072	2560	2	22	20	0.00000
3072	2048	1	46	466	2.74745
3072	2048	1	128	344	4.71661
3072	2048	1	230	368	3.53576
3072	2048	1	290	404	4.01510
3072	2048	1	356	450	1.39907
3072	2048	1	442	386	2.60578
3584	2048	1	22	396	3.10500
3072	2048	1	466	506	4.66428
3584	2048	1	100	408	3.60735
3584	2048	1	134	512	0.54617
3584	2560	1	200	34	3.83052
3584	2048	1	234	400	5.65017
3584	2048	1	308	480	3.47277
3584	2048	1	374	482	2.93856
3584	2048	1	466	472	3.08161
3584	2048	1	454	334	4.72039
3584	2048	1	392	210	5.45396
3584	2048	1	238	228	4.26932
3584	2048	1	48	288	2.43871
3072	2048	1	362	284	3.93864
3072	2048	1	32	296	0.40992
3584	2048	1	154	108	0.11711
3584	2048	1	256	96	3.76336
3584	2048	1	390	90	5.95851
3584	2048	1	468	58	0.00000
3584	2048	2	216	24	0.00000
3584	2048	1	28	188	4.81637
3072	2048	1	446	132	3.89298
3072	2048	1	286	214	4.37310
3072	2048	1	150	216	4.37914
3072	2048	1	42	194	0.69474
3072	2048	2	24	116	0.00000
3072	2048	2	30	24	0.00000
3072	2048	1	144	52	1.98383
3072	2048	1	256	106	5.00555
3072	2048	1	350	110	0.11766
3072	2048	2	292	34	0.00000
3072	2048	1	446	0	3.26595
3584	2560	1	512	454	5.54217
3584	3584	1	446	438	0.44926
3584	3072	1	406	366	3.45761
3584	3584	1	492	276	3.83570
3584	3072	1	182	154	3.25225
3584	3584	1	390	112	4.64059
3584	3072	1	232	260	4.62320
3584	3584	1	390	424	0.70226
3584	3584	1	472	202	4.70682
3584	3584	1	428	290	0.47872
3584	3584	1	398	38	4.63831
3584	3072	1	498	386	3.14340
3584	3072	1	464	238	6.00276
3584	3584	1	482	148	4.47731
3584	3584	1	484	48	5.86341
3584	3072	1	496	106	0.63388
3584	3072	1	454	44	0.00000
3584	3072	1	312	172	1.65686
3584	3072	1	356	16	5.75297
3584	3072	1	310	88	1.75614
3584	3072	1	264	344	2.18920
3072	3584	1	454	310	2.83455
3072	3584	1	442	434	2.33228
3072	3584	1	278	390	0.00000
3072	3584	1	100	310	0.31597
3584	3072	1	250	462	3.99858
3584	3072	1	74	80	1.18733
3072	3584	1	192	252	3.42976
3072	3584	1	190	512	4.12229
3072	3584	1	0	404	2.41784
3072	3584	1	18	306	1.61688
3584	3584	1	204	128	0.35699
3072	3584	1	130	426	0.52336
3072	3584	1	346	458	0.57738
3072	3584	1	366	312	0.48211
3072	3584	1	282	262	0.75900
3072	3584	1	406	156	0.72399
3072	3584	1	468	176	0.31532
3584	3584	1	492	484	1.40565
3584	3072	2	184	38	0.00000
3584	3072	2	240	36	0.00000
3584	3072	1	80	190	1.40714
3584	3072	2	236	130	0.00000
3584	3584	1	46	74	1.56904
3584	3584	1	36	164	1.29499
3584	3584	1	76	368	0.78866
3584	3584	1	200	308	1.50194
3584	3584	1	38	344	0.42593
3584	3584	1	288	102	5.96143
3584	3584	1	276	232	5.98290
3584	3584	1	210	484	1.16265
3584	3584	1	164	30	1.68254
3584	3584	1	322	426	5.57546
3584	3584	1	360	326	6.05639
3584	3584	1	92	512	3.39871
3584	3584	1	252	360	1.04645
3072	3584	1	184	136	3.74388
3072	3584	1	40	90	2.70610
3072	3584	1	0	186	5.40721
3072	3584	1	398	58	1.08592
3584	3072	1	26	480	4.00688
3584	3072	1	138	384	2.08939
3584	3072	1	68	288	3.21706
3072	3584	1	290	148	0.42663
3072	3584	1	278	46	0.94306
3072	3072	1	196	508	3.42019
3072	3584	1	116	14	0.00000
3072	3072	2	434	256	0.00000
3072	3072	2	248	454	0.00000
3072	3072	1	344	450	5.81954
3072	3072	1	444	420	2.53784
3072	3072	1	378	0	0.00000
3072	3072	1	468	120	5.15380
3584	3072	1	36	0	5.51862
3072	3072	1	218	44	3.55912
3072	3072	1	342	110	5.65335
3072	3072	1	308	186	4.86650
3072	3072	1	342	298	2.17801
3072	3072	1	180	362	4.09442
3072	3072	1	96	348	0.17446
3072	3072	1	182	178	3.57822
3072	3072	1	112	76	2.85014
3072	3072	1	24	110	5.32454
3072	3072	1	10	234	5.85406
3072	3072	2	30	388	0.00000
2048	3072	2	232	280	0.00000
2048	3072	2	286	276	0.00000
2560	3072	2	138	74	0.00000
2560	3072	2	222	138	0.00000
2560	3072	2	348	240	0.00000
2048	3072	2	162	482	0.00000
2048	3072	2	46	384	0.00000
2048	3072	2	306	434	0.00000
2048	3072	2	138	116	0.00000
2560	3072	2	104	234	0.00000
2048	3072	1	78	70	6.08821
2048	3072	1	152	22	0.00000
2048	3072	1	62	238	0.30498
2048	3072	1	228	114	0.25491
2048	3072	1	302	166	6.16067
2048	3072	1	366	260	0.00000
2048	3072	1	470	102	5.75159
2048	3072	1	344	34	4.90087
2048	3072	1	136	370	5.75914
2048	3072	1	218	360	2.44407
2048	3072	1	370	404	5.47646
2560	3072	1	8	282	0.29956
2560	3072	1	110	138	2.20984
2560	3072	1	364	70	2.23140
2560	3072	1	286	232	2.75706
2560	3072	1	216	266	5.82638
2560	3072	1	174	324	5.60155
2560	3072	1	124	354	5.62182
2560	3072	1	512	230	5.42996
2560	3072	1	424	230	2.43643
2560	3072	1	478	428	5.57273
2560	3072	1	350	394	5.96560
2048	3072	1	476	412	2.63328
2560	3072	1	42	394	2.96024
2560	3072	1	220	468	0.41444
2048	3072	1	14	496	6.02139
2048	3584	1	298	44	3.52315
2048	3584	1	442	28	3.52806
2560	3584	1	280	22	3.70780
2560	3584	1	36	16	3.95071
2048	3584	1	96	14	3.46864
2560	3584	1	156	32	5.78839
2560	3584	1	106	114	5.77286
2560	3584	1	370	82	4.52066
2048	3584	1	370	138	0.00000
2560	3072	2	98	440	0.00000
2048	3584	2	190	278	0.00000
2048	3584	2	252	336	0.00000
2048	3584	2	136	110	0.00000
2560	3584	2	276	248	0.00000
2560	3584	2	268	354	0.00000
2560	3584	2	204	356	0.00000
2560	3584	2	180	406	0.00000
2560	3584	1	24	424	0.00000
2560	3584	1	6	146	0.37742
2560	3584	1	8	276	0.51478
2560	3584	1	92	204	2.13939
2560	3584	1	228	146	2.39525
2560	3584	1	500	174	5.53880
2560	3584	1	510	316	1.52605
2560	3584	1	358	372	5.00543
2560	3584	1	328	248	5.96210
2048	3584	1	462	408	0.44237
2048	3584	1	234	208	2.55359
2560	3584	1	512	392	2.42326
2560	3584	1	400	166	5.31036
2048	3584	1	314	200	2.72047
2560	3584	1	82	330	6.06045
2048	3584	1	350	382	0.81765
2048	3584	1	432	194	0.00000
2560	3584	1	216	488	2.59380
2048	3584	2	94	204	0.00000
2560	3584	2	332	496	0.00000
2048	3584	1	10	452	0.00000
2048	3584	1	86	452	5.79323
2048	3584	1	200	472	5.71324
2048	3584	1	36	256	0.26510
