1024	2048	2	200	88	0.00000
1024	2048	1	80	116	1.18673
1024	2048	1	284	188	2.26879
1024	2048	1	90	288	5.79252
1024	2048	1	508	202	2.33738
1536	2048	1	98	220	5.83750
1024	2048	1	480	326	4.00195
1024	2048	1	210	374	0.35400
1536	2048	2	226	164	0.00000
1536	2048	2	492	66	0.00000
1536	2048	1	160	54	1.12564
1536	2048	2	282	84	0.00000
1536	2048	1	296	180	0.48739
1536	2048	1	14	32	0.00000
1536	2048	1	404	302	1.97348
1536	2048	2	234	394	0.00000
1536	2048	1	334	422	0.37410
1536	2048	1	4	394	0.69630
1536	2048	1	134	356	2.66965
1536	2048	1	222	474	1.95950
1536	2048	1	102	480	0.26991
1536	2560	1	28	18	5.64982
1024	2560	1	298	48	0.98279
1536	2048	1	472	472	4.04651
1536	2560	1	512	98	3.46054
1536	2560	1	462	74	0.37673
1536	2560	1	334	30	0.84115
1536	2560	1	350	108	0.74004
1536	2560	1	394	172	0.16515
1024	2560	1	440	98	3.68862
1536	2560	1	148	146	2.60405
1536	2560	1	452	298	0.16362
1536	2560	2	478	412	0.00000
1536	2560	1	456	512	0.00000
1536	2560	1	324	510	4.81896
1536	2560	1	268	436	5.16441
1536	2560	1	324	358	1.92828
1536	2560	1	302	250	5.70481
1536	2560	1	228	294	0.14513
1536	2560	1	138	292	0.59160
1536	2560	1	40	240	2.71200
1024	2560	1	510	334	5.45580
1536	2560	1	44	484	1.18093
1024	2560	1	456	422	1.13913
1024	2560	1	388	348	1.35970
1024	2560	1	332	280	3.58779
1024	2560	1	280	224	3.65250
1024	2560	1	218	432	4.71239
1024	2560	2	352	440	0.00000
1024	2560	2	186	284	0.00000
1024	2560	1	200	350	1.46208
1024	2560	1	152	486	2.00320
1024	2560	1	28	456	3.17498
1024	2560	1	104	318	3.27959
1024	2560	1	62	234	1.20581
1024	2560	1	56	144	2.57055
1024	2048	1	0	510	1.78600
1536	2048	1	308	6	4.24646
1024	2048	1	256	14	0.00000
1024	2048	1	342	12	0.47543
1536	2048	1	146	10	0.83798
1536	2560	1	512	230	5.49457
1536	2048	1	512	326	5.28101
1024	3072	1	180	122	6.12940
1024	3072	1	284	104	5.88382
1024	3072	1	64	48	4.57054
1024	3072	1	74	128	1.89070
1024	3072	1	126	244	5.91785
1024	3072	1	38	238	2.95453
1024	3072	1	250	234	0.00000
1024	3072	1	326	256	6.18984
1024	3072	1	402	76	5.11309
1024	3072	1	472	202	5.52745
1536	3072	1	62	36	1.02720
1536	3072	1	28	190	5.94530
1536	3072	1	296	88	4.67105
1536	3072	1	442	34	0.08807
1536	3072	1	510	112	3.37628
1536	3072	1	418	240	0.89401
1536	3072	1	290	194	1.76876
1536	3072	1	290	268	1.71146
1536	3072	1	38	302	0.80739
1536	3072	1	200	308	5.11189
1536	3072	1	306	342	1.81327
1536	3072	2	374	474	0.00000
1536	3072	2	424	312	0.00000
1024	3072	1	128	354	5.98853
1024	3072	1	280	398	5.68633
1024	3072	1	184	462	0.35231
1024	3072	1	50	476	3.88355
1024	3072	1	500	462	4.19877
1024	3584	1	286	32	0.85948
1024	3584	1	362	74	4.04671
1024	3584	1	92	126	0.28642
1024	3584	1	30	72	1.14771
1024	3584	1	208	122	1.59770
1024	3584	1	340	188	5.08974
1024	3584	1	128	280	0.58397
1024	3584	1	350	302	0.00000
1024	3584	1	180	388	4.56032
1024	3584	1	100	478	5.82475
1536	3072	1	94	472	3.56314
1536	3072	1	224	476	0.38532
1536	3072	1	500	502	0.63136
1536	3072	1	182	436	3.26843
1536	3584	1	140	92	3.34311
1536	3584	1	256	56	0.53941
1536	3584	1	404	132	3.88261
1536	3584	1	272	156	0.88962
1536	3584	1	58	190	5.27543
1024	3584	1	478	262	5.87552
1536	3584	1	182	306	0.29139
1536	3584	1	28	390	0.30445
1024	3584	1	394	410	0.44485
1536	3584	1	194	468	0.19726
1536	3584	1	68	468	0.37680
1536	3584	1	72	282	1.69264
1536	3584	1	330	356	0.13786
1536	3584	1	404	362	0.16236
1536	3584	1	512	134	3.52547
1536	3584	2	486	102	0.00000
1536	3584	2	468	516	0.00000
1024	3584	2	26	510	0.00000
1536	3584	1	280	294	4.27682
1536	3584	1	502	244	4.86835
1536	3584	1	336	504	5.51684
1536	3584	1	474	444	5.58728
1536	3584	2	16	36	0.00000
2048	2560	1	262	464	4.44614
2560	2560	1	336	438	3.64375
2048	2560	1	188	240	4.63643
2048	2560	1	38	256	5.51231
2048	2560	1	426	242	2.12118
2560	2560	1	172	434	5.48191
2560	2560	1	196	360	4.94740
2048	2560	1	434	148	4.37527
2560	2560	1	60	200	0.98179
2560	2560	1	258	54	0.51082
2048	2560	1	444	14	2.82041
2560	2560	1	312	278	4.38094
2560	2560	1	24	392	2.65093
2560	2560	1	180	156	2.86789
2560	2560	1	126	270	1.24904
2560	2048	1	478	438	1.54536
2048	2560	1	302	356	4.71980
2560	2560	1	452	210	0.00000
2048	2560	1	432	426	4.68800
2560	2048	1	18	476	3.66166
2560	2560	1	386	112	5.86868
2560	2048	1	218	488	4.19793
2560	2560	1	70	74	1.03326
2560	2048	1	374	494	5.25212
2560	2560	1	454	512	2.52898
2048	2560	1	66	448	5.39470
2560	2560	1	512	160	0.36144
2560	2048	1	512	220	1.49577
2560	2048	1	484	334	1.41593
2560	2048	1	484	162	1.23283
2560	2048	1	308	92	0.00000
2048	2048	1	342	428	4.13449
2560	2560	1	290	170	0.34302
2560	2048	1	422	276	1.47165
2560	2048	1	430	56	6.09874
2560	2048	1	362	52	6.10951
2560	2048	1	192	146	0.00000
2048	2048	1	482	140	0.80520
2560	2048	1	124	250	1.57080
2048	2048	1	472	370	3.16861
2048	2560	1	230	78	5.11689
2048	2560	1	76	118	4.16073
2048	2560	1	16	66	3.58962
2048	2048	1	80	484	6.00098
2048	2048	1	164	382	4.10047
2048	2048	1	68	340	4.86623
2048	2048	1	256	266	0.00000
2048	2048	1	172	264	0.57838
2048	2048	1	300	72	3.79430
2048	2048	1	376	124	4.91392
2048	2048	1	60	12	3.12226
2048	2048	1	180	92	3.19818
2560	2048	1	314	208	4.19181
2048	2048	1	260	418	3.98824
2560	2048	1	118	106	4.83922
2560	2048	1	224	62	2.69167
2048	2048	1	188	168	1.78548
2560	2048	2	290	394	0.00000
2048	2048	2	202	504	0.00000
2048	2048	2	256	508	0.00000
2048	2560	2	370	98	0.00000
2048	2560	2	408	58	0.00000
2048	2048	2	506	170	0.00000
2560	2560	2	14	174	0.00000
2048	2560	2	160	154	0.00000
2048	2560	2	226	154	0.00000
2048	2560	2	322	212	0.00000
2560	2560	2	456	332	0.00000
2048	2560	2	436	316	0.00000
2048	2560	2	152	348	0.00000
2048	2560	2	194	418	0.00000
2048	2560	2	344	484	0.00000
2048	2560	2	468	486	0.00000
2560	2560	2	18	482	0.00000
3072	2048	1	88	34	0.60568
3072	2048	1	212	50	4.93810
3072	2048	1	208	116	4.92179
3072	2048	2	110	122	0.00000
3072	2048	1	12	148	1.10658
3072	2048	1	62	240	2.60004
3072	2048	1	0	326	1.51494
3072	2048	1	158	368	5.33011
3072	2048	1	266	352	2.31437
3072	2048	1	264	222	2.76723
3584	2048	1	476	60	0.00000
3584	2048	1	378	80	0.00000
3584	2048	1	158	90	0.00000
3584	2048	1	252	84	3.74618
3584	2048	1	32	86	1.28812
3072	2048	1	442	8	2.76134
3072	2048	1	360	30	2.76756
3072	2048	1	414	182	0.00000
3072	2048	1	334	158	0.00000
3584	2048	1	372	214	5.00869
3584	2048	1	170	306	4.53288
3584	2048	1	16	262	5.62667
3072	2048	1	368	322	2.07079
3072	2048	1	466	362	3.69719
3072	2048	1	498	424	3.55367
3584	2048	1	104	400	5.32780
3584	2048	1	430	360	2.87739
3584	2048	1	386	446	2.98237
3584	2048	1	230	386	4.66248
3072	2048	1	366	464	3.09278
3584	2048	1	28	486	3.67276
3584	2560	1	154	18	2.01212
3584	2560	1	290	18	1.10771
3072	2048	1	170	472	1.74974
3072	2048	1	0	458	1.46706
3072	2560	1	114	104	6.20795
3072	2560	2	320	26	0.00000
3072	2560	2	170	82	0.00000
3072	2560	1	52	38	0.85716
3072	2560	1	30	148	6.21292
3072	2560	1	76	270	0.78022
3072	2560	1	288	140	3.10611
3072	2560	1	208	260	3.60968
3072	2560	1	74	402	3.92444
3072	2560	1	114	492	3.59539
3072	2560	1	354	248	4.34599
3072	2560	1	364	88	0.39658
3072	2560	1	490	90	1.22689
3072	2560	1	446	168	5.15293
3584	2560	1	150	164	4.74156
3584	2560	1	276	138	2.39443
3584	2560	1	468	188	0.00000
3584	2560	1	354	184	3.50839
3584	2560	1	82	112	4.63563
3072	2560	1	468	410	1.68560
3072	2560	1	302	414	3.29167
3072	2560	1	374	482	0.00000
3072	2560	1	500	308	4.21689
3584	2560	1	92	450	0.00000
3584	2560	1	20	512	3.11072
3584	2560	1	106	274	5.97978
3584	2560	1	340	300	0.36834
3584	2560	1	186	480	2.21852
3584	2560	1	216	378	1.91131
3584	2560	1	394	426	6.06264
3584	2560	1	498	332	0.00000
3584	2560	1	484	472	5.78553
3584	2560	1	422	308	2.88562
3584	2560	2	262	460	0.00000
3584	2560	2	324	440	0.00000
3584	2560	1	218	232	5.09264
3584	2560	1	220	298	5.01606
3072	2560	2	234	62	0.00000
3584	3584	1	448	506	1.02757
3584	3584	1	510	512	3.68493
3584	3584	1	348	474	2.10762
3584	3584	1	424	390	2.97206
3584	3584	1	462	228	3.45947
3584	3584	1	194	416	0.29297
3584	3584	1	62	376	5.57267
3584	3584	1	512	346	3.83748
3584	3584	1	126	346	2.25905
3584	3584	1	378	216	4.51891
3072	3584	1	354	474	3.04554
3072	3584	1	16	366	2.64028
3072	3584	1	54	290	2.36667
3584	3584	1	28	456	5.76941
3072	3584	1	158	404	3.51657
3072	3584	1	100	222	1.89897
3072	3584	1	52	486	2.04434
3072	3584	1	252	352	2.13803
3072	3584	1	320	264	0.68414
3072	3584	1	328	134	2.41116
3072	3584	1	470	256	5.21043
3584	3584	1	252	408	0.00000
3584	3584	1	108	226	1.93925
3584	3584	1	176	320	5.38639
3072	3584	1	500	346	5.98128
3072	3584	1	398	314	0.25740
3072	3584	1	446	422	5.89872
3072	3584	1	486	180	1.93782
3072	3584	1	510	118	5.72126
3072	3584	1	218	476	1.61339
3584	3584	1	170	150	0.00000
3072	3584	1	272	204	3.47795
3584	3584	1	350	314	0.83064
3584	3584	1	100	118	2.49624
3584	3584	1	356	176	4.63817
3072	3584	1	172	160	0.59015
3584	3584	1	226	202	0.00000
3584	3584	1	288	272	5.12443
3584	3584	1	512	92	2.68188
3584	3584	1	476	100	2.78736
3584	3584	1	340	98	1.51542
3584	3584	1	308	32	5.12063
3072	3584	1	258	26	2.09271
3072	3584	1	146	38	2.97870
3072	3584	1	394	74	3.31364
3072	3072	1	326	474	2.10491
3584	3072	1	504	450	5.88293
3584	3584	1	108	44	4.71055
3584	3584	1	26	10	4.37773
3072	3072	1	456	428	3.89627
3584	3072	1	82	434	1.12202
3584	3072	1	216	428	2.95101
3584	3072	1	380	406	2.54125
3584	3072	1	276	354	2.49404
3584	3072	1	512	366	1.79330
3584	3072	1	482	296	4.39229
3584	3072	1	416	224	3.98314
3584	3072	1	438	76	5.51080
3584	3072	1	294	24	5.32863
3584	3072	1	388	150	1.13838
3584	3072	1	316	88	4.69649
3584	3072	1	318	192	5.41083
3584	3072	1	274	250	5.23233
3584	3072	1	142	306	3.74918
3584	3072	1	46	290	0.00000
3072	3072	1	366	332	1.72750
3072	3072	1	468	234	1.39965
3584	3072	1	216	54	2.19801
3584	3072	1	250	114	1.01554
3584	3072	1	166	94	6.04705
3584	3072	1	112	0	0.00000
3584	3072	1	42	156	1.39302
3584	3072	1	20	40	2.90246
3072	3072	1	448	148	3.82168
3072	3072	1	442	66	4.34510
3072	3072	1	378	20	0.00000
3072	3072	1	334	120	6.02894
3072	3072	1	290	222	2.44544
3072	3072	1	202	316	0.74782
3072	3072	1	250	66	5.67240
3072	3072	1	75	329	0.00000
3072	3072	1	44	434	2.65361
3072	3072	1	188	126	2.35504
3072	3072	1	140	278	4.91963
3072	3072	1	46	192	2.51494
3072	3072	2	248	470	0.00000
3072	3584	1	0	42	1.12220
3072	3584	1	0	148	4.95431
2560	3072	2	102	442	0.00000
2048	3072	2	458	280	0.00000
2048	3072	2	284	280	0.00000
2560	3072	2	88	230	0.00000
2560	3072	2	348	242	0.00000
2560	3584	2	268	244	0.00000
2560	3584	2	210	356	0.00000
2048	3072	2	158	490	0.00000
2560	3584	1	348	318	1.83008
2560	3584	1	474	56	1.17227
2560	3584	1	64	434	5.48274
2560	3584	1	270	428	0.00000
2560	3584	1	472	162	5.06041
2560	3584	1	316	228	0.54042
2560	3584	1	70	320	4.76068
2560	3584	1	512	368	2.60191
2560	3584	1	452	266	5.93637
2560	3584	1	378	416	5.56263
2560	3584	1	512	498	1.08913
2048	3584	1	322	482	0.00000
2048	3584	1	178	224	0.00000
2048	3584	1	254	348	6.22077
2048	3584	1	386	426	5.72888
2048	3584	1	94	172	4.51862
2048	3584	1	240	196	4.60173
2048	3584	1	124	464	0.00000
2048	3584	1	188	424	5.99365
2048	3584	1	8	112	3.89762
2048	3584	1	0	222	5.14334
2048	3584	1	4	318	4.89760
2048	3584	1	372	114	0.00000
2048	3584	1	364	260	5.62652
2048	3584	1	308	52	3.09502
2048	3584	1	418	202	0.00000
2560	3584	1	2	200	0.89771
2048	3584	1	216	62	5.69817
2048	3072	1	366	450	3.67619
2048	3584	1	440	20	2.96529
2048	3584	1	502	92	0.60321
2048	3584	1	170	110	2.45779
2560	3584	1	124	220	2.53034
2560	3584	1	142	42	2.70696
2560	3584	1	184	184	5.43664
2560	3072	1	388	458	4.92775
2048	3072	1	190	346	3.69441
2560	3584	1	238	118	0.47735
2560	3584	1	340	82	6.06110
2048	3072	1	204	206	4.27807
2048	3072	1	52	294	0.50230
2560	3072	1	214	474	6.25263
2560	3072	1	166	376	0.20257
2560	3072	1	258	336	0.00000
2560	3072	1	50	338	4.97431
2048	3072	1	512	198	0.61482
2048	3072	1	390	150	5.48041
2560	3072	1	404	364	1.55819
2560	3072	1	450	258	5.41002
2560	3072	1	276	138	0.29095
2560	3072	2	234	132	0.00000
2560	3072	2	144	74	0.00000
2560	3072	1	138	174	2.69616
2048	3072	1	442	68	5.77734
2048	3072	1	316	32	0.34465
2048	3072	1	158	108	0.00000
2048	3072	1	72	140	0.53711
2560	3072	1	400	114	3.48004
2560	3072	1	494	34	2.37239
2560	3072	1	512	200	2.21812
2048	3072	2	510	396	0.00000
2048	3072	2	312	432	0.00000
2048	3072	2	72	0	0.00000
2048	3072	1	0	490	0.80961
2048	3072	2	44	386	0.00000
2048	3072	2	490	450	0.00000
2560	3072	1	104	38	0.67685
