1536	2560	1	412	382	0.00000
1536	2560	1	484	238	3.44069
1536	2560	1	296	94	1.59027
1536	2560	1	52	222	2.06350
1536	2560	1	156	10	1.56693
1536	2560	1	414	236	0.39895
1536	2560	1	322	258	5.75754
1536	2560	1	124	512	0.88942
1536	2560	1	42	490	0.89173
1536	2560	1	512	358	5.83053
1536	2560	1	212	332	0.89627
1536	2560	1	360	512	5.08983
1536	2560	1	130	310	0.38236
1024	2560	1	496	276	1.94233
1536	2560	1	24	372	5.15533
1024	2560	1	48	412	3.72959
1536	2560	1	204	186	0.00000
1024	2560	1	426	436	5.60558
1024	2560	1	376	512	0.79875
1024	2560	1	260	454	0.80009
1024	2560	1	210	416	3.83412
1024	2560	1	98	484	3.88086
1024	2560	1	224	316	0.63954
1024	2560	1	340	306	3.12631
1024	2560	1	328	176	0.86017
1536	2560	1	484	62	0.54321
1536	2560	1	416	126	0.62297
1536	2560	1	462	20	0.81371
1536	2560	1	124	92	4.26250
1536	2048	1	332	500	1.32172
1024	2560	1	22	24	2.46968
1536	2560	1	16	6	5.59835
1024	2560	1	410	68	2.78098
1024	2560	1	318	44	0.64085
1024	2560	1	156	134	5.47664
1536	2048	1	256	438	1.51269
1024	2560	1	56	146	2.15710
1024	2048	1	230	498	0.76456
1024	2048	1	462	364	3.88635
1024	2560	1	86	238	1.52769
1024	2560	2	344	434	0.00000
1024	2560	2	198	280	0.00000
1536	2048	1	460	402	0.40451
1536	2048	1	360	384	0.00000
1536	2048	1	512	334	5.60928
1536	2048	1	394	208	2.73007
1536	2048	1	300	220	4.49550
1536	2048	2	258	368	0.00000
1536	2048	1	170	330	1.07626
1536	2048	1	104	244	5.82456
1024	2048	1	222	370	0.00000
1024	2048	1	110	248	1.07794
1536	2048	2	488	76	0.00000
1536	2048	1	324	12	4.80886
1536	2048	1	278	76	5.52100
1536	2048	1	206	126	0.00000
1024	2048	1	510	6	0.00000
1024	2048	1	362	166	1.45498
1024	2048	1	346	0	0.00000
1024	2048	2	444	20	0.00000
1024	2048	2	246	24	0.00000
1024	2048	1	102	60	0.00000
1024	2048	2	195	83	0.00000
1024	2048	1	64	156	1.69608
1024	3072	1	52	290	3.52210
1024	3072	1	28	166	1.00598
1024	3072	1	128	52	0.78873
1024	3072	1	76	12	3.73864
1024	3072	1	188	88	1.18019
1024	3072	1	334	38	0.94200
1024	3072	2	250	20	0.00000
1024	3072	1	208	150	4.40434
1024	3072	1	152	266	5.79771
1024	3072	1	338	244	0.00889
1024	3072	1	276	246	6.01224
1024	3072	1	494	202	0.00000
1536	3072	1	68	146	5.74167
1536	3072	1	100	26	1.12143
1536	3072	1	232	80	4.61454
1536	3072	1	464	126	5.42798
1536	3072	1	382	152	2.86561
1024	3072	1	234	332	5.67764
1024	3072	1	110	358	1.14084
1536	3072	1	492	254	4.79961
1536	3072	1	328	244	0.04721
1536	3072	1	184	310	5.36206
1536	3072	1	38	324	0.85415
1536	3072	1	180	396	2.76755
1024	3072	2	468	36	0.00000
1024	3072	2	382	182	0.00000
1024	3072	2	22	396	0.00000
1536	3072	2	172	512	0.00000
1536	3072	2	412	326	0.00000
1536	3072	2	370	458	0.00000
1536	3072	1	438	384	1.10920
1024	3072	1	222	448	1.12380
1024	3584	1	72	46	0.89028
1024	3072	1	44	512	4.25122
1024	3072	1	342	470	1.05073
1024	3072	1	498	472	2.28855
1536	3072	1	106	486	3.60835
1024	3584	1	200	50	1.03709
1024	3584	1	292	96	4.16696
1024	3584	1	98	158	0.85459
1024	3584	1	454	54	5.78057
1024	3072	2	346	346	0.00000
1536	3072	1	258	464	0.38688
1536	3072	1	428	506	0.34302
1536	3584	2	474	116	0.00000
1536	3584	1	480	218	0.00000
1536	3584	1	366	142	1.18071
1536	3584	1	294	36	1.09015
1536	3584	1	202	90	5.89957
1536	3584	1	140	130	2.41734
1024	3584	1	242	192	5.02260
1024	3584	1	150	286	0.70752
1024	3584	1	40	312	5.56327
1024	3584	1	338	302	0.00000
1024	3584	1	468	234	5.24246
1536	3584	1	80	260	0.76215
1536	3584	1	332	276	0.32056
1536	3584	1	154	294	0.70004
1536	3584	2	262	264	0.00000
1536	3584	2	258	366	0.00000
1536	3584	1	490	446	5.58093
1536	3584	1	416	344	0.00000
1536	3584	1	326	492	5.77665
1536	3584	1	198	462	0.00000
1536	3584	1	76	482	0.58522
1536	3584	1	34	410	0.66767
1536	3584	2	366	62	0.00000
1536	3584	2	16	54	0.00000
1536	3584	2	42	196	0.00000
1536	3072	2	364	26	0.00000
1024	3584	1	436	386	0.56137
1024	3584	1	106	478	5.84800
1024	3584	1	32	516	2.76157
1536	3584	2	492	374	0.00000
1536	3584	2	512	40	0.00000
2048	2560	2	162	152	0.00000
2048	2560	2	238	166	0.00000
2048	2048	2	248	440	0.00000
2048	2048	2	198	502	0.00000
2048	2560	2	414	40	0.00000
2048	2560	2	382	106	0.00000
2560	2048	2	2	66	0.00000
2560	2048	2	298	400	0.00000
2048	2560	2	166	360	0.00000
2048	2560	2	204	428	0.00000
2560	2560	2	2	480	0.00000
2048	2560	2	458	476	0.00000
2560	2560	2	438	326	0.00000
2048	2560	2	446	328	0.00000
2048	2560	2	508	160	0.00000
2048	2560	2	60	488	0.00000
2048	2048	2	162	46	0.00000
2048	2048	2	406	36	0.00000
2048	2560	2	218	376	0.00000
2048	2560	2	312	218	0.00000
2048	2048	1	138	270	5.63173
2048	2048	1	248	300	0.00000
2560	2048	1	98	388	0.40240
2048	2048	1	338	426	4.06473
2048	2048	1	428	476	4.14571
2048	2048	1	62	330	5.48357
2048	2048	1	154	404	4.13483
2048	2048	1	76	92	1.51922
2048	2048	1	106	170	4.83723
2048	2048	1	304	156	2.06370
2048	2048	1	416	92	1.26593
2048	2048	1	494	166	0.76977
2048	2048	1	62	424	5.75441
2048	2560	1	104	16	1.85715
2048	2560	1	82	122	4.02489
2048	2560	1	92	252	0.62025
2560	2048	1	104	92	4.31688
2560	2048	1	176	262	3.10900
2560	2048	1	200	176	6.15627
2560	2048	1	302	236	3.91550
2560	2048	1	302	100	0.00000
2560	2048	1	420	70	0.00000
2048	2560	1	320	148	5.43009
2560	2560	1	50	282	0.00000
2560	2560	1	330	304	4.59717
2560	2560	1	112	42	3.68417
2560	2048	1	478	74	3.10573
2560	2048	1	232	70	2.81953
2560	2048	1	190	400	3.05915
2048	2560	1	222	46	4.12779
2048	2560	1	206	262	1.50716
2048	2560	1	294	298	4.36362
2560	2048	1	380	388	5.79819
2048	2560	1	460	122	3.80068
2560	2560	1	52	94	3.16191
2560	2560	1	276	152	1.83787
2560	2560	1	440	4	0.27222
2560	2048	1	348	464	3.07599
2560	2560	1	246	2	4.64253
2560	2560	1	222	80	1.50980
2560	2560	1	410	116	5.89242
2560	2048	1	496	498	0.00000
2560	2048	1	454	176	1.12897
2560	2048	1	360	78	0.00000
2560	2048	1	470	260	1.16590
2560	2048	1	466	342	1.13767
2048	2560	1	44	388	5.83137
2560	2560	1	130	234	3.21025
2560	2560	1	210	238	3.00606
2560	2560	2	488	164	0.00000
2048	2560	1	444	244	1.87800
2560	2560	1	148	414	5.67764
2048	2560	1	154	464	0.00000
2560	2560	1	48	436	2.84209
2048	2560	1	310	386	4.89954
2560	2560	1	286	424	1.66427
2560	2560	1	458	408	4.91122
2048	2560	1	358	472	5.63390
2048	2560	1	278	458	2.92954
2560	2560	1	376	470	0.86854
2560	2560	2	494	328	0.00000
2560	2560	2	464	496	0.00000
3072	2560	2	468	190	0.00000
3072	2048	2	110	122	0.00000
3072	2048	2	20	68	0.00000
3072	2560	2	432	124	0.00000
3072	2560	2	156	78	0.00000
3584	2560	2	344	136	0.00000
3072	2048	2	292	24	0.00000
3584	2048	1	142	110	0.34654
3584	2048	1	256	98	3.80493
3584	2048	1	386	92	0.00000
3584	2048	1	464	64	0.00000
3584	2048	1	388	212	5.30277
3584	2048	1	8	84	4.75941
3072	2048	1	80	52	0.36530
3072	2048	1	214	98	4.44614
3072	2048	1	192	44	4.54302
3072	2048	1	384	60	3.13041
3072	2048	1	318	142	1.87244
3072	2048	1	270	202	2.38247
3072	2048	1	396	228	4.42452
3584	2048	1	24	222	5.45323
3584	2048	1	180	280	4.70061
3072	2048	1	418	304	4.95385
3072	2048	1	86	278	3.15826
3072	2048	1	0	322	1.17232
3072	2048	1	0	258	0.93103
3072	2048	1	0	166	0.97902
3072	2048	1	148	360	4.56448
3072	2048	1	342	356	1.46638
3584	2048	1	80	354	0.00000
3072	2048	1	506	412	3.33899
3584	2048	1	218	342	4.04242
3584	2048	1	260	410	4.17598
3584	2048	1	444	372	1.35213
3584	2048	1	428	468	2.11541
3584	2560	1	302	20	0.00000
3584	2048	1	142	504	0.93911
3584	2048	1	42	474	2.85554
3072	2048	1	310	422	4.54724
3072	2048	1	416	446	3.12348
3072	2048	1	340	498	2.13878
3072	2560	1	460	36	1.11777
3584	2560	1	448	84	2.45291
3584	2560	1	20	92	1.62849
3584	2560	1	170	90	4.85770
3072	2048	1	116	496	2.67795
3072	2048	1	184	458	2.95848
3072	2048	1	14	492	0.00000
3072	2560	1	214	68	0.61321
3072	2560	1	38	132	1.62955
3072	2560	1	282	174	3.12917
3072	2560	1	372	230	2.96940
3584	2560	1	98	210	5.78924
3584	2560	1	206	188	5.47489
3584	2560	1	300	184	5.13722
3584	2560	1	406	186	0.99336
3584	2560	1	512	232	2.98499
3584	2560	1	512	44	3.18800
3072	2560	1	140	272	3.79002
3072	2560	1	16	264	0.56137
3072	2560	1	172	370	4.11921
3584	2560	1	26	232	2.65435
3072	2560	2	316	30	0.00000
3072	2560	1	304	376	3.66023
3072	2560	1	18	512	1.30454
3072	2560	1	376	480	0.00000
3584	2560	1	10	402	0.11379
3072	2560	1	420	336	4.40698
3072	2560	1	180	512	0.76786
3584	2560	1	158	314	1.08913
3584	2560	1	296	274	1.26950
3584	2560	1	482	352	5.49779
3584	2048	1	512	98	0.00000
3584	2560	1	260	396	5.31285
3584	2560	1	160	400	1.21203
3584	2560	1	416	432	3.25396
3584	2560	1	342	340	1.00336
3584	2560	1	174	492	2.75916
3584	2560	1	236	464	5.22908
3584	2048	1	220	4	0.00000
3584	2560	1	360	486	2.84453
3072	2560	1	108	512	3.46334
3584	3584	1	236	378	2.26042
3072	3584	1	480	190	1.56851
3584	3072	1	348	412	1.01539
3072	3584	1	164	96	4.74795
3584	3072	1	512	446	5.37343
3072	3584	1	24	30	2.74036
3584	3584	1	228	492	5.96273
3584	3584	1	468	398	0.63376
3584	3584	1	398	286	2.26130
3584	3584	1	340	458	1.84630
3072	3584	1	368	504	3.56665
3584	3584	1	448	254	2.64160
3584	3584	1	512	152	0.74452
3584	3584	1	142	476	3.42274
3584	3584	1	358	188	5.85929
3584	3584	1	470	204	5.85039
3584	3584	1	128	222	1.24738
3584	3584	1	72	462	0.00000
3584	3584	1	16	506	0.00000
3072	3584	1	478	486	0.30073
3584	3584	1	442	30	3.36374
3584	3584	1	512	70	4.48649
3072	3584	1	98	232	1.83683
3584	3584	1	52	32	3.15588
3072	3584	1	350	132	4.68949
3584	3072	1	208	492	2.88791
3584	3584	1	120	36	2.74115
3584	3072	1	352	510	2.40854
3072	3072	1	160	506	2.81699
3072	3584	1	436	430	0.45066
3072	3584	1	96	496	3.65118
3072	3584	1	30	388	2.82792
3072	3584	1	268	304	1.36440
3584	3584	1	296	64	0.00000
3072	3584	1	336	366	1.29250
3072	3584	1	368	256	0.00000
3584	3584	1	510	442	4.01013
3072	3584	1	246	200	3.83231
3584	3584	1	138	372	0.82875
3072	3584	1	448	98	2.18799
3584	3584	1	194	276	0.82082
3584	3584	1	288	324	5.46446
3584	3584	1	32	324	1.82948
3072	3584	1	346	4	5.49779
3584	3584	1	478	512	2.20962
3072	3584	1	66	298	1.95690
3072	3584	1	502	372	5.75418
3072	3584	1	434	296	0.00000
3072	3584	1	8	188	0.51483
3584	3584	1	368	376	2.73670
3584	3584	1	228	138	5.33262
3072	3584	1	280	50	2.20265
3072	3072	1	494	482	2.94420
3072	3072	1	406	432	1.40565
3584	3072	1	128	410	1.73594
3584	3072	1	322	308	0.58800
3584	3072	1	450	288	2.73097
3584	3072	1	394	42	5.73640
3584	3072	1	296	52	1.24810
3584	3072	1	446	172	2.02531
3584	3072	1	334	116	4.60173
3584	3072	1	474	56	6.09140
3584	3072	1	324	190	4.74941
3584	3072	1	278	254	1.40659
3584	3072	1	234	140	3.80582
3584	3072	1	192	42	2.12756
3584	3072	1	144	114	0.00000
3584	3072	1	74	172	3.17955
3072	3072	1	484	202	0.76786
3584	3072	1	36	34	1.28653
3072	3072	1	450	334	3.90387
3072	3072	1	334	302	2.68417
3072	3072	1	256	294	2.84856
3072	3072	1	188	288	0.00000
3072	3072	1	120	348	0.00000
3072	3072	1	74	476	2.40724
3072	3072	1	36	362	3.04369
3072	3072	1	374	0	0.00000
3072	3072	1	408	80	4.22243
3072	3072	1	398	174	3.88299
3072	3072	1	288	149	0.00000
3072	3072	1	188	30	0.00000
3072	3072	1	92	14	3.94423
3072	3072	1	168	130	2.00598
3072	3072	1	92	168	5.59889
3072	3072	1	6	128	0.00000
3072	3072	2	246	455	0.00000
3584	3072	2	248	419	0.00000
3584	3072	2	378	329	0.00000
3072	3584	2	118	156	0.00000
3072	3584	2	98	98	0.00000
2560	3584	1	512	492	1.59170
2560	3584	1	224	424	5.65373
2560	3584	1	370	406	5.01223
2560	3584	1	178	492	5.85782
2560	3584	1	40	414	5.12014
2560	3584	1	14	512	5.77786
2560	3584	1	344	302	0.70802
2560	3584	1	246	320	6.10333
2048	3584	1	256	358	0.50610
2048	3584	1	326	506	0.00000
2048	3584	1	190	434	5.81656
2048	3584	1	118	432	5.90822
2048	3584	1	370	352	5.66125
2048	3072	2	282	286	0.00000
2048	3072	2	470	290	0.00000
2560	3072	2	86	232	0.00000
2560	3072	2	142	84	0.00000
2560	3072	2	232	142	0.00000
2560	3072	2	356	242	0.00000
2048	3072	2	484	442	0.00000
2048	3072	2	512	386	0.00000
2560	3072	2	96	444	0.00000
2048	3072	2	158	486	0.00000
2048	3072	2	306	428	0.00000
2048	3072	2	202	242	0.00000
2048	3584	2	126	308	0.00000
2048	3584	2	196	268	0.00000
2048	3584	2	422	434	0.00000
2560	3584	1	512	394	3.03416
2560	3584	1	512	198	0.30585
2560	3584	1	442	156	1.14359
2560	3584	1	302	134	1.25770
2560	3584	1	54	318	4.64990
2560	3584	1	20	184	0.30168
2560	3584	1	124	224	2.24453
2048	3584	1	372	262	5.82343
2048	3584	1	426	220	0.00000
2048	3584	1	238	176	5.73643
2048	3584	1	70	266	3.74385
2048	3584	1	148	86	0.00000
2560	3584	1	148	130	5.83246
2560	3072	1	454	502	0.24489
2048	3584	1	510	84	0.30798
2048	3584	1	454	44	3.56708
2048	3584	1	68	152	2.78879
2048	3584	1	40	14	0.37816
2048	3072	1	74	268	0.61137
2560	3584	1	218	68	1.55786
2560	3584	1	358	34	5.41046
2560	3072	1	370	410	4.70482
2560	3072	1	210	460	0.11216
2560	3072	1	158	370	0.13391
2560	3072	1	248	324	6.02331
2048	3072	1	122	460	3.72531
2560	3072	1	382	210	5.56465
2560	3072	1	394	82	4.34217
2048	3072	1	380	322	0.00000
2560	3072	1	214	62	5.39718
2560	3072	1	488	144	0.18749
2560	3072	1	362	10	0.90553
2560	3072	1	146	182	2.67907
2048	3072	1	264	180	4.76851
2560	3072	1	62	324	4.90420
2560	3072	1	22	178	4.91682
2048	3072	1	450	90	0.39040
2048	3072	1	90	132	1.05105
2048	3072	1	378	142	5.77405
2048	3072	1	374	0	5.67058
2048	3072	1	280	0	2.75744
2048	3072	1	148	0	0.00000
2048	3072	1	32	0	5.14741
2048	3072	1	192	0	5.67390
2048	3072	1	380	484	0.00000
2048	3584	1	276	26	3.99339
2048	3584	1	316	130	2.11647
2560	3584	1	512	32	2.35222
2048	3072	2	54	384	0.00000
