1024	2048	1	40	122	5.86526
1024	2048	1	198	150	4.60438
1024	2048	1	104	226	0.65368
1024	2048	1	244	364	0.47558
1536	2048	1	336	50	4.75027
1536	2048	1	202	62	5.76901
1536	2048	1	444	222	4.52257
1536	2048	1	194	302	3.33778
1536	2048	1	142	428	6.02113
1024	2048	1	500	234	2.83500
1536	2048	1	284	358	4.43928
1536	2048	1	398	354	2.90185
1536	2048	2	236	170	0.00000
1024	2048	2	508	44	0.00000
1024	2048	2	198	78	0.00000
1536	2048	2	494	66	0.00000
1024	2560	2	88	118	0.00000
1024	2560	1	258	52	0.94228
1536	2560	1	98	20	1.47136
1024	2560	1	460	74	2.24360
1536	2048	1	282	468	1.46834
1536	2048	1	426	510	3.96806
1536	2560	1	268	80	4.18814
1536	2560	1	90	106	0.99079
1536	2560	1	150	182	0.00000
1024	2560	1	266	254	5.18785
1024	2560	1	158	260	2.61232
1024	2560	1	102	216	1.17846
1536	2560	1	12	230	1.60198
1536	2560	1	262	248	5.47011
1536	2560	1	450	138	0.21505
1536	2560	1	426	262	0.36575
1536	2560	2	484	282	0.00000
1536	2560	1	194	410	5.72337
1536	2560	1	168	336	5.40023
1536	2560	1	84	334	2.23810
1024	2560	1	326	336	0.86654
1024	2560	1	212	398	4.06427
1024	2560	1	68	398	3.92699
1024	2560	1	276	458	3.50452
1024	2560	2	110	500	0.00000
1024	2560	2	140	416	0.00000
1024	2560	1	382	468	4.27569
1536	2560	1	62	430	5.35006
1024	2560	1	472	320	3.42411
1536	2560	1	380	420	1.78984
1536	2560	1	332	292	3.03403
1536	3584	1	26	458	0.27719
1536	3584	1	84	440	0.38775
1536	3584	1	380	230	4.48882
1024	3584	1	42	396	2.82216
1024	3584	1	494	476	0.07177
1024	3584	1	78	298	0.00000
1536	3584	1	364	394	5.74710
1536	3584	1	190	440	4.34118
1024	3584	1	294	370	0.00000
1024	3584	1	424	294	1.32504
1024	3584	1	456	376	1.33270
1024	3584	1	238	488	0.00000
1024	3584	1	456	162	4.26628
1024	3584	1	92	130	0.53377
1024	3584	1	46	12	3.91169
1024	3584	1	144	210	2.02871
1024	3584	1	300	218	5.19140
1536	3584	1	30	228	5.10393
1536	3584	1	70	318	1.59926
1536	3584	1	282	302	2.69033
1536	3584	1	394	124	0.27830
1536	3584	2	448	102	0.00000
1536	3584	1	270	160	4.03200
1536	3584	1	138	130	3.63187
1536	3584	1	88	24	3.19517
1024	3072	1	444	486	1.32828
1024	3584	1	498	36	3.30025
1024	3584	1	236	106	1.31029
1024	3584	1	352	122	1.28810
1024	3072	1	216	492	2.27076
1024	3072	1	308	460	0.53953
1024	3072	1	380	432	3.70932
1536	3584	1	282	40	2.66552
1536	3584	1	512	164	4.01157
1024	3072	1	68	258	5.01434
1024	3072	1	52	168	5.06028
1024	3072	1	188	360	5.72571
1536	3072	1	154	446	5.09222
1024	3072	1	500	412	1.57898
1536	3072	1	8	344	1.65508
1536	3072	2	364	464	0.00000
1536	3072	1	484	470	5.93818
1536	3072	1	318	326	0.00000
1536	3072	1	488	146	5.50007
1536	3072	1	378	234	6.14129
1024	3072	1	324	300	0.25361
1024	3072	1	120	80	4.91500
1024	3072	1	172	212	0.30460
1024	3072	1	242	238	5.63643
1024	3072	1	232	84	5.81525
1024	3072	1	322	122	6.02388
1024	3072	1	488	244	5.79413
1024	3072	1	414	54	2.41927
1536	3072	1	28	158	2.74713
1536	3072	1	116	22	1.62579
1536	3072	1	416	36	0.84167
1536	3072	1	156	142	1.17199
1536	3072	1	300	96	5.78924
1536	3072	1	120	264	3.44405
1536	3072	1	192	244	3.44916
1536	3072	1	258	206	2.96692
1536	3072	2	138	358	0.00000
2048	2048	1	346	96	1.30838
2048	2048	1	236	350	2.62131
2048	2048	1	102	326	5.89309
2048	2048	1	34	248	0.86854
2048	2048	1	64	128	0.88226
2048	2048	1	366	438	5.07759
2048	2560	1	102	32	2.19482
2048	2560	1	258	86	5.20633
2048	2560	2	228	150	0.00000
2048	2560	2	170	150	0.00000
2048	2048	1	140	438	4.45703
2048	2048	1	344	276	3.64645
2048	2048	1	454	330	0.12672
2048	2048	1	474	212	1.42890
2560	2048	1	18	90	4.10000
2560	2048	1	114	248	5.78409
2560	2048	1	198	112	0.00000
2560	2048	1	56	402	2.96940
2048	2560	1	498	60	3.38785
2048	2560	1	508	250	3.00825
2560	2560	1	140	194	0.07131
2048	2560	1	144	296	0.38470
2048	2560	2	416	46	0.00000
2048	2048	2	280	502	0.00000
2048	2560	1	372	294	5.98170
2048	2560	2	324	214	0.00000
2560	2560	2	36	166	0.00000
2560	2048	1	194	454	1.86469
2560	2048	2	304	396	0.00000
2560	2048	1	202	218	2.28442
2560	2048	1	316	94	0.20526
2560	2048	1	394	168	1.11654
2560	2048	1	448	62	2.31520
2560	2048	1	436	368	0.96369
2560	2048	1	422	250	0.78906
2560	2560	1	356	34	3.39114
2560	2560	2	298	6	0.00000
2560	2560	1	210	80	2.23756
2560	2560	1	266	202	4.69436
2560	2560	1	388	220	5.86943
2560	2560	2	466	328	0.00000
2560	2560	1	438	132	2.15580
2560	2048	1	476	504	3.54707
2048	2560	1	278	344	4.53210
2048	2560	1	412	460	0.00000
2560	2560	1	52	420	4.66481
2560	2560	2	20	486	0.00000
2560	2560	1	242	320	5.64310
2560	2560	1	410	450	5.10638
2560	2560	2	318	492	0.00000
2560	2560	1	242	460	3.16526
2048	2560	1	308	512	4.29868
2048	2560	2	172	372	0.00000
2048	2560	2	192	422	0.00000
2048	2560	1	68	112	1.74126
2560	2048	1	156	376	4.41790
2048	2560	1	24	250	1.75018
2048	2560	2	400	162	0.00000
2048	2048	1	66	16	1.95933
3584	2048	1	136	134	5.74476
3072	2048	1	378	0	2.78668
3072	2048	2	288	20	0.00000
3072	2048	1	122	48	4.74546
3072	2048	1	132	138	2.04182
3072	2048	1	42	202	0.00000
3072	2048	1	246	124	1.49858
3072	2048	2	18	58	0.00000
3072	2048	1	368	112	5.16397
3584	2048	1	254	78	4.17562
3584	2048	1	218	0	0.00000
3584	2048	1	384	94	0.00000
3584	2048	1	462	42	0.00000
3584	2048	1	512	122	0.00000
3584	2048	1	228	204	0.92927
3584	2048	1	382	210	5.14272
3584	2048	1	414	320	5.68982
3584	2048	1	302	290	2.79146
3072	2048	1	474	310	2.90362
3072	2048	1	382	254	2.95530
3072	2048	1	314	256	2.69004
3072	2048	1	238	262	2.36676
3072	2048	1	154	268	5.47215
3072	2048	1	62	320	5.09886
3072	2048	1	326	374	4.50540
3072	2048	1	194	430	1.71269
3072	2048	1	84	512	5.65770
3584	2048	1	186	398	1.77468
3584	2048	1	338	436	3.02178
3584	2048	1	80	434	0.00000
3584	2560	1	204	10	2.92472
3584	2560	1	292	72	3.20269
3584	2560	1	396	20	1.30163
3584	2560	1	510	2	3.60748
3584	2560	1	494	94	5.14178
3584	2560	1	372	144	3.45442
3584	2560	1	488	180	2.46120
3072	2560	1	378	22	2.99001
3072	2560	2	244	6	0.00000
3072	2560	2	312	22	0.00000
3072	2560	2	160	74	0.00000
3072	2560	2	464	184	0.00000
3072	2048	1	434	368	3.79754
3072	2560	1	456	10	3.48624
3584	2560	1	26	14	5.82571
3584	2560	1	120	40	5.40284
3072	2560	1	200	16	5.59450
3072	2560	1	354	106	2.17085
3072	2560	1	82	172	5.97386
3072	2560	2	24	22	0.00000
3072	2560	1	502	114	2.10723
3072	2560	2	428	132	0.00000
3584	2560	1	124	136	5.39690
3584	2560	1	238	166	3.01364
3072	2560	1	272	184	1.59782
3072	2560	1	48	374	0.00000
3072	2560	1	190	320	2.58976
3072	2560	1	280	338	2.84144
3072	2560	1	414	326	4.52187
3072	2560	1	386	240	4.17295
3072	2560	2	164	400	0.00000
3584	2560	1	72	214	1.51530
3584	2560	1	398	266	1.14938
3072	2560	1	290	494	1.97569
3072	2560	1	396	422	1.29613
3072	2560	1	408	512	0.09217
3072	2560	1	504	510	5.67517
3584	2560	1	50	464	2.24771
3584	2560	1	78	326	3.67052
3584	2560	1	208	412	4.55205
3584	2560	1	512	370	3.21836
3584	2560	1	294	288	3.11540
3584	2560	1	180	278	3.65542
3584	2560	1	398	374	1.20362
3584	2560	2	228	332	0.00000
3584	2560	2	348	456	0.00000
3584	2560	2	240	452	0.00000
3584	2560	2	176	512	0.00000
3072	2560	2	34	512	0.00000
3584	2560	2	284	512	0.00000
3584	3072	1	490	106	2.25745
3584	3072	1	492	178	2.14889
3584	3072	1	422	262	0.29348
3584	3072	2	340	266	0.00000
3584	3072	1	388	154	0.46676
3584	3072	1	316	94	3.54648
3584	3072	1	286	10	0.00000
3584	3072	1	230	112	6.02915
3584	3072	1	168	26	3.88979
3584	3072	1	148	146	2.46584
3584	3072	1	42	164	6.22864
3072	3072	1	402	46	0.00000
3072	3072	1	160	32	1.48927
3072	3072	1	268	118	5.47617
3072	3072	1	130	124	4.00780
3072	3072	1	190	208	4.11582
3072	3072	1	48	292	3.99222
3072	3072	1	134	324	0.89195
3072	3072	1	338	238	1.18217
3072	3072	2	442	252	0.00000
3072	3072	1	318	332	0.94520
3072	3072	1	154	422	0.70436
3072	3072	1	36	448	3.63153
3072	3072	1	264	432	2.74814
3072	3072	1	362	424	3.14884
3072	3072	1	488	294	1.23371
3072	3072	1	468	394	4.18217
3584	3072	1	92	296	0.84395
3584	3072	1	178	310	0.49589
3584	3072	1	278	382	5.92036
3584	3072	2	406	374	0.00000
3072	3584	1	206	8	2.69819
3072	3584	1	106	36	1.89007
3072	3584	1	92	126	1.29985
3072	3584	1	344	64	4.39740
3072	3584	1	454	86	2.87162
3072	3072	1	468	460	4.15509
3584	3072	1	12	500	3.74782
3584	3072	1	122	460	0.69900
3584	3584	1	100	56	5.22947
3584	3584	1	202	26	5.24231
3584	3072	1	252	478	2.04072
3584	3584	1	354	6	3.56426
3584	3072	1	472	510	4.94461
3584	3072	1	4	14	5.58329
3072	3584	1	220	186	4.13203
3072	3584	1	366	150	2.00646
3584	3584	1	32	140	0.00000
3584	3584	1	114	136	5.66294
3584	3584	1	238	106	4.82664
3584	3584	1	392	80	4.23026
3584	3584	1	504	162	0.30970
3584	3584	1	406	216	0.29423
3584	3584	1	440	314	3.52655
3584	3584	1	322	202	3.20558
3584	3584	1	232	218	5.30715
3584	3584	1	288	330	3.12436
3584	3584	1	46	250	1.07231
3584	3584	1	102	324	0.61092
3584	3584	1	174	288	3.24062
3584	3584	1	394	420	5.76564
3072	3584	2	480	466	0.00000
3072	3072	1	40	102	1.92379
3072	3584	1	132	242	0.00000
3072	3584	1	90	344	2.50622
3072	3584	1	224	298	0.70465
3072	3584	1	310	480	3.38331
3072	3584	1	414	400	4.08627
3072	3584	1	336	258	2.73014
3072	3584	1	426	274	3.03753
3584	3584	1	14	456	0.00000
3072	3584	1	264	402	6.18887
3072	3584	1	58	454	6.00382
3584	3584	1	222	396	0.21404
3584	3584	1	500	386	5.97082
3584	3584	1	496	506	2.46780
3584	3584	1	324	474	5.13259
3584	3072	1	512	420	1.86818
3072	3584	1	166	412	1.49924
3072	3584	1	0	244	1.72002
2048	3072	2	288	266	0.00000
2560	3072	2	86	236	0.00000
2560	3072	2	140	82	0.00000
2560	3072	2	228	132	0.00000
2560	3072	2	370	248	0.00000
2048	3072	2	312	432	0.00000
2048	3072	2	162	482	0.00000
2048	3584	2	374	28	0.00000
2048	3584	2	220	290	0.00000
2560	3584	1	374	340	0.00000
2560	3584	1	300	352	0.00000
2560	3584	1	96	412	6.09984
2560	3584	1	210	448	2.96954
2560	3584	1	462	364	5.31614
2048	3584	1	162	414	3.30474
2048	3584	1	64	334	2.21430
2048	3584	1	66	244	2.43191
2048	3584	1	142	218	2.15207
2048	3584	1	164	138	5.59562
2048	3584	1	62	6	2.78282
2048	3072	1	100	398	0.00000
2048	3584	1	334	298	4.59069
2048	3584	1	278	378	5.01240
2048	3584	1	428	344	0.61073
2048	3584	1	506	374	0.71244
2048	3584	1	498	470	1.19385
2048	3584	1	378	130	0.27830
2048	3584	1	470	52	0.00000
2048	3584	1	484	170	1.73595
2048	3584	1	506	266	1.85078
2048	3072	1	78	288	4.26628
2048	3072	1	118	206	4.44862
2048	3072	1	66	128	1.38597
2048	3072	1	194	340	3.78040
2048	3072	1	312	360	4.49372
2048	3072	1	412	418	4.59751
2560	3584	1	72	190	3.35701
2560	3584	1	156	178	2.92397
2560	3584	1	152	338	3.07338
2560	3584	1	214	236	3.03672
2560	3584	1	308	200	2.72905
2560	3584	1	366	138	2.07844
2560	3584	1	76	84	4.90395
2048	3584	1	210	42	5.48924
2560	3584	1	218	46	4.79796
2560	3072	1	100	498	3.70689
2560	3584	1	386	8	0.47035
2560	3584	1	442	60	3.83204
2560	3584	1	412	234	2.41025
2560	3072	1	40	382	3.60154
2560	3072	2	112	414	0.00000
2560	3072	1	196	320	0.51251
2560	3072	1	218	482	2.93148
2560	3072	1	278	416	2.11230
2560	3072	1	390	352	2.28166
2560	3072	1	280	304	0.14942
2048	3072	1	440	316	2.43976
2048	3072	1	492	246	2.02495
2048	3072	1	342	202	4.76202
2560	3072	1	92	168	1.60805
2048	3072	1	464	110	2.68912
2560	3072	1	120	42	1.42651
2560	3072	1	302	158	5.59185
2560	3072	1	382	170	2.71497
2560	3072	1	476	234	0.62170
2560	3072	1	364	56	5.11091
2560	3584	1	398	458	3.70378
