1024	2560	1	370	366	2.10328
1536	2560	1	398	260	2.89281
1536	2560	1	354	106	3.68861
1536	2560	1	186	284	0.46365
1536	2560	1	68	314	3.66323
1536	2560	1	310	242	5.40713
1536	2560	1	496	298	3.64772
1024	2560	1	492	404	0.57370
1536	2560	1	298	366	1.21621
1536	2560	1	78	460	0.80069
1024	2560	1	190	496	4.41237
1536	2560	1	280	58	0.58050
1536	2560	1	388	408	0.00000
1536	2560	1	196	478	5.69518
1536	2560	1	172	142	1.45896
1536	2560	1	452	156	2.73443
1024	2560	1	410	492	3.60524
1536	2560	1	348	512	4.88337
1024	2560	1	186	282	1.32189
1024	2560	1	312	264	4.80975
1024	2560	1	468	88	0.00000
1024	2560	1	164	190	4.61129
1024	2560	1	56	214	2.98436
1024	2560	1	288	336	2.51299
1024	2560	1	18	322	0.00000
1024	2560	1	174	396	3.79259
1536	2560	1	22	40	5.66933
1024	2560	1	354	152	4.11765
1536	2048	1	192	508	1.04638
1536	2048	1	252	240	4.91232
1024	2048	1	366	420	5.00290
1024	2048	1	152	252	1.69455
1024	2048	1	302	254	3.59171
1024	2048	1	232	386	0.40849
1024	2048	1	30	406	0.40250
1024	2560	1	322	102	1.30139
1536	2048	1	40	388	0.34614
1536	2048	1	156	312	2.75160
1024	2560	1	298	10	1.52041
1536	2048	1	458	266	1.73281
1536	2048	1	512	492	5.27155
1536	2048	1	434	498	3.09651
1536	2048	1	354	434	0.22810
1536	2048	1	326	326	4.54802
1536	2048	2	268	396	0.00000
1536	2048	1	2	284	5.96459
1024	2048	1	366	118	2.12870
1024	2048	2	214	90	0.00000
1024	2048	1	158	0	0.00000
1024	2048	1	254	0	0.00000
1024	2048	1	394	14	0.00000
1536	2048	1	14	0	0.00000
1536	2048	1	102	0	3.23628
1536	2048	1	272	98	5.15525
1536	2048	1	264	8	5.02025
1536	2048	1	162	90	1.08913
1536	2048	1	218	134	0.00000
1536	2048	2	494	84	0.00000
1024	3584	1	100	486	5.64946
1536	3584	1	68	482	0.90698
1536	3584	1	182	460	0.00000
1536	3584	1	486	430	5.68443
1536	3584	1	444	474	5.48932
1536	3584	1	322	486	5.72659
1024	3584	1	18	146	0.02816
1024	3584	1	2	500	5.82535
1024	3584	1	122	232	0.00000
1024	3584	1	294	272	0.00000
1024	3584	1	436	354	0.00000
1536	3584	1	74	386	1.60400
1536	3584	1	400	348	0.00000
1536	3584	1	466	282	0.00000
1024	3584	1	474	240	5.63419
1024	3584	1	122	98	5.62633
1024	3072	1	38	504	0.91482
1024	3072	1	108	396	1.29380
1024	3072	1	28	352	4.26165
1024	3072	1	158	186	1.16782
1024	3072	1	104	78	1.51530
1024	3072	1	240	84	0.00000
1024	3072	1	298	74	0.00000
1024	3072	1	454	100	1.08715
1024	3072	1	248	282	1.03776
1024	3072	1	308	228	4.93447
1024	3072	1	452	242	0.25255
1024	3072	1	300	494	0.56332
1024	3584	1	350	94	0.00000
1024	3584	1	424	18	5.88514
1536	3584	1	66	90	1.91382
1536	3072	1	12	300	0.00000
1536	3072	1	58	124	0.57581
1024	3072	1	482	408	3.39774
1536	3072	1	102	500	3.45115
1536	3072	1	18	448	1.00407
1536	3584	1	112	240	0.00000
1536	3584	2	34	204	0.00000
1024	3584	2	162	22	0.00000
1536	3072	1	160	234	4.66026
1536	3072	1	100	318	1.69158
1536	3072	1	90	376	4.82670
1536	3072	1	158	450	3.18918
1536	3072	1	230	478	6.20510
1536	3584	1	190	180	5.48997
1536	3584	1	248	110	3.27314
1536	3584	1	348	224	2.80658
1536	3072	1	376	404	6.14394
1536	3072	1	254	350	5.78240
1536	3072	1	260	134	2.60297
1536	3072	1	286	64	5.53056
1536	3072	1	440	336	3.07029
1536	3072	1	420	170	5.61402
1536	3072	1	500	54	0.00000
1536	3072	1	440	102	5.66489
1024	3072	2	376	38	0.00000
1536	3584	2	370	66	0.00000
1536	3584	2	254	268	0.00000
1536	3584	1	400	134	5.97044
1536	3584	2	464	98	0.00000
1536	3584	2	332	342	0.00000
2560	2560	1	210	460	1.30478
2048	2560	1	46	364	3.85283
2048	2560	1	234	280	1.31999
2560	2048	1	466	480	1.53715
2560	2560	1	464	36	4.75562
2560	2560	1	84	274	4.12308
2560	2560	1	188	336	4.07518
2560	2048	1	512	290	1.03772
2560	2560	1	374	102	6.10572
2560	2560	1	512	480	2.26476
2048	2560	1	366	512	4.16707
2560	2048	1	186	492	4.71545
2560	2048	1	326	442	4.56181
2560	2560	1	134	204	1.77337
2560	2560	1	204	28	1.80725
2048	2560	1	112	210	3.23659
2048	2560	1	364	256	0.95481
2048	2560	1	416	362	5.48624
2560	2560	1	512	126	4.77785
2560	2560	1	318	150	6.14255
2560	2560	1	420	512	0.00000
2560	2560	1	74	418	4.44728
2560	2560	1	334	432	2.91371
2048	2560	1	266	454	3.66359
2560	2560	1	348	298	5.08343
2560	2560	1	480	204	5.70743
2560	2560	2	466	328	0.00000
2560	2560	1	76	94	0.52807
2560	2560	2	40	176	0.00000
2048	2560	2	238	156	0.00000
2048	2560	2	184	156	0.00000
2048	2560	2	298	202	0.00000
2560	2560	1	214	144	5.65650
2560	2048	1	512	126	4.19306
2560	2048	1	512	208	1.10470
2560	2048	1	386	210	1.96859
2560	2048	1	432	58	0.00000
2560	2048	1	312	102	0.00000
2560	2048	1	362	16	0.00000
2560	2048	1	290	14	3.35474
2560	2048	1	160	70	3.82478
2560	2048	1	174	186	5.62281
2048	2048	1	502	18	4.83382
2560	2048	1	28	110	5.40630
2048	2048	1	410	112	3.28567
2560	2048	1	28	206	1.66896
2048	2048	1	210	8	3.31268
2048	2048	1	68	8	0.95016
2048	2048	1	104	104	0.00000
2048	2048	1	220	158	5.12472
2048	2048	1	32	264	0.00000
2560	2048	1	118	348	1.80873
2048	2048	1	140	218	0.00000
2048	2048	1	258	246	0.00000
2048	2048	1	132	352	4.19208
2048	2048	1	12	366	0.00000
2048	2048	1	168	436	3.49458
2048	2048	1	56	484	3.81220
2048	2560	1	26	40	4.77993
2048	2560	1	52	124	4.28487
2048	2560	1	222	102	4.78580
2048	2048	2	190	504	0.00000
2048	2048	2	260	508	0.00000
2560	2048	2	272	390	0.00000
2048	2048	1	350	404	4.31905
2048	2560	1	328	2	3.20346
2048	2048	1	510	506	4.57244
2048	2560	1	382	74	0.57430
2048	2560	1	496	82	4.57049
2048	2560	2	174	364	0.00000
2048	2560	2	190	400	0.00000
2048	2560	1	152	494	0.00000
2560	2048	1	154	430	1.42372
2048	2560	2	470	468	0.00000
2560	2560	2	26	486	0.00000
2048	2560	2	86	512	0.00000
2048	2560	2	446	292	0.00000
3584	2048	1	140	110	0.00000
3584	2048	1	396	88	0.00000
3584	2560	1	380	6	3.29576
3584	2048	1	458	476	3.29443
3584	2048	1	288	334	2.78468
3584	2048	1	394	220	5.39812
3584	2048	1	238	206	4.60931
3584	2048	1	252	78	3.94517
3584	2048	1	482	70	0.00000
3072	2048	1	356	116	0.14190
3072	2048	1	266	128	0.00000
3072	2048	1	176	126	0.38051
3584	2048	1	24	224	2.77639
3072	2048	1	454	280	1.87555
3072	2048	1	356	310	2.22793
3072	2048	1	408	186	4.22243
3072	2048	1	476	82	4.79268
3584	2048	1	172	296	5.12088
3072	2048	1	138	354	4.33788
3072	2048	1	266	326	2.59244
3072	2048	1	232	218	4.25871
3072	2048	1	206	44	1.60924
3072	2048	1	18	194	0.67989
3072	2048	1	72	62	0.52360
3072	2048	1	4	116	0.81487
3072	2048	1	456	426	2.82119
3072	2048	1	334	448	4.26445
3072	2560	1	194	18	1.70910
3072	2560	2	168	82	0.00000
3072	2560	1	38	78	4.73366
3072	2560	1	20	36	4.07929
3584	2560	1	64	88	2.61352
3584	2048	1	36	352	3.98941
3584	2048	1	188	502	1.66155
3584	2048	1	218	438	4.81483
3584	2048	1	116	376	0.26811
3584	2048	1	482	348	5.12054
3072	2560	1	372	14	1.12842
3072	2560	1	438	74	1.29250
3584	2560	1	8	148	5.62789
3072	2560	2	432	120	0.00000
3072	2560	2	464	182	0.00000
3072	2560	1	342	158	5.63748
3072	2560	1	102	334	2.68544
3072	2560	1	184	328	2.95532
3072	2560	1	246	226	0.30331
3072	2560	1	340	298	4.37533
3584	2560	1	180	56	1.67128
3584	2048	1	66	474	6.02258
3584	2560	1	292	86	3.34699
3584	2560	1	420	140	6.26421
3584	2560	1	508	144	3.51212
3584	2560	1	316	204	4.18617
3584	2560	1	194	138	5.59902
3584	2560	1	10	302	5.73764
3584	2560	1	192	238	2.06710
3584	2560	1	98	184	3.85395
3584	2560	1	152	296	4.97864
3584	2560	1	446	316	2.43089
3584	2560	1	312	324	5.86319
3584	2560	1	266	364	2.98264
3072	2560	1	306	412	0.77279
3072	2560	1	376	468	0.00000
3072	2560	1	442	416	2.52345
3584	2560	1	36	420	1.68204
3584	2560	1	150	388	1.69515
3584	2560	1	156	474	3.83177
3584	2560	1	388	400	3.25781
3584	2560	1	452	456	3.15417
3584	2560	1	224	456	5.59871
3584	2560	1	312	464	0.00000
3584	2560	2	348	444	0.00000
3584	2560	2	384	512	0.00000
3072	2560	1	170	472	5.07295
3584	2048	1	218	30	0.00000
3072	2048	1	26	294	0.73649
3072	3072	1	248	62	5.23614
3072	3072	1	100	58	2.86743
3072	3072	2	50	150	0.00000
3072	3072	1	374	126	6.03821
3072	3072	1	444	152	0.00000
3072	3072	1	490	28	2.29983
3584	3072	1	110	92	2.38476
3584	3072	2	172	48	0.00000
3584	3072	2	230	114	0.00000
3584	3072	2	278	274	0.00000
3584	3072	2	238	196	0.00000
3584	3072	1	340	162	5.54124
3584	3072	1	436	142	5.32108
3584	3072	1	460	74	2.14855
3584	3072	1	366	52	0.53542
3584	3072	1	292	40	0.35004
3584	3072	1	508	260	1.80833
3584	3072	1	512	392	0.00000
3584	3072	1	438	334	0.00000
3584	3072	1	348	372	3.64957
3584	3072	1	304	360	4.04896
3584	3072	1	138	374	3.81227
3584	3072	1	94	272	1.37676
3072	3072	1	508	358	2.59867
3584	3072	1	238	366	4.10249
3072	3072	2	434	256	0.00000
3584	3072	1	96	136	2.21430
3072	3072	1	306	196	5.24335
3072	3072	1	188	214	6.16346
3072	3072	1	274	276	2.99970
3072	3072	1	344	300	2.80230
3072	3072	1	118	318	0.00000
3072	3072	2	46	400	0.00000
3072	3072	1	324	408	2.05634
3072	3584	1	216	2	3.21002
3072	3072	1	324	504	5.84400
3584	3072	1	254	474	4.67598
3584	3072	2	64	488	0.00000
3584	3072	1	338	510	3.56289
3584	3584	1	456	4	5.05739
3584	3584	1	390	90	2.34049
3584	3584	1	400	190	4.25475
3584	3584	1	496	210	0.00000
3584	3584	1	196	34	1.48847
3584	3584	1	8	60	2.08994
3072	3584	1	390	74	3.90930
3072	3584	1	278	116	3.81070
3072	3584	1	164	80	5.83708
3072	3584	1	28	50	0.00000
3072	3584	1	78	196	4.97864
3072	3584	1	196	242	2.99744
3072	3584	1	52	312	1.95912
3072	3584	1	82	452	0.00000
3072	3584	1	168	376	5.95623
3072	3584	1	288	180	1.11693
3072	3584	1	448	192	0.58118
3584	3584	1	14	198	0.32975
3584	3584	1	242	134	5.49134
3584	3584	1	106	192	2.87763
3584	3584	1	246	272	5.66513
3584	3584	1	300	224	3.76708
3584	3584	1	344	288	3.41576
3584	3584	1	410	298	5.68090
3584	3584	1	146	336	2.15359
3072	3584	1	476	324	3.22266
3072	3584	1	356	318	0.37636
3584	3584	1	62	420	0.80451
3584	3584	1	410	446	5.31523
3072	3584	1	268	420	0.06854
3072	3584	1	306	458	1.09689
3584	3584	1	284	428	5.64445
3584	3584	1	422	386	2.08583
3584	3584	2	512	444	0.00000
2048	3072	1	72	64	6.10333
2048	3072	1	436	84	1.88188
2560	3072	1	110	136	2.25964
2048	3584	1	208	78	4.64225
2048	3072	1	168	372	1.64221
2048	3072	1	252	188	0.06737
2048	3072	1	60	230	0.27162
2048	3072	1	176	248	0.18682
2048	3072	1	156	24	0.00000
2048	3072	1	318	46	4.07895
2048	3072	2	138	123	0.00000
2048	3072	1	374	232	2.13846
2048	3072	1	392	160	5.10790
2560	3072	1	288	130	2.44058
2560	3072	1	364	140	6.12623
2560	3072	1	422	40	6.01700
2560	3072	1	288	234	2.41325
2560	3072	1	240	314	2.53717
2560	3072	1	186	346	5.61371
2560	3072	1	48	232	2.69722
2560	3072	2	106	226	0.00000
2048	3584	2	318	190	0.00000
2048	3072	1	348	334	4.03375
2048	3072	1	490	238	2.60808
2048	3072	2	498	332	0.00000
2048	3072	2	454	388	0.00000
2048	3072	2	48	372	0.00000
2048	3072	2	164	482	0.00000
2560	3072	1	142	444	6.20624
2560	3072	1	62	368	4.16157
2560	3072	1	430	202	0.42726
2560	3072	1	510	266	0.53725
2560	3072	1	360	388	6.04400
2048	3072	1	56	488	1.25289
2048	3072	1	242	460	5.21886
2048	3072	1	376	424	0.30133
2048	3584	1	428	44	3.63387
2560	3584	1	96	72	6.27232
2560	3072	2	216	472	0.00000
2560	3072	1	288	506	4.01088
2560	3584	1	420	24	1.81894
2560	3584	1	416	94	5.11510
2560	3584	1	512	62	0.00000
2048	3584	1	106	90	2.76077
2048	3584	1	70	152	2.26656
2048	3584	2	272	302	0.00000
2048	3584	2	240	393	0.00000
2048	3584	2	325	399	0.00000
2048	3584	1	42	226	5.58911
2560	3072	1	26	506	2.85991
2560	3584	1	310	128	2.10070
2560	3584	1	8	144	1.78597
2560	3584	1	172	150	1.06288
2048	3584	1	188	218	2.02362
2048	3584	1	250	156	4.30553
2048	3584	1	432	202	6.06189
2048	3584	1	376	276	5.71764
2048	3584	1	118	336	0.12186
2048	3584	2	66	413	0.00000
2048	3584	2	28	473	0.00000
2560	3584	1	176	264	0.35603
2048	3584	1	498	238	0.08883
2560	3584	1	462	204	1.89645
2560	3584	1	64	250	3.37380
2048	3584	1	462	398	0.00000
2560	3584	1	22	420	0.65563
2560	3584	1	236	466	5.80103
2048	3584	1	154	472	4.89123
2560	3584	1	338	256	5.72508
2560	3584	1	508	368	3.39317
2560	3584	1	352	378	5.45351
2048	3584	1	350	486	0.00000
2048	3072	2	283	279	0.00000
2560	3584	1	96	476	5.89867
2560	3584	2	270	347	0.00000
2560	3072	2	98	433	0.00000
2048	3584	2	186	279	0.00000
2560	3072	2	148	73	0.00000
2560	3072	2	222	129	0.00000
2560	3072	2	190	223	0.00000
2560	3584	2	272	243	0.00000
2560	3072	2	348	243	0.00000
