1024	2048	1	118	60	0.28675
1024	2048	1	354	2	0.33696
1024	2048	1	184	146	0.83664
1024	2048	1	140	246	0.74433
1024	2048	1	212	378	0.48740
1536	2048	1	128	196	6.15998
1024	2048	1	390	180	2.83005
1024	2048	2	198	72	0.00000
1536	2048	1	16	20	0.00000
1536	2048	1	6	260	5.55596
1536	2048	1	220	140	0.03933
1536	2048	1	294	258	2.87065
1536	2048	2	244	346	0.00000
1024	2048	1	470	376	4.27844
1536	2048	1	84	500	3.04015
1536	2560	1	218	6	0.85309
1024	2048	1	386	456	1.68096
1536	2560	1	6	16	5.80414
1024	2560	1	32	8	2.27862
1024	2560	1	40	142	5.42861
1024	2560	1	298	26	1.33827
1024	2560	1	426	68	3.24161
1536	2048	1	360	96	5.80743
1536	2048	1	390	420	5.66044
1536	2048	1	468	356	2.83415
1536	2048	1	448	204	1.88959
1536	2048	2	486	70	0.00000
1536	2048	1	274	64	5.36445
1536	2048	1	320	174	5.60244
1024	2560	1	122	218	3.68793
1024	2560	1	320	106	0.79806
1024	2560	1	312	214	0.79894
1536	2560	1	4	142	4.89569
1536	2560	1	96	214	4.75257
1536	2560	1	220	140	0.38876
1536	2560	1	344	48	2.18440
1536	2560	1	342	170	2.61924
1536	2560	1	310	254	5.42392
1536	2560	1	474	4	1.19809
1024	2560	1	84	454	0.21391
1536	2560	1	472	92	0.99918
1536	2560	1	50	304	2.24765
1024	2560	1	392	314	3.21103
1536	2560	1	512	170	0.00000
1024	2560	1	186	404	3.23225
1024	2560	1	244	352	0.05324
1024	2560	2	184	290	0.00000
1024	2560	1	322	310	3.47827
1536	2560	1	228	438	1.25839
1024	2560	1	454	486	0.96743
1024	2560	2	362	438	0.00000
1536	2560	1	134	340	0.58800
1024	2560	1	498	370	5.23567
1536	2560	1	40	472	0.82723
1536	2560	1	272	326	2.03134
1536	2560	1	354	512	5.13494
1536	2560	1	432	356	4.78605
1536	2560	1	464	474	4.44912
1024	3072	1	0	102	4.17197
1024	3072	1	256	46	2.42193
1024	3072	1	178	124	0.54240
1024	3072	1	70	210	2.15880
1024	3072	1	56	286	2.13395
1024	3072	1	32	348	5.23997
1024	3072	1	18	444	5.20993
1024	3072	1	176	256	0.24498
1024	3072	1	262	322	6.15883
1024	3072	1	174	384	0.20750
1536	3072	1	4	140	0.00000
1024	3072	1	368	72	2.47115
1024	3072	1	338	184	5.80696
1024	3072	1	286	218	5.65546
1024	3072	1	134	464	2.31956
1024	3584	1	72	50	1.19873
1024	3584	1	312	8	1.84806
1024	3584	1	164	92	4.82224
1024	3584	1	90	164	5.43884
1024	3584	1	8	226	0.12435
1024	3584	1	114	274	5.49779
1024	3584	1	86	490	5.86033
1024	3072	1	412	398	0.70074
1024	3072	2	342	350	0.00000
1536	3072	1	146	62	0.72298
1024	3072	2	476	30	0.00000
1536	3072	1	432	80	5.12385
1536	3072	1	338	4	4.80237
1536	3072	1	242	104	0.66104
1536	3072	1	328	128	3.31969
1536	3072	1	478	192	5.43392
1536	3072	1	416	204	2.79633
1536	3072	1	24	326	1.05295
1024	3072	2	500	284	0.00000
1536	3072	1	182	290	5.04263
1536	3072	1	366	300	6.22547
1536	3072	1	482	334	0.00000
1536	3072	1	286	474	6.25930
1536	3072	1	134	374	2.37421
1536	3072	1	246	390	0.86526
1536	3584	1	478	10	3.00606
1536	3072	1	368	440	3.17027
1536	3584	1	376	184	1.51371
1536	3072	1	26	446	0.35581
1536	3072	1	110	498	3.68203
1024	3584	1	456	108	5.92923
1024	3584	1	376	144	2.73008
1024	3584	1	362	288	5.98469
1024	3584	1	480	266	5.31244
1536	3584	1	106	218	0.00000
1536	3584	2	6	44	0.00000
1536	3584	1	220	126	1.19355
1536	3584	1	46	372	0.86319
1024	3584	2	420	356	0.00000
1536	3584	1	238	224	1.05985
1536	3584	1	496	266	0.62025
1536	3584	1	410	68	3.40784
1536	3584	2	478	112	0.00000
1536	3584	1	174	458	0.00000
1536	3584	1	96	466	0.42976
1536	3584	1	398	366	0.00000
1536	3584	1	310	480	5.73993
1536	3584	1	210	352	5.07252
1536	3584	1	494	414	0.00000
1536	3584	1	400	240	1.23716
2560	2560	1	332	474	1.44226
2560	2560	1	364	196	2.21901
2560	2560	1	496	394	4.53339
2560	2560	1	500	512	2.53180
2560	2560	1	484	236	6.24081
2560	2560	1	122	394	5.28638
2560	2560	1	50	452	5.37875
2560	2560	1	374	96	5.06116
2048	2560	1	324	14	2.65902
2560	2560	1	230	74	1.35392
2048	2560	1	416	178	3.58357
2560	2048	1	338	478	3.23235
2560	2048	1	438	472	3.12547
2560	2560	1	504	78	4.37985
2560	2048	1	480	330	0.75580
2560	2560	1	2	274	3.46396
2560	2560	1	214	252	3.48667
2560	2560	1	146	234	3.55400
2048	2560	1	40	408	5.90885
2048	2560	1	222	450	2.40855
2560	2560	1	312	252	5.69366
2560	2560	1	96	190	0.47671
2048	2560	1	98	216	1.18718
2048	2560	1	456	2	4.09214
2560	2048	1	208	476	1.51235
2048	2560	1	26	326	4.72993
2560	2560	1	66	72	4.49116
2048	2560	1	258	308	3.69764
2048	2560	1	152	484	5.97562
2048	2560	1	284	240	1.86143
2048	2560	1	40	134	4.50182
2048	2560	1	144	78	3.19999
2048	2560	1	266	82	5.46115
2048	2560	1	354	416	3.32411
2560	2560	1	286	382	4.12562
2560	2560	2	466	342	0.00000
2560	2560	2	20	160	0.00000
2048	2560	2	438	316	0.00000
2048	2560	2	166	372	0.00000
2048	2560	2	236	148	0.00000
2048	2560	2	174	150	0.00000
2048	2048	2	214	502	0.00000
2048	2048	2	250	428	0.00000
2048	2560	2	376	104	0.00000
2048	2560	2	410	60	0.00000
2048	2560	2	320	196	0.00000
2048	2560	2	460	480	0.00000
2560	2560	2	16	488	0.00000
2048	2560	2	82	512	0.00000
2560	2048	1	434	40	0.00000
2560	2048	1	494	60	3.13943
2560	2048	1	512	154	0.72653
2560	2048	1	324	204	4.39224
2560	2048	1	252	306	5.86577
2560	2048	1	130	386	3.09401
2560	2048	1	126	234	3.25984
2560	2048	1	56	398	3.13943
2048	2048	1	94	60	0.00000
2560	2048	1	122	50	2.86772
2560	2048	1	190	166	5.88839
2560	2048	1	380	36	0.00000
2560	2048	1	310	74	0.17209
2048	2048	1	232	304	0.00000
2048	2048	1	348	390	4.71239
2048	2048	1	504	204	0.64987
2048	2048	1	442	114	4.79108
2560	2048	1	54	40	2.68720
2048	2048	2	512	90	0.00000
2560	2048	1	212	44	3.15794
2560	2048	1	274	38	3.31952
2048	2048	1	160	72	3.12865
2048	2048	1	32	78	2.81030
2048	2048	1	136	254	5.95974
2048	2048	1	78	292	5.67730
2048	2048	1	116	506	1.02588
2048	2048	1	146	398	4.24874
2048	2048	1	40	386	2.87763
3072	2048	1	282	220	3.27631
3584	2048	1	160	118	0.00000
3584	2048	1	396	224	5.54002
3584	2048	1	398	120	0.00000
3584	2048	1	274	82	0.55860
3072	2048	1	512	74	4.63562
3072	2048	1	384	26	4.24521
3072	2048	1	80	44	0.28255
3072	2048	1	196	364	5.41505
3072	2048	1	86	348	0.89606
3072	2048	1	456	334	2.00156
3072	2048	1	208	262	2.57828
3072	2048	1	132	178	1.41419
3072	2048	1	244	110	4.55216
3072	2560	1	112	78	3.46558
3072	2048	1	436	434	3.18105
3072	2048	1	308	440	3.89301
3072	2048	1	324	342	4.22951
3072	2048	1	498	240	4.07694
3072	2048	1	374	244	3.97771
3072	2048	1	400	122	2.12940
3072	2048	1	30	150	0.54617
3072	2048	1	216	30	1.91009
3584	2048	1	198	246	4.22184
3584	2048	1	70	280	2.81227
3072	2560	1	474	70	4.36189
3584	2560	1	36	14	2.24986
3584	2048	1	194	422	5.25137
3584	2048	1	292	488	5.89131
3584	2048	1	372	462	2.85413
3584	2048	1	452	444	2.42037
3584	2048	2	274	322	0.00000
3072	2048	1	200	512	2.60869
3072	2560	1	100	250	0.58439
3072	2560	1	268	174	1.00536
3072	2560	1	320	80	1.72720
3072	2560	2	472	188	0.00000
3072	2560	2	438	144	0.00000
3584	2560	1	284	182	4.83311
3584	2560	1	346	80	4.22549
3584	2560	1	180	90	1.26803
3584	2048	1	60	422	4.42433
3584	2560	1	4	288	3.21952
3584	2560	1	446	98	0.68940
3584	2560	1	260	352	5.09959
3072	2560	1	296	308	6.17219
3072	2560	1	198	272	2.67043
3584	2560	1	414	398	5.81132
3584	2560	1	90	356	0.97676
3584	2560	1	152	274	1.90622
3072	2560	1	414	324	3.88510
3072	2560	1	348	208	0.00000
3584	2560	1	476	242	3.52071
3584	2560	1	274	268	2.67795
3584	2048	1	472	60	0.00000
3072	2560	1	380	474	0.00000
3072	2560	1	490	426	5.65484
3072	2560	1	220	440	1.22314
3072	2560	1	40	408	5.41400
3072	2560	1	46	116	5.40609
3584	2560	1	292	442	5.30304
3584	2560	1	132	406	0.06604
3584	2560	1	180	464	0.00000
3584	2560	2	404	272	0.00000
3584	2560	1	384	200	3.92699
3584	2560	1	492	334	1.99874
3584	3584	1	250	410	0.00000
3584	3584	1	472	100	2.08147
3584	3072	1	422	458	2.04625
3584	3584	1	360	8	5.26968
3584	3584	1	512	400	1.84198
3584	3584	1	498	462	4.77762
3072	3584	1	322	402	1.39727
3584	3584	1	276	100	0.80442
3072	3584	1	462	418	1.71414
3584	3584	1	222	218	5.44214
3584	3584	1	506	330	1.06583
3584	3584	1	362	394	1.86225
3584	3584	1	494	196	2.89051
3584	3584	1	372	192	0.00000
3072	3584	1	196	300	3.49951
3584	3584	1	306	188	0.41423
3072	3584	1	394	510	1.04849
3072	3584	1	90	224	2.00904
3072	3584	1	208	458	5.59124
3072	3584	1	500	302	1.44776
3072	3584	1	40	300	2.25509
3072	3584	1	344	334	4.84792
3072	3584	1	308	476	0.90099
3584	3584	1	132	286	1.05165
3584	3584	1	438	294	0.00000
3072	3584	2	124	154	0.00000
3072	3584	2	120	366	0.00000
3584	3584	1	116	418	0.27505
3072	3584	1	56	462	1.78273
3584	3584	1	186	452	0.55039
3584	3584	1	344	308	4.69112
3584	3584	1	82	176	0.08003
3072	3584	1	454	122	1.34182
3072	3584	1	422	214	5.60565
3072	3584	1	298	216	0.68854
3584	3072	1	472	202	4.39064
3584	3072	1	466	306	2.50757
3584	3072	1	390	372	2.24407
3584	3072	1	340	272	0.92730
3584	3072	1	158	434	0.38577
3584	3584	1	258	32	3.58789
3584	3584	1	126	60	2.38241
3072	3584	1	218	120	3.77395
3072	3584	1	286	8	4.28576
3072	3584	1	364	98	6.02378
3072	3072	1	440	478	3.58770
3072	3072	1	496	478	3.39781
3072	3072	1	502	184	6.07838
3072	3584	1	32	18	2.66479
3072	3584	1	112	70	6.04887
3072	3072	1	164	506	2.60693
3072	3072	1	190	68	3.50017
3072	3072	1	268	124	6.05773
3072	3072	1	368	0	0.00000
3584	3072	1	18	4	0.63598
3584	3072	2	176	42	0.00000
3584	3072	2	334	114	0.00000
3584	3072	1	66	172	2.84672
3584	3072	1	152	300	1.67766
3584	3072	1	280	252	1.64495
3584	3072	1	282	198	4.75763
3584	3072	1	468	20	0.00000
3584	3072	1	512	116	1.03803
3584	3072	1	406	106	2.99495
3584	3072	1	328	50	1.02124
3584	3072	1	224	136	4.15124
3072	3072	1	368	312	1.97569
3072	3072	1	358	76	4.66481
3072	3072	1	102	32	3.01869
3072	3072	1	0	10	2.81398
3072	3072	1	378	178	5.57173
3072	3072	1	234	430	4.56540
3072	3072	1	124	404	1.33635
3072	3072	1	264	268	3.60999
3072	3072	1	202	222	0.64900
3072	3072	1	88	158	5.38713
3584	3072	1	62	446	3.31847
3584	3072	1	276	382	4.85864
3072	3072	1	86	294	0.00000
3072	3072	2	24	380	0.00000
3584	3584	1	334	512	1.31048
3072	3072	2	434	264	0.00000
2048	3072	1	164	388	1.71661
2048	3072	1	76	248	6.08817
2048	3072	1	60	500	2.85742
2048	3072	1	148	16	5.91111
2048	3072	2	72	24	0.00000
2048	3072	1	184	282	5.78855
2048	3072	2	138	122	0.00000
2560	3072	2	138	76	0.00000
2560	3072	2	227	121	0.00000
2560	3072	2	348	237	0.00000
2048	3072	1	298	66	3.38476
2048	3072	1	384	224	1.92510
2048	3072	2	291	262	0.00000
2048	3072	1	476	106	0.86373
2048	3072	1	490	206	3.56917
2560	3072	1	32	130	3.91761
2560	3072	1	154	180	1.63434
2560	3072	2	100	230	0.00000
2560	3072	1	280	60	2.41617
2560	3072	1	452	94	5.48619
2560	3072	1	374	188	5.43464
2048	3072	1	348	362	0.20062
2048	3072	1	492	388	2.30894
2560	3072	1	218	318	6.13476
2560	3072	1	148	354	0.01793
2560	3072	1	82	328	2.04749
2048	3072	1	260	500	5.98092
2048	3072	2	164	480	0.00000
2048	3584	1	168	182	1.78072
2048	3584	1	160	72	0.54805
2048	3584	1	302	198	1.06328
2560	3072	1	214	464	0.00000
2560	3072	1	424	396	5.86669
2048	3584	1	322	44	3.85748
2048	3072	2	310	440	0.00000
2048	3584	1	346	112	3.90596
2048	3584	1	232	348	6.07583
2048	3584	1	500	88	0.20946
2560	3584	1	82	88	5.93591
2560	3584	1	156	28	5.47230
2048	3072	1	384	482	0.00000
2560	3072	1	318	416	4.91128
2048	3584	1	454	40	0.28830
2048	3584	1	444	206	5.86535
2560	3072	1	290	506	3.66675
2560	3584	1	404	56	1.08886
2560	3584	1	436	120	1.31577
2560	3584	1	266	178	6.23465
2560	3584	1	122	188	0.68907
2560	3584	1	28	214	0.00000
2048	3584	1	116	436	6.09151
2048	3584	1	190	436	5.90268
2048	3584	1	324	358	5.72982
2048	3584	1	408	262	5.30847
2048	3584	1	430	392	0.38160
2560	3584	1	20	408	4.36515
2560	3584	1	88	318	4.67480
2560	3584	1	184	304	6.00265
2560	3584	1	388	272	0.57995
2560	3584	1	486	206	0.44894
2560	3584	1	206	486	5.87754
2048	3584	2	16	224	0.00000
2048	3584	2	186	258	0.00000
2048	3584	2	144	296	0.00000
2560	3072	2	94	438	0.00000
2048	3584	2	128	340	0.00000
2048	3584	1	8	374	0.96858
2560	3584	1	368	398	5.03484
2560	3584	1	488	374	5.75367
2560	3584	1	512	464	1.24579
2560	3584	1	388	512	5.68314
2560	3072	2	402	310	0.00000
2560	3072	1	512	42	0.63884
2048	3072	1	360	120	2.47208
2560	3584	2	274	254	0.00000
2560	3584	2	262	350	0.00000
2048	3072	2	454	276	0.00000
2048	3072	1	194	218	5.11353
2048	3072	2	44	376	0.00000
2048	3072	2	22	334	0.00000
2560	3072	2	260	282	0.00000
