1024	2048	1	240	368	0.29820
1024	2048	1	114	254	2.87635
1024	2048	1	37	122	0.00000
1024	2048	1	108	74	2.65842
1024	2048	1	418	134	2.16201
1024	2048	2	200	92	0.00000
1024	2048	2	252	22	0.00000
1536	2048	1	12	0	6.07025
1536	2048	1	104	192	6.13152
1024	2048	1	494	234	3.40846
1536	2048	1	14	328	3.86578
1536	2048	1	186	38	3.68578
1536	2048	1	376	278	2.78839
1536	2048	2	491	70	0.00000
1536	2048	2	213	154	0.00000
1536	2048	2	281	90	0.00000
1536	2048	1	336	178	4.74590
1536	2048	1	284	294	4.29652
1536	2048	1	122	382	3.16575
1536	2048	1	186	422	3.09486
1536	2048	1	266	404	6.00512
1536	2048	1	326	390	5.87181
1536	2048	1	478	446	0.18961
1024	2048	1	388	452	1.21347
1024	2560	1	306	44	0.80226
1024	2560	1	82	142	3.22524
1024	2560	1	148	220	4.04434
1024	2560	1	384	194	3.20398
1024	2560	1	494	92	0.55619
1536	2560	1	72	106	5.98493
1536	2048	1	72	502	1.79137
1536	2560	1	168	38	1.16795
1536	2560	1	226	130	3.15488
1536	2560	1	320	112	0.61900
1536	2560	1	418	86	3.02250
1536	2560	1	502	82	0.18575
1536	2560	1	40	226	1.53737
1536	2560	1	166	224	5.96591
1536	2560	1	304	256	5.80172
1536	2560	1	360	234	5.69412
1536	2560	1	474	254	5.95980
1024	2560	1	428	390	3.04467
1024	2560	1	318	310	4.46004
1024	2560	1	126	340	1.95975
1024	2560	2	184	286	0.00000
1536	2560	1	22	330	4.44980
1536	2560	1	198	354	2.13784
1536	2560	1	400	406	3.64593
1536	2560	1	40	438	4.95910
1024	2560	1	262	420	5.61315
1024	2560	1	24	384	4.66986
1024	2560	1	124	428	1.44706
1024	2560	1	178	498	1.11392
1024	2560	2	359	500	0.00000
1536	2560	1	166	498	0.66880
1536	2560	1	340	504	5.34363
1536	2560	1	505	454	0.80331
1024	2048	2	449	0	0.00000
1024	2048	2	325	0	0.00000
1024	3072	1	146	76	0.91703
1536	3072	1	32	194	6.10007
1024	3072	1	30	144	4.82248
1024	3072	1	138	198	1.06715
1024	3072	1	288	92	5.61281
1024	3072	1	346	20	0.00000
1024	3072	1	328	246	6.25099
1024	3072	1	268	260	3.16685
1024	3072	1	406	118	0.11295
1536	3072	1	228	60	1.33435
1536	3072	1	162	8	0.75222
1536	3072	1	370	6	5.25575
1536	3072	1	490	72	5.71162
1536	3072	1	230	160	3.74769
1536	3072	1	300	204	0.15458
1536	3072	1	388	146	0.14253
1536	3072	1	400	244	3.96765
1536	3072	1	484	288	3.74932
1024	3072	1	132	324	0.22587
1024	3072	1	198	280	0.15590
1024	3072	1	460	352	1.71269
1536	3072	1	110	264	0.00000
1536	3072	1	202	294	3.80546
1536	3072	1	380	346	0.52358
1536	3072	1	490	450	2.93198
1024	3072	1	270	440	0.12435
1024	3072	1	164	444	0.67161
1024	3072	1	48	498	3.89371
1536	3072	1	98	460	3.53911
1536	3072	1	200	428	0.84097
1536	3072	1	318	486	5.71460
1024	3584	1	246	64	1.24218
1024	3584	1	78	116	1.04981
1024	3584	1	414	56	2.92753
1024	3584	1	336	166	0.00000
1024	3584	1	146	206	1.18667
1536	3584	1	246	190	2.46293
1536	3584	1	336	158	2.09765
1536	3584	1	424	70	3.82004
1536	3584	1	96	74	4.39717
1536	3584	1	194	64	5.84466
1536	3584	1	244	18	6.00421
1536	3584	1	66	150	5.23507
1536	3584	1	28	214	2.45926
1024	3584	1	296	256	1.62823
1024	3584	1	236	360	5.60721
1024	3584	1	144	366	5.88674
1536	3584	1	182	280	0.00000
1536	3584	1	120	314	2.94673
1024	3584	1	390	282	0.27543
1024	3584	1	474	304	2.35743
1536	3584	1	348	312	4.50798
1536	3584	1	472	308	5.90791
1536	3584	1	452	412	1.88503
1536	3584	1	50	476	0.43693
1024	3584	1	492	430	0.41534
1536	3584	1	176	494	0.00000
1536	3584	1	334	506	5.83071
1024	3584	1	132	488	5.92383
1024	3072	2	472	34	0.00000
1024	3072	2	496	292	0.00000
1536	3072	2	16	346	0.00000
1536	3072	2	382	446	0.00000
1024	3072	2	8	218	0.00000
1536	3584	2	18	42	0.00000
1536	3584	2	474	112	0.00000
1024	3072	2	356	338	0.00000
1536	3072	2	260	364	0.00000
1024	3584	2	168	32	0.00000
1024	3072	2	22	378	0.00000
1536	3584	2	254	264	0.00000
2048	2048	1	102	52	6.07056
2048	2048	2	186	109	0.00000
2048	2048	2	500	55	0.00000
2048	2048	2	414	7	0.00000
2560	2048	1	98	50	2.44671
2560	2048	1	78	120	2.69201
2560	2048	1	24	208	5.99312
2048	2048	1	414	164	0.89743
2048	2048	1	66	204	0.36172
2048	2048	1	158	246	5.56979
2048	2048	1	290	326	6.03131
2048	2048	1	158	372	1.62750
2048	2048	1	108	468	1.98930
2048	2048	2	204	499	0.00000
2048	2048	2	254	495	0.00000
2048	2560	2	170	146	0.00000
2048	2560	2	232	146	0.00000
2048	2560	2	418	48	0.00000
2048	2560	2	386	96	0.00000
2560	2560	2	288	10	0.00000
2048	2048	1	396	364	1.93931
2048	2048	1	500	314	5.16583
2560	2048	1	16	434	4.72194
2048	2048	1	390	454	5.03726
2048	2560	1	310	28	1.09987
2048	2560	1	78	62	0.39194
2048	2560	1	0	90	3.23598
2048	2560	2	170	359	0.00000
2048	2560	2	196	413	0.00000
2048	2560	2	324	413	0.00000
2560	2560	2	316	483	0.00000
2560	2048	1	188	194	0.75959
2560	2048	1	110	312	0.74206
2560	2048	1	378	156	3.88794
2560	2048	1	202	24	3.03020
2560	2048	1	482	164	1.25791
2560	2048	1	488	256	1.63549
2560	2048	1	452	38	0.24438
2560	2048	1	262	224	4.76539
2560	2048	1	316	84	0.24666
2560	2048	1	370	414	5.38697
2560	2048	1	460	342	0.72525
2560	2048	1	332	312	1.47796
2560	2560	1	196	4	0.21987
2560	2048	1	334	488	5.52711
2560	2048	2	294	400	0.00000
2560	2560	1	406	62	0.55636
2560	2560	1	418	190	2.18839
2048	2560	1	446	138	3.68727
2048	2560	1	330	134	5.76865
2048	2560	1	144	260	3.04150
2048	2560	1	68	300	0.18498
2560	2560	1	116	162	4.56338
2560	2560	2	30	149	0.00000
2560	2560	1	72	12	1.69840
2560	2560	1	252	148	3.87931
2560	2560	1	30	226	2.12511
2048	2560	1	490	268	5.06225
2048	2560	2	320	198	0.00000
2048	2560	1	310	280	0.76007
2048	2560	1	366	324	0.37253
2560	2560	1	320	240	5.42972
2048	2560	1	476	398	0.39958
2048	2560	2	446	315	0.00000
2560	2560	2	14	473	0.00000
2048	2560	2	464	487	0.00000
2560	2560	1	54	410	0.00000
2560	2560	1	126	322	0.24688
2560	2560	1	236	278	5.64165
2560	2560	1	312	398	0.94122
2560	2560	1	420	408	3.58895
2560	2560	2	466	331	0.00000
2048	2560	1	288	466	5.09890
2048	2560	2	76	508	0.00000
2560	2048	1	512	436	4.30201
2560	2560	2	512	14	0.00000
3584	2048	1	130	118	0.31235
3584	2048	1	250	96	3.86642
3584	2048	1	8	162	3.65960
3072	2048	1	378	84	4.69769
3072	2048	1	224	112	4.64647
3072	2048	1	84	42	0.14457
3072	2048	2	22	72	0.00000
3072	2048	1	44	42	0.00000
3072	2048	1	234	32	4.94026
3584	2048	1	228	24	0.00000
3584	2048	1	394	100	0.00000
3584	2048	1	464	68	0.00000
3584	2048	1	390	228	5.54882
3584	2048	1	490	210	2.19451
3584	2048	1	512	136	0.00000
3584	2048	1	224	270	4.72380
3072	2048	1	68	208	3.39502
3072	2048	2	112	122	0.00000
3072	2048	1	316	226	2.82061
3072	2048	1	420	248	3.78666
3072	2048	1	60	416	4.37749
3584	2048	1	52	300	0.14869
3072	2048	1	486	306	3.96604
3072	2048	1	318	336	1.96510
3072	2048	1	210	380	4.91610
3584	2048	1	374	454	3.09788
3584	2048	1	62	408	3.93773
3584	2048	1	98	478	4.16400
3584	2048	1	252	486	2.73196
3072	2048	1	452	448	2.44353
3072	2048	1	370	476	2.60406
3072	2048	1	224	454	1.71608
3072	2560	1	484	78	5.88047
3072	2560	1	222	32	1.95610
3072	2560	2	158	78	0.00000
3072	2560	2	318	26	0.00000
3072	2560	2	468	184	0.00000
3072	2560	2	26	14	0.00000
3072	2560	1	74	122	3.02483
3072	2560	1	172	148	4.02923
3072	2560	1	26	188	2.69114
3072	2560	1	380	122	0.94946
3584	2560	1	98	52	4.61574
3072	2560	2	438	130	0.00000
3072	2560	1	278	186	0.20494
3072	2560	1	176	244	0.74695
3584	2560	1	306	116	3.72682
3584	2560	1	36	204	3.67679
3584	2560	1	428	58	3.69629
3072	2560	1	430	332	2.66355
3584	2560	1	192	94	1.17979
3072	2560	1	236	340	3.23174
3072	2560	1	330	256	3.78900
3072	2560	1	492	306	5.78040
3072	2560	1	120	418	0.79797
3072	2560	1	328	386	4.64617
3584	2560	1	112	224	0.95182
3584	2560	1	406	376	4.32198
3584	2560	1	168	480	2.34619
3584	2560	1	4	464	3.04644
3584	2560	1	100	404	3.71432
3584	2560	1	236	420	3.78534
3584	2560	1	324	504	2.52447
3584	2560	1	412	474	0.00000
3584	2560	1	486	458	2.01368
3584	2560	1	512	46	3.59170
3584	2560	1	86	512	2.39244
3072	2560	1	244	476	0.15854
3072	2560	1	376	472	0.00000
3584	2560	2	350	444	0.00000
3584	2560	1	434	168	3.91926
3584	2560	1	504	260	5.78520
3584	2560	1	294	282	3.18611
3584	2560	1	222	214	5.71568
3584	2560	1	380	296	2.01932
3584	2560	1	186	328	5.62433
3584	2560	1	512	364	0.00000
3072	2048	1	20	152	0.78371
3072	3072	2	226	58	0.00000
3072	3072	2	386	38	0.00000
3584	3072	2	6	208	0.00000
3072	3072	2	194	246	0.00000
3072	3072	2	246	452	0.00000
3072	3072	1	58	66	3.46334
3072	3072	1	90	194	4.50540
3072	3072	1	104	244	1.63522
3072	3072	1	246	206	2.52134
3072	3072	1	412	280	3.87006
3072	3072	1	258	340	4.12061
3072	3072	1	110	384	0.22964
3072	3072	1	156	468	0.00000
3584	3072	1	90	22	5.49779
3584	3072	1	50	144	0.37671
3072	3072	1	440	150	0.60172
3584	3072	1	160	106	1.18392
3584	3072	1	44	304	3.16535
3584	3072	1	114	254	2.13753
3584	3072	1	180	192	1.70632
3584	3072	2	240	142	0.00000
3584	3072	2	340	16	0.00000
3584	3072	2	244	24	0.00000
3584	3072	2	512	28	0.00000
3584	3072	2	432	18	0.00000
3584	3072	2	512	438	0.00000
3584	3072	1	328	114	4.45281
3584	3072	1	430	66	5.92441
3584	3072	1	304	194	0.86587
3584	3072	1	380	218	0.78540
3584	3072	1	258	292	5.37688
3584	3072	1	100	416	0.79025
3072	3072	1	486	418	2.02879
3072	3072	1	474	492	2.00905
3072	3072	1	352	406	3.13378
3072	3584	1	288	28	1.80833
3072	3584	1	134	142	0.93934
3072	3584	1	258	158	0.67474
3072	3584	1	366	182	0.00000
3072	3584	1	448	190	0.00000
3584	3584	1	148	144	0.00000
3072	3584	1	480	52	1.62629
3584	3584	1	86	46	0.36933
3072	3584	1	164	252	0.00000
3072	3584	1	336	282	1.90404
3584	3584	1	16	190	0.39708
3584	3584	1	204	218	3.75232
3584	3584	1	172	28	2.61680
3584	3072	1	498	266	5.58958
3584	3072	1	480	370	0.87434
3584	3072	1	408	334	3.64187
3584	3072	1	212	466	0.00000
3584	3072	2	322	380	0.00000
3584	3072	2	212	352	0.00000
3584	3072	1	426	490	0.77973
3584	3584	1	340	4	0.67559
3584	3072	1	302	456	1.05165
3584	3584	1	366	206	2.76109
3584	3584	1	284	252	0.00000
3584	3584	1	244	56	3.00727
3072	3584	1	388	416	0.00000
3072	3584	2	238	512	0.00000
3072	3584	2	12	304	0.00000
3584	3584	2	512	370	0.00000
3584	3584	2	512	486	0.00000
3584	3584	2	372	498	0.00000
3584	3584	1	118	268	5.51514
3584	3584	1	450	104	2.04796
3584	3584	1	450	256	2.02200
3584	3584	1	150	374	1.49453
3072	3584	1	216	330	1.64613
3072	3584	1	142	428	3.35326
3072	3584	1	468	384	0.97644
3584	3584	2	296	476	0.00000
3584	3584	1	370	312	5.34119
3072	3072	2	10	500	0.00000
3072	3584	2	26	146	0.00000
2048	3072	1	120	86	0.65204
2048	3072	1	220	156	4.23565
2048	3072	1	268	60	5.96143
2048	3072	2	80	8	0.00000
2048	3072	2	14	114	0.00000
2560	3072	2	140	76	0.00000
2560	3072	2	224	132	0.00000
2560	3072	2	106	224	0.00000
2560	3072	2	346	240	0.00000
2560	3072	2	100	438	0.00000
2048	3072	2	192	220	0.00000
2048	3072	2	232	272	0.00000
2048	3072	2	286	272	0.00000
2048	3584	2	364	18	0.00000
2048	3072	2	306	428	0.00000
2048	3072	2	164	472	0.00000
2048	3584	2	190	280	0.00000
2048	3072	1	76	294	0.98279
2048	3072	1	0	268	4.00528
2048	3072	1	162	344	1.45385
2048	3072	1	96	438	4.75158
2048	3584	1	136	42	2.43832
2048	3584	1	206	40	2.12154
2048	3584	1	58	100	1.79113
2048	3584	1	28	194	5.29587
2048	3584	1	168	202	1.10715
2048	3584	1	72	304	2.01092
2048	3584	1	314	294	0.07005
2048	3584	1	258	224	0.00000
2048	3584	1	384	260	5.99579
2048	3584	1	256	462	4.20104
2048	3584	1	342	476	5.89595
2048	3584	1	506	366	3.15234
2048	3072	1	308	214	4.68341
2048	3072	1	294	350	0.36933
2048	3072	1	368	438	3.83052
2048	3072	1	414	314	4.39064
2048	3072	1	484	86	5.80461
2048	3072	2	422	100	0.00000
2560	3072	1	72	130	2.24372
2560	3072	1	306	60	1.20099
2560	3072	1	468	68	2.59457
2560	3072	1	394	134	5.19691
2560	3072	2	266	274	0.00000
2560	3072	1	414	300	4.31181
2560	3072	1	494	376	0.79074
2560	3072	1	160	292	4.78024
2560	3072	1	144	358	4.54989
2560	3072	1	10	428	0.43073
2560	3584	1	80	42	1.87813
2560	3072	2	264	402	0.00000
2560	3072	1	160	466	0.00000
2560	3072	2	230	474	0.00000
2560	3584	1	280	34	2.60617
2560	3584	1	446	78	4.86423
2560	3072	2	512	508	0.00000
2560	3584	1	512	138	1.14828
2048	3584	1	504	102	0.29692
2048	3584	1	416	140	2.87279
2560	3584	1	24	194	0.86365
2560	3584	1	182	84	4.00735
2560	3584	1	88	232	3.59957
2560	3584	1	194	212	2.63819
2560	3584	1	264	138	4.69964
2560	3584	1	300	264	0.00000
2560	3584	1	376	214	6.14494
2560	3584	1	198	304	2.00871
2560	3584	1	136	374	5.24198
2560	3584	1	98	436	1.99661
2560	3584	1	252	448	0.20687
2560	3584	1	350	390	0.00000
2560	3584	1	386	458	4.28038
2560	3584	1	414	324	0.00000
2560	3584	2	512	286	0.00000
