1024	2048	1	276	100	0.20750
1024	2048	1	258	214	4.97813
1024	2048	1	182	270	1.57080
1024	2048	1	210	390	0.46150
1024	2048	1	344	442	5.21399
1024	2560	1	300	18	1.27198
1024	2560	1	124	172	3.12707
1024	2560	1	54	348	4.20529
1024	2560	2	168	290	0.00000
1024	2560	1	408	192	1.36540
1024	2560	1	364	354	0.53098
1024	2560	1	430	394	6.16730
1024	2560	1	172	434	2.68669
1024	2560	1	266	358	5.77999
1024	2560	1	270	478	0.42116
1024	2560	1	144	488	0.20918
1024	2048	1	492	330	0.00000
1024	2048	2	168	100	0.00000
1024	2048	2	116	28	0.00000
1024	2048	1	502	52	0.00000
1024	2048	1	368	42	0.00000
1536	2560	1	46	48	0.00000
1536	2560	1	66	240	3.32798
1024	2560	1	500	332	3.14159
1536	2560	1	30	402	3.95435
1536	2560	1	64	468	1.03038
1536	2560	1	194	382	4.92934
1536	2048	1	250	236	5.24046
1536	2048	1	142	298	4.71239
1536	2048	1	84	424	1.87081
1536	2560	1	196	16	1.65192
1536	2560	1	174	90	1.42236
1536	2560	1	256	124	1.01649
1536	2560	1	184	250	0.56673
1536	2560	1	312	260	5.50983
1536	2560	1	372	158	2.90894
1536	2560	2	388	398	0.00000
1536	2048	2	484	56	0.00000
1536	2048	2	512	144	0.00000
1536	2560	1	464	146	5.35589
1536	2560	1	468	280	0.00000
1536	2560	1	508	426	3.45788
1536	2560	1	342	506	4.71239
1536	2560	1	192	486	3.20165
1024	2560	2	396	500	0.00000
1536	2048	1	350	130	0.50888
1536	2048	2	222	392	0.00000
1536	2048	1	364	448	0.53214
1536	2048	2	434	486	0.00000
1536	2560	1	492	40	3.00086
1536	2048	1	480	412	2.97122
1536	2048	1	434	304	4.24382
1536	2048	1	138	186	2.79246
1536	2048	1	158	56	4.45369
1536	2048	2	276	102	0.00000
1536	2048	2	230	152	0.00000
1536	2048	1	294	422	4.08532
1536	2560	2	442	512	0.00000
1536	3072	1	36	436	3.60310
1536	3584	1	76	460	0.27940
1024	3584	1	458	130	0.48786
1536	3584	1	256	210	4.61150
1024	3584	1	422	20	1.20648
1536	3584	1	228	328	0.89689
1024	3584	1	68	150	3.19083
1536	3584	1	320	472	5.80648
1024	3584	1	26	502	5.68614
1024	3584	1	98	486	5.98413
1024	3584	1	256	516	0.50067
1024	3584	1	356	516	0.40849
1536	3584	1	256	516	5.92984
1536	3584	1	176	466	0.44533
1536	3584	1	458	204	5.41796
1536	3584	1	384	438	5.48722
1536	3584	1	472	430	0.32175
1536	3584	1	442	270	1.87767
1536	3584	1	412	370	5.99894
1536	3584	1	324	292	2.90346
1536	3584	1	44	318	0.15476
1024	3584	1	436	366	0.54741
1024	3584	1	256	250	0.00000
1024	3584	1	342	142	1.02041
1024	3584	1	444	260	0.89947
1536	3584	1	84	124	3.66660
1024	3072	1	236	492	0.04441
1536	3072	1	276	474	6.10938
1536	3072	1	186	504	2.84399
1536	3584	1	154	238	2.79106
1536	3584	2	392	120	0.00000
1536	3584	2	454	114	0.00000
1536	3584	2	372	66	0.00000
1536	3584	2	24	50	0.00000
1024	3072	2	358	342	0.00000
1024	3584	2	158	32	0.00000
1536	3072	1	102	470	3.65502
1536	3072	1	440	352	0.00000
1536	3072	2	378	350	0.00000
1536	3072	1	322	364	5.98632
1536	3072	1	230	250	4.76375
1536	3072	1	198	354	3.01000
1536	3072	1	146	310	5.02358
1536	3072	1	18	252	6.16401
1024	3072	1	378	284	4.78656
1024	3072	1	66	498	5.83016
1024	3584	2	20	66	0.00000
1024	3072	1	222	358	1.05708
1024	3072	1	218	258	0.48210
1024	3072	1	68	418	1.21750
1024	3072	1	118	174	2.70669
1024	3072	1	46	248	3.28401
1024	3072	1	126	286	2.45892
1024	3072	1	314	146	3.24467
1024	3072	1	214	144	1.98038
1024	3072	1	270	64	1.16646
1024	3072	1	92	54	3.77143
1024	3072	1	512	90	3.49673
1536	3072	2	398	150	0.00000
1024	3072	2	374	82	0.00000
1024	3072	2	404	66	0.00000
1024	3072	2	468	34	0.00000
1536	3072	1	70	86	0.39801
1536	3072	1	204	66	2.66762
1536	3072	1	316	120	2.90516
1536	3072	1	460	64	2.94420
1536	3072	1	470	214	3.07763
1536	3072	1	344	250	2.13486
1536	3072	2	512	318	0.00000
1024	3072	2	234	10	0.00000
1024	3072	1	36	368	0.92889
2560	2048	1	38	114	1.09963
2048	2048	1	438	262	2.45779
2048	2048	1	380	120	1.35882
2048	2048	1	228	262	0.31325
2048	2048	1	226	64	3.56418
2048	2048	1	110	34	2.07981
2048	2048	1	110	198	5.62692
2048	2048	1	58	284	6.19253
2048	2048	1	36	104	0.54042
2048	2048	1	118	78	0.00000
2560	2048	1	246	198	5.17604
2560	2048	1	184	220	5.87400
2560	2048	1	184	86	0.38051
2560	2048	1	86	250	2.92658
2560	2048	1	54	396	2.73220
2560	2048	1	412	50	5.73177
2560	2048	1	298	100	0.21462
2560	2048	1	354	50	5.99540
2560	2048	1	486	188	0.49240
2560	2048	1	240	312	3.89183
2560	2048	1	284	430	3.64206
2560	2048	1	424	380	2.47279
2048	2048	1	370	432	4.95578
2048	2560	1	170	26	2.71742
2048	2560	2	412	54	0.00000
2048	2560	2	196	416	0.00000
2048	2560	2	468	470	0.00000
2560	2560	2	18	474	0.00000
2048	2560	2	174	148	0.00000
2048	2560	2	230	156	0.00000
2560	2048	1	2	512	4.71279
2048	2048	1	30	442	3.28765
2048	2560	1	72	2	3.55427
2048	2560	1	60	134	3.89190
2048	2560	1	60	330	1.20952
2560	2560	1	72	70	0.55202
2048	2560	1	472	122	3.67962
2048	2560	1	304	22	3.95995
2048	2560	1	342	120	3.90450
2560	2560	1	260	60	3.49352
2560	2560	1	166	96	0.56137
2560	2560	1	390	74	4.48349
2560	2048	1	414	478	4.31857
2048	2560	1	64	468	2.91340
2048	2560	1	238	512	3.41924
2048	2560	1	356	310	5.61998
2048	2560	1	270	358	4.85026
2048	2560	2	160	358	0.00000
2048	2560	1	156	512	0.00000
2048	2560	1	358	482	1.30623
2048	2560	1	416	214	0.00000
2048	2560	1	508	294	2.36581
2560	2560	1	104	342	3.26522
2560	2560	1	122	216	5.54835
2560	2560	2	14	164	0.00000
2560	2560	1	280	184	4.21656
2560	2560	1	288	292	3.52153
2560	2560	1	178	392	0.36120
2560	2560	1	254	510	3.76855
2560	2560	1	358	496	3.17636
2560	2560	1	288	414	4.18847
2560	2560	1	426	218	3.77039
2560	2560	1	470	394	4.01322
2560	2560	1	512	276	1.20559
2560	2560	1	512	476	1.87969
2560	2048	1	498	308	0.31777
3072	2048	1	138	122	5.71381
3072	2048	1	90	208	1.72477
3072	2048	1	216	58	2.14546
3072	2048	1	364	98	5.68297
3072	2048	1	468	122	5.42331
3072	2048	1	300	174	0.00000
3072	2048	1	270	262	2.29005
3072	2048	1	212	314	2.23453
3072	2048	1	102	332	5.06683
3072	2048	1	220	430	5.09716
3072	2048	1	348	344	3.48828
3584	2048	1	80	330	2.78147
3072	2048	1	502	334	2.33394
3072	2048	1	454	390	5.13004
3072	2048	1	400	466	4.96021
3584	2048	1	150	110	0.00000
3584	2048	1	252	106	3.67144
3584	2048	1	236	230	4.23189
3584	2048	1	342	312	4.34190
3584	2048	1	378	86	5.97340
3584	2048	1	384	218	5.64415
3584	2048	1	494	48	5.64509
3072	2048	2	286	12	0.00000
3072	2048	2	32	92	0.00000
3584	2048	2	230	20	0.00000
3072	2048	2	440	18	0.00000
3072	2048	1	144	490	1.42436
3584	2048	1	230	412	5.10160
3584	2048	1	126	446	5.38382
3584	2048	1	106	436	4.35964
3072	2560	1	478	10	3.53675
3584	2560	1	76	10	5.17677
3584	2048	1	440	444	2.96797
3584	2560	1	354	8	4.12632
3072	2560	1	266	48	6.15464
3072	2560	2	312	18	0.00000
3072	2560	1	378	92	0.00000
3072	2560	1	72	62	1.23283
3072	2560	1	140	168	2.60823
3072	2560	2	160	78	0.00000
3072	2560	1	270	216	2.45012
3584	2560	1	422	118	5.96495
3584	2560	1	478	172	3.25754
3584	2560	1	512	48	4.88254
3584	2560	1	206	52	3.90738
3584	2560	1	72	86	2.16319
3584	2560	1	22	150	2.01748
3584	2560	1	104	216	3.88353
3584	2560	1	262	150	1.71796
3584	2560	1	244	208	1.25523
3072	2560	1	472	290	0.00000
3072	2560	1	386	250	2.78659
3584	2560	1	284	282	3.95364
3584	2560	1	194	330	5.61794
3584	2560	1	58	338	0.88111
3072	2560	2	428	123	0.00000
3584	2048	2	512	477	0.00000
3072	2560	2	464	183	0.00000
3584	2560	2	406	243	0.00000
3584	2560	1	408	322	5.60708
3584	2560	1	480	324	6.16787
3584	2560	1	390	418	1.58103
3584	2560	1	350	510	3.83770
3584	2560	1	252	438	0.69302
3584	2560	1	160	386	1.21455
3584	2560	1	28	472	0.00000
3584	2560	1	88	406	3.28703
3072	2560	1	442	424	2.42420
3072	2560	1	382	490	0.00000
3584	2560	2	316	337	0.00000
3072	2560	1	292	354	0.85919
3072	2560	1	254	460	1.66377
3072	2560	1	44	488	2.18836
3072	2560	1	122	382	4.31032
3072	2560	1	52	250	0.95022
3584	2560	2	462	500	0.00000
3072	3072	1	102	0	3.40036
3072	3072	1	98	124	3.28349
3072	3072	1	10	132	2.12863
3072	3072	1	26	258	5.85987
3072	3072	1	222	134	2.91715
3072	3072	1	236	32	1.33219
3072	3072	1	150	256	3.76149
3072	3072	1	332	102	3.85779
3072	3072	1	390	0	0.00000
3072	3072	1	502	82	5.89412
3072	3072	1	390	110	3.52526
3584	3072	1	154	72	5.71099
3584	3072	1	38	6	0.00000
3584	3072	1	92	134	2.79473
3584	3072	1	190	28	2.23909
3584	3072	1	282	52	2.37742
3584	3072	1	348	14	0.90602
3584	3072	1	444	42	0.00000
3584	3072	1	502	80	2.83239
3584	3072	1	406	124	2.22668
3584	3072	1	224	156	0.00000
3584	3072	1	12	176	5.12895
3584	3072	1	384	210	0.00000
3584	3072	1	420	270	3.54773
3584	3072	1	490	240	0.00000
3072	3072	1	342	236	5.79485
3072	3072	2	438	256	0.00000
3072	3072	1	300	284	2.19221
3072	3072	1	182	332	3.68168
3072	3072	1	110	380	0.51284
3072	3072	1	24	376	0.00000
3072	3072	1	306	400	5.66437
3072	3072	2	248	452	0.00000
3072	3072	1	390	358	3.38790
3072	3072	1	480	294	0.62025
3584	3072	1	118	294	1.68250
3584	3072	1	122	366	2.32917
3584	3072	1	246	322	4.08830
3584	3072	1	296	406	0.74107
3584	3072	1	384	432	3.24126
3584	3072	1	472	390	1.32352
3584	3072	1	484	506	2.66961
3584	3072	1	512	472	0.00000
3072	3072	1	498	382	0.97283
3072	3072	1	426	450	4.46602
3072	3072	1	100	506	0.72074
3072	3584	1	48	102	2.57828
3072	3584	1	8	188	0.00000
3072	3072	1	192	492	0.00000
3584	3072	1	118	448	5.20439
3584	3072	1	32	506	4.31792
3072	3584	1	412	34	0.24735
3072	3584	1	326	32	4.48667
3584	3072	1	222	500	2.94938
3584	3584	1	318	92	4.03338
3584	3584	1	466	110	4.92157
3584	3584	1	474	206	4.34176
3584	3584	1	482	270	0.63473
3584	3584	1	296	180	5.38037
3584	3584	1	154	78	5.72268
3584	3584	1	26	70	1.40625
3584	3584	1	42	144	1.19553
3584	3584	1	88	184	0.77815
3584	3584	1	124	252	1.13417
3072	3584	1	336	108	1.95641
3072	3584	1	270	138	5.05210
3072	3584	1	144	194	2.99270
3072	3584	1	114	288	0.00000
3072	3584	1	14	288	0.79733
3072	3584	1	44	388	3.88578
3072	3584	1	224	242	0.14956
3072	3584	1	330	256	0.00000
3072	3584	1	402	240	0.00000
3072	3584	1	474	222	0.00000
3584	3584	1	204	336	0.00000
3584	3584	1	270	250	5.65484
3584	3584	1	390	342	0.00000
3584	3584	1	490	398	1.65630
3584	3584	1	490	506	5.23934
3584	3584	1	394	434	0.00000
3072	3584	1	472	336	0.65131
3072	3584	1	248	354	1.30269
3072	3584	1	164	474	0.81791
3072	3584	1	346	424	0.55617
3072	3584	1	478	450	1.43550
3584	3584	1	60	342	0.85347
3584	3584	1	294	360	5.54054
3584	3584	1	328	478	5.56436
3584	3584	1	258	474	0.00000
3584	3584	1	194	494	0.00000
3584	3584	1	128	436	6.05809
3584	3584	1	70	422	6.11184
3072	3584	2	450	512	0.00000
3584	3584	2	368	14	0.00000
2048	3072	1	150	54	0.08334
2048	3072	1	292	148	0.20836
2560	3072	1	100	146	1.39048
2560	3072	2	140	76	0.00000
2560	3072	2	226	134	0.00000
2560	3072	2	366	248	0.00000
2048	3072	1	488	146	6.10264
2048	3072	1	354	270	0.09319
2048	3072	1	434	294	0.11787
2560	3072	2	98	236	0.00000
2048	3072	1	68	106	4.57335
2048	3072	2	74	28	0.00000
2048	3072	1	232	64	3.19308
2048	3072	2	474	62	0.00000
2560	3072	1	220	38	4.17062
2048	3072	1	44	238	0.40904
2048	3072	1	110	288	0.39456
2048	3072	1	90	402	4.25716
2048	3584	1	70	10	2.69821
2048	3584	1	178	8	3.58389
2048	3072	1	228	392	4.13027
2048	3072	2	228	274	0.00000
2048	3072	2	286	284	0.00000
2048	3072	2	308	20	0.00000
2560	3072	1	90	310	2.19170
2560	3072	1	168	310	5.35341
2560	3072	1	210	226	5.83058
2560	3072	1	290	238	2.63158
2560	3072	1	426	192	2.69080
2560	3072	1	340	18	3.69312
2560	3072	1	458	76	4.99190
2560	3584	1	216	162	1.41624
2048	3072	1	410	416	5.33607
2048	3584	1	90	220	1.37734
2048	3584	1	422	200	0.03184
2560	3584	1	160	342	1.11572
2560	3072	1	366	396	0.07144
2560	3072	1	490	392	5.97962
2560	3584	1	32	376	0.00000
2560	3072	1	28	446	3.08328
2560	3072	2	92	446	0.00000
2560	3072	1	196	404	1.02520
2560	3584	1	228	92	4.39644
2048	3584	1	500	52	6.15585
2048	3584	1	424	34	3.05203
2048	3584	1	356	30	5.93072
2048	3584	1	294	52	2.80179
2560	3584	1	60	206	1.13701
2560	3584	1	364	198	0.47661
2560	3584	1	372	382	5.34394
2560	3584	2	274	352	0.00000
2560	3584	2	276	252	0.00000
2560	3584	1	478	174	5.73938
2048	3584	1	428	406	0.38594
2048	3072	1	384	150	5.54200
2560	3072	1	266	462	0.37449
2560	3584	1	358	18	5.21481
2048	3072	2	318	438	0.00000
2048	3072	2	42	374	0.00000
2048	3584	2	134	110	0.00000
2048	3584	1	212	472	6.26622
2048	3584	1	206	184	2.28697
2048	3584	1	50	134	2.55510
2048	3584	1	312	182	4.72920
2560	3584	1	180	252	1.50041
2560	3584	1	158	46	0.45944
2560	3584	1	80	46	3.53954
2048	3584	1	74	310	5.26779
2048	3584	1	186	248	5.98940
2560	3584	1	224	450	5.62503
2560	3072	1	512	244	5.92927
2048	3584	1	290	272	4.19830
2048	3584	1	52	416	0.33275
2048	3584	1	330	472	0.20546
2560	3584	1	502	322	0.93102
2560	3584	1	496	470	2.07894
2048	3584	1	132	464	4.51500
2560	3584	1	398	482	5.75926
2560	3584	1	138	474	0.00000
2048	3584	2	248	332	0.00000
2560	3584	2	510	68	0.00000
2048	3584	1	460	512	1.01882
