1024	2048	1	84	248	1.12665
1024	2048	1	40	108	0.00000
1024	2048	1	146	66	5.59065
1024	2048	2	206	83	0.00000
1024	2048	2	264	15	0.00000
1024	2048	2	434	13	0.00000
1536	2048	2	6	37	0.00000
1024	2048	1	246	344	0.61153
1024	2048	1	496	254	3.23793
1536	2048	1	96	58	0.00000
1536	2048	1	254	50	5.67759
1536	2048	1	402	148	0.75253
1536	2048	2	442	17	0.00000
1536	2048	2	508	67	0.00000
1536	2048	1	328	38	5.13523
1024	2560	1	276	34	0.99608
1536	2048	1	66	366	5.42376
1536	2048	1	184	306	3.95344
1536	2048	1	272	342	4.09340
1536	2048	1	320	458	1.95403
1024	2560	1	466	64	2.59668
1536	2560	1	110	10	1.04351
1536	2048	1	498	356	5.49524
1536	2048	1	508	236	0.72414
1536	2560	1	182	48	1.99058
1536	2560	1	306	114	2.73989
1024	2560	1	278	144	0.61496
1024	2560	1	90	130	3.29307
1024	2560	1	138	224	1.30003
1536	2560	1	100	152	5.78322
1536	2560	1	16	206	0.79703
1024	2560	1	336	338	4.15264
1024	2560	1	128	312	1.82445
1024	2560	2	190	280	0.00000
1024	2560	2	18	352	0.00000
1024	2560	1	38	416	4.51415
1024	2560	1	54	512	4.67710
1536	2560	1	386	106	3.23584
1536	2560	1	494	118	0.79907
1536	2048	1	468	420	2.33815
1536	2560	1	32	428	4.92662
1024	2560	1	272	438	5.95468
1024	2560	1	186	462	3.03497
1024	2560	1	418	400	1.58629
1536	2560	1	142	350	1.02056
1024	2560	1	502	338	2.11866
1536	2560	1	218	294	6.04507
1536	2560	1	194	158	0.60971
1536	2560	1	414	440	1.85189
1536	2560	2	476	408	0.00000
1536	2560	1	506	270	0.00000
1536	2560	1	266	494	2.39386
1536	2560	1	22	496	1.99822
1536	2560	1	170	466	2.66251
1536	2560	1	276	224	5.64242
1536	2560	1	380	320	2.98435
1536	2560	2	436	240	0.00000
1536	2560	2	420	188	0.00000
1024	2560	2	328	184	0.00000
1024	2560	2	428	446	0.00000
1536	2560	1	348	508	5.60479
1024	3072	1	132	72	1.16672
1024	3072	1	278	80	5.20065
1024	3072	1	74	236	5.92441
1024	3072	1	0	126	4.08565
1024	3072	1	186	190	0.51875
1024	3072	1	196	346	0.00000
1024	3072	1	230	228	4.44144
1024	3072	1	396	138	5.78622
1024	3072	1	454	82	2.81678
1024	3072	1	46	474	4.30226
1024	3584	1	14	44	4.42859
1024	3584	1	24	134	0.38850
1024	3584	1	106	118	0.29544
1024	3584	1	194	106	0.00000
1024	3072	1	320	304	0.00000
1024	3072	1	290	494	2.58080
1024	3584	1	256	60	1.89255
1024	3584	1	40	294	5.54847
1536	3072	1	134	98	1.30897
1536	3072	1	386	40	0.00000
1536	3072	1	512	100	0.00000
1536	3072	1	440	170	3.45993
1536	3072	1	324	154	1.84731
1536	3072	1	206	260	2.36737
1536	3072	1	114	190	0.74460
1024	3072	1	432	326	0.00000
1024	3072	1	500	382	0.52807
1536	3072	1	96	338	2.30388
1024	3584	1	402	30	2.93842
1024	3584	1	344	122	1.34871
1024	3584	1	340	210	0.98279
1024	3584	1	432	236	0.55665
1024	3584	1	66	418	3.11571
1024	3584	1	190	440	0.00000
1024	3584	1	312	326	0.88863
1024	3584	1	470	446	0.00000
1536	3584	1	50	464	0.00000
1536	3584	1	156	422	0.00000
1024	3584	1	480	62	3.28698
1536	3072	1	454	298	4.33188
1536	3072	1	492	478	5.09513
1536	3072	1	394	378	5.50162
1536	3584	1	76	28	2.41772
1536	3072	1	120	506	1.95454
1536	3072	1	148	450	5.35248
1536	3072	1	296	464	3.04582
1536	3072	2	366	474	0.00000
1536	3584	1	284	26	2.59104
1536	3584	1	212	78	0.00000
1536	3584	1	26	132	3.56118
1536	3584	1	104	174	3.49981
1536	3584	1	24	292	2.00909
1536	3584	1	468	24	5.03326
1536	3584	1	330	144	4.36764
1536	3584	1	380	224	4.63363
1536	3584	1	328	428	2.70824
1536	3584	1	390	420	0.00000
1536	3584	1	484	428	0.00000
1536	3584	1	276	512	2.53605
1536	3584	1	512	310	2.52353
1536	3584	2	458	116	0.00000
1536	3584	2	512	118	0.00000
1536	3584	2	244	262	0.00000
2048	2048	1	16	220	0.46851
2048	2048	1	84	122	0.62965
2048	2048	2	164	140	0.00000
2048	2048	1	196	40	2.48387
2560	2048	1	202	140	0.00000
2560	2048	2	152	22	0.00000
2560	2048	1	424	72	0.14889
2048	2048	1	484	188	0.47952
2560	2048	1	310	108	0.00000
2048	2048	1	318	308	6.23008
2048	2048	2	254	494	0.00000
2048	2048	2	202	496	0.00000
2048	2048	1	10	348	5.77454
2048	2048	1	158	204	5.08108
2048	2048	2	198	386	0.00000
2048	2048	2	218	300	0.00000
2048	2048	2	456	296	0.00000
2048	2048	1	358	128	4.15636
2048	2048	1	398	474	5.28707
2048	2048	2	438	388	0.00000
2560	2048	1	16	416	4.43046
2560	2048	1	84	336	4.94211
2560	2048	1	108	262	5.63331
2560	2048	1	196	252	2.55047
2560	2048	1	94	92	3.80264
2560	2048	1	396	166	1.59499
2560	2048	1	458	338	1.11497
2560	2048	1	414	272	0.91291
2560	2048	1	348	488	1.67970
2048	2560	1	118	102	3.11130
2048	2560	1	308	92	0.53842
2048	2560	2	414	62	0.00000
2048	2560	1	66	182	2.88826
2048	2560	1	246	256	6.18404
2048	2560	1	404	198	0.20418
2048	2560	1	512	74	3.88445
2560	2560	2	22	166	0.00000
2560	2560	1	174	76	3.09083
2560	2560	2	290	26	0.00000
2560	2560	1	460	8	3.67174
2560	2560	1	360	130	2.84309
2560	2560	1	138	232	5.43688
2560	2560	1	292	214	4.97345
2560	2560	1	436	204	0.00000
2560	2560	1	512	260	2.82868
2048	2560	1	504	274	1.93334
2048	2560	1	166	304	0.11624
2048	2560	1	86	354	2.86531
2048	2560	2	78	492	0.00000
2048	2560	1	304	364	4.62736
2048	2560	1	358	278	5.50041
2560	2560	1	148	354	4.37094
2560	2560	1	16	422	5.09290
2048	2560	2	324	424	0.00000
2048	2560	1	384	512	6.00305
2560	2560	1	290	372	5.78192
2560	2560	1	410	346	5.99799
2560	2560	2	464	322	0.00000
2560	2560	1	220	454	3.66848
2560	2560	2	314	484	0.00000
2560	2560	2	16	484	0.00000
2048	2560	1	168	512	0.35435
2048	2560	2	188	412	0.00000
2560	2048	1	512	170	5.91291
2048	2048	2	404	12	0.00000
3072	2560	2	254	20	0.00000
3072	2560	2	316	20	0.00000
3072	2048	1	132	298	5.77897
3072	2048	1	406	208	0.00000
3072	2560	1	82	478	2.11291
3072	2560	1	96	372	6.26912
3072	2560	1	324	460	0.64591
3072	2560	1	480	458	0.00000
3584	2560	1	40	456	2.97361
3584	2560	1	114	448	3.13585
3584	2560	1	180	452	2.67428
3584	2560	1	240	354	5.56003
3072	2560	1	58	152	5.68935
3072	2560	1	158	386	5.98705
3584	2560	1	234	448	4.18733
3584	2560	1	396	368	4.57599
3584	2560	1	38	356	4.57502
3072	2560	1	384	380	1.19725
3072	2560	1	282	316	2.78902
3072	2560	1	226	208	0.60115
3072	2560	1	124	254	2.79787
3072	2560	1	344	272	5.55970
3072	2560	1	472	290	1.28123
3584	2560	1	214	254	4.62134
3584	2560	1	464	242	0.27563
3584	2560	1	354	236	0.09252
3584	2560	2	348	142	0.00000
3584	2560	1	88	224	5.21143
3584	2560	1	260	62	2.34961
3584	2560	1	178	164	3.80469
3584	2560	1	420	120	5.89389
3584	2048	1	372	468	3.53201
3584	2560	1	464	4	4.35586
3072	2560	1	342	170	5.78632
3072	2560	1	418	186	2.70918
3072	2560	1	494	146	2.89998
3584	2560	1	34	102	5.63968
3584	2560	1	144	96	1.06535
3072	2560	1	190	120	4.21445
3072	2048	1	204	502	0.00000
3072	2560	1	98	14	5.13061
3072	2048	1	90	394	1.38744
3072	2048	1	306	364	3.52210
3072	2048	1	442	504	2.23184
3584	2048	1	84	500	4.40434
3072	2048	1	512	434	5.20881
3584	2048	1	92	392	5.52058
3584	2048	1	172	366	5.65371
3584	2048	1	422	336	5.67193
3584	2048	1	314	318	2.87534
3584	2048	1	394	222	5.31036
3584	2048	1	296	174	0.61466
3584	2048	1	160	126	0.20153
3072	2048	1	454	320	4.18759
3584	2048	1	2	190	3.18592
3072	2048	1	224	222	0.36735
3072	2048	1	290	260	3.42389
3072	2048	1	72	88	5.47678
3072	2048	1	128	166	1.56491
3072	2048	1	354	82	5.89135
3072	2048	1	244	78	1.64898
3584	2048	1	252	80	3.60890
3584	2048	1	472	68	0.00000
3584	2048	1	394	100	0.00000
3584	3072	2	422	374	0.00000
3072	3072	1	126	24	2.90075
3072	3072	1	228	82	3.48508
3072	3072	1	138	174	2.95041
3072	3072	1	26	278	3.54960
3072	3072	1	234	274	5.53665
3072	3072	1	154	358	0.00000
3072	3072	1	334	274	6.26635
3072	3072	1	366	158	1.28351
3072	3072	1	386	36	0.00000
3072	3072	2	468	24	0.00000
3584	3072	2	288	32	0.00000
3584	3072	1	20	58	4.14325
3072	3072	1	460	202	1.14162
3072	3072	1	442	314	3.62214
3584	3072	1	54	292	3.85127
3584	3072	1	86	154	5.17394
3584	3072	1	154	92	2.77461
3584	3072	1	240	98	5.19801
3584	3072	1	470	48	5.69663
3584	3072	1	402	110	0.28255
3072	3584	1	32	96	5.19984
3072	3584	2	130	164	0.00000
3072	3072	1	36	426	0.41984
3072	3072	1	110	474	1.81671
3072	3584	1	134	50	1.84799
3072	3584	1	184	140	2.37892
3072	3072	1	254	502	4.08851
3072	3072	1	354	394	1.82413
3072	3584	1	364	2	1.11075
3072	3584	1	300	90	4.98858
3072	3584	1	116	254	4.11630
3072	3072	1	474	412	4.04199
3584	3072	1	180	266	3.25589
3584	3072	1	282	204	1.12285
3584	3072	1	436	224	5.26355
3584	3072	1	386	278	5.22529
3584	3072	1	500	308	3.75706
3584	3072	2	512	168	0.00000
3584	3072	1	250	342	0.20363
3584	3072	1	352	332	0.43455
3584	3072	1	482	452	0.46039
3584	3072	1	316	450	2.02238
3584	3072	1	208	452	5.51697
3584	3584	1	98	12	0.70592
3584	3072	1	38	512	0.00000
3072	3584	1	476	42	0.00000
3584	3584	1	334	16	1.51995
3584	3584	1	216	64	5.38197
3584	3584	1	128	86	0.00000
3584	3584	1	14	154	1.28859
3072	3584	1	418	230	1.80189
3072	3584	1	284	290	0.00000
3072	3584	1	206	290	0.00000
3584	3584	1	38	254	2.60583
3584	3584	1	184	192	2.48415
3584	3584	1	286	168	3.62108
3584	3584	1	430	190	3.98644
3584	3584	1	354	140	3.52297
3072	3584	1	482	318	3.78835
3072	3584	1	112	324	4.10231
3072	3584	1	158	408	0.31142
3072	3584	1	336	370	3.20451
3072	3584	1	392	474	0.00000
3072	3584	1	36	412	0.67009
3072	3584	1	78	500	1.60105
3072	3584	1	232	490	0.77411
3584	3584	1	132	310	3.65301
3584	3072	2	426	422	0.00000
3584	3584	1	466	246	0.00000
3584	3584	1	28	420	0.00000
3584	3584	1	194	334	0.86455
3584	3584	1	346	296	5.55804
3584	3584	1	464	346	1.93087
3584	3072	2	18	206	0.00000
3584	3584	1	96	470	0.00000
3584	3584	1	308	338	6.05343
3584	3584	1	388	404	1.45751
3584	3584	1	226	458	0.59558
3584	3584	1	432	490	5.82871
3584	3584	2	512	484	0.00000
3584	3584	2	150	446	0.00000
2048	3072	1	146	30	0.59409
2048	3072	1	0	94	6.05383
2048	3072	1	394	24	5.87661
2048	3072	1	286	78	3.67939
2048	3072	2	204	24	0.00000
2048	3072	1	166	142	0.48690
2048	3072	2	194	226	0.00000
2048	3072	1	52	298	4.12117
2048	3072	2	42	380	0.00000
2048	3072	2	166	470	0.00000
2048	3072	2	310	430	0.00000
2048	3072	1	182	336	3.65858
2048	3072	2	286	274	0.00000
2048	3072	1	352	262	3.23654
2048	3072	1	386	134	5.42162
2560	3072	1	6	80	1.52063
2560	3072	2	134	74	0.00000
2560	3072	1	254	70	4.96494
2560	3072	2	226	130	0.00000
2560	3072	1	388	30	0.51422
2560	3072	1	474	68	0.00000
2560	3072	1	106	164	1.68838
2560	3072	2	346	236	0.00000
2560	3072	1	284	188	3.67444
2560	3072	1	436	176	2.31755
2560	3072	1	428	336	0.00000
2560	3072	1	340	354	5.46530
2560	3072	2	100	230	0.00000
2048	3072	1	498	240	1.43527
2048	3072	1	492	330	1.38703
2048	3072	1	276	368	4.80372
2560	3072	1	132	328	5.97614
2560	3072	1	236	318	5.72048
2560	3072	1	512	202	0.32556
2048	3072	1	32	480	5.23154
2048	3584	1	218	40	5.46140
2048	3584	2	374	22	0.00000
2048	3072	1	402	450	5.21470
2560	3072	1	4	420	3.96141
2560	3584	1	408	8	4.22416
2560	3584	1	462	138	6.15063
2560	3072	1	142	476	3.16946
2560	3072	2	88	424	0.00000
2560	3584	1	14	4	1.08084
2560	3072	1	234	456	6.03063
2560	3584	1	300	14	3.14709
2048	3584	1	76	90	1.08588
2048	3584	1	370	138	0.65739
2560	3584	1	4	104	4.47708
2560	3584	1	118	84	2.24831
2560	3584	1	216	56	5.71709
2560	3584	1	364	94	1.44267
2560	3584	1	338	186	5.51289
2560	3584	1	228	200	2.92404
2560	3584	1	162	230	3.20719
2048	3584	1	470	190	1.58312
2560	3584	1	94	190	3.83454
2048	3584	1	152	172	5.49779
2048	3584	1	292	226	5.17604
2048	3584	1	152	274	1.62091
2048	3584	1	138	342	1.51782
2048	3584	1	226	388	0.53213
2048	3584	1	406	286	6.18163
2048	3584	1	328	332	5.34119
2048	3584	1	110	502	4.70752
2560	3584	1	12	276	1.98462
2560	3584	1	194	330	0.77765
2560	3584	1	320	260	2.23905
2560	3584	1	504	328	2.74393
2560	3584	1	444	364	6.14129
2560	3584	2	452	244	0.00000
2560	3584	1	280	358	4.33139
2560	3584	1	404	468	2.08147
2560	3584	1	222	432	1.48014
2560	3584	1	106	404	6.03751
2048	3584	1	502	376	1.03931
2048	3584	1	494	454	0.87377
2048	3584	1	384	460	3.06218
2560	3584	1	14	512	0.46911
2560	3584	1	102	512	0.50178
2560	3584	1	222	512	2.28315
2560	3584	2	112	302	0.00000
