1024	2048	1	100	128	0.00000
1024	2048	1	204	82	0.00000
1024	2048	1	266	176	4.53966
1024	2048	1	204	274	1.78091
1024	2048	1	214	380	0.62716
1024	2048	1	326	442	4.54310
1024	2560	1	300	18	1.13670
1024	2048	1	404	166	2.86362
1536	2048	1	252	298	5.12671
1536	2048	1	222	154	0.18623
1536	2048	1	304	86	5.84081
1536	2048	1	38	152	0.00000
1024	2048	1	478	298	2.20901
1024	2048	1	432	504	0.57790
1536	2560	1	16	20	5.79296
1536	2048	1	112	494	3.00333
1536	2048	1	182	382	2.62850
1536	2048	1	256	386	3.39023
1536	2048	1	390	358	0.36870
1536	2048	1	422	244	2.25910
1536	2048	1	338	162	3.68925
1024	2048	1	362	34	0.00000
1024	2560	1	112	94	4.35338
1536	2048	1	374	506	1.28343
1536	2560	1	222	8	0.93890
1536	2048	1	496	58	3.08660
1536	2048	1	8	38	0.00000
1536	2048	1	126	22	4.68055
1024	2560	1	136	168	1.08084
1024	2560	1	178	224	4.24373
1024	2560	2	344	448	0.00000
1024	2560	2	456	70	0.00000
1024	2560	1	358	186	1.88070
1024	2560	1	164	372	2.42821
1024	2560	1	106	378	5.10741
1024	2560	1	130	488	5.80871
1024	2560	1	270	374	2.74680
1024	2560	1	384	364	1.39530
1024	2560	1	496	428	0.94677
1536	2560	1	52	480	0.96851
1024	2560	1	372	476	4.13832
1536	2560	1	40	142	1.10197
1536	2560	1	172	134	1.40896
1536	2560	1	100	248	0.75449
1536	2560	1	316	266	5.65472
1536	2560	1	386	124	3.09781
1536	2560	1	508	46	2.95213
1536	2048	1	504	398	0.00000
1536	2560	1	464	164	3.05469
1536	2560	1	436	306	2.34798
1536	2560	1	188	264	0.57861
1536	2560	1	278	404	0.78540
1536	2560	1	136	376	6.09140
1536	2560	1	376	372	0.60618
1536	2560	1	402	456	4.17197
1536	2560	1	354	494	4.93476
1536	2560	1	160	512	5.05541
1024	2560	2	190	296	0.00000
1536	3584	2	406	118	0.00000
1536	3584	2	372	56	0.00000
1536	3584	2	464	112	0.00000
1024	3072	2	500	298	0.00000
1024	3072	2	468	40	0.00000
1024	3072	1	290	168	5.26523
1024	3072	1	240	310	0.90975
1024	3072	1	102	170	3.11330
1024	3072	1	66	348	4.21048
1024	3072	1	26	204	3.03765
1024	3072	1	192	84	0.97810
1024	3072	1	122	4	5.74277
1024	3072	1	298	52	0.00000
1024	3072	1	362	12	3.41781
1024	3072	1	388	78	5.31468
1024	3072	1	168	234	0.54042
1536	3072	1	56	122	0.36870
1536	3072	1	60	276	2.17897
1536	3072	1	240	480	0.00000
1536	3072	1	244	92	0.39228
1536	3072	1	18	4	0.84415
1536	3072	1	150	20	5.18479
1536	3072	1	412	86	2.47484
1536	3072	1	338	144	2.85354
1536	3072	1	216	222	0.86217
1536	3072	1	250	324	1.10715
1536	3072	1	370	326	2.92292
1536	3072	1	430	262	0.00000
1536	3072	1	488	330	3.39118
1024	3072	1	42	468	0.24605
1024	3072	1	442	366	0.82135
1536	3072	1	168	476	3.23191
1536	3072	1	18	458	3.49622
1536	3072	1	96	480	3.56822
1024	3072	1	174	402	1.55339
1024	3072	1	182	488	5.09290
1024	3072	1	306	390	0.00000
1024	3584	1	356	22	1.75614
1536	3072	1	314	436	5.25181
1536	3072	1	512	488	5.71735
1536	3584	1	492	58	5.42475
1024	3584	1	500	90	1.71221
1536	3584	2	312	370	0.00000
1024	3584	1	70	116	2.93227
1024	3584	1	2	92	0.00000
1024	3584	1	204	118	0.79790
1024	3584	1	294	178	0.21536
1024	3584	1	412	130	1.97020
1536	3584	1	308	150	1.97970
1536	3584	1	100	176	5.26212
1536	3584	1	250	228	4.74858
1024	3584	1	348	282	0.00000
1024	3584	1	508	256	0.00000
1536	3584	1	170	462	0.19740
1024	3584	1	436	350	0.00000
1536	3584	1	334	268	3.42764
1536	3584	1	484	268	0.29850
1536	3584	1	390	354	0.00000
1536	3584	1	496	434	5.86577
1536	3584	1	420	516	4.25809
1536	3584	1	314	480	5.81954
1024	3584	1	2	484	5.61822
1024	3584	1	94	476	5.79202
1024	3584	1	360	516	0.28054
1536	3584	1	112	274	0.36896
1536	3584	1	194	340	1.25915
1536	3584	1	64	488	0.96007
2560	2560	1	502	430	2.71502
2048	2560	1	306	502	5.83966
2048	2560	1	254	450	3.32338
2560	2560	1	160	284	0.00000
2560	2560	1	430	426	0.00000
2560	2560	1	266	470	2.95500
2048	2560	1	4	438	4.10880
2560	2560	1	304	274	3.63139
2048	2560	1	378	434	2.74431
2048	2560	1	296	364	0.00000
2048	2560	1	366	282	5.94170
2048	2560	1	152	512	0.00000
2560	2560	1	366	428	2.27800
2560	2560	1	86	432	0.00000
2560	2560	1	512	106	2.88927
2560	2560	1	462	36	3.38322
2048	2560	1	96	294	3.83638
2560	2560	1	410	268	5.84595
2560	2560	1	512	204	1.38170
2560	2560	1	412	134	2.37944
2560	2560	1	274	192	0.99629
2560	2560	1	36	280	4.98207
2048	2560	1	430	282	6.05148
2560	2560	2	26	480	0.00000
2048	2560	2	470	472	0.00000
2048	2560	2	174	368	0.00000
2048	2560	2	206	420	0.00000
2560	2560	2	468	326	0.00000
2048	2560	2	320	184	0.00000
2048	2560	2	224	150	0.00000
2048	2560	2	174	154	0.00000
2048	2560	1	150	126	3.94778
2048	2560	1	60	122	4.00504
2048	2560	1	512	192	1.06703
2560	2560	1	288	108	1.64400
2560	2048	2	288	506	0.00000
2560	2560	1	226	56	1.70735
2560	2048	1	378	474	0.00000
2560	2048	1	512	318	0.00000
2560	2048	1	448	332	2.76437
2560	2048	1	276	450	4.44112
2560	2560	1	154	14	1.11347
2560	2560	1	32	64	3.65542
2048	2560	1	402	114	5.15450
2048	2560	2	414	46	0.00000
2048	2048	1	510	510	5.00839
2048	2560	1	310	52	3.69724
2048	2048	2	268	492	0.00000
2048	2560	1	138	24	1.60227
2048	2048	1	186	502	5.06225
2048	2048	1	72	376	4.05925
2048	2048	1	134	468	3.02270
2048	2048	1	322	410	3.98708
2560	2048	1	6	344	4.21118
2048	2048	1	346	336	4.80108
2560	2048	1	460	234	0.78510
2560	2048	1	502	136	3.99938
2560	2048	1	510	0	0.00000
2560	2048	1	424	46	0.00000
2560	2048	1	360	20	0.00000
2560	2048	1	290	86	0.00000
2560	2048	1	144	80	3.93210
2560	2048	1	190	204	5.92603
2560	2048	1	56	216	1.26380
2048	2048	1	510	96	5.70230
2048	2048	1	434	200	3.03071
2048	2048	1	376	130	0.65465
2048	2048	1	264	218	0.00000
2048	2048	1	56	280	0.00000
2048	2048	1	132	224	0.00000
2048	2048	1	190	42	2.92899
2048	2048	1	212	134	5.38642
2048	2048	1	104	130	0.00000
2048	2048	1	70	50	0.73708
3072	2048	1	72	200	0.00000
3072	2048	1	224	130	4.83292
3072	2048	1	362	130	0.09879
3072	2048	1	432	116	4.21102
3072	2048	1	274	208	4.62401
3072	2048	1	150	210	4.03442
3072	2048	1	14	334	0.54793
3072	2048	1	102	350	4.32516
3072	2048	1	208	376	3.54707
3072	2048	1	254	426	3.37403
3072	2048	1	372	382	2.40378
3584	2048	1	2	188	3.95523
3584	2048	1	38	250	2.21034
3584	2048	1	148	114	0.00000
3584	2048	1	268	94	3.98823
3584	2048	1	374	90	0.00000
3584	2048	1	478	66	0.00000
3072	2048	1	146	44	0.60707
3072	2048	1	290	10	0.79105
3072	2048	1	490	390	3.15643
3584	2048	1	22	470	3.53164
3584	2048	1	232	234	4.20350
3584	2048	1	392	234	5.61266
3584	2048	1	444	334	4.85429
3584	2048	1	200	362	5.34797
3072	2048	1	404	494	5.25980
3072	2560	2	340	20	0.00000
3072	2560	1	294	102	5.96312
3072	2560	1	214	182	3.04664
3072	2560	1	54	92	3.80564
3072	2560	1	390	68	4.46159
3584	2560	1	46	76	2.76538
3584	2560	2	138	20	0.00000
3584	2560	1	220	30	3.90078
3584	2560	1	304	2	3.00904
3584	2048	1	380	480	3.24559
3584	2560	1	434	100	0.00000
3584	2048	1	472	480	3.04258
3584	2560	1	490	176	3.49281
3584	2560	1	500	336	5.78158
3584	2560	1	328	146	3.26330
3584	2560	1	218	118	1.10715
3584	2560	1	120	168	2.13753
3584	2560	1	238	200	2.11463
3584	2560	1	384	220	3.55780
3584	2560	1	426	374	2.20478
3584	2560	1	288	304	4.57741
3584	2560	1	168	322	4.10318
3584	2560	1	72	302	1.47822
3584	2560	1	20	210	6.00295
3072	2560	2	418	136	0.00000
3072	2560	2	474	192	0.00000
3072	2560	1	424	228	0.00000
3072	2560	1	288	198	1.68423
3072	2560	1	48	226	1.65027
3072	2560	1	56	338	4.44114
3072	2560	1	192	322	3.04356
3072	2560	1	324	304	4.22243
3072	2560	1	94	454	3.14694
3072	2560	1	308	428	0.87427
3072	2560	1	368	500	0.00000
3072	2560	1	460	446	2.66725
3584	2560	1	32	468	0.00000
3584	2560	1	108	460	2.01567
3584	2560	2	150	398	0.00000
3584	2560	1	278	394	1.52647
3584	2560	1	212	512	0.00000
3584	2560	1	294	498	5.35973
3584	2560	2	368	444	0.00000
3584	2560	1	462	512	0.00000
3072	3584	1	124	418	0.64531
3072	3584	1	384	420	0.47729
3072	3584	1	116	304	0.28795
3072	3584	1	28	422	2.53185
3072	3584	1	478	460	1.94687
3584	3584	1	254	372	1.26667
3584	3584	1	270	442	1.30328
3072	3584	1	284	412	3.19210
3584	3584	1	428	442	0.23663
3072	3584	2	207	457	0.00000
3584	3584	1	358	292	0.87321
3584	3584	1	462	324	0.77093
3584	3584	1	154	260	0.80240
3584	3584	1	366	386	0.00000
3584	3584	1	42	364	0.39326
3072	3584	1	394	294	0.30451
3072	3584	1	472	346	2.74964
3584	3584	1	78	488	3.38446
3072	3584	1	192	270	3.39158
3072	3584	1	312	274	0.56892
3072	3584	2	21	211	0.00000
3584	3584	1	70	144	0.63148
3072	3584	1	384	162	0.74903
3584	3584	1	488	156	3.32078
3072	3584	1	484	204	5.96751
3584	3072	1	466	504	5.47603
3584	3584	1	434	84	3.88285
3584	3584	1	220	72	1.48936
3584	3584	1	334	152	0.00000
3584	3584	1	20	62	1.47713
3072	3584	1	188	8	3.78015
3072	3584	1	108	10	0.00000
3072	3584	1	50	98	2.53824
3072	3072	2	244	452	0.00000
3072	3584	1	174	146	3.53084
3072	3584	1	282	54	0.93108
3072	3584	1	284	162	0.48399
3072	3584	1	392	70	0.98793
3072	3072	1	342	448	5.76913
3584	3072	1	308	502	4.41557
3584	3072	1	22	490	3.78439
3584	3072	1	498	392	3.13196
3584	3072	1	434	368	3.38176
3584	3072	1	224	474	3.61390
3584	3072	1	160	434	3.54373
3072	3072	1	436	426	2.95203
3072	3072	1	100	354	0.00000
3072	3072	2	38	379	0.00000
3072	3072	1	26	270	5.89392
3072	3072	1	224	340	5.50198
3072	3072	1	336	302	2.27412
3072	3072	2	436	249	0.00000
3584	3072	1	94	312	3.08004
3584	3072	1	284	352	2.73261
3584	3072	1	256	262	4.76017
3072	3072	1	110	76	3.20363
3072	3072	1	202	64	3.67669
3072	3072	1	38	122	5.63822
3072	3072	1	150	194	3.68434
3072	3072	1	352	114	5.65154
3072	3072	1	316	206	5.08351
3072	3072	2	382	37	0.00000
3072	3072	1	454	120	4.68914
3584	3072	1	78	190	1.67041
3584	3072	1	100	80	1.25647
3584	3072	1	172	182	3.05273
3584	3072	2	216	129	0.00000
3584	3072	1	460	190	0.00000
3584	3072	1	310	64	2.50520
3584	3072	2	348	21	0.00000
3584	3072	2	188	37	0.00000
3584	3072	1	316	100	2.13394
3584	3072	1	340	192	1.77621
3584	3072	1	398	44	2.97755
3584	3072	2	458	45	0.00000
3584	3072	2	510	95	0.00000
3584	3072	1	504	250	3.42372
2048	3072	1	218	138	0.00000
2048	3072	1	72	52	0.00000
2048	3072	1	148	46	0.00000
2048	3072	1	288	120	0.06223
2048	3072	1	58	258	0.34052
2048	3072	1	210	376	3.07495
2048	3072	1	334	374	5.82535
2048	3584	1	84	64	3.37965
2048	3584	1	286	76	3.75784
2560	3072	1	104	366	5.49577
2560	3072	1	52	408	3.07421
2048	3072	1	482	434	2.31240
2560	3584	1	6	112	0.32076
2048	3584	1	352	120	0.00000
2048	3584	1	426	186	0.00000
2048	3072	1	458	74	5.77678
2048	3072	1	340	50	5.61998
2560	3072	1	202	258	5.70776
2560	3072	1	480	396	5.75983
2560	3072	1	416	258	2.83455
2048	3072	1	116	342	5.96143
2048	3072	1	26	488	5.60744
2048	3584	1	54	186	0.17219
2048	3584	1	134	114	0.00000
2048	3072	1	364	224	6.17838
2048	3072	2	294	280	0.00000
2560	3072	1	376	106	2.69845
2560	3072	1	90	148	2.43152
2560	3072	1	250	178	5.84081
2560	3072	2	138	78	0.00000
2560	3072	1	268	8	3.25570
2560	3072	1	498	218	5.73034
2560	3072	2	354	240	0.00000
2560	3072	1	276	230	2.49126
2560	3072	1	348	382	0.00000
2560	3072	1	206	474	0.20173
2048	3072	2	158	482	0.00000
2560	3072	1	12	268	0.00000
2560	3072	2	92	228	0.00000
2560	3072	1	512	104	5.42500
2560	3072	1	168	320	5.64306
2560	3584	1	104	72	6.01267
2560	3584	1	154	32	5.76398
2048	3584	1	428	32	3.30853
2560	3584	1	54	10	0.93468
2048	3584	1	248	250	2.54813
2048	3584	1	306	204	2.22931
2560	3584	1	148	214	2.01317
2560	3584	1	364	76	3.83189
2560	3584	1	274	34	3.79085
2560	3584	1	318	244	6.20118
2560	3584	1	226	154	2.46685
2560	3584	1	496	184	5.63403
2560	3584	1	390	186	1.76920
2560	3584	1	372	374	4.96228
2560	3584	1	506	322	1.78509
2560	3584	1	36	256	1.23018
2048	3584	1	440	400	0.52353
2048	3584	1	392	340	0.68514
2048	3584	1	72	426	5.86462
2560	3584	1	210	452	5.60940
2560	3584	1	98	358	2.53857
2048	3584	1	350	468	0.00000
2560	3584	1	500	396	2.33837
2560	3584	1	24	408	6.02258
2048	3584	1	200	466	5.65404
2560	3584	1	414	512	2.25023
2560	3584	1	86	508	0.11066
2560	3584	2	270	354	0.00000
2048	3584	1	122	320	5.86086
2048	3584	1	28	492	2.56038
