1024	2048	1	240	376	0.42648
1024	2048	1	34	118	4.22441
1024	2048	2	112	236	0.00000
1024	2048	2	204	96	0.00000
1024	2048	1	316	90	4.64116
1536	2048	1	6	18	0.00000
1536	2048	1	96	70	0.00000
1024	2048	1	504	234	3.44280
1536	2048	1	128	392	6.15921
1536	2048	2	266	348	0.00000
1536	2048	2	218	158	0.00000
1536	2048	1	382	70	6.02671
1536	2048	1	262	46	6.04817
1536	2048	2	500	70	0.00000
1536	2048	1	276	240	3.93158
1536	2048	1	382	324	2.24441
1536	2048	1	462	270	3.04492
1536	2048	1	492	142	2.02129
1536	2560	1	92	86	0.50269
1024	2560	1	450	28	2.48055
1024	2560	1	270	38	0.93780
1536	2560	1	346	30	3.01834
1536	2048	1	418	510	2.56058
1536	2048	1	224	446	2.09817
1536	2560	1	276	250	5.73801
1024	2560	1	72	140	3.06759
1536	2560	1	416	158	0.17156
1536	2560	2	482	164	0.00000
1536	2560	2	338	192	0.00000
1536	2560	1	168	200	0.00000
1536	2560	1	68	192	1.66146
1024	2560	1	462	232	2.06440
1024	2560	1	308	278	4.52289
1024	2560	1	48	300	5.64760
1024	2560	2	188	294	0.00000
1024	2560	1	474	332	2.09313
1536	2560	1	394	328	1.21843
1536	2560	1	206	430	2.28720
1536	2560	1	96	354	2.59815
1536	2560	1	58	436	5.08218
1024	2560	1	346	374	0.61657
1024	2560	1	84	460	0.70952
1024	2560	1	208	392	5.53349
1024	2560	2	122	356	0.00000
1024	2560	1	168	178	3.12032
1536	2560	1	252	350	5.85124
1536	2560	1	370	484	5.29368
1024	2560	1	336	506	5.16268
1536	2560	1	158	512	1.99486
1536	2560	2	288	512	0.00000
1536	2560	1	414	430	1.89255
1536	2560	2	506	496	0.00000
1536	2048	1	512	494	3.84724
1536	2048	2	512	294	0.00000
1024	3584	1	26	366	2.55857
1024	3584	1	20	500	5.85712
1024	3584	1	310	418	0.00000
1024	3584	1	218	472	0.00000
1024	3584	1	454	298	0.82712
1024	3584	1	448	442	0.57317
1536	3584	1	56	456	0.00000
1536	3584	1	108	312	1.57453
1024	3584	1	354	270	0.00000
1024	3584	1	96	254	0.54774
1536	3584	1	512	464	1.98493
1536	3584	1	288	502	0.00000
1536	3584	1	396	242	0.84415
1536	3584	1	320	320	2.28259
1536	3584	1	158	438	0.20784
1536	3584	1	220	394	0.60905
1536	3584	1	286	170	2.11348
1024	3072	1	426	458	0.00000
1024	3072	1	470	374	1.13133
1536	3584	1	96	4	0.00000
1536	3584	1	278	10	2.73033
1024	3584	1	474	170	4.28356
1536	3584	1	126	196	5.30399
1536	3584	1	392	156	0.37107
1536	3584	1	446	14	5.69518
1024	3584	1	88	140	0.68695
1024	3584	1	268	272	2.28435
1024	3584	1	242	170	0.00000
1536	3072	2	374	466	0.00000
1536	3584	2	474	114	0.00000
1536	3584	2	366	72	0.00000
1536	3584	1	512	190	0.77227
1536	3072	1	160	458	5.17342
1536	3072	1	408	404	1.94405
1536	3072	1	290	414	5.88839
1536	3072	1	34	286	5.59637
1536	3072	1	110	244	5.49450
1024	3584	1	324	128	1.57312
1024	3584	1	480	80	3.42539
1024	3584	1	382	36	1.41856
1024	3584	1	202	62	3.36026
1024	3072	1	310	476	0.85333
1024	3072	1	102	470	1.43455
1024	3072	1	212	432	1.86895
1024	3072	1	220	358	5.13221
1024	3072	1	320	290	0.35250
1024	3072	1	426	244	3.76097
1536	3072	1	50	446	3.09807
1536	3072	1	454	294	5.95838
1536	3072	1	414	102	5.20009
1536	3072	1	328	272	1.43170
1536	3072	1	512	150	0.92730
1536	3072	1	402	4	5.50007
1536	3072	1	74	56	4.21136
1536	3072	1	162	4	5.76404
1536	3072	1	256	176	3.97092
1024	3072	1	290	144	6.14985
1024	3072	1	140	230	3.64187
1024	3072	1	76	374	3.80369
1024	3072	1	46	294	0.00000
1024	3072	1	184	104	0.98742
1024	3072	1	110	56	3.96891
1024	3072	1	234	268	0.00000
1536	3072	1	294	38	0.00000
1024	3072	1	382	112	2.55385
1536	3584	1	512	286	4.19783
2048	2048	1	48	26	2.78563
2048	2048	1	32	254	0.14708
2048	2048	1	2	144	2.14510
2048	2048	1	78	376	4.83316
2048	2048	1	218	334	3.13786
2048	2048	2	186	52	0.00000
2048	2048	1	396	88	5.63593
2048	2048	1	386	174	1.96968
2048	2048	1	512	18	5.14902
2048	2048	2	492	64	0.00000
2048	2048	1	326	274	4.60966
2560	2048	1	66	114	3.66962
2560	2048	1	196	110	0.00000
2560	2048	1	446	46	3.38657
2560	2048	1	308	110	0.00000
2560	2048	2	246	26	0.00000
2560	2048	1	396	170	1.39612
2560	2048	2	314	30	0.00000
2560	2048	1	512	108	3.18458
2560	2048	1	198	232	3.84025
2560	2048	1	110	266	5.67944
2560	2048	1	448	256	0.39478
2560	2048	1	382	306	2.48370
2560	2048	1	296	328	2.46099
2560	2048	1	512	412	2.58883
2560	2048	1	470	512	3.65300
2560	2048	1	210	446	2.77797
2560	2560	2	300	6	0.00000
2560	2560	1	432	124	2.14579
2560	2560	1	512	190	1.14041
2048	2048	1	452	374	0.00000
2560	2048	1	70	354	4.52649
2560	2048	2	292	398	0.00000
2560	2048	2	348	402	0.00000
2048	2048	1	400	456	4.72510
2560	2560	1	204	98	1.95053
2560	2560	1	306	196	3.22184
2560	2560	1	368	258	0.51915
2560	2560	2	464	336	0.00000
2560	2560	2	320	484	0.00000
2560	2560	1	10	40	3.91945
2048	2560	1	316	32	4.49974
2048	2560	2	414	52	0.00000
2560	2560	2	26	164	0.00000
2048	2560	2	412	164	0.00000
2048	2560	2	330	208	0.00000
2048	2560	2	238	146	0.00000
2048	2560	2	172	154	0.00000
2048	2560	2	324	428	0.00000
2048	2560	2	170	362	0.00000
2048	2560	2	190	414	0.00000
2560	2560	2	502	438	0.00000
2048	2048	1	16	496	3.84385
2048	2560	1	100	36	4.82373
2048	2560	1	104	170	0.19431
2048	2560	1	0	124	1.00694
2048	2560	1	182	270	0.98279
2048	2560	1	72	374	2.03226
2048	2560	1	152	512	0.62025
2048	2560	1	352	498	3.33899
2048	2560	1	448	486	0.69907
2560	2560	1	104	452	1.54394
2560	2560	2	16	482	0.00000
2048	2560	2	492	512	0.00000
2560	2560	1	134	368	4.57772
2048	2560	1	316	306	5.59321
2048	2560	1	416	254	1.81236
2560	2560	1	8	256	3.05552
2560	2560	1	128	226	6.11377
2048	2560	2	428	318	0.00000
2560	2560	1	258	430	0.00000
2560	2560	1	402	440	5.37856
2048	2560	1	248	96	5.73049
3072	2048	1	424	272	3.84728
3072	2048	1	328	244	3.66623
3072	2048	1	382	90	5.28170
3072	2048	1	292	72	2.63449
3072	2048	1	234	122	6.05390
3072	2048	1	174	58	3.56675
3072	2048	1	78	60	2.55454
3072	2048	1	36	228	0.54152
3072	2560	1	416	340	5.68508
3072	2048	1	164	222	4.70498
3072	2048	1	188	308	4.67241
3584	2048	1	24	80	2.12433
3584	2048	1	120	110	0.00000
3584	2048	1	244	98	4.02042
3584	2048	1	368	108	0.00000
3584	2048	1	460	60	0.00000
3584	2048	1	376	228	5.70279
3584	2048	1	320	284	2.73969
3584	2048	1	452	386	5.38713
3072	2048	1	192	412	5.60939
3584	2048	1	4	328	5.89631
3584	2048	1	110	364	2.20286
3584	2048	1	186	326	2.63673
3072	2048	1	448	382	5.00530
3072	2560	2	470	186	0.00000
3072	2560	2	430	122	0.00000
3072	2560	2	170	412	0.00000
3584	2048	1	336	452	3.21179
3584	2048	1	108	462	1.71141
3072	2048	1	418	462	1.45902
3584	2048	1	40	512	5.30039
3584	2048	1	480	506	1.16265
3072	2048	1	154	486	1.63322
3072	2048	1	14	410	2.80230
3072	2560	1	72	56	4.22712
3072	2560	2	160	80	0.00000
3072	2560	2	250	16	0.00000
3072	2560	2	314	16	0.00000
3584	2560	1	44	102	5.99173
3072	2560	1	326	94	3.83204
3072	2560	1	460	38	2.40162
3584	2560	1	374	70	1.52030
3584	2560	1	228	40	3.47768
3584	2560	1	144	78	3.46329
3072	2560	1	240	112	0.00000
3072	2560	1	54	170	0.91291
3072	2560	1	40	270	0.90602
3072	2560	1	148	198	3.13658
3072	2560	1	352	192	4.26108
3584	2560	1	30	230	1.37848
3072	2560	1	268	350	2.53605
3072	2560	1	196	294	3.94255
3072	2560	1	88	342	3.52075
3072	2560	1	38	464	2.22080
3584	2560	1	62	352	0.90164
3072	2560	1	230	488	0.79264
3072	2560	1	338	472	0.88848
3072	2560	1	506	460	1.26852
3584	2560	2	234	336	0.00000
3584	2560	1	262	194	2.87318
3584	2560	1	370	154	3.54012
3584	2560	1	446	160	3.14159
3584	2560	1	368	400	2.05042
3584	2560	2	324	432	0.00000
3584	2560	2	240	446	0.00000
3584	2560	1	154	264	1.95368
3584	2560	2	174	200	0.00000
3584	2560	1	368	288	2.17455
3072	3072	1	78	270	3.92699
3072	3072	1	180	252	2.77639
3072	3072	1	252	232	2.33505
3072	3072	1	316	168	5.64087
3072	3072	1	246	48	3.56981
3072	3072	1	0	88	3.49364
3072	3072	1	108	362	4.07155
3072	3072	1	0	418	3.41157
3072	3072	1	88	442	1.28880
3072	3584	1	102	24	0.74594
3072	3584	1	204	70	1.11160
3072	3072	1	210	464	3.04588
3072	3072	1	266	354	1.30454
3072	3584	1	118	242	2.20188
3072	3584	1	24	212	0.78859
3072	3584	1	86	322	2.47234
3072	3584	1	198	166	5.50248
3072	3072	1	326	476	3.48551
3072	3072	1	418	286	1.72294
3072	3072	1	460	170	4.59895
3072	3072	1	404	56	0.00000
3584	3072	1	40	122	5.98866
3584	3072	1	156	84	2.76109
3584	3072	1	50	0	4.12990
3072	3584	1	216	356	0.00000
3072	3584	1	108	450	1.59253
3072	3584	1	54	404	1.47113
3072	3584	1	302	118	0.00000
3072	3584	1	308	278	1.95954
3072	3584	1	374	98	6.03081
3072	3072	1	430	386	3.67722
3072	3072	1	506	394	3.23333
3584	3072	1	74	406	3.73016
3584	3072	1	82	274	5.08307
3584	3072	1	236	228	5.15468
3584	3072	1	252	120	0.55640
3584	3072	1	336	140	3.11072
3584	3072	1	340	0	5.53111
3584	3072	1	416	144	3.11656
3584	3072	1	512	142	3.13076
3584	3072	2	462	44	0.00000
3584	3072	1	130	482	1.40400
3072	3584	2	424	46	0.00000
3584	3584	1	42	142	0.00000
3584	3584	1	110	118	0.00000
3584	3584	1	206	90	5.71099
3584	3584	1	2	238	4.61148
3072	3584	1	400	416	3.01383
3072	3584	1	460	376	2.47291
3584	3584	1	14	330	1.88973
3584	3072	1	180	352	0.89678
3584	3072	1	284	364	0.77472
3584	3072	2	338	276	0.00000
3584	3584	1	190	218	0.92006
3584	3584	1	124	326	2.70020
3584	3072	1	308	470	1.04382
3584	3584	1	374	16	1.18019
3584	3072	2	400	372	0.00000
3072	3584	2	278	424	0.00000
3584	3072	1	438	346	2.49580
3584	3072	1	504	272	1.96932
3584	3072	1	484	488	3.38436
3584	3584	1	430	94	1.65812
3584	3584	1	474	196	3.16287
3584	3584	2	324	174	0.00000
3584	3584	1	400	286	2.69922
3584	3584	1	262	344	0.00000
3584	3584	1	196	326	0.00000
3584	3584	1	298	456	3.04488
3584	3584	1	444	434	3.82144
3584	3584	1	512	312	3.64080
3584	3584	1	162	416	1.55208
3584	3584	1	36	484	0.00000
2560	3584	1	462	496	0.00000
2560	3584	1	454	382	4.28473
2560	3584	1	390	478	3.93064
2560	3584	2	510	422	0.00000
2560	3584	1	298	486	0.73085
2560	3584	1	340	352	5.84585
2560	3584	1	190	512	6.06452
2560	3584	1	256	402	0.45365
2560	3584	1	62	512	0.22856
2560	3584	1	6	474	0.60404
2560	3584	1	94	382	6.18753
2560	3584	1	202	378	3.58028
2048	3584	1	410	512	3.67250
2048	3584	1	186	498	5.87033
2048	3584	1	98	494	2.85592
2048	3584	1	266	394	3.04904
2048	3584	1	232	456	5.86513
2048	3584	1	150	400	2.96216
2048	3584	1	376	384	5.96770
2048	3584	1	512	376	0.86197
2560	3584	1	512	234	0.11558
2560	3584	1	462	232	0.44137
2560	3584	1	394	256	3.58826
2048	3584	1	26	266	3.76229
2048	3584	2	20	148	0.00000
2048	3072	1	32	502	5.58274
2048	3072	1	54	360	0.22942
2048	3072	1	34	280	4.26651
2048	3072	1	60	198	4.19163
2048	3072	1	26	132	3.97710
2048	3072	1	132	32	0.27332
2048	3072	1	242	94	2.85546
2048	3072	1	188	158	5.68314
2048	3072	1	186	366	4.31092
2048	3072	2	162	478	0.00000
2048	3072	1	294	98	6.18208
2048	3072	1	356	16	3.75996
2048	3072	1	450	66	3.92808
2048	3072	2	412	12	0.00000
2048	3072	1	380	140	5.50454
2560	3072	1	116	30	1.28107
2560	3072	2	142	80	0.00000
2560	3072	2	222	134	0.00000
2560	3072	1	244	82	5.54367
2560	3072	1	348	62	5.29576
2560	3072	1	502	106	3.36010
2560	3072	1	390	192	2.81526
2560	3072	1	494	238	0.35498
2560	3072	2	348	240	0.00000
2560	3072	2	100	236	0.00000
2560	3072	1	26	172	2.28430
2048	3072	1	384	306	5.06173
2048	3072	2	292	274	0.00000
2048	3072	1	480	248	2.51699
2048	3072	2	304	450	0.00000
2048	3072	1	374	418	1.95130
2048	3072	1	496	386	6.19147
2560	3072	1	40	360	5.94587
2560	3072	1	162	308	0.32175
2560	3072	1	340	324	1.54250
2048	3584	1	202	36	5.73729
2048	3584	1	268	114	3.51879
2048	3584	1	150	250	4.83943
2048	3584	1	322	178	0.44510
2048	3584	2	372	26	0.00000
2560	3584	1	28	42	0.86523
2560	3072	2	112	416	0.00000
2560	3072	1	234	400	5.43458
2560	3072	1	500	410	0.15952
2560	3072	1	454	498	3.22691
2560	3584	1	344	2	4.87244
2560	3072	1	222	460	0.00000
2560	3584	1	146	22	3.32966
2560	3584	1	20	150	0.23109
2560	3584	1	182	120	3.24185
2560	3584	1	106	126	2.67731
2048	3584	1	422	186	1.13992
2048	3584	1	370	274	1.51530
2560	3584	1	10	280	1.95284
2560	3584	1	80	228	2.87860
2560	3584	1	154	268	3.10216
2560	3584	1	218	204	3.74291
2560	3584	1	258	258	3.70800
2560	3584	1	280	60	5.14902
2560	3584	1	388	148	0.61321
2560	3584	1	494	122	0.88848
