1536	2560	1	350	512	5.40317
1536	2560	1	418	418	3.46126
1536	2560	1	478	254	5.99094
1536	2560	1	512	472	0.48783
1536	2560	1	374	306	0.53058
1536	2560	1	310	254	5.40296
1536	2560	1	338	136	0.00000
1536	2560	1	400	50	2.68148
1536	2048	1	478	446	3.74623
1536	2560	1	494	86	3.20091
1536	2560	1	244	86	3.41978
1536	2560	1	168	44	0.99857
1536	2560	1	170	216	6.14540
1536	2560	1	50	326	1.20045
1536	2560	1	148	488	1.40573
1536	2560	1	48	430	4.95603
1536	2560	1	16	234	1.76810
1536	2560	1	162	298	2.05513
1024	2560	1	426	414	2.86698
1024	2560	1	62	372	1.78990
1024	2560	1	278	432	5.33298
1024	2560	1	104	322	2.06421
1024	2560	1	184	496	1.34552
1024	2560	1	84	428	1.23426
1024	2560	2	345	507	0.00000
1024	2560	2	201	299	0.00000
1024	2560	1	302	322	4.54087
1024	2560	1	382	194	3.38246
1024	2560	1	152	208	3.97719
1024	2560	1	68	134	3.70016
1024	2560	1	498	100	0.55869
1536	2560	1	70	100	5.56308
1536	2048	1	86	490	2.03525
1536	2048	1	242	70	5.25041
1536	2048	1	126	392	2.66920
1536	2048	1	266	416	5.96194
1536	2048	1	394	256	2.60529
1024	2048	1	344	454	1.46967
1536	2048	2	488	56	0.00000
1536	2048	1	354	162	5.22362
1536	2048	1	170	28	3.28494
1536	2048	2	218	136	0.00000
1536	2048	1	362	374	5.44761
1536	2048	1	208	430	2.60801
1024	2560	1	338	52	0.74473
1024	2048	1	244	370	0.26906
1536	2048	1	218	292	4.34860
1536	2048	1	114	184	6.11520
1536	2048	1	32	22	0.00000
1024	2048	1	406	122	2.14083
1024	2048	1	498	222	3.35909
1536	2048	1	44	302	4.00875
1024	2048	1	106	250	2.42679
1024	2048	1	116	68	2.69897
1024	2048	1	2	90	3.67380
1024	2048	1	202	94	0.00000
1024	2048	2	308	26	0.00000
1024	3584	1	274	260	1.71611
1536	3584	1	198	268	0.58739
1024	3584	1	392	304	0.18535
1536	3584	1	482	290	6.00596
1536	3584	1	340	488	5.64668
1024	3584	1	492	430	0.59541
1536	3584	1	464	412	2.13121
1536	3584	1	168	478	0.10580
1536	3584	1	58	466	0.77847
1024	3584	1	126	466	5.90750
1024	3584	1	162	368	5.80450
1024	3584	1	462	272	2.07308
1024	3584	1	84	236	1.43937
1536	3584	1	352	304	4.47643
1024	3584	1	256	368	5.31991
1536	3584	1	132	306	2.68458
1024	3584	1	74	112	1.00186
1024	3584	1	236	80	1.33268
1024	3584	1	336	166	0.54152
1536	3584	1	10	196	2.41707
1024	3584	1	416	64	2.93949
1024	3072	1	260	436	0.20750
1024	3072	1	44	488	3.85433
1024	3072	1	140	418	0.97018
1536	3584	1	64	148	5.32180
1536	3584	1	210	148	2.22408
1536	3584	2	256	270	0.00000
1536	3584	1	332	134	2.32679
1536	3584	2	450	116	0.00000
1536	3584	1	82	70	4.50607
1536	3584	1	202	60	5.54060
1536	3072	1	346	496	5.51013
1536	3072	1	102	458	3.47539
1536	3072	1	186	416	0.91199
1536	3072	1	242	496	0.32848
1536	3584	1	450	32	3.76184
1536	3072	2	362	434	0.00000
1024	3072	1	456	346	1.69383
1024	3072	1	118	72	1.11712
1024	3072	1	156	196	0.80667
1024	3072	1	112	328	0.00000
1024	3072	1	292	96	5.51799
1024	3072	1	394	98	0.00000
1024	3072	1	318	242	6.20801
1024	3072	1	258	254	3.32111
1024	3072	1	202	268	0.00000
1536	3072	1	14	202	0.00000
1536	3072	1	104	282	6.00489
1024	3072	1	330	24	3.12823
1536	3072	1	126	4	0.53284
1024	3072	2	466	40	0.00000
1536	3072	1	232	52	1.68940
1536	3072	1	194	318	3.51971
1536	3072	1	486	418	2.76153
1536	3072	1	396	338	0.53524
1536	3072	1	298	230	0.00000
1536	3072	1	374	132	0.00000
1536	3072	1	216	164	3.34362
1536	3072	1	480	60	5.58445
1536	3072	1	506	294	3.25840
1536	3072	1	412	248	3.63727
1536	3584	2	250	368	0.00000
2560	2048	1	328	476	5.52285
2560	2560	1	434	42	0.62535
2560	2560	1	8	212	2.17195
2560	2048	1	384	418	5.30039
2048	2560	1	334	140	5.33512
2560	2560	1	274	116	3.48956
2560	2048	1	452	330	0.88361
2048	2560	1	440	138	3.50946
2048	2560	1	368	316	0.45421
2560	2560	1	432	410	3.49878
2560	2560	1	274	422	0.57237
2560	2560	1	402	192	2.28117
2560	2560	1	310	246	5.72702
2560	2560	1	68	426	0.08106
2048	2560	1	290	482	4.82305
2560	2560	1	120	326	0.09364
2048	2560	1	52	310	0.00000
2048	2560	1	470	392	0.30068
2048	2560	1	468	260	5.14741
2560	2560	1	228	286	5.65550
2560	2560	1	176	32	0.00000
2560	2560	1	506	128	2.72257
2560	2560	1	60	22	1.67895
2048	2048	1	510	422	4.56632
2048	2560	1	138	262	2.99197
2560	2560	1	120	178	4.51204
2048	2560	1	316	276	0.72847
2048	2560	1	302	44	1.36419
2048	2560	2	464	486	0.00000
2048	2560	2	164	366	0.00000
2048	2560	2	324	418	0.00000
2048	2560	2	194	414	0.00000
2048	2560	2	200	512	0.00000
2560	2560	2	310	476	0.00000
2048	2560	2	408	472	0.00000
2560	2560	2	18	478	0.00000
2048	2048	2	498	66	0.00000
2048	2560	2	234	148	0.00000
2560	2560	2	290	10	0.00000
2048	2560	2	78	492	0.00000
2048	2560	2	32	420	0.00000
2048	2560	2	176	158	0.00000
2048	2560	2	110	366	0.00000
2560	2048	2	512	466	0.00000
2048	2560	2	376	90	0.00000
2048	2560	2	414	42	0.00000
2048	2560	1	72	70	1.02243
2048	2560	1	0	84	3.65872
2048	2048	1	112	470	2.04113
2048	2048	2	208	498	0.00000
2048	2048	1	398	458	5.10085
2048	2048	1	420	372	1.93963
2048	2048	1	148	376	1.73859
2048	2048	1	492	322	5.47501
2560	2048	1	96	302	0.83555
2048	2048	1	276	312	6.17363
2048	2048	1	160	256	5.78916
2048	2048	1	64	218	0.35680
2048	2048	1	168	108	5.84160
2560	2048	1	478	170	0.70506
2560	2048	1	494	254	4.96155
2560	2048	1	340	296	1.60057
2560	2048	1	258	220	4.63628
2560	2048	1	308	84	0.24443
2560	2048	1	48	130	0.00000
2560	2048	1	458	50	3.10835
2560	2048	1	378	144	3.89422
2560	2048	1	184	156	0.52672
2560	2048	1	92	36	2.41508
2560	2048	1	200	14	3.05490
2048	2048	1	408	166	0.88857
2560	2048	1	34	192	6.10879
2048	2048	1	104	54	6.20678
2560	2048	2	290	404	0.00000
2048	2048	2	254	500	0.00000
2560	2560	2	478	324	0.00000
2048	2560	2	438	320	0.00000
2048	2560	2	260	414	0.00000
2560	2560	2	452	510	0.00000
3584	2048	1	390	450	2.89626
3584	2048	1	224	272	4.74048
3584	2048	1	398	228	5.17175
3584	2048	1	470	64	0.00000
3584	2048	1	392	100	6.08361
3584	2048	1	264	92	3.80254
3584	2048	1	126	110	0.58738
3584	2048	1	18	160	3.41322
3072	2048	1	390	90	4.20233
3072	2048	1	236	128	5.14257
3072	2048	1	218	34	5.10172
3072	2048	1	82	160	4.34657
3072	2048	1	100	42	0.33629
3072	2048	1	332	228	3.02254
3072	2048	1	422	258	3.75463
3584	2048	1	64	304	0.35031
3072	2048	1	216	386	4.86574
3072	2048	1	58	424	3.89819
3072	2048	1	326	350	2.11051
3072	2048	1	494	316	4.10052
3584	2048	1	68	410	3.85862
3072	2048	1	448	456	2.62817
3072	2048	1	374	482	2.62428
3072	2048	1	222	466	1.64888
3072	2560	1	212	34	1.69721
3072	2560	1	86	130	3.02604
3072	2560	1	162	234	1.22807
3072	2560	1	200	112	4.33068
3072	2048	1	0	258	5.20703
3072	2560	1	136	440	0.65916
3072	2560	1	288	162	0.35699
3584	2048	1	262	498	2.25753
3584	2048	1	114	468	4.29889
3584	2560	1	110	52	4.51681
3584	2560	1	424	52	3.67353
3584	2560	1	464	158	1.30380
3584	2560	1	512	12	3.60599
3584	2560	1	320	80	3.85431
3584	2560	1	194	96	0.62982
3072	2560	2	471	185	0.00000
3072	2560	1	240	324	3.07353
3072	2560	1	348	248	3.58321
3584	2560	1	298	244	3.66046
3584	2560	1	186	346	5.72931
3584	2560	1	224	222	5.87970
3072	2560	1	494	74	5.48163
3072	2560	1	388	118	0.94029
3584	2560	1	54	182	3.41450
3584	2560	1	106	268	0.97750
3072	2560	1	496	298	5.75090
3072	2560	1	436	336	2.78406
3584	2560	1	362	386	1.64185
3584	2560	1	378	268	2.57823
3584	2560	1	510	310	0.66160
3584	2560	1	508	458	1.80113
3584	2560	1	434	470	0.00000
3584	2560	1	96	384	3.63326
3584	2560	1	8	464	2.84824
3072	2560	1	336	390	4.02195
3072	2560	1	372	492	0.00000
3072	2560	1	246	488	0.73721
3584	2560	1	94	512	2.35311
3584	2560	1	228	432	4.16251
3072	2560	1	0	146	2.56074
3584	2560	1	168	488	2.38504
3584	2560	1	306	512	2.67527
3584	2048	1	224	0	0.00000
3072	3584	1	370	440	0.45335
3072	3584	1	132	448	3.46485
3072	3584	1	224	444	5.94884
3072	3584	1	342	376	3.76661
3072	3584	1	442	412	0.70226
3072	3584	1	34	300	2.45586
3072	3584	1	428	512	0.00000
3584	3584	1	12	482	5.84606
3584	3584	1	46	424	5.68081
3584	3584	1	130	462	2.54695
3584	3584	1	216	480	5.66112
3584	3584	1	250	430	5.53986
3072	3584	1	228	372	1.39094
3072	3584	1	140	262	0.15245
3584	3584	1	512	504	2.25111
3584	3584	1	354	474	6.01357
3584	3584	1	512	320	1.30850
3584	3584	1	288	252	6.11099
3584	3584	1	512	252	0.99597
3584	3584	1	450	382	4.21045
3584	3584	1	96	306	0.00000
3584	3584	1	342	338	0.00000
3584	3584	1	440	284	2.32271
3584	3584	1	142	372	3.86457
3584	3584	1	370	218	2.60999
3584	3584	1	238	306	1.90201
3584	3584	1	260	358	1.96166
3072	3584	2	114	366	0.00000
3584	3584	1	478	142	5.42707
3072	3584	1	496	280	2.55359
3584	3584	1	50	170	0.28985
3584	3584	1	160	162	0.00000
3072	3584	1	352	178	0.22387
3072	3584	1	432	182	0.38168
3584	3584	1	444	200	5.38546
3072	3584	1	258	188	0.41991
3584	3584	1	242	178	3.21900
3072	3584	1	16	48	5.98696
3072	3584	1	8	170	1.03109
3072	3584	1	276	280	1.32928
3072	3584	1	132	148	0.65308
3584	3584	1	106	90	0.00000
3072	3584	1	500	70	1.00041
3584	3584	1	186	38	2.48365
3584	3584	1	326	114	3.42319
3584	3584	1	258	36	2.87792
3584	3584	1	410	18	0.43049
3584	3584	1	512	18	3.12503
3584	3072	1	334	510	0.75409
3072	3584	1	276	62	1.92302
3072	3072	1	166	494	3.30625
3072	3072	1	100	424	0.50294
3072	3072	1	0	364	0.81835
3072	3072	1	288	444	3.07116
3072	3072	2	240	456	0.00000
3072	3072	1	454	502	1.61660
3072	3072	1	354	414	3.24427
3072	3072	1	250	342	4.26797
3072	3072	1	392	290	4.27997
3072	3072	1	462	322	3.47500
3072	3072	1	512	408	2.81232
3584	3072	1	114	432	0.37299
3584	3072	1	194	436	5.66227
3584	3072	1	306	444	1.41837
3584	3072	1	458	404	0.63048
3584	3072	1	500	276	5.79749
3584	3072	1	424	334	3.70746
3584	3072	1	306	386	4.55373
3584	3072	2	368	326	0.00000
3584	3072	2	156	340	0.00000
3584	3072	1	72	318	3.13340
3584	3072	1	124	246	2.12039
3584	3072	1	176	202	1.96468
3584	3072	1	242	282	5.80271
3584	3072	1	390	226	0.83992
3584	3072	1	324	192	1.23108
3584	3072	1	390	50	5.49642
3072	3072	1	58	74	3.31137
3072	3072	1	76	190	4.55163
3072	3072	1	144	252	1.50423
3072	3072	1	208	0	0.51609
3072	3072	1	388	0	0.00000
3584	3072	1	8	0	3.06056
3072	3072	1	278	194	3.01354
3072	3072	1	444	148	0.00000
3584	3072	1	72	148	0.53150
3584	3072	2	10	204	0.00000
3584	3072	1	332	114	4.50699
3584	3072	1	222	166	4.05358
3584	3072	1	196	122	4.25484
3584	3072	1	124	24	2.36697
3584	3072	1	286	0	5.36689
3584	3072	1	230	0	2.77893
3584	3072	2	436	0	0.00000
2560	3072	1	306	50	1.20586
2560	3072	1	462	62	2.76812
2560	3072	1	402	134	5.58053
2560	3072	1	482	388	0.76417
2560	3072	1	432	286	4.14235
2560	3072	1	276	236	3.57095
2560	3072	2	346	240	0.00000
2560	3072	2	134	74	0.00000
2560	3072	2	226	130	0.00000
2560	3072	2	98	228	0.00000
2560	3072	1	70	114	2.47282
2048	3072	1	492	90	6.09899
2048	3072	1	376	132	5.58958
2048	3072	2	428	90	0.00000
2048	3072	1	286	90	0.00000
2048	3072	2	194	20	0.00000
2048	3072	2	78	0	0.00000
2048	3072	1	116	92	0.34877
2048	3072	1	0	68	5.93472
2048	3072	1	210	162	4.66950
2048	3072	1	342	224	4.59528
2048	3072	2	280	272	0.00000
2048	3072	2	216	272	0.00000
2560	3072	2	92	434	0.00000
2560	3072	1	176	298	5.09994
2560	3072	1	166	358	4.48194
2560	3072	1	298	420	4.92296
2048	3072	1	438	306	4.75357
2560	3072	1	6	446	0.54723
2048	3072	1	390	400	3.59950
2048	3584	2	372	26	0.00000
2048	3072	2	312	434	0.00000
2048	3072	1	310	342	0.44834
2048	3072	1	0	270	3.24619
2048	3072	1	82	288	0.82462
2048	3072	1	142	350	1.30122
2048	3072	1	114	432	4.53885
2048	3072	2	36	380	0.00000
2048	3584	2	118	38	0.00000
2048	3584	1	210	44	5.29404
2048	3072	2	160	488	0.00000
2048	3584	1	40	106	1.39113
2048	3584	1	28	194	5.24449
2048	3584	1	76	286	1.81362
2048	3584	1	170	196	1.21965
2048	3584	2	180	274	0.00000
2048	3584	1	248	248	0.14366
2048	3584	1	306	302	0.00000
2048	3584	1	270	456	4.05739
2048	3584	1	342	512	5.85586
2048	3584	1	406	288	5.70554
2048	3584	1	400	148	2.44080
2048	3584	1	502	88	0.30729
2048	3584	1	496	374	3.34472
2560	3584	1	20	198	0.63815
2560	3584	1	78	22	2.75177
2560	3072	1	154	480	0.00000
2560	3584	1	272	32	2.61235
2560	3072	2	218	466	0.00000
2560	3584	1	188	86	4.01035
2560	3584	1	464	104	5.00044
2560	3584	1	512	162	1.12104
2560	3584	1	512	300	2.72337
2560	3584	1	260	146	4.71996
2048	3584	1	194	482	0.00000
2560	3584	1	188	210	2.38972
2560	3584	1	82	242	3.52385
2560	3584	1	376	248	0.00000
2560	3584	1	302	266	0.00000
2560	3584	1	188	308	1.95857
2560	3584	1	144	380	5.15645
2560	3584	1	88	444	1.36728
2560	3584	1	160	512	0.39345
2560	3584	1	246	460	0.00000
2560	3584	1	350	440	6.01758
2560	3584	1	418	328	3.41244
2560	3584	1	426	434	4.20876
