1536	2560	1	326	98	0.49484
1536	2560	1	82	116	0.65015
1536	2048	1	98	430	5.58490
1536	2048	1	56	154	0.55329
1024	2048	1	246	366	0.56125
1024	2048	1	168	336	0.55406
1536	2048	1	346	370	3.81180
1024	2560	1	494	34	5.17260
1536	2048	1	16	452	2.37693
1024	2560	1	358	64	0.23672
1024	2560	1	250	38	1.00259
1024	2048	1	456	234	2.67590
1536	2048	1	234	232	1.84986
1536	2048	1	228	146	2.54904
1024	2048	1	74	158	5.07014
1536	2048	2	244	348	0.00000
1024	2048	2	206	96	0.00000
1024	2048	2	512	44	0.00000
1536	2048	1	352	42	3.84795
1536	2048	1	338	476	4.42995
1536	2048	1	422	260	0.00000
1536	2048	1	470	490	3.90841
1536	2048	1	412	138	1.80789
1536	2048	1	508	266	6.11968
1536	2048	2	490	62	0.00000
1536	2048	2	508	372	0.00000
1024	2048	1	52	482	0.27049
1536	2560	1	496	180	0.00000
1536	2560	1	498	508	0.81708
1536	2560	1	354	500	1.11498
1536	2560	1	382	424	5.52540
1536	2560	1	376	150	0.76852
1536	2560	1	326	332	0.65281
1536	2560	1	270	242	5.81645
1536	2560	1	154	260	0.46932
1536	2560	1	180	394	5.77391
1536	2560	1	82	442	5.44272
1536	2560	1	50	260	0.41909
1024	2560	1	422	234	1.92420
1024	2560	1	364	476	4.45030
1024	2560	1	310	378	0.63711
1024	2560	1	264	308	0.80130
1024	2560	1	272	216	4.27823
1024	2560	1	196	400	2.88119
1024	2560	1	132	270	3.53796
1024	2560	1	112	452	5.91675
1536	2560	2	17	505	0.00000
1024	2560	1	36	290	0.56092
1024	2560	1	36	462	3.03522
1024	2048	2	22	355	0.00000
1536	2560	2	483	395	0.00000
1536	3584	2	470	105	0.00000
1536	3072	1	166	250	1.14244
1024	3072	1	260	258	0.21445
1024	3072	1	318	286	0.28430
1024	3072	1	190	182	5.81551
1024	3072	1	48	142	1.89113
1024	3072	1	118	38	4.14342
1024	3072	1	328	86	3.20557
1024	3072	1	252	82	3.81770
1024	3072	1	400	100	0.00000
1024	3072	1	472	156	3.38874
1536	3072	1	190	86	0.09403
1024	3072	1	152	288	2.37008
1024	3072	1	172	410	3.97802
1024	3072	1	56	462	4.07757
1024	3072	1	102	368	5.45674
1536	3072	1	48	354	0.28775
1536	3072	1	104	60	0.73350
1024	3072	1	296	422	2.03396
1536	3072	1	334	372	4.73424
1536	3072	1	338	130	2.97917
1536	3072	1	250	94	3.41461
1536	3072	1	422	116	5.90933
1536	3072	1	280	506	3.11351
1536	3072	1	178	434	5.33442
1024	3584	1	490	8	3.50440
1024	3072	1	392	496	4.32144
1024	3584	1	114	42	0.57430
1024	3584	1	274	8	6.15842
1024	3584	1	256	96	1.30191
1024	3584	1	426	198	5.53182
1536	3072	1	100	510	0.34486
1024	3072	1	424	356	2.05256
1536	3072	1	466	486	3.39552
1536	3584	1	358	156	0.72380
1536	3584	1	198	94	3.14100
1536	3584	1	80	80	4.55161
1024	3584	1	156	202	2.10435
1024	3584	1	362	80	2.56213
1024	3584	1	454	138	5.80197
1024	3072	1	508	50	3.53573
1024	3584	1	330	206	3.08397
1536	3584	1	286	204	2.80731
1024	3584	1	116	282	4.37743
1536	3584	1	398	330	5.11296
1536	3584	1	100	310	5.10759
1536	3584	1	44	184	3.45054
1536	3584	1	120	184	3.27515
1536	3072	1	512	456	0.00000
1536	3584	1	464	292	5.71984
1024	3584	1	406	334	0.00000
1536	3584	1	328	444	5.96202
1536	3584	1	460	440	0.00000
1024	3584	1	130	444	0.00000
1024	3584	1	468	390	0.43314
1024	3584	1	308	364	4.64997
1536	3584	1	144	450	0.65557
1536	3584	1	14	492	1.85689
1536	3584	1	236	484	0.00000
1024	3584	1	376	470	5.88314
1536	3584	1	230	328	1.25748
1024	3584	1	28	484	5.56977
1024	3584	1	274	502	0.00000
1536	3072	2	394	431	0.00000
1536	3584	1	512	68	3.51711
1536	3584	1	512	194	2.27478
1536	3072	1	296	14	4.31015
1536	3072	1	468	4	3.96185
1024	3072	2	506	296	0.00000
1536	3072	2	194	369	0.00000
1536	3072	1	460	276	1.41234
1536	3584	2	374	65	0.00000
1024	3072	2	382	188	0.00000
1024	3072	1	28	230	4.83540
2560	2560	1	226	450	2.74094
2560	2560	1	252	304	2.78103
2560	2560	1	512	76	2.31993
2560	2560	1	368	398	4.23073
2560	2560	1	320	276	2.16953
2560	2560	1	170	266	3.14159
2048	2048	1	462	380	0.00000
2560	2560	1	356	192	5.17739
2048	2560	1	398	484	0.64247
2560	2560	1	430	142	5.37444
2560	2560	1	2	414	1.74184
2560	2560	1	118	456	3.87495
2048	2560	1	62	350	4.25633
2048	2560	1	292	366	4.26095
2048	2048	1	104	500	0.57599
2560	2048	1	78	362	5.13381
2048	2560	1	232	92	4.64062
2048	2560	1	34	128	4.16682
2048	2048	1	370	490	1.46883
2048	2048	1	236	510	5.14254
2560	2560	1	104	292	2.68912
2048	2560	1	18	296	4.48184
2560	2048	1	500	28	4.05734
2560	2048	1	238	356	0.22887
2560	2048	1	322	242	4.09565
2048	2048	1	304	312	0.00000
2048	2560	1	112	442	5.92064
2048	2560	1	116	154	2.80704
2560	2560	1	254	14	1.80941
2560	2048	1	420	86	0.00000
2048	2048	1	26	400	5.23154
2048	2048	1	448	126	5.87829
2560	2048	1	494	188	4.77980
2560	2048	1	310	82	0.00000
2048	2048	1	300	62	0.75510
2560	2048	1	382	324	4.51673
2560	2048	1	112	250	5.80933
2048	2048	1	0	258	5.97859
2048	2048	1	176	342	2.66719
2048	2048	1	314	182	1.68204
2560	2048	1	210	106	0.00000
2560	2048	1	510	454	3.22403
2560	2560	2	2	316	0.00000
2560	2560	2	468	320	0.00000
2560	2560	2	312	488	0.00000
2048	2560	2	202	418	0.00000
2048	2560	2	176	370	0.00000
2048	2560	2	304	432	0.00000
2048	2560	2	456	328	0.00000
2560	2560	2	28	160	0.00000
2048	2560	2	344	44	0.00000
2048	2560	2	408	60	0.00000
2048	2560	2	312	212	0.00000
2560	2560	1	200	92	4.73708
2560	2048	2	444	472	0.00000
2560	2048	2	284	386	0.00000
2048	2048	1	174	84	3.83633
2048	2048	2	492	80	0.00000
2560	2048	1	90	122	3.67552
2560	2048	2	8	30	0.00000
2560	2048	2	170	22	0.00000
2560	2048	1	366	436	2.60582
2048	2560	2	152	144	0.00000
2048	2560	2	230	156	0.00000
3584	2048	1	78	264	0.00000
3584	2048	1	10	208	0.00000
3072	2048	1	342	220	1.79827
3072	2048	1	226	222	5.79321
3584	2048	1	78	488	4.29250
3072	2560	1	370	38	0.89950
3584	2560	2	394	250	0.00000
3584	2560	2	268	474	0.00000
3072	2560	2	172	76	0.00000
3584	2560	2	330	122	0.00000
3584	2560	1	4	256	2.96799
3072	2560	1	440	266	3.21675
3072	2560	1	344	250	2.53001
3072	2560	1	312	168	4.29694
3072	2560	1	464	98	0.71695
3584	2560	1	196	84	1.25837
3584	2560	1	116	38	4.16764
3584	2560	1	98	156	4.92816
3072	2560	1	128	196	3.54433
3072	2560	2	166	418	0.00000
3584	2560	2	258	404	0.00000
3584	2560	2	368	470	0.00000
3072	2048	1	240	54	1.10067
3072	2048	1	202	88	0.70809
3072	2048	1	292	110	0.92787
3072	2048	1	138	276	1.52958
3072	2048	1	216	358	2.18984
3072	2048	1	60	310	2.13356
3584	2048	1	38	386	4.98976
3072	2048	1	380	308	4.93576
3072	2048	1	350	432	1.98169
3072	2560	1	208	28	2.44165
3072	2048	1	162	452	0.25406
3584	2048	1	326	200	5.04141
3584	2048	1	364	76	0.29986
3584	2048	1	474	78	5.78406
3584	2048	1	46	70	4.88431
3584	2048	1	248	122	4.24743
3584	2048	1	314	326	4.90358
3584	2048	1	334	478	4.90459
3584	2048	1	170	390	4.11094
3584	2048	1	146	102	0.14026
3072	2048	1	412	154	5.33842
3584	2560	1	426	144	6.04726
3584	2560	1	284	190	1.26630
3584	2560	1	186	224	1.44684
3584	2560	1	108	308	3.38396
3584	2560	1	176	342	2.95980
3072	2048	1	478	468	3.80706
3072	2048	1	36	190	4.62240
3584	2560	1	302	324	3.70884
3584	2560	2	220	334	0.00000
3584	2560	1	396	370	2.85238
3584	2560	1	480	492	2.57037
3072	2560	1	486	474	0.24750
3072	2560	1	68	464	3.76547
3072	2560	1	26	330	3.60280
3072	2560	1	256	270	5.01442
3072	2560	1	312	364	4.16537
3072	2560	1	500	382	1.61989
3072	2560	1	354	468	1.62662
3584	2560	1	130	456	1.91517
3584	2560	1	194	470	0.00000
3584	2048	1	384	264	5.92389
3072	2048	2	46	30	0.00000
3584	2048	2	240	26	0.00000
3072	3584	1	132	128	5.54701
3072	3584	1	148	476	0.51887
3072	3584	1	64	422	3.04533
3072	3584	1	0	300	5.93717
3072	3584	1	24	40	4.33896
3072	3584	1	368	70	4.25458
3584	3584	1	202	490	5.48252
3072	3072	1	116	488	2.60994
3584	3584	1	482	466	0.89997
3072	3584	1	192	44	3.43660
3072	3584	1	122	196	5.41405
3072	3584	1	2	144	2.56272
3584	3584	1	270	158	4.59027
3584	3584	1	470	122	1.53057
3584	3584	1	416	204	2.50310
3584	3584	1	326	366	5.86236
3584	3584	1	412	272	2.23027
3584	3584	1	468	372	4.31227
3584	3584	1	272	392	5.65674
3584	3584	1	278	252	3.61097
3584	3584	1	392	512	3.02208
3072	3584	1	276	414	3.70798
3072	3584	1	208	356	0.88669
3072	3584	1	462	242	0.70749
3072	3584	1	218	276	0.86166
3072	3584	1	324	274	0.40772
3584	3584	1	92	240	3.04271
3584	3584	1	176	246	2.76578
3584	3584	1	86	366	1.97446
3072	3584	1	468	366	5.74690
3584	3584	1	50	474	5.16746
3072	3072	1	432	424	3.58258
3072	3072	1	458	504	4.04365
3584	3072	1	10	424	5.68800
3584	3072	1	118	458	2.46695
3584	3584	1	238	44	3.36000
3584	3584	1	124	4	5.09555
3072	3072	1	306	480	1.68931
3584	3584	1	350	28	3.19452
3584	3072	1	488	440	3.10124
3584	3072	1	422	508	2.87351
3072	3584	1	490	70	0.45241
3584	3584	1	46	116	0.00000
3072	3584	1	256	88	0.22284
3584	3584	1	140	104	2.51111
3072	3584	1	352	174	1.76923
3072	3072	1	112	394	4.49707
3072	3072	1	260	378	5.50048
3072	3072	1	384	354	1.84069
3072	3072	1	18	262	4.10313
3584	3072	1	180	418	5.21396
3584	3072	1	316	412	0.51168
3584	3072	2	398	378	0.00000
3584	3072	1	46	352	1.81061
3584	3072	1	74	264	1.00984
3072	3072	1	452	288	4.23656
3072	3072	1	374	198	4.93163
3072	3072	1	246	258	0.36579
3072	3072	1	196	194	3.75324
3072	3072	1	118	152	1.42906
3072	3072	1	102	276	3.47956
3584	3072	1	264	338	3.18342
3584	3072	1	150	334	1.94594
3584	3072	1	188	260	0.00000
3584	3072	1	364	284	4.32536
3584	3072	1	428	162	0.83982
3584	3072	1	418	70	4.05140
3584	3072	1	278	102	5.38221
3584	3072	1	286	198	4.26943
3072	3072	1	394	62	5.82091
3072	3072	1	94	62	0.50321
3072	3072	1	0	110	3.19757
3584	3072	1	28	124	0.00000
3584	3072	1	128	48	4.80632
3584	3072	1	172	132	0.38187
3584	3072	1	298	18	4.78454
3072	3072	1	272	76	4.67411
3584	3072	1	512	146	0.66021
3584	3072	1	492	284	3.69719
3072	3072	1	226	18	0.00000
2048	3072	1	94	52	1.72639
2048	3072	1	38	162	3.53100
2048	3072	1	146	166	0.58108
2048	3072	1	294	96	6.10007
2048	3072	1	412	42	2.07731
2048	3072	1	498	138	3.69040
2560	3072	1	116	130	4.27405
2560	3072	2	122	76	0.00000
2560	3072	2	206	146	0.00000
2560	3072	1	248	90	2.72210
2560	3072	1	374	34	4.60860
2560	3072	1	392	120	1.39501
2560	3072	1	512	64	0.00000
2560	3072	2	82	226	0.00000
2560	3072	2	8	174	0.00000
2560	3072	2	346	234	0.00000
2560	3072	1	440	222	1.38181
2560	3072	1	244	242	4.13109
2560	3072	1	250	324	1.32582
2048	3072	1	20	424	2.82110
2048	3072	1	80	388	2.85708
2048	3072	2	20	328	0.00000
2048	3072	1	312	246	1.84910
2048	3072	2	192	332	0.00000
2048	3072	1	378	162	5.49142
2048	3072	2	208	32	0.00000
2048	3072	1	456	298	1.44267
2048	3072	1	192	386	5.19032
2048	3072	1	322	374	2.65680
2560	3072	1	148	260	0.46365
2048	3072	1	444	368	4.35802
2560	3072	1	132	404	5.31981
2048	3072	2	170	466	0.00000
2560	3072	1	376	336	4.37302
2560	3072	1	502	276	4.21907
2048	3584	1	14	66	3.65930
2048	3584	1	94	106	3.39898
2048	3072	1	384	502	2.22542
2048	3584	2	348	34	0.00000
2048	3072	1	452	430	4.57949
2560	3072	1	16	500	4.62494
2048	3584	1	60	490	0.00000
2048	3584	1	144	474	0.00000
2048	3584	1	316	470	0.00000
2048	3584	1	384	474	0.41126
2048	3584	1	486	416	3.04286
2560	3584	1	56	420	0.00000
2560	3584	1	160	344	3.14558
2560	3584	1	316	426	4.04899
2560	3584	1	414	394	0.84184
2560	3584	1	464	428	1.13263
2560	3584	1	476	496	1.53082
2560	3584	1	512	316	0.04695
2560	3584	1	352	326	1.08040
2560	3584	1	448	228	2.86999
2560	3584	1	354	218	2.23885
2048	3584	1	38	216	4.94066
2560	3072	1	492	340	1.05011
2560	3584	1	222	286	2.38586
2560	3584	1	298	236	5.56909
2560	3584	1	128	108	1.89961
2560	3584	1	204	176	4.47746
2560	3584	1	100	208	6.09803
2560	3584	1	50	250	5.93004
2048	3584	1	488	268	2.76546
2048	3584	1	364	318	1.37212
2048	3584	1	400	186	0.00000
2048	3584	1	210	132	4.19324
2048	3584	1	162	278	4.05929
2048	3584	1	228	328	1.92766
2048	3584	1	276	244	5.64270
2560	3584	1	40	68	1.55157
2560	3072	1	302	456	6.04489
2560	3072	1	446	438	5.00112
2560	3072	1	410	500	2.04376
2560	3072	1	236	488	6.13872
2560	3584	1	170	16	5.81954
2560	3584	1	340	72	2.52134
2048	3072	2	194	232	0.00000
2048	3072	2	162	66	0.00000
2560	3072	2	36	434	0.00000
