1024	2560	1	236	330	1.24781
1024	2560	1	232	284	1.69004
1024	2560	1	130	250	3.62727
1024	2048	1	14	510	0.00000
1536	2560	1	356	302	3.58638
1536	2560	1	428	512	1.07437
1536	2560	1	486	248	0.00000
1536	2560	1	274	244	5.84728
1536	2560	1	182	346	3.41414
1536	2560	1	68	272	0.75101
1536	2560	1	420	432	2.03742
1024	2560	1	42	426	1.34387
1536	2560	1	60	424	5.35344
1024	2560	1	322	288	3.48354
1024	2560	1	276	342	3.38658
1024	2560	1	282	204	4.22109
1536	2560	1	82	126	0.45115
1536	2560	1	188	198	2.99743
1536	2560	1	2	478	1.98661
1536	2560	1	260	476	0.67114
1536	2560	1	298	84	0.66277
1536	2560	1	426	120	3.47890
1536	2048	1	390	468	3.04975
1024	2560	1	406	450	3.62890
1024	2560	1	246	430	3.39783
1024	2560	1	56	482	1.27536
1024	2560	1	142	382	2.21680
1024	2560	1	352	98	4.03187
1536	2048	1	144	444	4.40872
1024	2560	1	244	38	0.96585
1024	2048	1	480	416	5.40183
1024	2048	1	250	366	0.33552
1536	2048	1	156	224	1.98320
1536	2048	1	512	244	5.88347
1536	2048	1	386	300	3.67381
1536	2048	1	500	370	3.85236
1536	2048	1	384	22	4.07474
1536	2048	1	454	118	5.20157
1536	2048	1	248	34	5.83120
1536	2048	1	162	30	5.82498
1536	2048	1	236	134	5.89258
1536	2048	1	64	90	5.88808
1024	2560	1	480	60	4.31760
1536	2048	1	324	168	0.19739
1024	2048	1	486	220	2.77927
1024	2048	1	200	62	0.41013
1024	2048	1	80	152	4.97299
1024	2048	1	72	372	3.33363
1536	2048	1	12	0	0.61466
1536	2048	1	498	72	2.55812
1024	2560	1	352	350	3.50504
1024	2560	2	82	196	0.00000
1536	2560	2	472	412	0.00000
1024	3072	1	116	54	0.74721
1024	3072	1	164	170	5.34581
1024	3072	1	260	86	3.32893
1024	3072	1	378	72	5.10084
1024	3072	1	498	126	2.89125
1536	3072	1	74	88	5.63968
1536	3072	1	250	108	3.28637
1536	3072	1	320	120	3.18614
1536	3072	1	446	106	0.86941
1536	3072	1	430	224	0.81793
1024	3072	1	346	286	0.30575
1024	3072	1	276	274	6.17939
1024	3072	1	422	186	0.13821
1536	3072	1	158	220	6.06364
1536	3072	1	64	220	2.93115
1536	3072	1	106	378	3.12507
1024	3072	1	260	502	0.13005
1024	3584	1	114	34	0.18539
1024	3072	1	158	304	0.90072
1024	3072	1	72	260	1.38667
1536	3072	1	194	440	5.54723
1536	3072	1	284	390	4.23541
1536	3072	1	6	374	3.84635
1024	3072	1	186	406	2.96354
1024	3072	1	64	468	4.02554
1536	3072	1	288	496	3.53038
1536	3072	1	400	492	5.31793
1536	3072	1	414	424	1.84192
1536	3584	1	80	22	0.34877
1536	3072	1	24	472	0.47146
1024	3584	1	406	56	1.31464
1024	3584	1	82	172	1.31347
1024	3584	1	462	206	5.93508
1536	3584	1	290	198	2.85049
1536	3584	1	242	268	3.13139
1536	3584	1	126	118	4.32413
1536	3584	1	398	220	4.06227
1536	3584	1	452	268	4.30442
1024	3584	1	416	302	0.00000
1024	3584	1	180	284	2.92929
1536	3584	1	128	306	0.05550
1536	3584	1	198	406	0.00000
1536	3584	1	326	328	3.82111
1536	3584	1	454	420	0.00000
1024	3584	1	118	400	0.24498
1024	3584	1	464	474	0.66968
1024	3584	1	280	366	6.04565
1536	3584	1	174	10	2.89661
1024	3584	1	392	432	0.93911
1536	3072	1	312	278	2.29630
1024	3072	2	416	368	0.00000
1536	3584	2	132	180	0.00000
1024	3584	1	502	138	5.58093
1024	3072	1	334	442	2.93512
1024	3072	2	108	370	0.00000
1024	3072	2	30	368	0.00000
1024	3584	2	308	90	0.00000
1024	3584	2	172	28	0.00000
1536	3584	2	372	64	0.00000
1536	3584	2	396	134	0.00000
1536	3584	2	472	108	0.00000
1024	3584	1	348	200	0.00000
1024	3072	2	498	292	0.00000
1536	3072	2	200	360	0.00000
2048	2048	1	122	106	2.80030
2048	2048	2	215	47	0.00000
2048	2048	1	308	44	0.21067
2048	2048	2	484	52	0.00000
2560	2048	1	62	132	3.48760
2048	2048	1	460	154	6.12512
2048	2048	1	244	304	6.10089
2048	2048	1	136	278	1.95388
2048	2048	2	26	340	0.00000
2048	2560	1	294	94	4.22322
2560	2048	1	212	104	0.17068
2560	2048	1	312	88	6.23667
2048	2048	1	470	354	0.00000
2560	2048	1	120	242	5.78980
2560	2048	1	68	342	5.44253
2560	2048	2	246	502	0.00000
2560	2048	2	477	198	0.00000
2560	2048	1	356	220	3.54163
2560	2048	2	442	42	0.00000
2048	2560	2	398	42	0.00000
2048	2048	2	240	462	0.00000
2048	2048	1	382	478	1.17279
2048	2560	2	437	334	0.00000
2560	2048	1	396	434	1.01856
2560	2048	2	275	405	0.00000
2560	2048	1	502	440	3.31861
2560	2560	1	282	72	5.03194
2048	2560	1	362	292	3.26149
2560	2560	1	228	162	3.06536
2560	2560	1	474	66	2.13993
2560	2048	1	232	376	0.21340
2560	2560	1	172	288	3.06424
2048	2560	1	222	336	5.40404
2048	2560	1	120	170	3.34109
2048	2560	1	84	18	0.94119
2048	2560	2	216	150	0.00000
2048	2048	1	68	426	4.22054
2560	2560	1	98	168	2.24784
2560	2560	2	28	152	0.00000
2560	2560	2	6	320	0.00000
2560	2560	1	104	336	2.26507
2048	2560	1	82	346	4.29350
2048	2560	1	4	242	0.00000
2560	2560	1	274	318	3.43521
2560	2560	1	402	212	5.38604
2560	2560	1	492	186	5.45644
2560	2560	2	460	328	0.00000
2048	2560	2	324	208	0.00000
2048	2560	1	76	98	0.58728
2560	2560	1	356	390	4.34289
2048	2560	1	320	486	1.58523
2048	2560	2	326	418	0.00000
2048	2560	2	156	360	0.00000
2048	2560	2	194	420	0.00000
2048	2560	1	100	442	5.79748
2560	2560	1	42	430	0.95790
2560	2560	2	306	496	0.00000
2560	2560	1	128	464	4.30709
2560	2560	1	244	512	3.29558
2560	2560	1	466	500	2.45359
2560	2560	1	366	512	0.00000
2048	2048	1	2	240	5.79839
2560	2048	2	139	23	0.00000
2048	2048	1	504	0	1.23052
2560	2048	2	326	412	0.00000
3072	2560	2	254	18	0.00000
3584	2560	2	378	236	0.00000
3072	2048	1	68	46	1.77931
3072	2048	1	116	256	2.45262
3072	2048	1	62	292	2.52867
3072	2048	1	240	352	2.02773
3072	2048	1	334	216	2.80518
3072	2048	1	314	80	0.85197
3072	2048	1	456	274	1.11280
3072	2048	1	478	376	5.23375
3072	2048	1	358	450	3.43959
3072	2048	1	240	264	5.37232
3072	2048	1	222	144	6.11804
3072	2048	1	182	486	3.15320
3584	2048	1	58	168	5.62168
3072	2048	1	488	148	6.01334
3072	2048	1	374	144	0.08625
3584	2048	1	26	36	4.91441
3072	2048	1	416	30	2.54181
3072	2560	1	324	162	5.33406
3584	2048	1	78	478	3.79517
3584	2048	1	80	362	3.35789
3584	2560	1	140	26	3.97327
3584	2560	1	98	154	5.79485
3584	2560	1	2	144	3.26222
3072	2560	1	446	94	3.37933
3072	2048	1	452	468	4.26628
3072	2560	1	366	38	1.10631
3072	2560	1	184	128	3.84472
3072	2560	1	338	288	2.15880
3584	2048	1	302	336	4.46410
3584	2560	1	228	16	5.97898
3584	2048	1	316	472	4.32765
3584	2560	1	408	136	5.82367
3584	2560	1	176	116	5.25615
3584	2048	1	360	228	5.47896
3584	2048	1	224	104	3.81130
3584	2048	1	148	64	0.11080
3584	2048	1	362	66	0.42918
3584	2048	1	472	50	0.00000
3584	2048	1	370	126	1.85003
3584	2560	1	284	238	3.72740
3584	2560	1	44	264	3.28229
3072	2560	1	234	240	0.25933
3072	2560	1	84	56	2.82784
3584	2560	1	432	294	3.83184
3072	2560	1	458	268	2.18210
3072	2560	1	82	468	2.91050
3072	2560	1	452	380	1.05799
3072	2560	1	254	376	4.60498
3072	2560	1	202	482	0.98279
3072	2560	1	36	342	3.79297
3072	2560	1	316	502	1.15582
3072	2560	1	456	466	3.72879
3584	2560	1	162	298	0.90405
3584	2560	1	304	358	3.84285
3584	2560	1	430	450	2.42369
3584	2560	1	482	392	5.34459
3584	2560	1	258	454	1.61171
3584	2560	1	156	382	1.90588
3072	2560	1	8	206	5.35881
3584	2560	1	202	204	4.57229
3584	2560	1	154	462	2.39163
3584	2560	2	342	442	0.00000
3072	2048	1	104	418	0.67997
3072	2560	2	152	396	0.00000
3584	2560	2	224	324	0.00000
3584	2560	2	338	138	0.00000
3072	2048	1	156	154	3.54648
3072	2048	2	286	22	0.00000
3072	3072	2	244	454	0.00000
3072	3072	2	430	252	0.00000
3072	3584	1	256	470	5.70639
3072	3584	1	366	506	3.18754
3072	3584	1	480	458	0.44730
3072	3584	1	406	394	1.14771
3072	3584	1	320	280	0.50833
3072	3584	1	266	274	0.56219
3584	3584	1	344	416	0.00000
3584	3584	1	420	390	3.16734
3584	3584	1	478	404	0.00000
3584	3584	1	276	484	3.27156
3072	3584	1	90	310	5.72059
3072	3584	1	146	250	5.29751
3072	3584	1	172	164	1.53748
3072	3584	1	444	128	0.32175
3072	3584	1	308	154	1.25504
3072	3584	1	236	96	1.53378
3584	3584	1	20	56	5.41621
3072	3584	1	400	46	3.88614
3072	3072	1	354	502	0.78606
3072	3072	1	468	434	0.49284
3584	3072	1	34	444	3.82321
3072	3072	1	328	404	4.47423
3584	3072	1	150	372	1.08943
3584	3072	1	104	478	1.23412
3584	3584	1	140	32	4.50677
3584	3072	1	250	472	1.25433
3584	3072	1	262	388	4.18765
3584	3072	1	172	264	0.21667
3072	3072	1	282	334	1.44212
3072	3072	1	274	258	1.81693
3072	3072	1	232	172	5.00204
3072	3072	1	254	86	1.45190
3584	3584	1	54	230	6.04395
3072	3584	1	496	196	3.31069
3072	3584	1	384	322	4.14428
3584	3584	1	16	340	5.38867
3584	3584	1	112	500	5.86045
3584	3584	1	288	236	3.20531
3584	3584	1	338	308	3.34193
3584	3584	1	400	264	3.44816
3584	3584	1	236	230	2.82736
3584	3584	1	174	244	2.49223
3584	3584	1	164	336	2.44510
3584	3584	1	204	480	0.00000
3072	3584	1	20	348	0.00000
3072	3584	1	176	422	2.27165
3072	3072	1	400	66	5.94179
3072	3072	1	396	196	4.10228
3072	3072	1	510	182	0.63871
3584	3072	1	108	82	4.27745
3584	3072	2	200	132	0.00000
3584	3072	1	132	208	0.23861
3584	3072	1	24	264	3.97258
3072	3072	1	450	344	4.60051
3584	3072	1	100	328	1.24905
3072	3072	1	120	332	3.36224
3072	3072	1	204	510	2.04238
3072	3072	1	154	424	4.32818
3072	3584	1	68	8	1.87950
3072	3584	1	28	82	4.12562
3072	3584	1	66	148	0.76485
3584	3072	1	258	226	2.83420
3584	3072	1	384	312	4.99520
3072	3072	1	80	102	1.14417
3072	3072	1	32	176	1.25584
3072	3072	1	68	250	3.85784
3072	3072	2	32	364	0.00000
3584	3584	1	512	278	3.80176
3584	3584	1	504	138	2.81883
3584	3584	1	302	82	5.40662
3584	3584	1	170	82	1.30126
3584	3584	1	96	146	5.19328
3584	3584	1	402	110	2.64825
3584	3584	1	376	12	2.04304
3584	3072	2	364	404	0.00000
3584	3072	1	444	474	2.41616
3584	3072	1	390	214	5.99334
3584	3072	1	482	248	3.34768
3584	3072	1	496	390	3.08371
3584	3072	1	328	140	4.03430
3584	3072	1	370	16	2.04759
3584	3072	1	500	44	3.50408
3584	3072	1	512	130	1.32167
3584	3072	1	246	28	3.81011
3584	3072	1	284	82	4.09214
3072	3072	1	82	0	2.80258
3584	3584	1	358	512	4.74571
3072	3584	1	164	512	5.84143
3072	3584	2	306	410	0.00000
3072	3584	2	28	474	0.00000
3072	3072	1	0	448	5.05224
3072	3072	1	194	8	0.64350
3584	3584	1	262	384	5.50044
2560	3584	1	448	434	0.79069
2048	3584	1	52	460	0.00000
2048	3584	1	150	390	5.57707
2560	3584	1	512	312	0.00000
2048	3584	1	62	256	3.83485
2048	3584	1	244	302	1.43937
2560	3584	1	24	418	2.27562
2048	3584	1	376	436	0.00000
2560	3584	1	168	394	0.86997
2560	3584	1	438	334	0.58255
2560	3584	1	306	490	3.46646
2560	3584	1	62	386	5.81293
2560	3584	1	186	490	2.50229
2048	3584	1	300	280	0.00000
2048	3584	1	390	306	0.00000
2560	3584	1	164	150	3.60925
2048	3584	1	508	462	0.00000
2048	3584	1	116	490	0.00000
2560	3584	1	268	108	4.04630
2048	3584	1	448	284	0.00000
2048	3584	1	508	226	2.79866
2560	3584	1	378	78	3.57142
2560	3584	1	106	242	0.00000
2560	3584	1	222	264	2.69975
2560	3584	1	288	232	5.86671
2560	3584	1	358	184	2.21598
2048	3584	1	302	452	0.00000
2560	3584	1	460	170	2.74346
2560	3584	1	512	82	1.03875
2560	3584	1	512	14	1.53650
2560	3072	1	420	470	2.59389
2560	3072	1	496	430	2.06784
2560	3072	1	454	334	4.50923
2560	3072	1	420	268	1.14302
2560	3072	1	274	408	5.86820
2560	3584	1	302	28	4.48699
2560	3072	1	248	460	5.55017
2560	3584	1	146	4	4.84192
2560	3584	1	120	104	1.15651
2048	3584	1	468	84	1.94983
2048	3584	1	274	156	4.93691
2048	3584	1	176	194	2.16749
2048	3584	1	110	96	3.77110
2048	3584	1	46	4	3.20435
2048	3072	1	332	336	0.00000
2048	3072	2	158	488	0.00000
2560	3072	1	58	470	4.99791
2048	3584	2	378	22	0.00000
2048	3072	1	386	492	1.17730
2048	3072	1	458	366	3.82525
2048	3072	1	214	410	5.33679
2048	3072	2	310	420	0.00000
2560	3072	1	110	394	5.39060
2048	3072	1	86	396	3.63332
2048	3072	1	26	326	3.56711
2048	3072	2	196	318	0.00000
2560	3072	1	152	298	1.29078
2560	3072	1	254	200	5.10088
2560	3072	2	356	244	0.00000
2560	3072	1	512	164	0.88441
2560	3072	1	478	22	3.25924
2560	3072	1	394	26	5.79698
2560	3072	1	364	76	2.61686
2560	3072	1	244	40	3.71433
2560	3072	2	134	80	0.00000
2560	3072	2	240	134	0.00000
2560	3072	2	100	230	0.00000
2560	3072	2	4	186	0.00000
2560	3072	1	116	152	4.45676
2048	3072	1	512	106	4.33130
2048	3072	1	428	38	1.34184
2048	3072	1	310	84	0.00000
2048	3072	1	386	130	5.95320
2048	3072	1	496	266	1.39565
2048	3072	1	330	260	1.50312
2048	3072	1	256	190	1.52805
2048	3072	1	50	112	4.53988
2048	3072	1	54	204	1.26187
