1024	2048	1	498	228	3.50851
1024	2048	1	248	362	0.21145
1024	2048	1	110	260	1.87336
1536	2048	1	44	290	3.36884
1024	2560	1	310	50	0.64535
1024	2048	1	186	498	0.96417
1024	2560	1	488	94	0.26715
1024	2048	1	364	78	1.38998
1024	2048	1	200	72	0.35572
1024	2048	2	254	26	0.00000
1024	2048	1	94	62	3.08297
1024	2048	1	6	96	3.97193
1536	2048	1	16	26	0.00000
1024	2048	2	322	16	0.00000
1024	2048	2	446	18	0.00000
1536	2048	2	488	64	0.00000
1536	2048	1	200	0	3.18872
1536	2048	1	94	192	0.00000
1536	2048	1	326	152	4.83628
1536	2048	2	268	82	0.00000
1536	2048	1	222	136	0.00000
1536	2048	1	114	400	3.13817
1536	2048	1	240	296	2.97078
1536	2048	1	344	262	3.78284
1536	2048	1	360	366	4.12616
1536	2048	1	472	410	3.12911
1024	2560	1	86	136	3.10329
1024	2560	1	130	218	4.30766
1024	2560	1	374	204	3.10899
1536	2560	1	84	96	5.78559
1536	2560	1	184	82	1.06827
1536	2048	1	260	478	0.20311
1536	2048	1	96	504	1.55043
1536	2048	1	194	444	3.07712
1536	2560	1	378	46	3.38224
1536	2560	2	464	418	0.00000
1024	2560	2	346	446	0.00000
1024	2560	2	198	290	0.00000
1536	2560	2	150	512	0.00000
1024	2560	1	64	364	5.07657
1024	2560	1	80	430	1.49814
1024	2560	1	144	334	2.45787
1024	2560	1	174	492	1.02023
1536	2560	1	80	446	4.92899
1024	2560	1	438	432	3.23358
1024	2560	1	324	316	4.47022
1024	2560	1	292	444	5.64635
1536	2560	1	130	284	2.38574
1024	2560	1	498	236	1.81568
1536	2560	1	6	318	4.63523
1536	2560	1	198	214	0.00000
1536	2560	1	302	246	5.47678
1536	2560	1	302	108	3.04162
1536	2560	1	504	76	4.17173
1536	2560	1	414	188	4.26070
1536	2560	1	466	256	0.00000
1536	2560	1	330	350	0.83453
1536	2560	1	398	388	4.08232
1536	2560	1	344	504	5.24307
1536	2560	1	486	474	0.78953
1536	2560	2	512	372	0.00000
1536	3584	1	160	194	5.28764
1536	3584	1	454	414	2.01558
1536	3584	1	468	46	4.02440
1536	3584	1	108	264	0.31287
1536	3584	1	168	302	0.41962
1024	3584	1	102	264	0.67167
1024	3584	1	390	284	0.18535
1536	3584	1	48	194	2.67337
1536	3072	1	486	388	3.13522
1536	3584	1	98	62	3.47150
1536	3072	1	386	318	1.21566
1536	3584	1	256	92	5.52220
1536	3584	1	370	104	1.59711
1536	3072	1	506	58	5.38291
1536	3584	1	492	358	5.22754
1024	3584	1	254	252	2.11998
1024	3584	1	350	138	6.02691
1536	3072	1	356	198	5.80051
1024	3584	1	500	286	2.09833
1024	3584	1	158	356	5.44975
1024	3584	1	142	470	5.66720
1536	3584	1	330	486	5.70133
1536	3584	1	336	298	4.57049
1024	3584	1	480	432	0.39098
1024	3584	1	290	380	5.98163
1536	3584	1	196	124	5.30295
1024	3584	1	408	96	2.61138
1024	3584	1	68	106	0.99490
1536	3072	1	200	428	1.00041
1536	3584	1	372	12	4.67047
1536	3072	1	290	270	0.00000
1536	3072	1	130	264	5.93336
1536	3072	1	254	506	0.00000
1024	3072	1	80	408	3.60856
1536	3584	1	46	458	0.67921
1536	3584	1	168	462	0.00000
1536	3584	2	466	106	0.00000
1536	3072	2	362	450	0.00000
1536	3584	2	254	360	0.00000
1536	3584	2	260	256	0.00000
1536	3072	1	410	108	3.50768
1536	3072	1	494	220	2.63449
1024	3584	1	260	48	1.10254
1536	3072	1	110	438	3.59017
1536	3072	1	196	300	3.64497
1536	3072	1	220	186	3.85754
1536	3584	2	8	38	0.00000
1536	3072	1	22	198	0.00000
1536	3072	1	110	28	0.91341
1536	3072	1	212	54	1.14950
1024	3072	1	238	428	1.48192
1024	3072	1	428	318	2.42048
1024	3072	1	374	136	1.45824
1024	3072	1	362	24	2.66075
1024	3072	1	130	78	1.04868
1024	3072	1	280	78	5.40354
1024	3072	1	318	246	0.00000
1024	3072	1	254	248	2.86753
1024	3072	1	174	174	0.69014
1024	3072	1	186	294	0.00000
1024	3072	1	0	226	4.58550
1024	3072	1	124	314	0.00000
1024	3072	1	118	502	0.67474
2048	2048	1	104	50	6.25920
2048	2560	2	166	144	0.00000
2048	2048	2	214	502	0.00000
2048	2048	2	414	10	0.00000
2048	2048	2	504	62	0.00000
2560	2048	2	294	384	0.00000
2560	2560	2	512	12	0.00000
2560	2560	2	312	486	0.00000
2560	2560	2	462	326	0.00000
2048	2560	2	196	414	0.00000
2048	2560	2	168	360	0.00000
2048	2560	2	324	416	0.00000
2048	2560	2	466	482	0.00000
2560	2560	2	16	478	0.00000
2048	2560	2	188	512	0.00000
2048	2560	2	376	512	0.00000
2048	2560	2	444	316	0.00000
2048	2560	2	362	90	0.00000
2048	2560	2	404	38	0.00000
2048	2560	2	234	152	0.00000
2048	2560	2	314	210	0.00000
2560	2560	2	22	158	0.00000
2560	2048	2	436	470	0.00000
2560	2048	2	512	66	0.00000
2048	2048	2	2	78	0.00000
2560	2048	1	120	274	0.52569
2048	2048	1	174	94	0.00000
2048	2048	1	72	196	0.00000
2048	2048	1	160	250	5.69917
2048	2048	1	280	300	6.13611
2048	2048	1	424	158	1.08390
2560	2048	1	30	180	6.07076
2560	2048	1	48	24	1.57701
2560	2048	1	192	22	3.00860
2560	2048	1	458	32	0.00000
2560	2048	1	302	86	0.12659
2560	2048	1	386	162	3.91628
2560	2048	1	162	168	0.36503
2560	2048	1	112	94	0.96543
2560	2048	1	472	180	1.05109
2048	2048	1	188	386	2.37072
2048	2048	1	426	356	2.38678
2048	2048	1	492	326	5.67764
2560	2048	1	260	230	5.03313
2560	2048	1	338	316	1.69515
2560	2048	1	450	330	0.72027
2048	2048	1	104	472	2.22970
2048	2048	1	398	464	5.17435
2560	2048	1	12	442	4.66804
2048	2560	1	292	46	1.26347
2560	2560	1	98	26	2.37660
2560	2048	1	366	408	4.75680
2560	2048	1	342	500	5.41116
2560	2560	1	214	58	6.05916
2048	2560	1	88	80	0.56835
2048	2560	1	14	78	3.87486
2560	2560	1	400	68	1.13119
2560	2560	1	512	132	2.80346
2048	2560	1	140	266	3.09618
2048	2560	1	60	326	0.32175
2048	2560	1	442	106	3.51230
2560	2560	1	120	182	3.80900
2048	2560	1	324	268	0.79002
2048	2560	1	392	300	0.60229
2560	2560	1	14	284	5.11527
2048	2560	1	510	214	2.04700
2048	2560	1	314	136	5.11780
2560	2560	1	406	168	1.87527
2560	2560	1	328	220	5.42463
2560	2560	1	196	278	5.38905
2560	2560	1	226	400	0.00000
2560	2560	1	158	402	0.00000
2560	2560	1	72	442	6.01470
2560	2560	1	418	414	3.79329
2048	2560	1	480	380	0.32175
2048	2560	1	268	478	4.78073
2048	2560	1	76	512	3.17095
2560	2560	1	240	512	3.04944
3072	2048	1	116	210	5.43378
3072	2048	1	64	292	5.37879
3072	2048	1	92	62	0.41491
3072	2048	1	48	430	0.77290
3072	2048	1	32	14	0.30142
3072	2048	1	204	40	4.45861
3072	2048	1	232	118	4.83442
3072	2048	1	372	84	4.12658
3584	2048	1	140	110	0.32175
3584	2048	1	224	0	0.00000
3584	2048	1	252	96	3.97295
3584	2048	1	394	98	6.11116
3584	2048	1	464	60	0.00000
3584	2048	1	384	218	5.21381
3584	2048	1	12	142	3.25225
3584	2048	1	234	274	5.08108
3072	2048	1	334	242	2.74713
3072	2048	1	424	256	3.51832
3072	2048	1	490	298	3.67496
3584	2048	1	72	326	0.72353
3584	2048	1	70	422	3.73378
3584	2048	1	100	492	3.81064
3072	2048	1	332	340	2.22658
3072	2048	1	208	382	4.89138
3072	2048	1	196	458	0.85317
3072	2048	1	364	490	2.49378
3072	2048	1	430	464	2.49442
3584	2048	2	484	224	0.00000
3584	2048	2	512	156	0.00000
3072	2560	2	464	188	0.00000
3584	2560	2	344	132	0.00000
3072	2560	2	24	14	0.00000
3072	2560	1	16	152	3.25991
3072	2560	1	376	120	0.80110
3072	2560	2	436	142	0.00000
3072	2560	1	504	68	3.76041
3072	2560	1	204	14	1.28458
3072	2560	2	314	18	0.00000
3072	2560	1	248	78	4.35589
3072	2560	1	90	102	3.09814
3072	2560	1	136	178	0.81103
3072	2560	1	228	212	0.69045
3072	2560	1	344	264	3.49644
3584	2048	1	388	452	2.97106
3584	2560	1	278	14	1.28901
3584	2560	1	116	80	4.27576
3584	2560	1	194	118	0.63169
3584	2560	1	430	64	3.96279
3584	2560	1	300	86	4.11103
3072	2560	1	148	434	0.33667
3072	2560	1	242	320	3.25474
3584	2560	1	42	196	3.73251
3072	2560	1	496	290	5.64564
3584	2560	1	90	278	0.58800
3072	2560	1	438	332	2.61905
3584	2560	1	462	174	3.75232
3584	2560	1	340	202	3.84277
3584	2560	1	226	204	0.00000
3584	2560	2	340	442	0.00000
3584	2560	1	342	306	1.98902
3584	2560	1	454	298	5.13524
3584	2560	1	422	406	0.83298
3584	2560	2	476	512	0.00000
3584	2560	2	402	500	0.00000
3584	2560	2	318	512	0.00000
3072	2560	1	368	402	5.12557
3072	2560	1	258	500	0.96206
3584	2560	1	144	338	3.20707
3584	2560	1	202	370	0.00000
3584	2560	1	294	388	4.10945
3584	2560	1	16	456	3.18281
3584	2560	1	158	444	2.43496
3584	2560	1	254	478	3.44834
3584	2560	1	508	438	1.65063
3584	2560	1	98	512	2.60798
3072	3072	1	476	130	0.00000
3072	3072	1	144	186	4.34150
3072	3072	1	136	278	1.69789
3072	3072	1	292	252	3.93776
3584	3072	1	90	144	0.60229
3072	3072	1	426	304	4.43240
3072	3072	1	280	348	4.15808
3072	3072	1	60	458	0.54577
3072	3072	1	182	440	2.80028
3072	3072	1	326	418	3.84560
3072	3072	1	72	80	2.88578
3584	3072	2	274	120	0.00000
3584	3072	1	110	242	1.77544
3584	3072	2	202	354	0.00000
3584	3072	1	174	166	2.81984
3584	3072	1	396	226	0.13857
3584	3072	1	258	74	4.52496
3584	3072	2	18	198	0.00000
3584	3072	1	290	190	1.36658
3584	3072	1	426	348	3.10729
3072	3584	1	294	96	1.62444
3072	3584	1	378	36	2.23184
3072	3072	1	442	478	3.12672
3072	3072	1	502	490	3.30913
3072	3072	1	484	290	4.24874
3584	3072	1	36	384	2.95645
3584	3072	1	108	360	2.82784
3072	3584	1	82	94	4.51723
3072	3584	1	76	200	1.27769
3072	3584	2	134	422	0.00000
3072	3584	1	340	166	0.98885
3072	3584	1	172	260	0.83172
3072	3584	1	400	238	0.54679
3072	3584	1	480	248	3.27601
3584	3584	1	14	84	0.95926
3584	3584	1	122	136	0.00000
3584	3072	1	128	452	4.25648
3584	3584	1	110	16	1.41764
3584	3072	1	218	470	3.28124
3584	3584	1	274	6	0.61924
3584	3072	1	378	506	0.54728
3584	3584	1	212	190	0.90225
3584	3584	1	62	232	0.57756
3584	3072	2	378	110	0.00000
3584	3072	1	472	456	0.36398
3584	3584	1	212	88	2.00320
3584	3584	1	282	228	0.00000
3584	3584	1	406	104	0.00000
3584	3584	1	316	98	3.47430
3584	3072	1	314	424	1.40976
3584	3072	1	238	290	5.68563
3584	3072	1	326	358	4.65823
3584	3072	1	512	268	0.00000
3584	3584	1	352	198	2.93113
3072	3584	1	68	370	1.02128
3072	3584	1	258	388	0.42419
3072	3584	1	190	334	0.71980
3072	3584	1	364	362	4.67050
3072	3584	1	454	408	0.72375
3584	3584	1	442	386	4.57260
3584	3584	1	488	228	5.55894
3584	3584	2	160	304	0.00000
3584	3584	2	94	476	0.00000
3584	3584	2	364	454	0.00000
2560	3584	1	240	440	0.00000
2560	3584	1	78	424	1.67182
2048	3584	1	384	186	1.71235
2048	3584	1	268	456	4.21599
2048	3584	1	204	58	5.62230
2560	3072	1	236	446	0.00000
2560	3584	1	366	264	0.00000
2560	3584	1	10	374	4.90704
2560	3584	1	436	336	3.85426
2048	3584	1	214	332	0.00000
2048	3584	1	70	256	0.82519
2048	3584	1	30	392	5.50168
2560	3584	1	124	370	5.04592
2560	3584	1	254	142	4.40754
2048	3584	1	150	204	1.30956
2048	3584	1	112	150	4.56504
2560	3584	1	512	250	2.21159
2048	3584	1	436	262	0.00000
2048	3584	1	78	92	1.28493
2048	3584	1	316	292	0.00000
2560	3072	1	176	472	0.00000
2048	3584	1	146	50	2.92924
2560	3584	1	348	402	5.54079
2560	3584	1	464	384	5.11046
2560	3584	1	172	490	0.00000
2560	3584	1	6	110	0.00000
2560	3584	1	170	288	2.25912
2560	3584	1	276	260	0.00000
2560	3072	1	4	440	0.47480
2560	3584	1	52	264	4.08846
2560	3584	1	42	216	0.68427
2560	3584	1	170	192	2.43859
2560	3584	1	428	160	2.35009
2560	3584	1	480	122	5.72394
2560	3584	1	184	106	3.93499
2048	3584	1	346	478	0.00000
2048	3584	1	184	478	5.73991
2560	3584	1	96	20	1.91476
2560	3584	1	240	64	3.14509
2560	3072	1	376	450	4.65060
2560	3584	1	462	512	0.54346
2560	3584	1	346	512	0.00000
2048	3584	2	380	28	0.00000
2560	3072	1	506	388	0.29547
2560	3072	1	416	312	3.53095
2560	3072	1	436	56	2.13742
2560	3072	1	404	124	5.55158
2560	3072	1	242	28	2.24310
2560	3072	1	276	238	3.75636
2560	3072	1	160	284	4.29400
2560	3072	1	188	346	4.69021
2560	3072	2	92	434	0.00000
2560	3072	2	106	236	0.00000
2560	3072	2	138	74	0.00000
2560	3072	2	226	128	0.00000
2560	3072	2	364	234	0.00000
2560	3584	2	354	36	0.00000
2048	3072	1	190	406	5.18938
2048	3072	2	158	488	0.00000
2048	3072	2	40	368	0.00000
2048	3072	2	212	276	0.00000
2048	3072	2	288	280	0.00000
2048	3072	1	386	416	3.92140
2048	3072	2	304	434	0.00000
2048	3072	1	298	334	0.73550
2048	3072	1	424	312	5.47473
2048	3072	1	458	228	4.41313
2560	3072	1	60	84	2.52155
2048	3072	1	498	82	0.00000
2048	3072	1	408	56	2.30738
2048	3072	1	384	138	5.72287
2048	3072	1	338	222	0.00000
2048	3072	1	220	180	5.28383
2048	3072	1	110	274	0.66052
2048	3072	1	138	102	1.39437
2048	3072	2	192	28	0.00000
2048	3072	2	90	22	0.00000
2048	3072	1	24	106	5.78825
2048	3072	1	26	248	0.00000
2048	3584	1	180	234	0.00000
