1024	2048	1	52	96	6.18802
1024	2048	1	120	230	1.09286
1024	2048	1	212	46	0.90512
1024	2048	1	240	132	3.77182
1024	2048	1	248	358	0.56673
1024	2048	1	490	220	2.96692
1024	2048	1	502	0	0.00000
1536	2048	1	104	64	0.00000
1536	2048	1	126	368	6.15786
1536	2048	1	256	36	0.00000
1536	2048	1	412	0	0.00000
1536	2048	1	364	94	5.43255
1536	2048	2	498	80	0.00000
1536	2048	1	228	146	0.00000
1536	2048	1	466	242	3.13155
1536	2048	1	512	288	0.56049
1536	2048	1	388	336	2.34415
1536	2048	1	238	266	3.69078
1536	2048	1	264	356	4.57686
1024	2560	1	80	144	3.23964
1024	2560	1	282	40	1.12520
1024	2560	1	32	198	2.17250
1024	2560	1	480	60	2.49010
1536	2048	1	290	472	1.68694
1536	2048	1	442	482	0.00000
1536	2560	1	126	34	1.46488
1024	2560	1	22	282	5.33595
1024	2560	1	132	302	3.12416
1024	2560	2	202	286	0.00000
1024	2560	1	34	496	4.83919
1024	2560	1	100	410	2.83627
1024	2560	1	262	296	4.11450
1024	2560	1	242	384	0.90975
1024	2560	1	248	482	0.54306
1536	2560	1	42	122	0.00000
1536	2560	1	276	90	3.86042
1536	2560	1	512	136	0.47521
1536	2560	1	434	140	0.30499
1536	2560	1	150	164	0.00000
1024	2560	1	382	490	1.19302
1536	2560	1	24	218	1.76707
1024	2560	1	478	328	1.75140
1024	2560	1	390	366	5.24036
1536	2560	1	76	330	2.97811
1536	2560	1	248	228	0.00000
1536	2560	1	342	256	0.00000
1536	2560	1	460	284	0.80623
1536	2560	1	200	322	5.54053
1536	2560	1	44	420	5.41896
1536	2560	1	198	456	3.04538
1536	2560	1	408	436	1.83221
1536	2560	1	92	512	2.76563
1536	2560	1	370	508	5.62214
1536	2560	1	512	442	2.46049
1536	3072	1	384	12	5.83290
1536	3072	1	512	108	1.92957
1536	3072	1	376	162	3.47398
1536	3072	1	448	286	6.12378
1536	3072	1	288	106	1.95180
1536	3072	1	238	226	3.19465
1536	3072	1	188	174	3.36539
1536	3072	1	302	314	0.00000
1536	3072	1	450	458	0.00000
1536	3072	1	512	512	2.35038
1536	3072	2	366	464	0.00000
1536	3072	1	134	36	2.41160
1536	3072	1	100	200	6.09320
1536	3584	1	278	24	2.42648
1536	3072	1	150	444	5.37000
1536	3584	2	462	120	0.00000
1536	3584	1	388	148	0.47684
1536	3584	1	512	242	3.65265
1536	3584	1	512	416	4.52417
1536	3584	1	402	252	3.86499
1536	3584	1	454	322	1.61838
1536	3584	1	322	250	3.23717
1536	3584	1	398	428	5.68699
1536	3584	1	290	492	0.63732
1536	3584	1	250	382	1.38239
1536	3584	1	150	430	0.20926
1536	3584	1	62	454	0.17070
1024	3584	1	498	462	0.16624
1024	3584	1	302	420	6.08968
1024	3584	1	232	478	0.01846
1024	3584	1	46	516	2.40244
1024	3584	1	50	386	2.72219
1536	3584	1	126	300	1.80557
1024	3584	1	472	304	0.91120
1024	3584	1	398	366	2.01317
1024	3584	1	100	290	0.00000
1024	3584	1	352	250	5.79964
1536	3584	1	156	198	4.56743
1024	3584	1	504	176	4.62987
1024	3584	1	360	132	1.50838
1024	3584	1	244	156	0.20408
1024	3584	1	176	172	3.13961
1024	3584	1	98	144	0.52067
1536	3584	1	78	42	3.22833
1024	3584	1	492	66	3.46530
1024	3584	1	2	130	0.78615
1024	3584	1	384	26	1.24994
1024	3072	1	330	480	1.09314
1024	3584	1	192	2	2.24122
1024	3072	1	64	488	3.64237
1024	3072	1	0	432	5.98950
1024	3072	1	220	426	0.72099
1024	3072	1	124	322	4.76599
1024	3072	1	488	440	1.30243
1024	3072	1	498	358	1.12410
1024	3072	1	406	340	3.46203
1024	3072	1	324	298	0.49452
1024	3072	2	246	274	0.00000
1024	3072	1	152	204	5.28198
1024	3072	1	72	134	0.00000
1536	3072	1	20	240	5.86789
1536	3072	1	42	70	4.27165
1024	3072	1	422	94	2.73521
1024	3072	1	4	112	0.20974
1024	3072	1	334	148	0.00000
1024	3072	1	262	114	0.00000
1024	3072	1	152	72	5.17604
1024	3072	1	224	4	0.75543
1024	3072	2	478	34	0.00000
1536	3584	2	368	58	0.00000
1536	3584	1	512	108	0.69406
1536	3584	2	258	266	0.00000
2560	2560	1	206	458	2.55940
2048	2560	1	32	404	2.21311
2048	2560	1	502	262	2.49091
2560	2560	1	296	368	0.00000
2560	2560	1	422	474	5.44015
2048	2560	1	282	336	4.56500
2560	2560	1	506	420	5.97444
2048	2560	1	148	300	0.42335
2560	2560	1	124	512	1.52996
2048	2560	1	100	206	0.21896
2560	2560	1	254	200	3.99931
2048	2560	1	328	512	4.33345
2560	2560	1	88	388	3.62048
2560	2560	1	382	256	0.09601
2560	2560	1	178	88	2.42880
2048	2560	1	276	106	5.37177
2560	2560	1	136	228	0.11874
2048	2560	1	436	480	0.19595
2048	2560	1	510	32	4.03926
2048	2560	1	380	266	6.20887
2560	2560	2	312	488	0.00000
2048	2560	2	322	430	0.00000
2048	2560	2	234	152	0.00000
2048	2560	2	168	364	0.00000
2560	2560	2	462	332	0.00000
2048	2560	2	198	414	0.00000
2048	2560	2	160	506	0.00000
2048	2560	2	406	158	0.00000
2048	2560	2	408	50	0.00000
2560	2560	2	22	166	0.00000
2560	2560	2	300	10	0.00000
2048	2560	1	142	22	5.66901
2048	2560	1	40	18	2.26281
2048	2560	1	314	4	5.00609
2048	2048	1	390	452	5.21998
2048	2048	1	96	354	3.98757
2048	2048	1	208	330	3.21096
2048	2048	1	464	354	0.07142
2560	2560	1	408	104	2.16002
2560	2048	1	214	446	1.90437
2560	2048	1	44	368	3.97542
2560	2048	1	476	512	3.71323
2048	2048	1	334	280	3.98275
2048	2048	1	24	272	0.50457
2560	2048	1	244	322	4.01906
2048	2048	1	64	150	0.94881
2560	2048	1	112	266	5.70460
2560	2048	1	370	432	2.81146
2560	2048	2	290	388	0.00000
2048	2048	1	472	196	1.57065
2048	2048	1	376	112	0.13524
2048	2048	2	226	106	0.00000
2048	2048	2	144	152	0.00000
2048	2048	1	128	66	5.57409
2560	2048	1	190	116	0.00000
2560	2048	1	308	104	0.00000
2560	2048	1	390	190	0.82866
2560	2048	1	432	352	1.58814
2560	2048	1	448	66	2.28429
2560	2048	1	28	24	3.58700
2560	2048	1	78	118	3.82955
2560	2048	1	176	216	2.75168
2048	2560	2	320	204	0.00000
2048	2560	2	444	292	0.00000
2048	2560	1	98	418	3.25514
2560	2048	2	314	14	0.00000
2560	2048	2	350	62	0.00000
3072	2560	2	428	136	0.00000
3072	2560	2	308	28	0.00000
3072	2560	2	464	192	0.00000
3584	2560	2	344	130	0.00000
3584	2560	2	192	404	0.00000
3584	2560	1	486	350	2.80729
3584	2560	1	378	360	1.49402
3072	2560	2	160	74	0.00000
3584	2560	1	394	290	1.28182
3584	2560	1	366	456	3.26992
3584	2560	1	312	442	5.84183
3584	2560	1	168	512	4.73334
3584	2560	1	218	450	4.37938
3584	2560	1	384	150	2.92456
3584	2560	1	312	232	3.79363
3584	2560	1	168	254	1.89679
3584	2560	1	76	332	1.62852
3584	2560	1	484	86	5.83896
3584	2560	1	466	184	2.49667
3584	2560	1	242	142	3.08215
3072	2560	1	438	328	5.02183
3584	2560	1	214	352	4.05516
3584	2560	1	22	422	1.50401
3072	2560	1	42	320	0.00000
3584	2560	1	4	502	4.91720
3072	2560	1	376	438	1.59281
3584	2560	1	24	256	0.82438
3584	2560	1	94	152	5.27844
3584	2560	1	70	62	5.21109
3072	2560	1	240	484	1.82217
3072	2560	1	346	222	3.86287
3072	2560	1	272	340	3.27203
3072	2560	1	172	376	0.00000
3072	2560	1	192	264	3.04314
3072	2560	1	92	416	3.88206
3072	2560	1	400	512	0.00000
3072	2560	1	158	168	1.17459
3072	2560	1	84	512	2.25001
3072	2560	1	48	152	0.59572
3072	2560	1	48	58	4.24614
3072	2560	1	334	102	3.81224
3072	2560	1	240	76	5.75155
3072	2048	1	480	510	3.38998
3584	2048	1	68	460	0.20786
3072	2560	1	486	120	2.07545
3072	2048	1	386	462	1.61278
3584	2560	1	384	40	0.87004
3584	2048	1	420	356	5.56643
3584	2048	1	308	492	3.45089
3584	2560	1	140	24	2.66230
3584	2048	1	246	420	2.90937
3584	2048	1	172	430	2.68541
3072	2048	1	476	198	5.31142
3584	2048	1	370	208	5.41343
3584	2048	1	310	292	2.74331
3584	2048	1	120	206	2.17402
3584	2048	1	58	358	0.95434
3072	2048	1	334	372	4.44635
3072	2048	1	426	304	2.75395
3584	2048	1	124	98	6.13515
3584	2048	1	226	96	4.12764
3584	2048	1	380	90	0.00000
3584	2560	2	136	298	0.00000
3584	2048	1	462	60	0.00000
3584	2048	1	512	118	0.00000
3584	2048	1	224	16	0.00000
3072	2048	1	352	246	3.28197
3072	2048	1	270	78	5.17807
3072	2048	1	270	192	2.68789
3072	2048	1	208	232	2.51890
3072	2048	1	174	298	5.71557
3072	2048	1	118	456	2.20686
3072	2048	1	102	358	5.08335
3072	2048	1	50	274	0.37220
3072	2048	1	54	68	2.73471
3072	2048	1	158	58	3.00157
3072	2048	1	92	24	0.00000
3584	2048	1	512	500	4.34703
3072	3072	1	392	280	1.70150
3072	3072	1	256	132	0.36827
3072	3072	1	338	204	4.11904
3072	3072	1	154	140	3.93167
3072	3072	1	70	274	4.15763
3072	3072	1	210	246	2.44579
3072	3072	1	124	372	0.36164
3072	3072	1	220	484	2.34525
3072	3072	1	216	378	2.17828
3584	3072	1	44	144	0.14190
3072	3072	1	406	48	0.00000
3584	3072	1	140	144	3.36197
3584	3072	1	258	188	5.15268
3584	3072	1	62	300	1.64086
3584	3072	1	166	348	0.72319
3072	3072	1	466	376	4.22482
3072	3072	1	460	462	3.98353
3072	3072	1	350	434	3.17908
3072	3072	1	332	340	1.10715
3072	3072	1	108	36	1.82279
3072	3584	1	216	86	1.36888
3072	3584	1	106	24	0.51915
3072	3072	1	42	450	3.24399
3072	3584	1	346	76	5.94828
3072	3584	1	426	62	2.40168
3072	3584	1	188	176	5.82035
3072	3584	1	86	242	2.56322
3072	3584	1	346	184	2.21004
3072	3584	1	486	218	4.67661
3584	3584	1	60	132	5.89668
3584	3584	1	112	74	0.00000
3584	3584	1	190	102	6.01033
3584	3072	1	46	466	4.26501
3584	3072	1	194	504	2.42244
3584	3072	1	264	380	6.20910
3584	3072	1	354	370	0.35877
3584	3072	1	252	96	5.75297
3072	3584	1	32	158	0.64676
3584	3072	1	432	156	2.89703
3584	3072	1	368	66	4.19750
3584	3072	1	462	88	2.52264
3584	3584	1	294	74	3.66014
3584	3072	1	378	500	3.14895
3584	3584	1	466	14	3.62933
3584	3584	1	400	176	3.61568
3584	3584	1	300	206	3.46334
3584	3584	1	218	244	0.45355
3072	3584	1	468	298	1.34377
3584	3072	2	2	206	0.00000
3072	3584	1	198	330	6.15591
3584	3584	1	6	414	0.04682
3072	3584	1	354	448	3.01724
3072	3584	1	90	408	1.67248
3072	3584	1	112	474	1.47037
3072	3584	1	88	328	1.97147
3072	3584	1	450	416	3.03094
3584	3584	1	90	386	3.19185
3584	3584	1	130	320	2.98923
3584	3584	1	156	212	6.00489
3584	3072	1	366	206	2.45118
3584	3584	1	404	300	1.81050
3584	3584	1	262	356	2.97200
3584	3584	1	332	430	5.69802
3584	3584	1	212	484	0.36049
3584	3584	1	414	360	2.16906
3584	3584	1	450	474	4.53184
3584	3584	1	502	68	0.53015
3584	3584	1	510	214	5.31003
3584	3072	2	358	270	0.00000
2560	3072	1	400	52	5.02633
2560	3072	1	508	102	3.35954
2560	3072	1	266	94	5.07668
2560	3072	1	402	180	2.95757
2560	3072	1	482	246	0.79657
2560	3072	1	144	8	2.03874
2560	3072	2	134	76	0.00000
2560	3072	2	236	134	0.00000
2560	3072	2	350	238	0.00000
2048	3072	1	144	44	0.47117
2048	3072	1	284	14	4.41343
2048	3072	1	408	24	0.57698
2048	3072	1	486	58	3.66405
2560	3072	1	62	144	1.63813
2048	3072	1	406	136	5.25522
2048	3072	1	286	136	5.17700
2048	3072	1	204	194	5.33992
2048	3072	1	60	188	4.84550
2048	3072	1	52	112	1.85090
2048	3072	1	342	232	2.22142
2560	3072	1	2	230	1.50253
2048	3072	2	288	274	0.00000
2048	3072	1	50	276	4.15599
2048	3072	1	204	342	3.64049
2048	3072	1	88	362	5.69232
2560	3072	1	28	334	0.81171
2560	3072	2	98	222	0.00000
2560	3072	1	126	260	0.35396
2560	3072	1	176	328	0.48690
2560	3072	1	268	320	0.00000
2560	3072	1	390	356	2.46843
2560	3072	1	500	398	0.00000
2048	3072	1	360	338	4.57177
2048	3072	1	396	414	4.09256
2048	3072	2	308	428	0.00000
2048	3072	2	174	470	0.00000
2048	3584	2	370	18	0.00000
2560	3072	2	36	440	0.00000
2560	3072	2	106	414	0.00000
2048	3072	1	88	466	2.22187
2048	3072	1	30	512	5.68060
2048	3584	1	210	38	5.68984
2560	3072	1	138	458	0.71601
2560	3072	1	220	452	0.00000
2560	3584	1	108	26	4.47195
2560	3072	1	428	482	2.87860
2560	3584	1	4	50	0.00000
2048	3584	1	370	132	0.50710
2048	3584	1	250	166	3.38697
2048	3584	1	40	112	4.19243
2048	3584	1	436	200	1.44313
2048	3584	1	124	220	2.42333
2048	3584	1	30	228	0.78540
2560	3584	1	160	78	4.65645
2560	3584	1	266	16	4.17555
2560	3584	1	324	86	3.12105
2560	3584	1	380	78	0.00000
2560	3584	1	486	52	1.42417
2560	3584	1	510	172	0.55270
2560	3584	1	462	174	6.28166
2560	3584	1	404	256	2.41069
2560	3584	1	148	156	2.61096
2560	3584	1	66	198	2.64149
2048	3584	1	508	274	1.82009
2048	3584	1	312	266	4.44109
2560	3584	1	154	274	2.70918
2560	3584	1	222	214	3.50679
2560	3584	1	298	206	2.44426
2560	3584	1	472	352	4.55287
2560	3584	1	366	372	0.00000
2560	3584	1	296	316	0.00000
2560	3584	1	234	368	2.97867
2560	3584	1	410	478	3.62667
2560	3584	1	296	462	0.96099
2560	3584	1	112	394	6.05328
2560	3584	1	204	508	6.04973
2048	3584	1	498	472	0.84269
2048	3584	1	506	372	1.21145
2048	3584	1	108	472	0.00000
2048	3584	1	96	346	5.27659
2048	3584	1	24	420	1.25686
2048	3584	1	398	506	0.00000
2048	3584	1	390	372	0.00000
2048	3584	1	322	392	3.09326
2048	3584	1	268	394	5.47661
2560	3584	1	66	512	0.19135
