1024	2048	1	50	112	6.11201
1024	2048	1	92	8	2.63475
1024	2048	1	116	234	0.58800
1024	2048	1	212	68	0.28950
1024	2048	1	346	46	4.95916
1536	2048	1	10	2	0.00000
1536	2048	1	126	0	0.00000
1024	2048	1	240	348	0.24607
1536	2048	1	80	138	0.00000
1024	2048	1	490	216	3.41950
1536	2048	1	510	204	1.19781
1536	2048	1	512	338	0.82266
1536	2048	2	494	70	0.00000
1536	2048	1	372	36	5.26837
1536	2048	1	290	74	5.00872
1536	2048	2	228	144	0.00000
1536	2048	1	198	220	4.60645
1536	2048	1	372	374	2.97493
1536	2048	1	234	300	4.92414
1536	2048	1	50	290	3.11937
1536	2048	1	142	320	2.71073
1536	2048	1	182	424	0.77989
1536	2048	1	22	446	0.81219
1024	2560	1	88	134	3.22377
1024	2560	1	316	26	1.32582
1024	2560	1	422	14	3.80956
1536	2048	1	496	476	1.69515
1536	2560	1	416	24	5.45020
1536	2560	1	266	50	3.58758
1024	2560	1	172	226	4.34355
1024	2560	1	44	284	1.10715
1024	2560	1	26	466	4.16799
1024	2560	1	124	348	3.39551
1024	2560	2	190	278	0.00000
1024	2560	1	194	468	5.75679
1024	2560	1	388	322	0.00000
1024	2560	1	494	94	1.45700
1536	2560	1	80	74	0.00000
1536	2560	1	182	62	0.13373
1536	2560	1	84	226	2.07014
1024	2560	1	502	306	2.33971
1024	2560	1	418	500	1.58203
1024	2560	1	468	434	1.98629
1536	2560	1	70	436	5.44661
1536	2560	1	136	342	3.96495
1536	2560	1	224	234	6.00489
1536	2560	1	340	114	0.29258
1536	2560	1	438	156	2.46134
1536	2560	1	320	258	5.58093
1536	2560	1	250	386	0.63145
1536	2560	1	414	318	2.80390
1536	2560	1	480	244	0.00000
1536	2560	1	424	428	2.04238
1536	2560	1	254	494	1.30483
1536	2560	1	386	512	1.77926
1024	3584	2	168	30	0.00000
1536	3584	2	476	114	0.00000
1536	3072	2	378	466	0.00000
1536	3584	2	14	50	0.00000
1024	3072	2	500	302	0.00000
1024	3584	1	132	450	0.00000
1024	3584	1	60	382	3.19589
1024	3584	1	232	412	0.64716
1024	3584	1	488	448	0.56185
1536	3584	1	62	462	0.61193
1536	3584	1	192	448	0.49362
1536	3584	1	318	454	5.38375
1536	3584	1	408	326	5.65025
1024	3584	1	414	354	1.21349
1024	3584	1	164	282	1.51889
1536	3584	1	158	376	1.64529
1536	3584	1	266	310	2.27942
1536	3584	2	498	328	0.00000
1024	3584	1	86	98	1.07401
1024	3584	1	242	180	1.57653
1024	3584	1	252	60	0.52240
1024	3584	1	324	124	2.61383
1024	3584	1	418	158	1.94241
1024	3584	1	478	86	2.19543
1536	3584	1	50	200	3.02905
1536	3584	1	126	86	0.93857
1536	3584	1	312	210	5.84966
1536	3584	1	378	116	4.84271
1536	3584	1	206	138	2.40850
1536	3584	1	164	224	2.52592
1536	3072	1	284	490	4.53825
1536	3072	1	152	458	3.60524
1024	3072	1	400	412	0.81884
1024	3072	1	98	418	5.91385
1024	3072	1	218	342	5.43805
1024	3072	1	316	264	0.00000
1536	3072	1	40	414	1.81722
1536	3072	1	336	360	0.94031
1536	3072	1	438	382	1.16590
1536	3072	1	436	228	0.00000
1024	3072	1	136	182	0.55617
1024	3072	1	124	326	2.75717
1024	3072	2	36	482	0.00000
1024	3072	1	242	200	3.36123
1024	3072	1	312	104	5.42174
1024	3072	1	136	86	4.40139
1024	3072	1	450	152	3.52528
1536	3072	1	44	86	0.53172
1536	3072	1	96	164	3.76266
1536	3072	1	152	196	4.30927
1536	3072	1	216	310	2.52858
1536	3072	1	268	192	4.14907
1536	3072	1	346	248	4.28895
1536	3072	2	426	122	0.00000
1536	3072	1	390	74	2.45464
2048	2048	1	406	478	5.31443
2048	2560	2	234	8	0.00000
2048	2560	1	140	40	1.77767
2048	2560	1	286	82	0.79877
2048	2560	1	174	256	1.64217
2048	2048	1	94	352	0.46365
2048	2048	2	34	458	0.00000
2048	2048	1	20	348	0.30588
2048	2048	1	12	200	1.19740
2048	2048	1	104	112	0.00810
2048	2048	1	160	20	6.12251
2048	2048	1	160	254	5.75003
2048	2048	1	230	146	4.79385
2048	2048	1	340	136	0.87090
2560	2048	1	22	216	5.98609
2048	2560	2	358	156	0.00000
2048	2560	2	410	54	0.00000
2048	2560	1	18	314	6.00562
2048	2048	1	170	392	3.96471
2048	2048	1	300	326	0.00000
2048	2048	1	366	292	0.00000
2560	2048	1	118	252	5.56328
2560	2048	1	248	332	0.33663
2560	2048	1	358	254	3.61988
2560	2048	1	498	178	0.83929
2560	2048	1	440	310	1.58174
2560	2048	1	452	510	4.34787
2560	2560	1	486	74	4.64582
2560	2560	1	442	162	1.27411
2560	2560	1	502	222	4.67561
2560	2560	1	328	240	0.14694
2560	2560	1	208	198	6.26191
2560	2560	1	166	446	0.00000
2560	2560	1	252	394	3.79472
2560	2560	1	358	376	5.77508
2560	2560	1	434	346	5.64670
2048	2560	1	258	412	0.61339
2048	2560	1	340	312	2.22024
2560	2560	2	302	478	0.00000
2560	2560	2	24	480	0.00000
2048	2560	2	466	474	0.00000
2048	2560	2	338	426	0.00000
2048	2560	2	158	156	0.00000
2048	2560	2	224	160	0.00000
2048	2560	2	312	194	0.00000
2560	2560	2	22	164	0.00000
2560	2048	2	130	24	0.00000
2048	2048	2	410	14	0.00000
2048	2048	2	496	72	0.00000
2560	2048	2	306	404	0.00000
2048	2048	1	448	234	2.96921
2048	2048	1	500	434	3.48143
2560	2048	1	108	406	3.60524
2560	2048	1	196	128	6.00969
2560	2048	1	310	102	6.08579
2560	2048	1	364	36	0.00000
2048	2560	1	466	96	3.90790
2560	2048	1	432	56	0.00000
2560	2560	1	100	12	1.70423
2560	2560	1	222	48	2.93565
2560	2560	1	334	10	0.13314
2560	2560	1	134	178	4.02837
2048	2560	1	498	240	1.66836
2560	2560	1	152	298	5.74971
2560	2560	1	78	450	5.91082
2048	2560	1	486	378	2.96972
2048	2560	1	370	512	0.97988
2048	2560	2	74	488	0.00000
2048	2560	1	154	340	2.06722
2048	2560	1	154	512	0.91972
2560	2560	1	462	512	6.20076
2560	2048	1	72	110	3.15180
2560	2560	2	294	20	0.00000
2048	2560	2	444	318	0.00000
3072	2560	1	498	434	3.09774
3072	2048	2	18	64	0.00000
3072	2048	1	86	56	0.31010
3072	2048	1	78	172	3.79729
3072	2048	1	210	38	4.29806
3072	2048	1	230	104	4.25918
3072	2048	1	268	168	4.35362
3072	2048	1	338	256	2.07087
3072	2048	1	382	72	2.87215
3072	2048	1	418	208	2.58610
3072	2048	1	502	68	5.94196
3584	2048	1	118	26	1.73152
3584	2048	1	254	92	3.89377
3584	2560	1	182	322	0.00000
3584	2048	1	390	98	6.06404
3584	2048	1	466	58	0.00000
3072	2048	1	102	254	0.30668
3072	2048	1	198	302	2.68708
3072	2048	1	330	368	4.13627
3072	2048	1	430	382	3.04192
3584	2048	1	22	332	0.23585
3072	2560	1	380	474	6.21242
3072	2048	1	92	430	3.05643
3072	2048	1	304	458	1.58032
3072	2560	1	488	38	3.10066
3584	2048	1	74	430	3.97576
3584	2560	1	376	376	3.06880
3072	2560	1	52	482	2.91148
3584	2560	1	168	480	2.30810
3072	2560	1	0	90	4.81206
3584	2560	1	234	50	0.00000
3584	2048	1	114	502	4.63562
3584	2560	1	326	46	0.71249
3584	2560	1	440	82	4.21781
3584	2560	1	458	190	2.51512
3072	2560	2	436	128	0.00000
3072	2560	2	464	180	0.00000
3584	2560	2	400	244	0.00000
3072	2560	2	164	402	0.00000
3584	2560	2	354	454	0.00000
3584	2560	2	342	124	0.00000
3072	2560	1	364	44	0.97652
3072	2560	1	212	22	4.89363
3072	2560	1	108	84	2.54910
3072	2560	1	266	156	2.76238
3072	2560	1	154	190	1.51044
3072	2560	1	0	238	4.71320
3584	2560	1	108	84	1.37239
3584	2560	1	178	142	2.95440
3584	2560	1	46	168	0.00000
3584	2560	1	114	208	3.32824
3072	2560	1	246	322	3.02474
3072	2560	1	346	222	3.30711
3072	2560	1	456	270	3.75375
3584	2560	1	86	320	1.18019
3584	2048	1	164	150	0.00000
3584	2560	1	316	198	4.56614
3584	2560	1	478	466	5.84656
3584	2560	1	312	482	5.80067
3584	2560	1	454	358	2.91310
3584	2048	1	248	272	4.93737
3584	2048	1	388	434	2.36726
3584	2048	1	378	212	5.29087
3584	2048	1	512	504	2.65104
3584	2560	1	288	394	4.33940
3584	2560	1	276	322	4.25587
3584	2560	1	512	350	3.05410
3584	2560	1	268	512	2.45165
3584	2560	1	76	446	5.79705
3072	2560	2	170	80	0.00000
3072	3072	1	242	96	5.72203
3072	3072	1	348	92	5.73034
3072	3072	1	78	96	4.60915
3072	3072	1	68	210	5.06484
3072	3072	1	228	238	3.05540
3072	3072	1	42	284	2.44507
3072	3072	1	294	284	3.73577
3072	3072	1	396	306	2.26084
3584	3072	1	12	44	1.31602
3584	3072	1	104	156	2.90272
3584	3072	1	182	72	5.37934
3584	3072	2	252	136	0.00000
3584	3072	2	336	112	0.00000
3584	3072	1	428	82	3.62251
3584	3072	1	24	144	0.17308
3072	3072	1	482	288	3.06248
3584	3072	1	284	192	1.12614
3072	3072	1	178	358	0.00000
3584	3072	1	104	292	3.11168
3072	3072	2	374	24	0.00000
3584	3072	1	450	176	1.60924
3584	3072	1	398	246	5.53924
3584	3072	1	302	274	1.23954
3584	3072	2	200	308	0.00000
3072	3072	1	58	440	3.54927
3072	3072	1	318	420	3.28977
3072	3072	1	414	406	4.19495
3584	3072	1	26	370	3.71896
3584	3072	1	196	376	1.60924
3584	3072	2	348	320	0.00000
3584	3072	1	398	378	3.36037
3584	3072	1	482	404	6.10779
3072	3072	1	124	508	0.26409
3072	3072	1	256	494	5.71862
3072	3072	1	494	466	1.71829
3584	3072	1	298	404	0.74107
3584	3072	1	148	426	2.09588
3584	3072	1	90	472	6.02019
3584	3072	1	282	482	1.58763
3584	3584	1	380	64	2.44092
3584	3584	1	474	120	0.00000
3584	3584	1	218	22	2.50606
3072	3584	1	486	20	5.21559
3072	3584	1	378	74	5.23953
3072	3584	1	54	66	1.73595
3072	3584	1	70	168	0.85844
3072	3584	1	300	112	5.34146
3072	3584	1	284	200	1.60830
3072	3584	1	478	138	0.62991
3584	3584	1	34	176	0.14052
3584	3584	1	102	122	2.87316
3584	3584	1	162	72	5.34384
3072	3584	1	210	250	2.42694
3072	3584	1	100	264	1.94378
3072	3584	1	112	330	1.37848
3072	3584	1	256	368	0.78953
3072	3584	1	394	248	1.24905
3584	3584	1	222	198	1.57768
3584	3584	1	362	196	0.82268
3584	3584	1	370	296	4.22596
3584	3584	1	108	252	3.79324
3072	3584	1	422	314	0.70106
3584	3584	1	188	278	1.38564
3072	3584	1	344	400	1.54269
3072	3584	1	400	484	1.79655
3584	3584	1	386	398	0.35564
3584	3584	1	474	360	0.78540
2048	3072	1	308	176	0.00000
2048	3072	1	14	0	0.00000
2048	3072	1	130	14	0.79032
2048	3072	1	28	132	5.85939
2048	3072	1	168	118	4.63562
2048	3072	2	194	24	0.00000
2560	3072	2	142	74	0.00000
2560	3072	2	226	126	0.00000
2560	3072	2	346	236	0.00000
2560	3072	2	96	224	0.00000
2048	3072	1	346	0	0.92730
2048	3072	1	448	36	0.87958
2560	3072	1	38	84	0.97626
2560	3072	1	24	182	0.81114
2048	3072	1	100	222	4.62925
2048	3072	1	60	298	2.15880
2048	3072	2	162	468	0.00000
2048	3072	2	40	374	0.00000
2048	3072	1	104	476	5.89725
2048	3584	1	38	12	2.31670
2560	3072	1	320	44	4.23732
2560	3072	1	452	46	0.00000
2560	3072	1	420	292	4.22549
2560	3072	1	212	180	4.99651
2048	3072	1	182	346	0.87971
2560	3072	2	92	434	0.00000
2048	3072	1	348	340	0.57670
2048	3072	1	238	402	4.26570
2048	3584	1	216	40	5.23608
2048	3584	1	178	126	4.84578
2048	3584	1	136	178	0.44395
2048	3072	1	408	448	5.31969
2048	3072	1	346	508	1.73381
2048	3072	1	440	362	4.51462
2560	3072	1	38	326	0.48714
2560	3072	1	280	416	5.22362
2560	3072	1	170	328	5.43294
2560	3584	1	130	16	0.00000
2560	3072	1	210	446	0.00000
2560	3584	1	252	42	4.74941
2560	3584	1	294	124	5.11411
2560	3584	1	182	122	5.42484
2560	3584	1	26	122	0.60866
2048	3584	1	406	180	0.00000
2048	3584	1	252	210	0.40787
2560	3072	1	462	452	0.00000
2048	3584	1	52	354	5.66047
2560	3584	1	438	140	3.12089
2560	3584	1	512	54	1.75614
2048	3584	1	334	284	0.00000
2048	3584	1	404	376	0.00000
2560	3584	1	98	222	3.55975
2560	3584	1	28	228	0.52109
2560	3584	1	110	396	0.11568
2560	3584	1	46	386	5.90566
2048	3584	1	218	456	5.88928
2048	3584	1	292	396	4.40503
2560	3584	1	392	378	0.00000
2560	3584	1	330	386	5.92441
2560	3584	2	280	440	0.00000
2560	3584	1	176	436	0.17058
2560	3584	1	186	310	1.90509
2560	3584	1	210	214	1.83810
2560	3584	1	350	216	4.96685
2560	3584	1	356	276	4.76297
2048	3584	1	492	356	5.57891
2560	3584	1	510	406	1.44547
2048	3584	1	194	236	0.48010
2560	3584	1	510	294	1.81371
2560	3584	1	512	480	2.17906
