1024	2048	1	224	164	5.56633
1024	2048	1	320	218	4.18234
1024	2048	2	208	70	0.00000
1024	2048	1	268	0	0.02127
1024	2048	1	356	0	0.00000
1024	2048	1	442	0	0.00000
1024	2048	1	512	4	0.00000
1536	2048	1	62	74	6.20008
1536	2048	1	110	0	5.91520
1536	2048	1	190	32	2.73670
1536	2048	1	330	32	4.74795
1536	2048	2	492	58	0.00000
1536	2048	1	440	0	3.09617
1536	2048	1	280	86	5.65599
1536	2048	1	222	134	0.00000
1024	2048	1	198	274	1.64384
1024	2048	1	210	384	0.52807
1024	2048	1	480	308	6.05905
1536	2048	1	174	310	4.58620
1536	2048	1	404	186	1.85685
1536	2048	1	294	308	3.33634
1024	2560	1	306	16	1.29985
1024	2048	1	322	442	4.88354
1536	2560	1	34	38	0.00000
1536	2048	1	376	362	0.00000
1536	2048	1	466	310	5.81954
1536	2048	1	100	418	1.81236
1536	2560	1	138	6	2.60117
1536	2048	1	294	450	1.94737
1536	2048	2	236	374	0.00000
1536	2048	1	512	458	3.12226
1536	2048	1	432	488	1.73133
1024	2560	1	106	196	3.31404
1024	2560	1	238	182	3.15826
1024	2560	1	414	214	2.16380
1536	2560	1	110	116	1.41747
1536	2560	1	266	10	1.43292
1536	2560	1	68	256	5.91601
1536	2560	1	244	112	1.00623
1536	2560	1	356	92	3.00265
1536	2560	1	486	124	4.12177
1024	2560	1	0	308	4.08784
1024	2560	1	58	358	4.00964
1024	2560	1	276	366	2.46379
1024	2560	1	470	420	0.10147
1536	2560	1	94	376	4.31038
1024	2560	1	376	364	0.79984
1536	2560	1	174	240	0.34302
1024	2560	2	196	282	0.00000
1536	2560	1	252	444	4.76389
1536	2560	1	260	294	2.87076
1536	2560	1	388	374	0.00000
1536	2560	1	302	248	5.51847
1536	2560	1	512	346	1.07100
1536	2560	1	446	294	2.95624
1536	2560	1	512	216	4.98500
1536	2560	1	348	344	0.85608
1024	2560	1	120	438	0.67575
1024	2560	1	176	480	3.69142
1024	2560	1	270	498	5.96143
1024	2560	1	374	512	3.62814
1536	2560	1	44	482	0.97705
1536	2560	1	128	510	4.76867
1536	2560	1	342	512	4.76363
1536	2560	1	500	452	3.58397
1024	2048	1	44	20	0.00000
1024	3072	1	0	106	5.55143
1024	3072	1	178	68	1.63797
1024	3072	1	288	4	0.00000
1024	3072	1	368	46	0.48918
1024	3072	1	276	160	5.78776
1024	3072	1	190	214	0.57744
1024	3072	1	44	258	2.99970
1024	3072	1	114	226	2.78414
1024	3072	1	468	144	0.13553
1024	3072	2	474	28	0.00000
1024	3072	1	68	372	4.09979
1024	3072	1	78	452	1.00453
1024	3072	1	116	496	3.93612
1024	3072	1	210	440	5.45304
1024	3072	1	246	324	0.70863
1024	3072	1	450	386	0.00000
1024	3072	2	498	308	0.00000
1024	3584	1	58	120	3.88858
1024	3584	1	94	482	5.97793
1536	3072	1	70	104	0.33206
1536	3072	1	130	214	5.17945
1536	3072	1	296	78	1.67374
1536	3072	1	452	144	2.56670
1024	3584	1	408	156	0.00000
1536	3072	1	118	468	3.44999
1536	3072	1	38	444	3.39596
1536	3072	1	252	210	0.12659
1536	3072	1	308	232	3.30674
1536	3072	1	386	188	0.00000
1024	3584	1	226	136	0.00000
1024	3584	1	330	248	0.00000
1024	3584	1	434	24	1.28182
1024	3584	1	334	94	2.87288
1024	3584	1	428	364	0.00000
1536	3584	1	32	322	5.35948
1536	3584	1	12	134	1.24905
1536	3584	1	44	212	4.55844
1536	3584	1	110	112	2.90624
1536	3072	1	242	462	5.91601
1536	3584	1	176	6	2.79885
1536	3072	1	132	312	1.46014
1536	3072	1	264	364	5.05801
1536	3072	1	460	358	2.49404
1536	3584	2	458	116	0.00000
1536	3584	2	398	112	0.00000
1536	3072	1	398	512	5.51941
1536	3072	1	434	448	5.20961
1536	3072	2	362	342	0.00000
1536	3584	1	80	482	0.77356
1536	3584	1	192	452	0.34230
1536	3584	1	252	512	0.00000
1536	3584	1	326	516	0.00000
1536	3584	1	482	424	5.91213
1536	3584	1	350	430	5.74090
1536	3584	1	332	160	2.03883
1536	3584	1	470	228	0.00000
1536	3584	1	410	362	0.00000
1536	3584	1	188	360	1.20353
1536	3584	1	334	278	3.05845
1536	3584	2	242	226	0.00000
1024	3584	1	356	516	0.00000
1024	3584	1	260	516	0.12832
1536	3072	1	154	4	1.22572
1536	3072	1	512	252	1.05601
2048	2048	1	114	0	0.16235
2048	2048	1	202	14	5.97051
2048	2048	1	100	76	0.00000
2048	2048	1	54	274	6.12908
2048	2048	1	112	222	5.56499
2048	2048	1	184	134	5.76596
2048	2048	1	362	122	1.40942
2048	2048	1	496	44	0.00000
2048	2048	2	406	12	0.00000
2560	2048	1	98	92	3.99259
2048	2048	1	236	240	0.27766
2048	2048	1	402	248	4.00248
2048	2048	1	122	388	4.89970
2048	2560	1	314	26	3.52941
2048	2048	1	16	446	3.34086
2560	2048	1	68	208	0.86741
2560	2048	1	26	394	3.10712
2560	2048	1	180	214	5.92294
2560	2048	1	238	30	4.26173
2560	2048	1	298	104	0.00000
2560	2048	1	356	48	0.00000
2560	2048	1	414	52	0.00000
2560	2048	1	450	268	2.95746
2560	2048	1	488	126	4.15379
2560	2048	1	512	176	0.87685
2560	2048	1	512	346	0.00000
2560	2048	1	246	448	4.51595
2560	2048	1	418	406	1.64384
2560	2560	1	58	162	0.27351
2560	2560	1	418	126	0.16395
2560	2560	1	352	30	6.16962
2560	2560	1	214	42	1.86354
2048	2048	1	506	510	4.81866
2048	2560	2	166	154	0.00000
2048	2560	2	228	146	0.00000
2048	2560	2	318	202	0.00000
2048	2560	2	412	48	0.00000
2560	2560	2	286	2	0.00000
2048	2048	2	210	504	0.00000
2048	2048	2	262	508	0.00000
2048	2048	1	366	436	4.68967
2048	2560	1	184	56	1.94324
2048	2048	1	106	480	1.95767
2560	2048	1	482	496	3.87029
2560	2560	1	506	132	2.95810
2048	2560	1	4	58	0.00000
2048	2560	1	66	122	4.27150
2048	2560	1	34	228	4.80534
2048	2560	1	362	128	4.29632
2048	2560	1	466	136	3.71949
2560	2560	1	264	132	2.16380
2048	2560	1	40	336	0.91095
2048	2560	1	112	378	3.53764
2048	2560	1	242	342	6.16206
2048	2560	1	348	296	5.49419
2560	2560	1	12	330	4.27904
2048	2560	2	438	314	0.00000
2560	2560	1	270	290	5.90808
2560	2560	1	184	244	6.06998
2560	2560	1	362	268	5.47973
2560	2560	1	484	254	2.42601
2560	2560	2	456	328	0.00000
2560	2560	1	512	374	5.22146
2560	2560	1	512	466	2.65993
2048	2560	1	308	440	6.26949
2048	2560	1	10	438	3.87941
2048	2560	1	160	504	6.03013
2048	2560	2	192	412	0.00000
2048	2560	1	254	498	2.81984
2048	2560	2	470	474	0.00000
2560	2560	2	14	478	0.00000
2560	2560	1	88	456	0.18535
2560	2560	1	198	366	4.79723
2560	2560	1	372	486	2.38893
2560	2560	1	250	508	3.90261
2048	2560	1	424	512	5.73220
2048	2560	2	76	512	0.00000
3072	2048	1	126	304	1.16265
3584	2560	1	4	166	6.05209
3072	2560	1	218	54	0.59691
3584	2560	1	72	314	2.78739
3584	2560	1	360	446	2.88355
3584	2560	1	442	354	2.66142
3584	2560	1	288	438	5.98107
3072	2560	1	210	380	2.91002
3072	2560	1	446	36	5.74277
3072	2560	1	48	418	5.41839
3584	2560	1	512	512	2.23077
3584	2560	1	380	384	0.00000
3584	2560	1	448	512	2.33294
3584	2560	1	268	336	1.20146
3584	2560	1	228	478	5.45913
3584	2560	1	76	420	2.00261
3072	2560	1	162	494	1.43216
3072	2560	1	406	260	1.73389
3584	2560	1	498	334	5.97513
3072	2560	1	10	156	2.72017
3584	2560	1	160	386	1.34230
3072	2560	1	96	138	3.17491
3072	2560	1	498	346	0.20526
3072	2560	1	204	162	3.48462
3072	2560	1	454	492	3.25538
3072	2560	1	100	290	2.61919
3072	2560	1	378	494	0.00000
3072	2560	1	356	404	1.01776
3072	2560	1	352	110	5.93542
3072	2560	1	346	338	4.37993
3072	2560	1	238	276	1.65476
3072	2048	1	0	468	4.25541
3584	2048	1	110	464	5.21949
3072	2048	1	198	414	3.76318
3584	2560	1	152	210	4.16156
3584	2560	1	308	250	2.04604
3584	2560	1	242	146	2.01328
3584	2560	1	416	108	6.02140
3584	2560	1	352	182	2.64765
3584	2560	1	100	32	4.96901
3584	2560	1	278	44	3.22473
3584	2560	1	200	286	4.59586
3584	2560	1	84	104	1.49846
3584	2048	1	212	458	0.00000
3584	2048	1	444	434	2.37542
3072	2048	1	116	376	4.76458
3584	2048	1	356	494	3.73509
3072	2048	1	494	448	3.67186
3584	2048	1	426	314	5.24005
3072	2048	1	22	336	0.00000
3072	2048	1	472	342	3.26836
3584	2048	1	52	314	3.41509
3584	2560	1	492	182	3.49688
3584	2048	1	136	368	4.18777
3072	2048	1	334	454	3.91974
3072	2048	1	274	416	3.65136
3072	2048	1	212	70	4.54723
3584	2048	1	162	110	0.00000
3584	2048	1	238	228	4.52183
3584	2048	1	212	0	0.00000
3584	2048	1	256	88	3.81268
3584	2048	1	382	42	5.79947
3072	2048	1	440	120	3.85509
3584	2048	1	476	44	5.96775
3072	2048	1	426	216	4.82904
3072	2048	1	372	308	3.26357
3072	2048	1	232	248	2.40766
3072	2048	1	294	196	5.86255
3072	2048	1	360	108	0.00000
3072	2048	1	306	12	0.87082
3072	2048	1	444	16	3.13225
3072	2048	1	76	218	4.75713
3072	2048	1	36	168	4.44614
3072	2048	1	68	50	5.05483
3072	2048	1	20	90	4.68877
3584	2048	1	376	214	5.32253
3072	2560	2	434	124	0.00000
3072	2560	2	466	188	0.00000
3072	2560	2	314	22	0.00000
3072	2560	2	14	20	0.00000
3584	3584	1	472	414	1.75093
3584	3584	1	498	334	1.50665
3584	3584	1	304	358	4.89800
3072	3584	1	16	512	0.61477
3584	3584	1	316	248	0.00000
3584	3584	1	12	332	2.46053
3584	3584	1	364	510	0.00000
3072	3584	1	254	444	0.00000
3584	3584	1	80	478	0.55594
3584	3584	1	468	208	4.90279
3584	3584	1	130	408	0.82539
3584	3584	1	512	136	1.00313
3584	3584	1	486	70	4.79874
3584	3584	1	512	482	5.57285
3584	3584	1	264	456	0.62402
3584	3584	1	214	446	0.43347
3072	3584	1	298	370	5.77951
3072	3584	1	504	464	1.25599
3072	3584	1	186	466	0.00000
3072	3584	1	444	412	0.43867
3584	3584	1	124	352	0.87855
3584	3584	1	382	92	5.43659
3584	3584	1	108	272	0.00000
3584	3584	1	18	226	0.00000
3072	3584	1	128	424	0.91867
3584	3584	1	242	316	0.00000
3584	3584	1	402	282	0.49553
3072	3584	1	376	298	0.94260
3072	3584	1	14	316	2.81752
3072	3584	1	90	302	0.00000
3072	3584	1	4	208	0.00000
3072	3584	1	206	260	3.11708
3072	3584	1	350	236	1.02325
3072	3584	1	284	186	3.96205
3072	3584	1	30	76	2.72794
3072	3584	1	142	136	3.41670
3072	3584	1	126	6	0.00000
3072	3072	1	180	500	0.21558
3072	3072	2	260	442	0.00000
3072	3584	1	240	88	0.00000
3072	3584	1	304	8	1.45095
3072	3584	1	426	56	5.64825
3072	3072	1	504	498	0.51328
3584	3584	1	82	24	0.69207
3584	3584	1	92	110	0.54145
3584	3584	1	180	206	5.84736
3584	3584	1	248	148	0.30213
3584	3584	1	376	194	5.40084
3584	3584	1	198	50	0.63183
3584	3584	1	320	18	4.29223
3584	3584	1	452	12	4.35812
3584	3072	1	512	426	2.48946
3584	3072	1	512	276	3.43803
3584	3072	1	436	356	3.42776
3584	3072	1	446	234	1.33753
3584	3072	1	344	302	3.05352
3584	3072	1	288	398	2.05114
3584	3072	1	218	444	1.87284
3072	3072	1	488	430	1.24296
3584	3072	1	78	358	4.92605
3584	3072	1	182	310	2.12578
3584	3072	1	276	242	2.42823
3584	3072	1	502	130	3.61167
3584	3072	1	482	24	2.47584
3584	3072	1	380	120	0.62720
3584	3072	1	338	42	3.81955
3584	3072	1	296	148	2.77456
3584	3072	1	238	114	3.53012
3584	3072	1	172	156	2.71599
3584	3072	1	262	0	0.00000
3584	3072	1	218	56	2.14494
3584	3072	1	84	32	1.36550
3584	3072	1	34	86	4.89853
3584	3072	1	98	182	2.25382
3072	3072	1	462	362	4.02563
3072	3072	1	322	406	5.40913
3072	3072	1	116	370	0.00000
3072	3072	1	36	396	2.98096
3072	3072	1	214	324	4.71265
3072	3072	1	314	278	2.19261
3072	3072	2	430	248	0.00000
3072	3072	1	328	194	5.31322
3072	3072	1	442	162	3.91811
3072	3072	1	458	0	3.08590
3072	3072	1	372	0	0.00000
3072	3072	1	358	94	5.06159
3072	3072	1	224	84	2.80227
3072	3072	1	166	210	3.69535
3072	3072	1	20	256	5.20593
3072	3072	1	114	108	3.30211
3072	3072	1	36	102	5.56296
3072	3072	1	12	0	3.20726
2560	3584	1	512	512	1.98943
2560	3584	1	358	176	0.81100
2048	3584	1	136	328	0.00000
2560	3584	1	360	370	5.28616
2560	3584	1	456	362	2.39407
2560	3584	1	388	488	5.42321
2560	3584	1	498	300	2.25537
2560	3584	1	224	474	5.96419
2560	3584	1	92	484	0.44117
2560	3584	1	244	302	1.41791
2048	3584	1	0	452	5.76049
2048	3584	1	468	260	1.02875
2560	3584	1	232	152	2.13530
2560	3584	1	282	80	5.56740
2560	3584	1	130	200	1.68698
2560	3584	1	488	172	5.80594
2560	3584	1	120	382	0.88453
2560	3584	1	512	60	2.54083
2560	3584	1	24	356	0.21993
2048	3584	1	430	400	0.00000
2048	3584	1	346	480	0.00000
2560	3072	1	512	440	0.00000
2560	3072	1	418	422	3.40294
2560	3072	1	320	488	5.75105
2048	3584	1	280	350	3.24197
2560	3072	1	214	434	0.55781
2048	3584	1	212	512	3.50421
2560	3072	1	348	410	0.00000
2560	3584	1	150	8	5.82891
2560	3584	1	16	122	0.22251
2560	3584	1	26	24	4.47451
2560	3584	1	120	84	0.00000
2048	3584	1	166	470	5.59411
2048	3584	1	50	424	0.00000
2048	3584	1	416	10	3.05241
2048	3584	1	190	228	0.00000
2048	3584	1	430	202	6.07339
2048	3584	1	344	166	5.66795
2048	3584	1	134	244	1.71476
2048	3584	1	252	102	3.31785
2048	3584	2	238	330	0.00000
2560	3584	2	116	306	0.00000
2560	3584	2	276	256	0.00000
2560	3584	2	268	352	0.00000
2560	3072	2	92	436	0.00000
2048	3584	1	44	184	4.00997
2048	3584	1	140	104	3.53976
2048	3584	1	64	104	1.34930
2048	3072	2	158	472	0.00000
2560	3072	2	348	226	0.00000
2048	3072	1	42	372	0.00000
2048	3072	1	342	496	5.95680
2048	3072	1	412	440	4.26645
2048	3072	1	190	434	2.70175
2560	3072	1	34	410	3.31498
2560	3072	1	108	344	5.83784
2560	3072	1	174	322	5.53123
2560	3072	1	224	278	5.57029
2560	3072	1	270	202	3.30116
2560	3072	1	376	138	3.02806
2560	3072	1	512	250	5.38284
2560	3072	1	512	126	5.62720
2560	3072	1	378	0	1.98555
2560	3072	1	214	4	3.80485
2560	3072	2	218	126	0.00000
2560	3072	2	144	66	0.00000
2560	3072	2	98	234	0.00000
2560	3072	1	116	118	2.14894
2560	3072	1	38	104	0.00000
2048	3072	1	450	40	5.30804
2560	3072	1	62	0	0.00000
2048	3072	1	450	110	2.51224
2048	3072	1	396	168	5.57846
2048	3072	1	300	174	0.00000
2048	3072	1	378	264	0.00000
2048	3072	2	280	256	0.00000
2048	3072	2	212	272	0.00000
2048	3072	1	280	366	5.20938
2048	3072	2	455	279	0.00000
2048	3072	1	210	158	0.33247
2048	3072	1	246	0	3.22409
2048	3072	1	186	0	0.00000
2048	3072	1	90	340	0.00000
2048	3072	1	32	206	0.91375
2048	3072	1	60	38	2.86849
2048	3072	2	136	104	0.00000
