1024	2048	1	234	366	0.43443
1536	2048	1	6	504	3.37053
1536	2048	1	324	144	5.62095
1536	2048	1	426	298	3.63073
1536	2048	1	468	424	3.67915
1024	2048	1	164	220	3.20820
1024	2048	1	106	278	0.88491
1024	2560	1	440	80	0.00000
1024	2560	1	254	50	0.91643
1536	2048	1	334	474	4.16744
1024	2560	1	140	338	1.56022
1024	2560	1	290	266	5.79377
1536	2048	1	264	428	4.24071
1536	2560	1	84	110	0.63699
1536	2560	1	270	82	0.00000
1536	2560	1	340	28	0.00000
1536	2560	1	50	330	0.69141
1536	2560	1	268	268	0.00000
1024	2560	1	154	438	2.50632
1024	2560	1	90	494	1.95142
1536	2560	1	342	336	3.53093
1536	2560	1	402	426	2.22387
1536	2560	1	486	102	0.41552
1536	2560	1	464	316	4.06215
1536	2560	1	220	402	2.68840
1536	2560	1	162	452	3.14418
1536	2560	1	72	440	5.16080
1024	2560	1	258	436	2.70232
1024	2560	1	370	470	5.86237
1536	2560	1	346	486	2.23460
1536	2048	1	512	496	1.71702
1024	2048	1	78	400	1.32477
1024	2048	1	478	218	2.80100
1536	2048	1	92	108	5.24579
1536	2048	1	162	212	1.81990
1536	2048	1	160	302	1.18528
1536	2048	1	234	138	5.87964
1536	2048	1	286	296	0.29157
1024	2560	1	164	128	1.63483
1536	2560	1	394	202	2.50948
1536	2560	1	154	166	1.23589
1536	2048	1	180	512	2.69115
1024	2560	1	426	422	2.66984
1024	2560	1	380	176	2.87290
1024	2048	2	192	78	0.00000
1536	2048	2	30	48	0.00000
1536	2048	2	500	52	0.00000
1536	2048	2	332	32	0.00000
1536	2560	2	66	512	0.00000
1536	2560	2	510	464	0.00000
1024	2048	1	90	504	4.79449
1024	2560	1	16	102	3.50662
1024	2048	2	14	248	0.00000
1024	2048	1	34	346	4.32498
1536	2048	1	492	256	0.00000
1024	3072	1	214	78	6.16879
1024	3072	1	340	162	5.72003
1024	3072	1	298	334	0.00000
1024	3072	1	406	336	5.71886
1024	3584	1	472	68	6.14869
1024	3584	1	304	432	0.00000
1536	3072	1	394	168	6.25790
1536	3072	1	356	416	0.00000
1536	3584	1	226	84	5.89799
1536	3584	1	190	184	0.00000
1536	3072	1	284	512	3.82543
1024	3584	1	496	234	2.84180
1536	3072	1	250	222	1.34393
1536	3072	1	494	84	5.81111
1536	3072	1	194	100	0.36918
1536	3072	1	102	58	5.73141
1024	3072	1	82	84	1.34102
1024	3072	1	86	182	0.92585
1024	3072	1	210	250	0.00000
1024	3072	1	68	292	0.00000
1024	3072	1	222	364	0.00000
1024	3072	1	102	468	6.06186
1024	3584	1	262	144	5.86071
1024	3584	1	370	88	2.54795
1536	3072	1	78	282	1.09054
1024	3072	1	488	340	4.54805
1024	3584	1	396	238	0.00000
1024	3584	1	116	80	5.78582
1024	3584	1	162	426	0.00000
1536	3584	1	452	422	2.47449
1024	3584	1	422	324	5.79270
1536	3584	1	420	206	1.16980
1024	3584	1	178	160	0.00000
1024	3584	1	180	292	2.08167
1024	3072	1	448	138	0.38581
1536	3072	1	82	156	5.55784
1536	3072	1	330	76	0.63193
1024	3072	1	322	62	5.30108
1536	3072	1	236	90	0.27245
1536	3072	1	344	240	4.20741
1536	3072	2	512	218	0.00000
1536	3584	2	466	106	0.00000
1024	3072	2	478	38	0.00000
1024	3072	2	152	384	0.00000
1536	3072	1	222	440	5.49973
1024	3072	1	376	482	2.54852
1536	3072	1	2	458	3.20896
1536	3072	1	120	428	1.29893
1536	3584	1	300	170	2.10518
1024	3584	1	44	124	6.02215
1536	3072	1	198	306	1.91314
1536	3584	1	68	22	6.05254
1536	3584	1	82	128	1.07311
1024	3072	1	64	380	0.82840
1024	3072	2	178	458	0.00000
1536	3584	1	82	338	1.78111
1536	3584	1	320	502	0.43397
1024	3584	2	322	222	0.00000
1536	3584	2	204	430	0.00000
1536	3072	2	512	488	0.00000
1024	3072	2	18	508	0.00000
1024	3584	2	22	478	0.00000
2560	2048	1	208	110	6.24621
2048	2048	1	382	472	1.38655
2048	2048	1	140	446	3.19904
2048	2048	1	58	420	3.24760
2048	2048	1	124	204	1.50761
2048	2048	1	36	36	5.31783
2048	2048	1	314	58	0.19118
2048	2048	1	408	62	0.86968
2048	2048	1	450	126	1.93287
2048	2048	2	498	56	0.00000
2560	2048	1	68	104	4.45231
2048	2048	1	480	378	6.16256
2560	2048	1	86	388	5.61496
2560	2048	1	50	238	0.33121
2048	2048	1	238	316	0.00000
2048	2048	1	172	20	2.69116
2048	2048	1	232	152	5.85955
2048	2560	2	172	154	0.00000
2048	2560	2	230	158	0.00000
2560	2048	2	438	468	0.00000
2048	2560	2	322	204	0.00000
2048	2560	2	362	48	0.00000
2048	2560	1	112	324	0.00000
2560	2048	1	156	298	3.35884
2560	2048	1	370	344	2.28534
2560	2048	2	294	396	0.00000
2560	2048	2	354	398	0.00000
2560	2048	1	308	104	6.00730
2560	2048	1	406	228	0.90818
2560	2048	1	202	410	0.21197
2560	2560	1	256	22	0.97238
2560	2560	1	88	20	1.98140
2560	2048	1	422	72	1.40138
2048	2560	1	480	118	0.00000
2560	2048	1	496	114	1.34047
2560	2048	1	392	10	1.03502
2560	2048	1	496	324	1.52411
2560	2048	1	512	204	1.80985
2560	2560	1	54	186	3.54585
2560	2560	1	312	84	3.67643
2560	2560	1	416	12	2.41389
2560	2048	1	508	444	3.86356
2560	2560	2	512	18	0.00000
2048	2560	1	70	104	3.56298
2048	2560	1	130	150	3.33650
2048	2560	1	236	72	5.90922
2048	2560	1	326	82	5.68125
2560	2560	1	402	256	5.72084
2560	2560	2	466	334	0.00000
2048	2560	2	450	316	0.00000
2560	2560	2	2	314	0.00000
2048	2560	2	320	412	0.00000
2560	2560	2	310	484	0.00000
2048	2560	2	198	512	0.00000
2560	2560	1	478	170	5.64598
2560	2560	1	150	254	5.75474
2560	2560	1	226	202	2.44841
2560	2560	1	96	444	5.85039
2048	2560	2	354	246	0.00000
2048	2560	1	446	222	2.69488
2048	2560	1	268	302	5.85536
2048	2560	1	224	372	2.54470
2048	2560	1	134	468	4.42048
2048	2560	1	20	480	3.14773
2048	2560	1	416	490	0.00000
2560	2560	1	204	394	3.50475
2560	2560	1	294	368	5.90123
2560	2560	1	344	304	2.75382
2560	2560	1	386	496	3.75794
2560	2560	1	244	496	3.30041
2560	2560	1	512	316	1.97443
2048	2560	1	280	510	5.66383
2560	2560	1	512	492	0.00000
2048	2560	2	52	360	0.00000
3584	2560	1	386	420	2.84044
3072	2560	1	414	478	5.92105
3584	2560	1	274	454	2.70688
3584	2560	1	480	448	5.26313
3072	2560	1	314	410	3.24747
3072	2560	1	96	476	3.32710
3584	2560	1	502	346	5.74979
3584	2560	1	428	186	5.85274
3584	2560	1	146	306	0.93748
3584	2560	1	16	354	0.19460
3072	2560	1	232	376	3.34221
3072	2560	1	152	364	6.17986
3584	2560	1	324	188	5.83921
3584	2560	1	156	400	1.98844
3584	2560	1	308	326	3.62157
3072	2560	1	44	338	2.61338
3584	2560	1	72	456	2.96856
3072	2560	1	100	154	0.64258
3072	2560	1	186	186	3.69054
3072	2560	1	364	152	0.00000
3072	2560	1	130	42	0.95271
3072	2560	1	324	260	3.10190
3584	2560	1	416	74	4.59040
3584	2560	1	54	216	2.81844
3072	2560	2	20	18	0.00000
3072	2560	2	436	134	0.00000
3072	2560	1	474	258	3.36769
3072	2560	1	410	234	3.29339
3584	2560	1	214	212	5.69050
3072	2560	1	266	98	0.00000
3584	2048	1	126	424	5.49450
3584	2048	1	96	262	3.01627
3584	2560	1	50	78	4.15060
3584	2560	1	200	50	3.37806
3584	2048	1	332	346	4.70687
3584	2048	1	108	500	5.03949
3584	2048	1	360	502	4.24245
3584	2560	1	78	150	5.36307
3072	2048	1	478	504	4.87422
3072	2048	1	390	478	3.77653
3072	2048	1	258	470	1.24874
3072	2048	1	58	452	3.23098
3072	2048	1	108	274	0.32548
3072	2048	1	186	386	3.04116
3072	2048	1	252	348	6.01827
3072	2048	1	438	364	6.04624
3584	2048	1	12	388	5.81478
3072	2048	1	478	264	5.52039
3072	2048	1	210	244	3.83742
3584	2048	1	382	226	5.69325
3584	2048	1	466	70	0.00000
3584	2048	1	250	76	3.87433
3584	2048	1	74	130	5.42666
3584	2048	1	140	74	0.00000
3072	2048	1	434	146	4.61244
3072	2048	1	334	238	2.70170
3072	2048	1	164	152	4.43672
3072	2048	1	328	98	4.38214
3072	2048	1	418	18	5.05260
3072	2048	1	84	22	2.08628
3072	3072	1	210	298	2.23960
3072	3072	1	148	52	0.46807
3072	3072	1	218	38	0.31549
3072	3072	1	78	40	3.23620
3072	3072	1	120	158	4.35252
3072	3072	1	238	152	3.67291
3072	3072	1	400	76	5.85656
3072	3072	1	74	232	1.61205
3072	3072	1	88	314	1.89680
3072	3072	1	110	424	4.30418
3072	3072	1	368	282	2.89288
3072	3072	1	298	270	5.85057
3584	3072	1	68	136	0.25367
3072	3072	1	460	176	4.47089
3072	3072	1	464	300	3.79264
3584	3072	1	170	138	5.28091
3584	3072	1	294	130	0.00000
3584	3072	1	160	44	5.44161
3584	3072	1	474	68	0.72153
3584	3072	1	378	12	5.79221
3584	3072	1	232	28	0.00000
3072	3072	1	214	474	0.00000
3072	3584	1	30	10	5.54321
3072	3584	1	128	28	3.37928
3072	3584	1	206	86	2.71311
3584	3072	1	134	294	5.77749
3584	3072	1	178	222	2.69171
3584	3072	1	368	208	5.84929
3584	3072	1	466	270	3.34826
3584	3072	1	422	144	5.29810
3584	3072	1	324	318	1.91382
3584	3072	1	454	448	2.76406
3584	3072	1	510	376	1.86930
3584	3072	1	352	474	0.35324
3584	3072	1	274	446	1.23518
3072	3072	1	316	442	2.32822
3584	3072	1	60	314	5.72769
3584	3584	1	54	8	2.46411
3584	3072	1	106	486	2.43049
3584	3072	2	410	360	0.00000
3584	3072	2	14	214	0.00000
3072	3072	2	436	242	0.00000
3584	3072	1	512	154	0.00000
3072	3072	2	20	106	0.00000
3072	3072	1	512	378	4.49016
3072	3072	1	450	448	1.74376
3072	3584	1	336	32	4.45721
3072	3584	1	460	42	0.60981
3584	3584	1	44	98	4.91871
3584	3072	1	142	440	5.53216
3584	3072	1	224	376	0.45049
3584	3584	1	278	30	2.24986
3584	3584	1	422	58	2.88760
3584	3584	1	512	26	3.57505
3584	3584	1	216	70	2.02444
3584	3584	1	176	126	2.11122
3072	3584	1	290	128	2.96260
3072	3584	1	360	154	5.64139
3072	3584	1	152	198	0.45417
3072	3584	1	48	182	1.32787
3072	3584	2	36	118	0.00000
3072	3584	1	236	222	4.01013
3584	3584	1	24	216	0.97920
3584	3584	1	316	156	0.55923
3584	3584	1	108	232	0.74696
3584	3584	1	228	222	2.21024
3584	3584	1	476	154	4.38465
3072	3584	1	424	316	3.51463
3072	3584	1	322	228	1.62494
3072	3584	1	280	298	1.99742
3584	3584	1	338	294	0.00000
3584	3584	1	468	228	1.37465
3072	3584	1	124	292	2.08556
3072	3584	1	174	360	1.59518
3072	3584	1	56	350	3.29554
3072	3584	1	72	452	0.76896
3072	3584	1	140	512	0.62043
3072	3584	1	226	410	0.97852
3072	3584	1	382	406	4.85420
3072	3584	1	284	502	0.00000
3072	3584	1	346	512	0.00000
3072	3584	1	448	512	6.07089
3584	3584	1	26	398	0.54336
3584	3584	1	184	284	1.87382
3584	3584	1	140	340	1.77720
3584	3584	1	238	406	0.00000
3584	3584	1	480	328	5.79846
3584	3584	1	114	446	0.56530
3584	3584	1	324	466	4.15329
3584	3584	1	164	510	0.46913
3584	3584	1	440	486	4.26435
3584	3584	1	396	372	4.77232
2048	3072	2	164	476	0.00000
2560	3072	2	142	84	0.00000
2560	3072	2	12	192	0.00000
2560	3072	2	106	230	0.00000
2048	3072	2	78	414	0.00000
2560	3072	2	348	240	0.00000
2048	3072	1	82	122	0.00000
2048	3072	1	176	132	5.58684
2048	3072	1	40	218	2.28057
2048	3072	2	24	116	0.00000
2048	3072	1	316	128	5.73700
2048	3072	1	414	46	0.00000
2048	3072	1	284	26	5.49018
2048	3072	1	272	210	2.14055
2048	3072	1	94	298	1.11667
2048	3072	1	222	404	5.26016
2048	3072	1	44	492	1.99385
2048	3584	1	62	80	0.60157
2048	3584	1	186	108	5.21879
2048	3584	1	52	204	0.87314
2048	3584	1	60	460	0.00000
2048	3584	1	106	386	2.19105
2048	3584	1	186	348	2.83490
2048	3584	1	172	480	5.66103
2048	3584	2	126	226	0.00000
2048	3584	2	180	200	0.00000
2048	3584	1	274	248	0.90483
2048	3584	1	364	116	0.80226
2048	3584	1	426	164	0.81909
2048	3072	1	472	288	0.66829
2048	3584	1	432	16	2.08525
2048	3072	1	468	452	2.55727
2560	3072	1	12	360	4.37478
2560	3072	1	158	334	2.12433
2560	3072	1	258	152	0.00000
2560	3072	1	238	272	1.39417
2560	3072	1	416	186	2.53692
2560	3072	1	466	108	4.43111
2560	3072	1	336	36	4.17051
2560	3072	1	238	24	3.44316
2560	3072	1	362	314	1.05266
2560	3072	1	478	324	3.30111
2560	3072	1	334	302	2.30065
2560	3072	1	62	438	0.67941
2560	3072	2	164	472	0.00000
2560	3072	1	256	454	3.52080
2560	3072	1	380	400	2.48838
2560	3584	1	420	20	2.30851
2560	3584	1	70	50	0.30986
2560	3072	1	302	496	3.43333
2560	3584	1	164	40	1.39935
2048	3584	1	472	236	3.76957
2560	3584	1	80	184	5.60107
2560	3584	1	52	300	0.00000
2048	3584	1	336	328	0.33030
2048	3584	1	268	392	0.00000
2048	3584	1	490	372	0.00000
2560	3584	1	166	112	4.42085
2560	3584	1	238	124	4.04150
2560	3584	1	342	100	0.90251
2560	3072	1	504	484	5.11091
2560	3584	1	504	108	4.97538
2048	3584	1	452	482	0.56017
2560	3584	1	82	438	0.00000
2560	3584	1	166	428	6.06023
2560	3584	1	188	232	2.97086
2560	3584	1	276	252	5.72111
2560	3584	1	360	184	0.84090
2560	3584	1	438	204	0.25268
2560	3584	2	512	202	0.00000
2560	3584	1	344	338	2.44288
2560	3584	1	486	270	1.02185
2560	3584	1	498	368	5.56909
2560	3584	1	444	422	2.24702
