1536	2560	1	380	392	3.66271
1536	2560	1	470	512	2.46218
1536	2560	1	294	400	3.64645
1536	2560	1	182	448	0.61107
1024	2560	1	200	494	1.29357
1536	2560	1	342	508	4.80886
1536	2560	1	52	432	4.69432
1024	2560	1	438	360	2.81940
1024	2560	1	238	392	4.25787
1024	2560	1	160	330	1.59693
1536	2560	1	286	242	5.77287
1024	2560	1	20	168	4.46500
1536	2560	1	476	202	5.93230
1024	2560	1	302	278	3.67084
1536	2560	1	248	326	1.34895
1536	2560	1	320	146	2.34521
1536	2560	1	134	236	6.04926
1024	2560	1	326	494	1.37903
1536	2560	1	444	28	2.90345
1536	2560	1	452	366	3.97044
1024	2560	1	112	426	0.00000
1536	2560	1	70	274	2.38897
1024	2560	1	222	220	4.20730
1536	2048	1	370	392	5.69518
1536	2560	1	388	180	2.85924
1536	2048	1	390	268	2.50182
1536	2048	1	236	396	5.91449
1536	2560	1	292	6	1.37915
1024	2048	1	220	372	0.51201
1536	2048	1	80	512	0.00000
1536	2048	1	156	488	3.19620
1024	2560	1	68	240	3.87472
1024	2560	2	198	278	0.00000
1536	2048	2	488	72	0.00000
1536	2048	2	280	88	0.00000
1024	2560	1	300	50	1.00227
1024	2048	1	454	430	1.15426
1024	2560	1	470	34	4.11626
1024	2560	1	484	98	0.89919
1536	2560	1	38	156	1.21806
1536	2560	1	168	162	1.91464
1536	2048	1	214	140	5.89902
1536	2048	1	224	266	5.86879
1536	2048	1	62	68	3.36970
1024	2048	1	510	8	0.00000
1024	2048	1	254	0	0.00000
1024	2048	1	94	306	3.69059
1024	2048	1	46	158	2.92993
1024	2048	1	142	136	3.32470
1024	2048	2	200	80	0.00000
1024	2048	1	438	146	1.39520
1024	2048	1	502	238	3.28722
1536	2048	1	92	320	1.87368
1536	2048	1	74	194	5.69931
1536	2048	1	274	0	1.08227
1536	2048	1	144	10	2.79712
1024	2048	1	342	0	0.00000
1536	3584	1	70	456	0.39963
1536	3584	1	186	460	0.00000
1536	3584	1	344	496	5.64904
1536	3584	1	384	332	5.72157
1536	3584	2	322	382	0.00000
1536	3584	2	486	412	0.00000
1024	3584	1	506	396	0.00000
1024	3584	1	386	304	0.37051
1024	3584	1	262	340	5.11057
1024	3584	1	94	474	5.50344
1024	3584	1	102	340	1.41580
1024	3584	1	92	122	0.00000
1024	3584	1	180	160	1.13909
1024	3584	1	364	172	1.67395
1024	3584	1	290	50	1.59023
1024	3072	1	152	464	0.89061
1024	3072	1	262	406	5.83506
1024	3072	1	62	406	3.33806
1024	3072	1	144	330	3.52165
1024	3072	1	166	184	0.24616
1024	3072	1	42	256	3.08096
1024	3072	1	144	80	0.82225
1024	3072	1	234	192	0.31453
1024	3072	1	280	250	0.60985
1024	3072	1	360	258	0.00000
1024	3072	1	290	86	5.51678
1024	3072	1	388	106	5.89002
1024	3072	1	452	164	0.00000
1536	3072	1	16	182	0.00000
1536	3072	1	88	164	5.93882
1536	3072	1	182	82	5.22477
1536	3072	1	314	116	0.86701
1536	3072	1	378	168	0.40385
1536	3072	1	472	162	6.21251
1536	3072	2	456	46	0.00000
1536	3072	1	186	240	2.31192
1536	3072	1	300	242	5.33646
1536	3072	1	272	328	4.93758
1024	3072	1	510	350	1.11128
1536	3072	1	90	358	3.63852
1536	3072	1	162	384	0.00000
1536	3072	1	98	484	3.44700
1536	3072	1	226	492	0.42857
1536	3584	1	124	68	3.87386
1536	3584	1	16	86	4.01489
1024	3584	1	484	208	3.45614
1536	3584	1	74	158	5.00037
1536	3584	1	198	162	0.41146
1536	3584	1	88	240	2.16881
1536	3584	1	124	332	1.43575
1536	3584	1	256	236	2.75546
1536	3584	2	252	370	0.00000
1024	3072	2	170	10	0.00000
1536	3072	2	376	464	0.00000
1536	3072	1	476	408	2.36866
1536	3072	2	512	312	0.00000
1536	3072	2	504	498	0.00000
1536	3584	1	468	116	3.50562
1536	3584	1	412	86	3.49063
1536	3584	2	310	134	0.00000
1536	3584	2	406	200	0.00000
1024	3584	2	474	516	0.00000
1024	3584	2	24	516	0.00000
1024	3584	2	16	188	0.00000
1024	3072	2	14	74	0.00000
1536	3072	2	388	22	0.00000
1536	3584	2	488	226	0.00000
1536	3584	1	448	306	2.59844
2560	2560	1	470	242	1.81888
2560	2560	1	440	42	0.77389
2560	2560	1	130	294	1.16150
2560	2560	1	74	212	0.37756
2560	2560	1	136	10	1.63793
2560	2560	1	208	172	2.70143
2560	2560	1	504	164	0.95971
2048	2560	1	444	214	2.53417
2560	2560	1	268	424	0.75123
2048	2560	1	342	340	5.06193
2560	2560	1	366	328	5.65597
2048	2560	1	76	278	0.00000
2560	2560	1	266	294	5.70766
2560	2560	1	452	440	3.25835
2560	2560	2	462	336	0.00000
2560	2560	2	314	466	0.00000
2048	2560	2	450	476	0.00000
2560	2560	2	6	480	0.00000
2048	2560	2	325	425	0.00000
2560	2560	2	24	148	0.00000
2048	2560	2	194	422	0.00000
2048	2560	2	178	368	0.00000
2048	2560	2	238	158	0.00000
2560	2048	1	322	510	0.76949
2560	2048	1	374	410	4.27823
2560	2048	1	454	336	1.35002
2560	2048	1	64	28	1.28571
2560	2048	1	278	210	2.66982
2560	2048	1	324	70	0.00000
2560	2048	1	460	274	1.45597
2048	2048	1	426	72	5.43066
2560	2048	1	506	172	1.17530
2560	2048	1	168	120	0.00000
2560	2048	1	452	60	0.00000
2560	2048	1	376	186	3.52351
2560	2048	1	88	172	0.00000
2048	2048	1	488	204	0.00000
2560	2048	1	156	230	5.23246
2560	2048	1	204	424	0.47751
2560	2048	2	308	378	0.00000
2560	2560	1	298	140	5.75703
2560	2048	2	448	462	0.00000
2048	2560	2	412	32	0.00000
2048	2560	2	392	88	0.00000
2048	2048	2	220	502	0.00000
2560	2048	1	26	338	4.08689
2048	2048	1	478	462	4.36948
2048	2560	1	470	104	0.00000
2048	2560	1	328	92	4.73625
2048	2560	1	152	250	2.84292
2048	2560	1	158	484	5.15064
2048	2560	1	32	423	0.00000
2560	2560	1	92	436	0.34345
2048	2560	1	374	244	1.79760
2048	2560	1	102	122	1.26378
2048	2560	1	62	36	4.02631
2048	2048	1	60	454	3.99635
2048	2048	1	148	408	3.14551
2048	2048	1	400	324	2.73300
2048	2048	1	354	434	4.14952
2048	2048	1	352	508	1.13388
2048	2048	1	262	310	6.05437
2048	2048	1	178	280	5.86716
2048	2048	1	90	188	0.54649
2048	2048	1	112	56	0.88881
2048	2048	1	170	86	3.72217
2560	2048	1	204	42	3.28799
3584	2560	1	320	208	4.05289
3584	2560	1	54	510	2.27424
3584	2560	1	492	392	4.04261
3584	2560	1	416	326	1.24020
3584	2560	1	216	338	3.64170
3584	2560	1	176	482	2.20522
3584	2560	1	434	164	2.51482
3584	2560	1	456	494	1.84483
3584	2560	1	406	274	1.01256
3072	2560	1	470	474	0.54512
3584	2560	1	74	468	5.05765
3584	2560	2	274	454	0.00000
3584	2560	2	348	458	0.00000
3584	2560	1	106	132	4.88006
3584	2560	1	92	360	3.08043
3584	2560	1	68	248	3.51038
3584	2560	1	156	262	6.01162
3072	2560	1	494	354	2.33903
3584	2560	1	186	38	4.06481
3584	2560	1	302	132	3.90613
3584	2560	1	186	114	5.54301
3584	2560	1	262	60	1.21752
3584	2048	2	230	464	0.00000
3584	2048	1	386	458	3.04213
3584	2560	1	490	34	3.51540
3072	2560	1	350	486	0.00000
3072	2560	1	356	310	3.35982
3072	2560	1	254	314	3.39036
3072	2560	1	158	418	3.64994
3072	2560	1	182	498	0.74490
3072	2560	1	270	444	3.94644
3072	2560	1	498	130	0.92182
3072	2560	1	302	196	0.00000
3072	2560	1	198	196	0.13786
3584	2560	1	16	158	0.61703
3072	2560	1	440	280	4.14783
3072	2560	1	124	248	3.25173
3072	2560	1	20	130	0.43776
3072	2560	2	24	24	0.00000
3072	2560	2	162	88	0.00000
3072	2560	1	240	56	2.73385
3072	2560	2	304	24	0.00000
3072	2560	1	374	48	0.61524
3072	2560	1	498	14	2.00710
3584	2560	1	98	18	3.51747
3584	2048	1	70	444	4.72280
3584	2048	1	64	380	4.43913
3072	2048	1	288	454	1.67787
3072	2048	1	194	342	4.94997
3072	2048	1	40	400	4.02089
3072	2048	1	420	438	2.37198
3072	2048	1	478	334	4.02224
3072	2048	1	352	336	0.00000
3072	2048	1	410	204	5.32572
3072	2048	1	122	280	1.98689
3072	2048	2	36	50	0.00000
3072	2048	2	22	170	0.00000
3072	2048	1	100	18	0.00000
3072	2048	1	206	18	4.59920
3072	2048	1	248	102	4.55919
3072	2048	1	298	220	3.09715
3072	2560	2	424	128	0.00000
3584	2048	1	512	108	0.00000
3584	2048	1	478	44	0.00000
3584	2048	1	414	94	0.00000
3584	2048	1	194	0	0.00000
3584	2048	1	270	96	4.02604
3072	2048	1	408	54	0.94144
3072	2048	2	370	28	0.00000
3584	2048	1	82	176	2.75300
3584	2048	1	168	122	0.00000
3584	2048	1	202	258	5.04708
3584	2048	1	388	222	5.14168
3072	3072	1	190	52	5.43807
3072	3072	1	144	126	2.45472
3072	3072	1	52	142	2.65200
3072	3072	2	434	262	0.00000
3584	3072	2	8	202	0.00000
3072	3072	1	78	300	1.38472
3072	3072	1	270	220	2.06950
3072	3072	1	338	172	5.40442
3072	3072	1	418	166	0.00000
3072	3072	1	366	22	0.00000
3072	3072	1	448	28	3.29205
3072	3072	1	194	310	4.20278
3072	3072	1	12	396	0.00000
3072	3072	1	136	434	3.47410
3072	3072	1	302	348	4.17068
3072	3072	1	352	396	4.12993
3584	3072	1	98	150	3.57936
3584	3072	1	14	118	4.39553
3584	3072	1	48	32	2.23808
3584	3072	1	122	0	2.68459
3584	3072	1	180	80	1.34984
3584	3072	1	302	24	1.74783
3584	3072	1	408	40	1.56697
3584	3072	1	472	54	3.45703
3584	3072	1	318	158	5.15675
3584	3072	1	238	140	4.17759
3584	3072	1	328	116	4.36621
3584	3072	1	194	224	4.67643
3584	3072	1	224	264	4.78716
3584	3072	1	364	246	2.28481
3584	3072	2	372	336	0.00000
3584	3072	1	442	192	0.35557
3584	3072	1	454	152	3.72400
3584	3072	1	502	184	0.00000
3584	3072	1	324	308	0.32323
3584	3072	1	162	338	5.09310
3584	3072	1	48	372	2.01479
3584	3072	1	146	462	3.14708
3584	3072	1	36	460	2.24719
3584	3072	1	218	414	4.37436
3584	3072	1	324	420	1.00176
3584	3072	1	482	332	4.19734
3584	3072	1	512	374	3.75239
3072	3072	1	396	490	0.74215
3072	3072	1	208	494	3.51484
3072	3584	1	474	28	5.66478
3584	3584	1	80	72	5.21842
3584	3584	1	230	18	0.55311
3584	3072	1	330	506	0.70067
3584	3072	1	434	482	0.92540
3584	3584	1	470	40	0.48643
3584	3584	1	350	74	3.40022
3072	3584	1	422	126	0.00000
3072	3584	1	340	62	0.00000
3072	3584	1	228	82	3.52534
3072	3584	1	128	86	5.50354
3072	3584	1	18	126	2.59697
3072	3584	1	308	216	1.55325
3072	3584	1	390	184	2.16168
3072	3584	1	506	148	0.46448
3584	3584	1	232	126	4.08706
3584	3584	1	126	176	5.29307
3584	3584	1	22	218	0.39734
3584	3584	1	382	152	3.34490
3584	3584	1	456	194	0.00000
3584	3584	1	512	164	2.99569
3584	3584	1	210	306	3.02409
3584	3584	1	140	334	2.76661
3584	3584	1	140	244	1.35638
3584	3584	1	250	232	0.00000
3584	3584	1	308	280	3.56705
3584	3584	1	362	298	3.52581
3584	3584	1	472	298	2.10589
3584	3584	1	512	448	0.00000
3584	3584	1	446	414	0.00000
3584	3584	1	384	412	0.00000
3584	3584	1	424	512	1.21040
3584	3584	1	312	416	0.00000
3584	3584	1	310	512	1.86531
3584	3584	1	226	454	0.00000
3584	3584	1	34	332	2.04129
3072	3584	1	434	284	2.28124
3072	3584	1	332	296	0.44960
3584	3584	1	42	450	5.93012
3584	3584	1	112	468	0.00000
3584	3584	1	180	454	0.00000
3072	3584	1	464	476	0.00000
3072	3584	1	418	370	4.66233
3072	3584	1	288	388	2.57647
3072	3584	2	130	366	0.00000
3072	3584	1	42	276	4.74890
3072	3584	1	16	342	1.99884
3072	3584	1	188	354	0.44237
3072	3584	1	132	458	3.02364
3072	3584	1	58	482	0.00000
3072	3584	1	222	472	0.00000
3072	3584	1	322	470	4.99693
2560	3584	1	512	332	2.16965
2560	3584	1	248	236	1.19074
2560	3584	1	242	146	5.03616
2560	3584	1	484	232	1.19027
2560	3584	1	512	128	1.97536
2560	3584	1	326	110	2.02288
2560	3584	1	366	36	1.86775
2048	3584	1	314	160	0.00000
2560	3584	1	228	434	5.84385
2048	3584	1	284	316	0.00000
2048	3584	1	60	330	0.64559
2048	3584	1	122	448	0.00000
2048	3584	1	86	244	1.99769
2560	3584	1	328	462	0.00000
2560	3584	1	126	300	2.15327
2560	3584	1	268	352	5.60820
2560	3584	1	48	362	5.07652
2560	3584	1	16	102	0.00000
2560	3584	1	470	418	0.31869
2560	3584	1	20	490	0.00000
2560	3584	1	136	466	1.78947
2048	3584	1	462	358	0.00000
2560	3584	1	338	272	0.55578
2048	3584	1	6	434	1.89028
2048	3584	1	170	170	2.31173
2560	3584	1	512	512	0.80374
2560	3584	1	408	342	0.00000
2560	3584	1	250	496	0.70256
2048	3584	1	200	422	5.49083
2048	3584	1	206	252	0.00000
2560	3584	1	170	230	2.97494
2560	3584	1	430	130	3.10500
2048	3584	1	386	278	4.06914
2048	3584	1	412	190	0.46304
2560	3584	1	24	178	0.36298
2560	3584	1	178	84	4.18909
2048	3584	1	436	18	2.99722
2048	3584	1	236	48	5.05712
2048	3584	1	80	132	3.81304
2048	3072	2	162	472	0.00000
2048	3072	1	44	510	1.28440
2048	3072	2	38	362	0.00000
2048	3072	1	236	378	0.00000
2048	3072	1	300	472	4.39141
2048	3072	1	356	350	3.46222
2048	3072	1	454	390	1.64969
2560	3072	1	36	328	1.19382
2048	3072	2	478	432	0.00000
2560	3072	2	30	384	0.00000
2560	3072	2	80	442	0.00000
2560	3072	1	178	386	0.00000
2560	3072	1	214	468	0.00000
2560	3072	1	272	412	4.79009
2560	3072	1	424	482	5.48383
2560	3072	1	498	400	0.00000
2560	3072	1	396	298	4.63804
2560	3072	1	258	296	2.81927
2560	3072	2	344	244	0.00000
2560	3072	2	112	224	0.00000
2560	3072	1	154	318	0.87444
2048	3072	2	224	266	0.00000
2048	3072	2	274	266	0.00000
2560	3072	1	422	188	5.74671
2560	3072	1	512	110	2.50515
2560	3072	1	270	30	4.49628
2560	3072	1	366	80	4.58581
2560	3072	1	296	160	4.64030
2560	3072	1	190	86	2.91076
2560	3072	2	122	74	0.00000
2560	3072	1	140	170	2.49167
2560	3072	1	44	96	5.87072
2048	3072	1	458	94	3.26219
2048	3072	1	496	178	1.15201
2048	3072	1	502	272	3.81399
2048	3072	1	392	118	5.90883
2048	3072	1	188	184	4.42996
2048	3072	1	70	276	1.41426
2048	3072	1	88	144	0.00000
2048	3072	2	62	20	0.00000
2048	3072	2	174	28	0.00000
2048	3584	1	336	472	5.84974
