1536	2560	1	508	478	1.92989
1536	2560	1	256	412	2.20022
1536	2560	1	386	414	2.07364
1536	2560	1	394	320	5.44732
1536	2560	1	272	258	6.01294
1536	2560	1	350	140	5.59637
1536	2560	1	202	512	3.18104
1536	2560	1	76	438	5.22684
1536	2560	1	162	324	2.78563
1536	2560	1	92	250	0.74195
1536	2560	1	90	116	0.58801
1536	2560	1	10	208	3.02024
1024	2560	1	274	420	3.43109
1024	2560	1	494	336	1.48766
1024	2560	1	198	202	4.78270
1024	2560	1	412	240	1.63965
1024	2560	1	124	430	1.44339
1024	2560	1	204	512	4.87996
1024	2560	1	254	50	1.02514
1024	2560	1	444	492	4.14566
1024	2560	1	138	318	2.35620
1024	2560	1	16	276	2.15323
1024	2560	1	248	326	3.92699
1024	2560	1	414	38	2.56083
1024	2560	1	362	344	5.45434
1024	2560	1	324	182	3.83541
1536	2048	1	434	500	4.32728
1536	2048	1	272	494	3.66074
1536	2048	1	162	422	5.31178
1536	2048	1	396	358	3.30236
1536	2048	1	512	370	0.42663
1536	2048	1	512	258	0.45909
1536	2048	1	368	84	4.89774
1536	2048	1	270	230	1.45908
1536	2048	1	252	32	0.00000
1536	2048	1	226	130	5.72397
1536	2560	1	512	140	1.99743
1536	2048	1	130	124	0.22386
1536	2048	1	6	20	0.41218
1024	2048	1	238	376	0.26726
1024	2048	1	80	390	0.34465
1024	2048	1	274	10	0.00000
1024	2048	1	64	136	3.90945
1024	2048	1	212	50	0.49683
1024	2048	1	216	146	0.90975
1024	2048	1	478	238	2.73670
1536	2048	2	496	55	0.00000
1536	2048	2	238	334	0.00000
1024	2560	2	86	194	0.00000
1024	2560	2	186	288	0.00000
1024	2560	2	358	440	0.00000
1536	3584	1	138	140	4.77113
1536	3584	1	144	28	1.05538
1024	3584	1	440	50	2.27572
1024	3072	1	402	428	2.58299
1024	3072	1	296	432	2.65469
1024	3072	1	286	510	2.31824
1536	3072	1	60	482	0.41822
1536	3072	1	178	432	5.60112
1536	3584	1	272	2	2.50990
1536	3072	1	374	496	5.16962
1536	3072	1	450	468	3.59943
1536	3072	1	380	450	3.45896
1536	3072	1	276	354	0.00000
1536	3584	1	70	468	3.42370
1536	3584	1	10	432	0.00000
1024	3584	1	414	352	0.00000
1536	3584	1	304	504	5.87830
1536	3584	1	202	490	0.36057
1536	3584	1	478	430	0.00000
1536	3584	1	156	418	0.00000
1024	3584	1	458	458	0.39880
1024	3584	1	280	266	0.93296
1024	3584	1	276	412	0.35545
1024	3584	1	96	436	0.31119
1536	3584	1	398	126	0.26721
1536	3584	1	124	290	2.20312
1536	3584	1	286	94	2.03445
1536	3584	1	152	208	1.86225
1024	3584	1	140	322	1.59893
1024	3584	1	38	268	3.41700
1024	3584	1	134	150	0.53448
1024	3072	1	44	478	0.28109
1024	3584	1	20	474	5.58031
1024	3584	1	476	172	2.98777
1024	3584	1	344	126	1.81577
1536	3584	1	298	240	0.61407
1536	3584	1	380	320	4.16734
1536	3584	1	444	234	4.74940
1024	3072	1	94	370	5.89188
1024	3072	1	228	310	5.68841
1024	3072	1	326	300	0.39427
1536	3072	1	186	262	3.89201
1024	3072	1	470	362	1.68395
1536	3072	1	62	372	0.49488
1536	3072	1	368	242	2.87918
1536	3072	1	512	316	5.48534
1536	3072	1	504	394	5.53003
1536	3072	1	460	82	1.85449
1536	3072	1	364	36	0.41146
1536	3072	1	252	94	3.17491
1536	3072	1	108	128	0.67739
1536	3072	1	72	248	0.54566
1536	3072	1	192	36	2.94617
1536	3072	1	66	72	4.50715
1024	3072	1	424	146	1.81578
1024	3072	1	380	86	1.88664
1024	3072	1	304	130	0.94724
1024	3072	1	240	26	1.83704
1024	3072	1	126	42	0.31529
1024	3072	1	20	32	0.88556
1024	3072	1	54	150	0.27723
1024	3072	1	116	160	0.00000
1024	3072	1	54	254	2.07349
1024	3072	2	500	302	0.00000
1536	3584	2	512	26	0.00000
1536	3584	2	468	110	0.00000
1024	3072	1	184	504	5.64342
1024	3072	1	218	96	4.80504
2048	2048	1	384	118	5.98469
2048	2048	1	208	146	1.43304
2048	2048	1	66	68	0.71236
2048	2048	1	30	236	0.52490
2048	2048	1	76	420	0.00000
2048	2048	1	198	320	3.37805
2048	2048	1	334	308	5.36502
2048	2048	1	492	166	0.50472
2048	2048	2	498	62	0.00000
2048	2048	1	462	366	5.88865
2048	2048	2	184	68	0.00000
2048	2048	2	258	48	0.00000
2048	2560	2	432	54	0.00000
2048	2560	2	360	62	0.00000
2048	2560	2	172	144	0.00000
2048	2560	2	234	156	0.00000
2560	2048	1	112	242	5.69375
2560	2048	1	70	118	3.37280
2560	2048	1	324	228	5.42500
2560	2048	1	194	112	0.32175
2560	2048	1	430	68	2.96035
2560	2048	1	336	76	0.00000
2560	2560	1	244	18	2.65837
2560	2560	1	86	10	4.30750
2048	2048	1	402	456	5.20113
2048	2048	1	302	490	2.56339
2560	2560	1	358	78	0.00000
2560	2048	1	390	424	3.37678
2560	2048	1	242	350	0.22168
2560	2048	2	296	400	0.00000
2048	2560	2	16	160	0.00000
2560	2048	1	60	356	5.15423
2048	2560	2	458	322	0.00000
2048	2560	2	312	426	0.00000
2048	2560	2	170	370	0.00000
2048	2560	2	196	420	0.00000
2560	2560	2	454	334	0.00000
2560	2560	2	318	488	0.00000
2560	2560	2	22	482	0.00000
2048	2560	2	204	512	0.00000
2048	2560	1	152	40	3.38761
2560	2560	1	72	146	5.81493
2560	2560	1	200	126	4.63256
2560	2048	1	492	480	3.41847
2560	2560	1	498	162	4.97104
2560	2560	1	310	196	4.09886
2048	2560	1	158	230	1.45312
2048	2048	1	26	362	0.68998
2048	2560	1	326	358	2.01690
2560	2560	1	180	250	0.35596
2560	2560	1	38	318	5.39433
2560	2560	1	362	252	1.05719
2048	2560	1	414	482	0.96878
2048	2560	1	122	452	5.66142
2560	2560	1	228	462	5.98988
2560	2560	1	252	334	5.81954
2560	2560	1	366	374	3.52576
2560	2560	1	432	462	4.00682
2560	2560	1	102	488	3.66400
2048	2560	1	34	502	1.74404
2048	2560	1	44	338	3.68018
2560	2560	2	16	172	0.00000
2048	2560	1	318	126	1.31507
2560	2048	1	210	224	3.83518
2048	2560	1	66	112	3.91908
2560	2048	1	494	274	1.47198
2048	2560	2	320	206	0.00000
3072	2048	1	162	58	0.18256
3072	2048	1	264	136	2.56259
3072	2048	1	342	150	2.74432
3072	2048	1	422	160	3.33033
3072	2048	1	454	26	3.67993
3072	2048	1	326	6	2.82997
3072	2048	1	122	254	5.69518
3072	2048	1	182	158	0.49860
3584	2048	1	236	86	3.90052
3584	2048	1	126	102	6.06452
3584	2048	1	62	216	3.72721
3584	2048	1	230	290	4.91678
3584	2048	1	360	218	5.38353
3584	2048	1	468	64	0.00000
3584	2048	1	354	26	0.69474
3584	2048	1	382	94	0.30970
3584	2048	1	344	462	4.80023
3584	2560	1	424	74	2.15315
3584	2560	1	408	178	4.46741
3584	2560	2	346	134	0.00000
3584	2560	2	406	240	0.00000
3072	2048	1	472	248	3.95024
3584	2048	1	14	350	4.99874
3072	2048	1	270	234	1.87784
3072	2048	1	394	336	2.50182
3072	2048	1	374	452	3.30674
3072	2048	1	230	346	4.56699
3072	2048	1	242	432	4.63144
3072	2048	1	34	188	3.93499
3072	2048	1	34	14	5.21483
3072	2048	1	22	70	5.61649
3584	2048	1	84	470	4.00728
3584	2560	1	124	18	3.67763
3584	2560	1	262	82	2.23557
3584	2560	1	266	212	2.60693
3072	2560	1	222	42	2.33294
3072	2560	1	484	10	0.21406
3072	2560	1	366	48	1.76819
3072	2560	1	92	134	1.56070
3072	2560	1	222	160	3.96088
3584	2560	1	64	146	1.07619
3072	2560	1	402	152	4.69061
3072	2560	1	98	42	0.89606
3072	2048	1	56	408	0.00000
3072	2560	1	482	292	3.19365
3072	2560	1	340	230	5.61266
3072	2560	1	292	334	3.09799
3072	2560	1	104	252	4.70933
3072	2560	1	24	396	2.88128
3072	2560	1	106	370	3.28744
3072	2560	1	236	400	5.90268
3072	2560	1	170	406	6.01858
3584	2560	1	102	314	1.27230
3072	2560	1	368	470	1.14559
3584	2560	1	222	396	4.19181
3584	2560	1	114	380	1.51238
3072	2560	1	424	378	1.59341
3584	2560	1	426	344	3.53258
3584	2560	1	478	398	3.65645
3584	2560	1	348	334	3.02403
3584	2560	1	204	510	2.84967
3584	2560	1	188	342	2.98382
3584	2560	1	232	462	4.46338
3584	2560	1	246	328	3.52210
3072	2560	1	474	422	6.14306
3584	2560	1	26	512	3.73197
3072	2560	1	284	512	5.79191
3072	2560	1	224	512	5.90268
3072	2560	1	150	512	5.91601
3584	2560	1	310	512	3.17047
3584	2560	2	336	446	0.00000
3584	2560	2	396	458	0.00000
3072	3072	2	432	260	0.00000
3584	3072	2	14	206	0.00000
3072	3072	1	80	70	2.66189
3072	3072	1	152	50	0.00000
3072	3072	1	252	48	5.75354
3072	3072	1	228	152	4.34027
3072	3072	1	22	186	4.66547
3072	3072	1	142	246	1.07449
3072	3072	1	144	322	4.33188
3072	3072	1	362	194	1.36310
3072	3072	1	400	80	5.87560
3072	3072	1	484	154	0.84969
3584	3072	1	8	34	3.72960
3584	3072	1	114	68	4.31465
3584	3072	1	304	30	3.40722
3072	3072	1	12	388	5.01420
3072	3072	1	114	436	1.18506
3072	3072	1	232	404	3.40331
3072	3072	1	294	408	3.37460
3072	3072	1	458	432	3.83443
3072	3072	1	504	322	2.29726
3584	3072	1	86	180	1.92508
3584	3072	1	192	122	0.95419
3584	3072	2	250	158	0.00000
3584	3072	1	322	194	5.95688
3584	3072	1	446	56	3.17446
3584	3072	1	394	156	3.02663
3584	3072	1	486	152	3.52862
3584	3072	1	442	298	3.14159
3584	3072	1	102	264	1.77266
3584	3072	1	134	338	2.11528
3584	3072	1	220	252	5.85746
3584	3072	1	274	288	3.70496
3584	3072	1	220	436	0.72606
3584	3072	2	326	372	0.00000
3584	3072	2	400	386	0.00000
3584	3072	1	422	470	1.79760
3584	3072	1	60	432	0.73782
3584	3072	1	122	470	0.51380
3072	3584	1	180	8	1.72689
3072	3584	1	274	60	3.80572
3072	3584	1	386	10	2.13145
3584	3584	1	14	12	4.84671
3072	3584	1	442	142	2.23557
3072	3584	1	288	186	4.57616
3072	3584	1	124	102	1.45417
3072	3584	1	78	254	0.85474
3072	3584	1	150	340	0.05393
3072	3584	1	202	266	5.90186
3072	3584	1	90	326	4.10468
3072	3584	1	342	288	2.36015
3072	3584	1	402	250	0.00000
3072	3584	1	496	276	0.30068
3584	3584	1	396	234	4.27568
3584	3584	1	210	70	3.80335
3584	3584	1	338	96	1.98826
3584	3072	1	262	472	4.15662
3584	3584	1	376	22	4.90978
3584	3584	1	468	90	3.42260
3584	3584	1	336	182	1.33525
3584	3584	1	178	224	3.99344
3072	3584	1	384	474	1.25722
3072	3584	1	66	418	1.46771
3584	3584	1	88	194	0.60703
3072	3584	2	502	82	0.00000
3584	3584	1	390	320	4.15019
3072	3584	1	464	388	1.12469
3072	3584	1	312	350	1.26721
3072	3584	1	244	426	0.92583
3584	3584	1	166	446	0.35564
3584	3584	1	304	368	0.69915
3584	3584	1	382	432	0.86112
3584	3584	1	98	340	1.52338
3584	3584	1	80	428	1.04938
3072	3584	1	36	68	1.11643
3072	3584	1	8	180	1.24905
3584	3072	1	208	14	2.90051
3584	3072	1	512	304	5.82598
3584	3584	1	492	512	0.00000
2048	3072	1	128	108	4.66131
2048	3072	1	286	198	5.52378
2048	3072	1	296	76	6.02764
2048	3072	1	480	118	3.49983
2560	3072	1	100	138	4.58843
2560	3072	1	350	62	4.29274
2560	3072	1	270	250	4.44493
2560	3072	2	224	130	0.00000
2560	3072	2	140	70	0.00000
2560	3072	2	98	230	0.00000
2048	3072	2	196	220	0.00000
2048	3072	1	82	274	1.76402
2048	3072	1	196	406	5.65898
2048	3072	1	234	304	4.26841
2048	3072	1	314	364	3.62297
2048	3072	1	390	314	0.00000
2048	3072	1	504	246	4.12229
2560	3072	1	40	322	1.32712
2048	3072	1	472	508	0.87988
2560	3072	1	132	510	1.19410
2560	3072	1	228	472	5.92713
2560	3072	1	342	406	3.03000
2560	3072	1	408	264	2.96591
2560	3072	1	408	464	3.25714
2048	3584	1	232	28	5.32629
2048	3072	1	348	470	4.29099
2560	3072	1	76	400	4.24292
2560	3072	1	210	346	2.74382
2560	3584	1	364	58	2.28661
2048	3584	1	386	88	1.50576
2560	3584	1	18	106	3.91899
2048	3584	1	242	168	1.24499
2048	3584	1	88	160	2.06690
2048	3584	1	134	88	2.28286
2560	3584	1	484	34	0.58876
2560	3584	1	450	262	1.13684
2048	3584	1	278	286	6.17984
2048	3584	1	368	278	5.99782
2048	3584	1	428	210	0.00000
2560	3584	1	4	286	1.00194
2560	3584	1	178	280	2.48197
2560	3584	1	148	138	5.71923
2560	3584	1	222	128	2.25976
2560	3584	1	340	132	1.86784
2560	3584	1	326	222	1.69146
2560	3584	1	340	344	1.13607
2560	3584	1	478	418	3.87332
2048	3584	1	178	272	4.17192
2560	3584	1	18	386	0.44048
2560	3584	1	178	432	2.60277
2048	3584	1	412	440	1.30562
2048	3584	1	92	464	0.35044
2048	3584	1	212	454	0.00000
