1536	2560	1	410	440	2.96642
1536	2560	1	166	256	5.66599
1024	2560	1	420	402	2.84322
1536	2560	1	236	356	1.56249
1536	2560	1	316	262	5.61433
1536	2560	1	476	258	0.00000
1536	2560	1	508	392	5.11240
1536	2560	1	338	512	5.05267
1536	2560	1	188	474	0.56780
1536	2560	1	60	450	4.88728
1024	2560	1	190	492	1.06340
1024	2560	1	18	396	4.39451
1536	2560	1	60	120	5.79308
1024	2560	1	336	220	4.15407
1024	2048	1	226	382	0.58371
1024	2560	1	304	338	4.72260
1024	2560	1	122	448	0.94279
1024	2560	1	106	326	2.17999
1536	2560	1	76	274	2.41398
1024	2560	1	270	430	5.51112
1024	2560	1	80	254	4.63030
1024	2560	1	48	152	2.63660
1024	2560	1	316	42	0.78962
1024	2560	2	186	288	0.00000
1024	2048	1	454	446	1.19580
1536	2048	1	82	458	3.76629
1024	2560	1	468	96	0.60648
1024	2560	1	500	196	0.78540
1536	2560	1	136	92	3.00453
1536	2560	1	354	158	3.39185
1536	2048	1	472	498	3.24970
1536	2560	1	286	108	0.48545
1536	2560	1	204	126	3.00940
1536	2048	1	254	508	1.24905
1536	2048	1	164	448	3.36637
1536	2048	1	372	378	0.49589
1536	2048	1	276	436	2.63182
1536	2048	1	226	288	5.36824
1536	2048	1	42	334	2.72203
1536	2048	1	328	258	1.75065
1536	2048	2	492	64	0.00000
1536	2048	1	262	62	4.82208
1536	2048	1	272	128	5.92372
1536	2048	1	214	156	0.00000
1536	2048	1	164	42	3.45457
1536	2048	1	86	40	3.27101
1536	2048	1	16	8	0.00000
1536	2048	1	104	204	6.13926
1024	2048	1	480	232	3.96278
1024	2048	1	464	122	1.65360
1024	2048	1	130	278	2.92509
1024	2048	1	134	116	3.20149
1024	2048	1	28	144	2.59121
1024	2048	1	254	0	0.00000
1024	2048	1	334	0	0.00000
1024	2048	2	204	88	0.00000
1536	2560	1	418	198	3.54065
1536	3072	1	14	204	5.80483
1024	3072	1	422	152	5.97219
1024	3072	1	298	94	5.64250
1024	3072	1	334	38	5.79681
1024	3072	1	144	64	0.93071
1024	3072	1	190	160	0.56673
1024	3072	1	220	236	0.44237
1024	3072	1	292	234	0.21867
1024	3072	1	350	258	0.00000
1024	3072	1	112	322	4.52773
1024	3072	1	76	202	5.77107
1536	3072	1	178	104	0.77416
1536	3072	1	290	82	5.91324
1536	3072	1	388	144	0.00000
1536	3072	1	496	24	0.00000
1536	3072	1	372	4	5.01698
1536	3072	1	96	254	0.00000
1536	3072	1	186	238	3.49390
1536	3072	1	364	260	4.62643
1536	3072	1	472	258	0.40255
1536	3072	1	18	350	1.56325
1536	3072	1	164	352	4.06233
1536	3072	1	186	422	3.95718
1536	3072	1	102	460	3.53527
1024	3072	1	154	456	0.47111
1024	3072	1	270	422	0.00000
1024	3072	1	428	408	5.88517
1024	3584	1	100	128	0.26354
1024	3584	1	24	50	4.30740
1024	3584	1	176	170	1.05306
1024	3584	1	276	60	1.66442
1024	3584	1	456	128	2.59054
1536	3584	1	86	92	4.12113
1536	3584	1	200	134	4.75237
1536	3072	1	264	512	0.00000
1536	3584	1	192	12	5.66876
1536	3072	1	314	394	6.05568
1536	3072	1	432	474	0.37725
1536	3072	1	512	404	5.81252
1536	3072	2	378	452	0.00000
1024	3072	2	468	34	0.00000
1536	3072	2	174	4	0.00000
1536	3584	2	18	50	0.00000
1536	3584	1	424	90	3.79409
1536	3584	2	364	64	0.00000
1536	3584	2	466	110	0.00000
1536	3584	1	66	214	2.39699
1536	3584	1	266	210	5.66710
1536	3584	1	370	180	5.21393
1024	3584	1	338	190	1.08956
1024	3584	1	90	312	0.87046
1024	3584	1	244	342	5.84081
1024	3584	1	308	330	2.54050
1024	3584	1	388	308	0.00000
1536	3584	1	170	252	0.10467
1536	3584	1	34	312	1.64482
1536	3584	1	194	358	1.35067
1536	3584	1	370	344	5.30052
1536	3584	1	412	286	4.88706
1536	3584	1	506	412	1.07829
1536	3584	1	174	500	0.36370
1024	3584	1	482	454	0.00000
1536	3584	1	58	476	0.28806
1536	3584	1	342	492	5.57891
1024	3584	1	94	478	5.55257
1024	3072	2	498	294	0.00000
1536	3584	2	252	264	0.00000
2560	2560	1	70	446	0.60780
2560	2560	1	50	206	0.59942
2048	2560	1	482	112	0.00000
2048	2560	1	422	148	3.30674
2560	2560	1	262	272	5.30721
2048	2560	1	316	122	5.59764
2560	2560	1	30	320	1.06919
2560	2560	1	290	148	0.00000
2048	2560	1	378	356	5.88556
2560	2560	1	346	338	0.00000
2048	2048	1	350	432	4.75448
2048	2560	2	200	400	0.00000
2048	2560	2	318	420	0.00000
2048	2560	2	160	360	0.00000
2048	2560	2	164	152	0.00000
2048	2560	2	224	148	0.00000
2048	2560	2	322	204	0.00000
2048	2560	2	376	84	0.00000
2048	2560	2	404	42	0.00000
2048	2560	2	460	484	0.00000
2560	2048	2	308	508	0.00000
2560	2560	2	304	488	0.00000
2560	2560	2	462	328	0.00000
2048	2560	2	440	306	0.00000
2560	2048	1	364	420	5.76240
2560	2048	1	392	284	1.26274
2560	2048	1	482	174	1.03866
2560	2048	1	382	136	4.08445
2560	2048	1	444	62	0.00000
2560	2048	1	204	26	2.03363
2048	2560	1	106	64	5.31688
2048	2560	1	48	116	2.52493
2048	2560	1	172	246	2.28646
2048	2560	1	316	268	1.01926
2048	2560	1	52	298	0.00000
2560	2560	1	466	220	2.20422
2048	2048	2	200	496	0.00000
2048	2048	2	258	500	0.00000
2048	2048	1	360	512	1.36895
2048	2048	1	156	398	3.11887
2048	2048	1	280	322	5.58932
2048	2048	1	506	322	5.21793
2560	2560	1	158	114	3.86928
2560	2048	1	194	478	0.88507
2560	2560	1	58	2	2.25625
2048	2048	1	78	444	3.04355
2560	2560	1	242	400	0.70679
2560	2560	1	156	294	3.55766
2048	2560	1	184	466	4.99312
2048	2560	1	90	512	3.05599
2048	2560	1	0	374	5.45184
2560	2560	1	426	408	3.16489
2560	2560	2	4	488	0.00000
2560	2560	1	430	50	0.91662
2560	2560	1	512	140	2.12510
2560	2048	1	462	338	1.44015
2560	2048	1	10	442	4.23356
2048	2048	1	420	370	2.33492
2560	2048	1	182	178	0.35554
2560	2048	1	216	278	4.57886
2560	2048	1	246	194	4.64837
2560	2048	1	306	74	0.00000
2048	2048	1	112	42	0.00000
2048	2048	1	508	28	0.55610
2560	2048	1	52	94	4.32178
2560	2048	1	108	210	0.00000
2560	2048	1	6	196	5.70912
2048	2048	2	194	104	0.00000
2048	2048	1	58	212	0.35877
2048	2048	1	152	236	5.63968
2560	2048	1	166	84	1.83925
2048	2048	2	400	12	0.00000
2560	2048	1	322	460	5.89631
3072	2560	2	464	182	0.00000
3072	2560	2	166	86	0.00000
3072	2048	2	112	124	0.00000
3584	2560	2	330	438	0.00000
3584	2560	1	392	512	0.94531
3584	2560	1	512	482	2.07091
3584	2560	1	480	328	0.00000
3584	2560	1	280	482	5.36274
3584	2560	1	80	412	2.82063
3584	2560	1	200	496	2.16394
3072	2560	1	502	474	3.62472
3584	2560	1	402	402	5.33144
3584	2560	1	200	386	4.99529
3072	2560	1	286	462	3.65240
3072	2560	1	168	428	1.74404
3072	2560	1	36	458	3.54117
3072	2560	1	460	268	4.90684
3584	2560	1	46	254	3.04775
3584	2560	1	142	254	6.07201
3072	2560	1	372	482	0.13176
3584	2560	1	290	314	3.20669
3072	2560	1	242	330	2.93061
3072	2560	1	460	362	1.86595
3072	2560	1	44	174	2.37609
3072	2560	1	128	162	2.79002
3072	2560	1	282	206	0.40849
3072	2560	1	340	246	3.61401
3584	2560	1	194	180	5.66241
3072	2560	1	202	194	0.43948
3584	2560	1	476	182	3.76328
3584	2560	1	280	60	1.22905
3584	2048	1	384	440	3.34412
3584	2560	1	428	44	3.92699
3072	2560	1	408	132	1.11459
3584	2560	1	312	136	3.89866
3584	2560	1	512	62	3.64688
3584	2560	1	366	200	3.59593
3584	2560	1	56	134	5.04592
3584	2560	1	52	54	5.18224
3584	2048	1	392	230	5.30309
3584	2048	1	226	242	5.48913
3584	2048	1	86	420	4.30906
3584	2048	1	264	82	3.84137
3584	2048	1	144	120	0.55849
3584	2048	1	14	196	3.67518
3584	2048	1	378	84	5.95932
3584	2048	1	468	56	0.09359
3584	2048	1	512	110	0.00000
3584	2560	1	184	10	3.75813
3584	2048	1	96	486	4.40207
3072	2048	1	362	472	2.50296
3072	2048	1	440	454	2.67373
3072	2048	1	238	452	1.35410
3072	2048	1	190	366	4.29405
3072	2048	1	88	256	2.79130
3072	2048	1	320	224	2.95126
3072	2048	1	242	116	4.82936
3584	2048	1	62	306	6.14129
3072	2048	1	504	326	3.15920
3072	2048	1	436	236	3.74287
3072	2048	1	360	340	1.63266
3072	2048	1	20	428	4.39629
3072	2560	1	402	64	4.46604
3072	2560	1	254	68	2.28449
3072	2560	2	316	30	0.00000
3072	2560	2	490	22	0.00000
3584	2048	1	228	0	0.00000
3072	2048	1	394	74	6.03127
3072	2048	1	88	30	0.38382
3072	2048	1	216	36	4.79553
3072	2048	1	0	164	1.07077
3072	3584	1	218	358	0.38051
3072	3584	1	202	210	0.99062
3072	3584	1	236	512	3.27414
3072	3584	1	146	470	3.31520
3072	3584	1	298	400	3.33869
3072	3584	1	368	374	0.70134
3584	3584	1	130	462	0.00000
3072	3584	1	480	374	4.84113
3584	3584	1	20	454	5.35589
3584	3584	1	224	490	0.67293
3584	3584	1	192	422	3.34838
3072	3584	1	310	266	2.45088
3072	3584	1	40	500	2.24814
3072	3584	1	450	452	5.70528
3584	3584	1	54	252	0.00000
3072	3584	1	58	120	1.44007
3072	3584	1	424	278	1.82745
3072	3072	2	430	254	0.00000
3584	3584	1	124	304	2.63251
3072	3584	1	52	274	2.07042
3072	3584	2	342	484	0.00000
3072	3584	2	412	494	0.00000
3584	3584	1	346	316	3.65346
3584	3584	1	400	382	4.17286
3584	3584	1	392	468	0.70406
3584	3584	1	424	292	3.85929
3584	3584	1	330	220	3.46971
3584	3584	1	416	170	5.48219
3584	3584	1	472	476	4.25767
3584	3584	1	484	396	0.40984
3584	3584	1	280	390	5.76620
3584	3584	1	254	244	0.23162
3584	3584	1	138	196	0.15156
3584	3584	1	194	274	3.35335
3072	3584	1	422	214	1.74602
3072	3584	1	364	48	2.21138
3584	3584	1	458	66	6.00489
3072	3584	1	174	82	5.79539
3072	3584	1	460	134	1.53967
3072	3584	1	50	4	4.09985
3072	3584	1	296	90	2.28442
3584	3584	1	512	80	2.76968
3584	3584	1	322	98	3.38020
3584	3584	1	226	98	4.18729
3584	3584	1	94	102	0.42542
3584	3584	1	54	42	0.59306
3072	3584	1	492	18	0.94074
3072	3072	1	170	440	3.98133
3072	3072	1	246	480	3.32789
3072	3072	1	332	428	3.60619
3072	3072	1	58	380	0.52604
3072	3072	1	0	344	0.64465
3584	3072	1	436	378	3.62906
3072	3072	1	378	462	3.63962
3072	3072	1	450	460	0.26124
3584	3072	1	4	398	0.00000
3584	3072	1	174	506	0.00000
3584	3072	1	298	466	1.30440
3584	3072	1	460	274	5.34167
3584	3072	1	512	376	0.62142
3584	3072	1	332	390	4.99170
3584	3072	1	350	290	3.63753
3584	3072	1	234	380	6.02378
3584	3072	1	148	374	5.35987
3584	3072	1	412	496	1.15065
3584	3072	1	90	418	5.99105
3584	3584	1	288	10	1.28607
3584	3072	1	246	278	4.99325
3584	3072	1	316	202	1.44529
3584	3072	1	390	0	0.96368
3584	3072	1	430	46	3.99304
3584	3072	1	310	0	0.00000
3584	3072	1	412	130	0.96736
3584	3072	1	250	112	2.46176
3584	3072	1	310	112	4.59751
3584	3072	1	216	182	4.20321
3584	3072	1	120	32	2.23881
3584	3072	1	140	130	2.27305
3584	3072	1	160	278	4.14872
3584	3072	1	36	250	6.01267
3072	3072	1	328	322	4.06889
3072	3072	1	108	292	5.88525
3072	3072	1	284	214	1.18222
3072	3072	1	406	158	0.22981
3584	3072	1	50	122	3.14159
3072	3072	1	492	80	0.27051
3072	3072	1	172	240	2.27220
3072	3072	1	378	6	0.00000
3072	3072	1	0	216	5.24950
3072	3072	1	26	150	2.26222
3072	3072	1	88	72	2.79138
3072	3072	1	192	58	5.43161
3072	3072	1	228	0	2.59320
3072	3584	2	124	368	0.00000
3072	3584	1	0	348	1.97078
2048	3072	2	162	480	0.00000
2048	3072	2	36	376	0.00000
2560	3072	2	224	124	0.00000
2560	3072	2	98	230	0.00000
2560	3072	2	142	64	0.00000
2560	3072	2	366	238	0.00000
2048	3072	1	106	112	0.33682
2048	3072	1	56	290	1.24599
2048	3072	1	206	186	4.46976
2048	3072	1	286	242	3.67045
2048	3072	1	374	266	0.87335
2048	3072	1	426	74	2.42981
2560	3072	1	12	94	5.63008
2048	3072	1	482	208	2.73640
2048	3072	1	212	378	1.27672
2560	3072	1	144	174	2.38636
2560	3072	1	302	160	4.57807
2560	3072	1	390	50	5.87660
2560	3072	1	484	232	5.18198
2560	3072	1	64	286	5.92064
2048	3072	1	414	398	2.65316
2048	3072	2	310	432	0.00000
2560	3072	2	88	446	0.00000
2560	3072	2	52	384	0.00000
2048	3072	1	488	398	6.10586
2048	3072	1	332	474	4.03333
2048	3584	2	208	34	0.00000
2048	3584	2	394	4	0.00000
2560	3584	1	8	88	0.38867
2560	3072	1	178	346	0.16778
2560	3072	1	284	300	3.31771
2560	3072	1	400	336	3.60041
2560	3072	1	302	414	5.10326
2560	3072	2	224	466	0.00000
2560	3584	1	190	20	1.68791
2048	3584	1	142	116	3.18079
2048	3584	1	58	128	2.47677
2048	3584	2	162	216	0.00000
2048	3584	2	38	228	0.00000
2048	3584	2	174	288	0.00000
2048	3584	1	70	310	1.08100
2048	3584	1	148	458	5.84210
2048	3584	1	292	108	0.17671
2048	3584	1	380	162	0.36254
2048	3584	1	416	226	3.47484
2048	3584	1	320	310	5.85878
2048	3584	1	328	468	5.67338
2048	3584	1	478	364	5.56381
2560	3584	1	38	178	0.60170
2560	3584	1	84	256	3.46334
2560	3584	1	184	92	4.04078
2560	3584	1	134	374	5.02601
2560	3584	1	136	440	1.90247
2560	3072	1	486	352	0.68739
2560	3584	1	340	74	2.49664
2560	3584	1	208	164	4.17197
2560	3584	1	226	240	1.28642
2560	3584	1	312	164	5.89532
2560	3584	1	436	28	5.76436
2560	3584	1	418	188	0.50545
2560	3584	1	262	458	0.00000
2560	3584	1	286	302	1.17626
2560	3584	1	342	404	5.37756
2560	3584	1	398	354	5.87077
2560	3584	1	442	480	0.68934
2048	3072	1	382	142	5.67042
