1024	2560	1	378	496	0.44671
1536	2560	1	66	436	4.95109
1024	2560	1	434	382	2.73158
1024	2560	1	296	458	5.63289
1024	2560	1	64	446	1.58146
1024	2560	1	184	486	1.20052
1536	2560	1	512	468	0.78699
1024	2560	1	32	380	4.72292
1536	2560	1	420	398	3.67904
1536	2560	1	354	490	5.22050
1024	2560	1	494	316	4.71969
1024	2560	1	126	354	2.31055
1024	2560	1	126	228	4.41808
1024	2560	1	94	138	3.27703
1024	2560	1	488	216	1.75497
1024	2560	1	188	278	1.43807
1024	2560	1	306	320	4.77799
1536	2560	1	170	316	2.36391
1024	2560	1	378	198	3.26869
1536	2560	1	158	506	1.01810
1536	2560	1	190	198	5.72973
1536	2560	1	296	252	5.80140
1536	2560	1	354	170	5.75761
1536	2560	1	480	258	0.00000
1536	2560	1	374	306	0.00000
1536	2560	1	500	78	3.88688
1536	2560	1	398	36	3.51225
1536	2560	1	288	66	3.51300
1536	2560	1	188	60	0.74438
1536	2560	1	78	98	0.00000
1024	2560	1	504	102	0.54989
1024	2560	1	300	58	1.09607
1024	2048	1	276	488	0.96291
1024	2048	1	238	372	0.00000
1536	2048	1	70	490	1.62063
1536	2048	1	116	382	2.80047
1536	2048	2	160	500	0.00000
1536	2048	1	184	422	3.62855
1536	2048	1	284	436	0.00000
1536	2048	1	498	434	3.19892
1536	2048	1	380	394	4.69534
1536	2048	1	348	236	2.80011
1536	2048	1	248	276	4.11097
1536	2048	1	504	88	2.70746
1536	2048	1	334	156	5.17454
1536	2048	1	256	54	5.51903
1536	2048	1	220	130	0.00000
1536	2048	1	202	50	3.13090
1536	2048	1	14	40	0.00000
1536	2048	1	126	188	0.00000
1536	2048	1	60	290	3.54428
1024	2048	1	480	220	3.68375
1024	2048	1	382	138	1.82569
1024	2048	1	338	0	0.00000
1024	2048	1	264	0	0.00000
1024	2048	1	212	66	0.39502
1024	2048	1	108	258	2.32599
1024	2048	1	126	98	2.26906
1024	2048	1	26	80	0.31868
1024	2560	2	489	450	0.00000
1024	3072	1	448	344	1.95244
1024	3072	1	146	86	1.02710
1024	3072	1	146	4	1.06947
1024	3072	1	278	88	5.53067
1024	3072	1	402	132	0.59487
1024	3072	1	372	40	3.57384
1536	3072	1	26	190	6.18397
1024	3072	1	160	170	0.46561
1024	3072	1	0	222	3.98064
1536	3072	1	134	16	0.99378
1024	3072	2	468	42	0.00000
1536	3072	1	122	262	6.06122
1536	3072	1	210	62	1.18272
1536	3072	1	242	158	3.48107
1536	3072	1	354	170	0.00000
1536	3072	1	422	190	3.32027
1536	3072	1	42	130	0.00000
1536	3072	1	206	308	3.66818
1024	3072	1	258	414	0.78847
1024	3072	1	126	324	0.00000
1024	3072	1	204	264	0.23004
1024	3072	1	268	254	3.11006
1024	3072	1	324	232	6.05065
1536	3584	2	466	118	0.00000
1536	3072	2	374	446	0.00000
1024	3072	1	64	484	3.14362
1024	3072	1	158	452	0.58622
1024	3584	1	262	54	0.90436
1024	3584	1	88	110	0.91154
1024	3584	1	444	74	3.05545
1024	3584	1	352	160	0.00000
1536	3584	1	24	196	2.53564
1536	3072	1	366	12	5.43455
1536	3072	1	482	74	5.67547
1536	3072	1	378	336	0.56912
1536	3072	1	296	238	0.00000
1536	3072	1	504	250	3.06768
1536	3072	1	510	434	2.77022
1536	3072	1	190	422	0.82222
1536	3072	1	98	462	3.45067
1536	3072	1	348	496	5.36501
1536	3072	1	246	482	0.00000
1536	3584	1	460	38	3.99168
1536	3584	1	96	84	4.53516
1536	3584	1	202	62	5.66251
1536	3584	1	196	138	2.30050
1536	3584	1	348	122	2.24031
1536	3584	2	512	110	0.00000
1536	3584	1	100	156	5.14747
1024	3584	1	72	266	0.00000
1024	3584	1	274	244	1.72821
1024	3584	1	384	282	0.29622
1024	3584	1	150	372	5.03092
1536	3584	2	498	172	0.00000
1024	3584	1	124	456	5.87077
1024	3584	1	268	392	5.38713
1536	3584	1	110	306	2.82460
1536	3584	1	192	282	0.17671
1536	3584	1	340	312	4.46179
1536	3584	1	502	330	5.56490
1536	3584	1	474	428	2.01749
1024	3584	1	486	418	0.67052
1024	3584	2	468	296	0.00000
1536	3584	1	62	466	0.55860
1536	3584	1	166	468	0.00000
1536	3584	1	322	490	5.57279
1024	3584	2	24	516	0.00000
1536	3584	2	14	44	0.00000
1024	3584	2	162	38	0.00000
1024	3072	2	346	356	0.00000
1024	3072	2	500	308	0.00000
1024	3072	2	24	386	0.00000
1536	3584	2	254	262	0.00000
1536	3584	2	260	372	0.00000
2048	2048	1	98	68	6.03821
2048	2048	1	180	104	6.20004
2048	2048	1	64	214	0.07364
2048	2048	1	158	250	5.64617
2048	2048	1	276	308	6.06288
2048	2048	1	408	168	0.78798
2048	2048	1	160	380	1.64301
2048	2048	1	104	466	2.13753
2048	2560	1	70	78	0.58076
2048	2560	1	2	60	4.07087
2560	2048	1	92	106	1.90091
2560	2048	1	92	38	1.76381
2048	2048	2	498	64	0.00000
2048	2048	2	408	14	0.00000
2048	2560	2	234	156	0.00000
2048	2560	2	168	146	0.00000
2560	2560	2	294	8	0.00000
2560	2560	2	18	478	0.00000
2048	2560	2	464	482	0.00000
2048	2560	2	318	422	0.00000
2048	2560	2	196	412	0.00000
2048	2560	2	170	360	0.00000
2560	2560	2	320	496	0.00000
2560	2048	1	36	202	6.11660
2048	2048	1	512	316	5.79952
2048	2048	1	426	386	2.12904
2560	2048	1	12	430	4.86394
2048	2048	1	396	456	5.27388
2048	2560	1	282	36	0.97016
2048	2048	2	212	506	0.00000
2048	2560	1	130	242	3.15968
2048	2560	1	56	330	0.20341
2048	2560	1	78	512	3.06683
2048	2560	1	280	478	4.92740
2560	2560	1	78	452	0.00000
2560	2560	1	142	348	0.00000
2048	2560	1	482	398	0.27377
2048	2560	2	442	310	0.00000
2048	2560	2	318	202	0.00000
2048	2560	2	420	46	0.00000
2048	2560	2	386	90	0.00000
2048	2560	1	448	134	3.51183
2560	2560	1	62	16	1.51747
2048	2560	1	494	264	5.30039
2560	2560	1	4	208	2.20734
2048	2560	1	380	328	0.41618
2048	2560	1	320	284	0.67649
2048	2560	1	328	130	5.58767
2560	2048	1	94	300	0.51717
2560	2048	1	180	160	0.33804
2560	2048	1	242	224	4.70346
2560	2048	1	346	492	5.56765
2560	2048	1	394	426	5.41327
2560	2560	1	184	44	6.13337
2560	2560	1	262	82	2.80545
2560	2560	1	138	172	3.92172
2560	2560	1	222	274	5.63066
2560	2560	1	272	430	0.00000
2560	2560	1	438	392	3.58984
2560	2560	1	320	244	5.58469
2560	2560	1	384	172	2.09818
2560	2560	1	408	66	0.93577
2560	2048	1	448	192	1.07896
2560	2048	1	440	344	0.75262
2560	2048	1	328	312	1.72740
2560	2048	1	460	46	0.00000
2560	2048	1	398	152	3.82926
2560	2048	1	308	104	0.28919
2560	2048	1	198	14	3.15545
2560	2560	1	512	148	2.36263
3072	2560	1	126	442	0.32495
3072	2560	1	342	248	3.47198
3072	2560	1	352	386	4.46741
3072	2560	1	226	354	3.17509
3072	2560	1	254	504	1.22159
3072	2560	1	380	490	6.01275
3072	2560	1	444	328	2.66040
3072	2560	1	508	462	2.77857
3072	2560	1	500	310	5.60153
3584	2560	1	98	392	3.83557
3584	2560	1	162	480	2.36256
3584	2560	1	196	362	0.20031
3072	2560	2	428	114	0.00000
3072	2560	2	466	202	0.00000
3584	2560	2	344	136	0.00000
3584	2560	2	348	440	0.00000
3072	2560	1	14	160	2.87081
3072	2560	1	130	226	1.35257
3072	2560	1	272	174	0.46043
3072	2560	1	374	144	0.57790
3584	2560	1	106	252	1.44420
3584	2560	1	46	190	3.97573
3584	2560	1	222	234	6.11498
3584	2560	1	320	360	2.11361
3584	2560	1	320	218	3.33281
3584	2560	1	252	402	3.62824
3584	2560	1	302	500	5.60490
3584	2560	1	462	178	4.63086
3584	2560	1	464	274	4.11909
3584	2560	2	406	254	0.00000
3584	2560	1	480	348	0.59460
3584	2560	1	452	512	6.05063
3584	2560	1	392	512	0.00000
3584	2560	1	512	442	1.65621
3072	2048	1	48	420	3.95263
3072	2560	1	90	94	3.01523
3072	2560	1	192	116	4.34150
3072	2560	1	202	10	2.05883
3072	2048	1	218	366	4.62975
3072	2048	1	16	266	5.03074
3072	2048	1	198	448	1.62326
3072	2048	1	366	478	2.67510
3072	2560	2	324	30	0.00000
3072	2048	1	458	464	2.80897
3584	2560	1	20	82	4.95100
3584	2048	1	60	414	4.10684
3584	2048	1	380	440	2.76422
3584	2560	1	442	50	3.91023
3584	2048	1	100	476	4.29349
3584	2048	1	242	482	2.12940
3584	2560	1	132	44	4.13118
3584	2560	1	188	96	0.79856
3584	2560	1	310	84	4.31073
3072	2048	1	40	0	0.15377
3072	2048	2	16	68	0.00000
3072	2048	1	84	34	0.37486
3072	2048	1	90	176	4.48680
3072	2048	1	200	22	4.75280
3072	2048	1	236	108	4.80204
3072	2048	1	326	224	2.89957
3072	2048	1	324	338	2.10730
3072	2048	1	366	88	4.42254
3584	2048	1	24	152	3.01278
3072	2048	1	424	266	3.59364
3072	2048	1	476	318	3.84102
3584	2048	1	56	314	0.52328
3584	2048	1	220	264	4.94793
3584	2048	1	112	116	0.39255
3584	2048	1	268	90	3.83374
3584	2048	1	218	0	0.00000
3584	2048	1	368	212	5.54859
3584	2048	1	352	102	0.00000
3584	2048	1	460	58	0.00000
3584	2048	1	512	100	0.00000
3584	2048	1	478	198	5.12280
3072	3072	1	76	64	3.21836
3072	3072	1	94	192	4.34150
3072	3072	1	144	262	1.65753
3072	3072	1	274	226	3.53210
3072	3072	2	396	46	0.00000
3072	3072	1	444	118	0.00000
3584	3072	1	86	138	0.65544
3584	3072	2	10	202	0.00000
3584	3072	1	132	38	5.21949
3584	3072	1	206	114	4.25284
3584	3072	1	402	68	0.00000
3584	3072	2	250	150	0.00000
3584	3072	1	334	122	4.53909
3584	3072	2	316	36	0.00000
3584	3072	2	242	24	0.00000
3584	3072	2	468	42	0.00000
3584	3072	1	318	194	0.84610
3584	3072	1	374	230	1.17134
3584	3072	1	166	214	2.20705
3584	3072	1	116	262	2.11711
3584	3072	1	92	332	2.88045
3072	3072	1	504	292	4.20994
3072	3072	1	422	286	4.22753
3584	3072	1	20	378	3.22314
3072	3072	1	284	340	3.83268
3072	3072	1	310	406	3.41931
3072	3072	1	384	392	3.65714
3072	3072	1	452	472	2.69765
3072	3072	1	168	480	2.87316
3584	3072	1	434	312	3.48937
3584	3072	1	512	350	0.00000
3584	3072	2	334	354	0.00000
3584	3072	2	252	294	0.00000
3584	3072	1	308	408	1.66130
3584	3072	1	196	428	5.00960
3584	3072	1	70	496	0.59018
3584	3072	1	424	436	0.58046
3584	3072	1	316	510	0.65949
3584	3072	1	250	496	3.13368
3584	3072	1	498	508	0.00000
3584	3584	1	420	36	0.00000
3072	3584	1	450	66	1.66629
3072	3584	1	258	70	0.92613
3072	3584	1	108	152	0.97362
3072	3584	2	34	22	0.00000
3584	3584	1	156	28	1.86791
3072	3584	1	252	216	0.68448
3584	3584	1	134	134	5.69395
3072	3584	1	358	204	0.38436
3072	3584	1	446	182	0.65773
3584	3584	1	64	182	0.00000
3584	3584	1	300	238	5.97407
3584	3584	1	262	126	2.80292
3072	3584	1	478	266	2.90055
3072	3584	1	384	332	3.92576
3072	3584	1	132	294	0.00000
3072	3584	1	254	310	1.31425
3584	3584	1	492	142	5.52394
3584	3584	1	482	216	5.54469
3584	3584	1	362	192	2.99970
3584	3584	1	434	276	2.45707
3584	3584	1	78	334	5.79323
3584	3584	1	214	282	1.07831
3584	3584	1	352	360	0.00000
3072	3584	1	146	422	3.68463
3072	3584	1	362	484	0.42097
3072	3584	1	442	438	0.70932
3584	3584	1	472	386	4.46626
3584	3584	2	198	212	0.00000
3584	3584	1	472	478	2.22649
3072	3584	2	228	388	0.00000
3072	3584	2	42	84	0.00000
3584	3584	1	38	438	5.80367
3584	3584	2	116	424	0.00000
3584	3584	1	176	380	3.34272
3584	3584	1	266	364	2.46003
3072	3584	1	30	256	2.82275
3584	3072	2	506	198	0.00000
3072	3072	2	240	448	0.00000
3072	3072	2	204	32	0.00000
3584	3072	2	6	18	0.00000
2048	3072	1	370	238	4.86314
2048	3072	1	120	98	0.80834
2048	3072	1	498	104	0.00000
2048	3072	1	418	80	2.43782
2560	3072	1	58	108	2.50271
2048	3072	1	84	288	0.67832
2048	3072	1	166	342	1.07045
2048	3072	1	122	424	4.65689
2048	3072	1	310	356	0.64822
2560	3584	1	88	20	2.28986
2048	3072	1	210	158	4.88706
2048	3072	1	296	142	0.00000
2048	3072	1	382	144	5.63190
2560	3072	1	278	50	1.31979
2560	3072	1	412	144	5.78080
2560	3072	1	456	66	2.31426
2560	3072	1	438	304	3.93457
2560	3072	1	274	250	3.70050
2560	3072	1	326	444	5.04213
2560	3072	2	140	78	0.00000
2560	3072	2	228	126	0.00000
2560	3072	2	352	242	0.00000
2560	3072	2	96	226	0.00000
2048	3072	2	220	278	0.00000
2048	3072	2	280	276	0.00000
2048	3072	2	76	16	0.00000
2048	3072	2	192	22	0.00000
2048	3072	1	10	102	2.58729
2048	3072	1	12	252	0.00000
2048	3072	2	36	384	0.00000
2048	3072	1	4	442	2.78354
2048	3584	1	112	50	2.46375
2048	3072	2	158	480	0.00000
2048	3072	2	312	430	0.00000
2048	3584	2	374	32	0.00000
2048	3072	1	394	396	0.68429
2560	3072	2	90	432	0.00000
2560	3072	1	156	358	4.45612
2560	3072	1	160	290	4.57984
2560	3072	1	4	448	0.42285
2048	3584	1	212	36	5.18973
2048	3584	1	20	98	4.37425
2560	3072	1	158	470	6.06085
2560	3072	1	450	394	0.84655
2560	3584	1	12	98	0.61425
2048	3072	1	460	324	2.23413
2560	3072	1	226	462	0.00000
2560	3584	1	276	54	2.65056
2560	3584	1	440	104	4.72993
2560	3584	1	512	50	5.61094
2560	3584	1	180	90	4.29632
2048	3584	1	396	172	1.78757
2560	3584	1	32	202	0.34302
2560	3584	1	200	228	2.11867
2560	3584	1	270	142	4.42054
2560	3584	1	450	182	1.55110
2560	3584	1	302	266	0.00000
2560	3584	1	376	250	0.16021
2560	3584	1	426	324	3.64320
2048	3584	1	186	210	1.12014
2048	3584	1	242	320	0.00000
2560	3584	1	84	244	3.71328
2048	3584	1	62	272	1.84910
2048	3584	1	306	310	0.00000
2048	3584	1	422	292	5.16852
2048	3584	1	274	458	4.38268
2048	3584	2	26	380	0.00000
2048	3584	1	500	368	3.95562
2560	3584	1	44	454	1.44460
2560	3584	1	160	384	4.97172
2560	3584	1	244	460	0.23109
2560	3584	1	354	422	5.54902
2560	3584	1	200	322	2.40148
2560	3584	1	512	264	2.55929
2560	3584	1	462	400	4.08239
2048	3584	1	338	512	6.04065
2560	3584	1	156	486	3.56885
