1024	2048	1	102	188	5.13346
1024	2048	1	102	350	0.00000
1024	2048	1	232	378	0.26917
1536	2048	1	146	232	2.10383
1024	2048	1	466	214	2.75125
1024	2048	2	190	100	0.00000
1024	2560	1	260	46	1.05962
1536	2048	1	38	442	0.97964
1536	2560	1	44	26	4.11961
1024	2560	1	4	6	5.63296
1024	2048	2	24	348	0.00000
1536	2048	1	92	110	5.45434
1536	2048	1	338	136	6.06750
1536	2048	2	220	338	0.00000
1024	2048	2	264	18	0.00000
1024	2560	1	426	32	3.06319
1536	2048	1	340	480	4.19833
1536	2048	1	320	370	3.18739
1536	2048	1	410	280	3.06884
1536	2048	2	220	138	0.00000
1536	2048	2	258	66	0.00000
1536	2048	1	170	58	3.07501
1536	2048	1	24	24	2.47135
1536	2048	2	502	60	0.00000
1536	2048	1	410	40	4.78125
1536	2048	1	478	246	5.63806
1536	2048	1	462	142	4.66591
1536	2048	1	476	386	3.69836
1024	2560	1	290	176	4.12733
1024	2560	1	144	236	3.88321
1024	2560	1	362	256	1.02183
1024	2560	1	294	390	3.10717
1024	2560	2	78	204	0.00000
1536	2560	1	190	138	3.00948
1024	2560	1	188	350	1.65785
1536	2560	1	74	120	0.68429
1536	2560	1	316	74	0.75310
1536	2560	1	484	140	0.67719
1536	2560	1	272	250	6.07908
1536	2560	1	362	274	2.79466
1536	2560	1	212	368	4.38964
1536	2560	1	390	416	2.06221
1536	2560	1	512	304	5.00718
1536	2560	1	76	438	5.13816
1024	2560	1	410	488	2.93620
1024	2560	1	62	340	2.30547
1024	2560	2	24	406	0.00000
1024	2560	1	156	492	3.09972
1536	2560	1	14	498	2.19886
1536	2560	1	254	472	2.57208
1536	2560	2	472	404	0.00000
1536	2560	1	396	512	2.10373
1536	2560	1	70	276	0.68052
1024	2560	1	250	512	5.33787
1024	3072	1	274	510	0.00000
1024	3072	1	318	298	0.00000
1024	3072	1	258	354	0.00000
1536	3584	1	318	266	0.00000
1024	3584	1	402	306	0.00000
1536	3584	1	218	82	5.90268
1536	3584	1	170	122	5.73916
1536	3584	1	194	422	0.00000
1536	3584	1	444	434	5.89677
1024	3584	1	146	442	0.00000
1024	3584	1	278	378	0.00000
1024	3584	1	346	442	0.52877
1536	3584	1	126	342	1.20936
1536	3584	1	418	278	1.21356
1024	3584	1	474	234	0.00000
1024	3584	1	334	210	3.36962
1024	3584	1	182	242	1.52845
1024	3584	1	94	82	5.76095
1024	3584	1	22	138	5.53891
1024	3584	1	386	70	2.05206
1536	3584	1	114	230	2.06112
1536	3072	1	178	450	5.28809
1536	3072	1	302	382	4.38324
1536	3072	1	282	502	3.52813
1536	3072	1	394	434	0.92730
1536	3072	1	490	490	1.16819
1536	3584	2	462	98	0.00000
1536	3584	2	410	122	0.00000
1536	3584	2	374	74	0.00000
1024	3072	1	186	154	0.00000
1024	3072	1	222	162	0.00000
1024	3072	1	106	102	3.18939
1024	3072	1	114	482	4.68608
1024	3072	1	126	378	2.68614
1024	3072	1	186	370	2.57537
1024	3072	1	230	246	1.06292
1024	3072	1	430	178	0.00000
1024	3072	1	350	102	3.29585
1536	3072	1	2	94	2.83571
1024	3072	1	374	450	2.52771
1024	3072	1	454	374	6.04877
1536	3072	1	38	338	2.64917
1536	3072	1	98	298	2.23875
1536	3072	1	150	238	5.27197
1536	3072	1	118	158	4.49843
1536	3072	1	126	66	3.75225
1536	3072	1	198	66	3.77369
1536	3072	1	246	102	3.19752
1536	3072	2	366	114	0.00000
1536	3072	1	458	182	2.10528
1536	3072	1	450	246	0.96646
1536	3072	1	282	270	3.26092
1536	3072	1	102	466	2.27834
1536	3584	1	62	26	0.70651
1024	3072	1	510	486	5.14727
1024	3072	1	22	214	0.00000
1536	3584	1	78	142	5.04593
1536	3584	1	238	512	0.00000
2560	2048	1	212	116	0.00000
2560	2048	1	312	90	0.00000
2560	2048	1	422	56	1.22060
2048	2048	1	466	326	6.13652
2560	2048	1	114	244	5.79040
2560	2048	1	458	290	0.49150
2560	2048	1	510	160	0.91450
2048	2048	1	452	158	0.00000
2560	2048	1	74	102	3.46861
2048	2048	2	488	64	0.00000
2048	2048	2	110	70	0.00000
2048	2048	2	182	86	0.00000
2048	2048	1	312	52	0.72353
2048	2048	1	406	44	0.67677
2048	2048	1	250	296	5.84224
2048	2048	1	132	298	2.56369
2048	2048	1	16	268	5.65173
2048	2048	1	8	114	5.74428
2048	2048	1	392	466	1.12787
2560	2048	1	84	360	5.44028
2560	2048	1	228	372	0.00000
2560	2048	1	356	228	3.20401
2560	2048	2	360	390	0.00000
2560	2048	2	296	398	0.00000
2560	2048	2	440	464	0.00000
2048	2048	1	42	424	2.33210
2048	2048	1	198	484	2.90096
2048	2560	1	150	42	3.68353
2048	2560	1	70	112	4.12812
2048	2560	2	226	158	0.00000
2048	2560	2	160	148	0.00000
2048	2560	2	354	42	0.00000
2048	2560	2	418	62	0.00000
2048	2560	1	292	72	4.82330
2048	2560	1	388	204	2.68944
2560	2560	1	276	2	1.67567
2560	2560	1	316	52	0.67021
2560	2560	1	448	42	2.08039
2560	2560	1	200	124	2.66784
2560	2560	1	104	168	1.87307
2560	2560	1	358	112	3.75584
2048	2560	1	128	264	3.51605
2048	2560	1	36	306	5.00972
2048	2560	2	436	334	0.00000
2048	2560	2	500	328	0.00000
2560	2560	1	34	272	2.12178
2048	2560	1	492	474	1.78767
2560	2560	1	120	444	0.00000
2560	2560	1	224	424	2.30214
2048	2560	1	126	456	5.49779
2048	2560	1	270	344	4.67869
2048	2560	2	322	424	0.00000
2048	2560	2	198	414	0.00000
2048	2560	1	284	486	1.99889
2560	2560	1	302	226	2.55359
2560	2560	1	216	242	4.62781
2560	2560	1	398	216	0.25027
2560	2560	1	512	194	5.58329
2560	2560	1	420	362	5.45020
2560	2560	2	468	332	0.00000
2560	2560	2	304	496	0.00000
2560	2560	1	404	460	1.94715
2560	2048	1	512	430	3.64229
2560	2048	2	142	0	0.00000
3584	2048	1	162	348	5.78280
3584	2048	1	334	344	4.82993
3584	2048	1	346	472	3.99830
3072	2560	1	214	152	0.87946
3584	2048	1	114	482	4.70127
3584	2048	1	18	158	5.46771
3584	2048	1	370	218	5.49125
3072	2048	1	94	412	0.17434
3072	2048	1	60	270	2.57070
3072	2560	1	362	148	0.27537
3584	2560	1	154	118	1.55700
3584	2560	1	224	10	2.91541
3584	2048	1	126	96	0.00000
3584	2560	1	290	222	3.46086
3072	2048	1	188	126	3.12283
3072	2048	1	254	342	5.42314
3072	2560	1	298	248	3.61986
3072	2560	2	160	82	0.00000
3072	2560	2	440	128	0.00000
3584	2560	2	342	128	0.00000
3072	2048	1	392	238	5.89393
3072	2048	1	242	216	0.54042
3072	2048	1	152	272	2.86091
3072	2048	1	80	38	1.19728
3072	2048	1	74	142	1.68980
3072	2048	1	404	114	1.77413
3072	2048	1	248	40	2.51803
3072	2048	1	482	456	4.98174
3072	2048	1	446	378	5.38068
3072	2048	1	260	454	0.55987
3584	2560	1	62	68	4.06266
3072	2560	1	248	40	4.52475
3072	2048	1	190	434	3.31803
3072	2048	1	360	480	3.43412
3072	2048	1	324	304	6.07884
3072	2048	1	456	212	5.81539
3072	2048	1	506	60	5.56780
3584	2048	1	238	84	4.18351
3072	2560	1	64	56	3.23730
3072	2560	2	14	22	0.00000
3072	2560	1	178	252	1.32121
3072	2560	1	486	318	0.89247
3584	2048	1	352	94	0.26625
3584	2048	1	464	66	0.00000
3072	2560	1	412	228	3.80656
3584	2560	1	6	186	3.56579
3072	2560	1	444	32	4.45562
3584	2560	1	184	278	1.04351
3584	2560	1	116	186	4.92926
3584	2560	1	340	78	4.02739
3584	2048	1	54	360	3.29535
3584	2560	1	440	166	5.35022
3584	2560	1	132	366	1.74911
3072	2560	1	404	440	2.23702
3584	2560	1	334	258	0.60244
3072	2560	1	326	370	4.00376
3584	2560	1	18	472	3.30343
3584	2560	1	258	458	4.58618
3072	2560	1	38	348	3.60524
3072	2560	1	168	488	0.00000
3072	2560	2	100	460	0.00000
3584	2560	1	390	398	2.97777
3072	2560	2	28	234	0.00000
3072	2560	2	136	372	0.00000
3584	2560	2	342	448	0.00000
3584	2560	2	512	202	0.00000
3584	2560	2	508	44	0.00000
3584	2560	1	494	312	5.63636
3584	2560	1	478	412	5.33264
3584	2560	2	116	482	0.00000
3584	2560	2	254	322	0.00000
3584	2560	1	292	366	4.16673
3584	3584	1	512	342	3.53149
3584	3584	1	322	318	5.62754
3584	3584	1	140	324	1.93880
3072	3584	1	360	484	3.48553
3584	3584	1	332	434	0.38957
3584	3584	1	124	384	2.09029
3584	3584	1	394	312	4.38891
3072	3584	1	184	486	2.07301
3584	3584	1	264	392	5.77195
3072	3584	1	494	440	5.48817
3584	3584	1	420	248	1.52321
3584	3584	1	408	388	2.20555
3584	3584	1	460	494	3.40928
3584	3584	1	316	80	2.49117
3584	3584	1	14	262	1.96205
3072	3584	1	68	492	0.83188
3072	3584	1	184	382	0.92340
3072	3584	1	124	252	6.13400
3584	3584	1	200	112	1.60430
3072	3584	1	382	312	5.76908
3584	3072	1	400	476	1.24850
3584	3584	1	306	190	4.68243
3584	3584	1	152	262	2.08382
3072	3584	1	304	300	3.18037
3584	3584	1	182	220	1.99280
3072	3584	1	268	188	2.97086
3072	3584	1	66	250	3.37976
3072	3584	1	68	406	0.39968
3584	3584	1	484	116	2.92750
3072	3584	1	436	222	3.29018
3584	3072	1	240	486	2.07824
3584	3584	1	52	86	1.73071
3584	3584	1	190	34	4.28048
3584	3584	1	90	200	0.41393
3584	3584	1	60	6	1.65718
3072	3584	1	382	164	0.82203
3072	3584	1	416	42	4.10550
3584	3072	1	356	370	4.50591
3584	3072	1	92	434	4.44616
3584	3072	1	384	232	4.69684
3584	3072	1	378	300	4.47830
3584	3072	1	228	402	4.70468
3584	3072	1	44	310	5.63402
3072	3072	1	426	402	5.18356
3072	3072	1	420	472	1.69900
3072	3584	1	64	148	3.92054
3072	3584	1	126	60	4.86922
3072	3584	1	172	164	2.63200
3072	3584	1	20	44	3.49565
3072	3072	1	162	496	2.25233
3072	3072	1	90	458	4.01264
3072	3072	1	62	386	1.21687
3072	3072	1	270	420	4.20486
3072	3072	1	232	310	1.98173
3072	3072	1	176	376	2.62803
3072	3072	1	314	250	6.00192
3072	3072	1	428	172	4.06257
3072	3072	2	428	252	0.00000
3584	3072	1	26	194	5.98416
3584	3072	1	118	312	5.88426
3584	3072	1	276	250	3.21636
3584	3072	1	188	272	2.87803
3584	3072	1	512	478	0.54254
3584	3072	1	512	328	0.57919
3584	3072	1	512	196	0.70331
3584	3072	1	498	100	1.24905
3584	3072	1	382	160	4.43673
3584	3072	1	374	62	3.77553
3584	3072	1	222	104	2.52188
3584	3072	1	306	36	1.06326
3584	3072	1	122	212	1.48930
3584	3072	1	116	152	4.42197
3584	3072	1	96	98	4.63162
3072	3072	1	396	68	6.24070
3072	3072	1	214	196	3.64695
3072	3072	1	150	48	0.17414
3072	3072	1	222	38	0.81008
3072	3072	1	128	198	3.40164
3072	3072	1	58	294	1.92223
3072	3072	1	68	166	0.63099
2048	3072	2	160	476	0.00000
2048	3072	1	310	220	1.58374
2048	3072	1	194	134	1.84780
2560	3072	1	42	70	4.02472
2048	3072	2	76	406	0.00000
2048	3072	1	38	114	5.22178
2048	3072	1	296	96	6.05672
2048	3072	1	428	56	0.90975
2560	3072	1	208	76	3.84101
2560	3072	2	138	74	0.00000
2048	3072	2	192	18	0.00000
2560	3072	1	336	40	4.24616
2560	3072	1	400	140	0.13517
2560	3072	1	506	126	2.98980
2560	3072	1	280	184	0.00000
2560	3072	1	404	250	0.77083
2560	3072	1	494	306	2.88378
2560	3072	1	156	294	1.08913
2560	3072	2	8	184	0.00000
2560	3072	2	100	232	0.00000
2048	3072	2	432	228	0.00000
2048	3072	1	374	148	5.39429
2048	3072	1	206	280	1.33781
2048	3072	1	342	304	2.37390
2048	3072	1	460	362	4.17658
2048	3072	1	198	396	5.12506
2048	3072	1	24	340	3.13610
2048	3584	1	184	208	2.17536
2048	3584	1	142	58	3.33702
2048	3072	1	0	484	0.92730
2048	3584	2	18	74	0.00000
2048	3072	1	290	486	1.31898
2560	3072	1	90	444	0.98493
2560	3072	1	274	342	1.43156
2048	3584	1	308	102	5.29011
2048	3584	1	266	170	5.00290
2048	3584	1	24	150	4.54867
2048	3584	1	60	244	3.83215
2048	3584	1	430	74	2.52048
2048	3584	2	366	22	0.00000
2560	3584	1	112	26	5.11520
2560	3072	1	198	492	0.18256
2560	3072	1	256	456	2.79896
2560	3072	2	324	428	0.00000
2560	3072	1	392	458	2.77405
2560	3072	1	474	450	2.60199
2560	3072	2	512	418	0.00000
2560	3584	1	512	72	3.25538
2560	3584	1	434	66	2.06947
2560	3584	1	362	102	4.35164
2560	3584	1	284	56	4.55334
2560	3584	1	98	128	5.85661
2560	3584	1	196	148	3.85331
2560	3584	1	346	204	2.46713
2560	3584	1	494	198	2.57619
2560	3584	1	78	270	0.19740
2560	3584	1	248	228	6.17115
2048	3584	1	472	192	1.58155
2048	3584	1	380	328	0.00000
2048	3584	1	500	318	6.20452
2048	3584	1	62	466	0.00000
2048	3584	1	206	298	1.70015
2560	3584	1	168	262	2.67597
2048	3584	2	170	422	0.00000
2048	3584	2	410	468	0.00000
2560	3584	2	22	512	0.00000
2048	3584	1	506	438	0.74905
2560	3584	1	86	420	0.15944
2560	3584	1	168	432	5.91758
2560	3584	1	358	394	1.80712
2560	3584	1	326	310	4.62685
2560	3584	2	472	320	0.00000
2560	3584	1	502	464	0.03852
2048	3584	2	274	416	0.00000
2560	3584	1	362	480	4.91989
2560	3584	1	230	474	0.00000
