1024	2048	1	200	80	0.74815
1024	2048	1	58	164	5.02165
1536	2048	1	58	80	5.97219
1536	2048	1	232	144	6.04177
1536	2048	1	246	44	6.00278
1536	2048	1	322	152	0.23866
1536	2048	1	374	28	4.38278
1536	2048	1	448	106	5.01614
1024	2048	1	478	238	3.08171
1024	2048	1	238	360	0.42052
1024	2048	1	72	400	3.54841
1024	2048	1	478	436	4.86404
1536	2048	1	180	438	4.53911
1536	2048	1	234	350	2.44494
1536	2048	1	148	218	2.08967
1024	2560	1	260	42	0.97514
1024	2560	1	8	14	5.85765
1536	2048	1	498	232	5.67080
1536	2048	1	384	304	3.70920
1536	2048	1	382	466	3.06263
1536	2048	1	476	398	3.95504
1024	2560	1	484	66	4.40851
1024	2560	1	330	110	4.04928
1024	2560	1	130	244	3.73569
1024	2560	2	82	195	0.00000
1024	2560	1	262	208	4.54310
1024	2560	1	386	256	0.97887
1024	2560	1	234	340	1.35874
1024	2560	2	192	285	0.00000
1024	2560	1	116	400	2.12804
1024	2560	1	20	428	1.88573
1024	2560	1	68	506	1.29219
1024	2560	1	248	440	3.46855
1024	2560	1	326	370	3.49980
1024	2560	1	412	464	3.54434
1536	2560	1	48	430	4.94280
1536	2560	1	76	114	0.63161
1536	2560	1	190	182	3.19795
1536	2560	1	60	270	0.81657
1536	2560	1	176	356	3.94081
1536	2560	1	314	76	0.97672
1536	2560	1	444	110	3.20125
1536	2560	1	512	92	0.73607
1536	2560	1	264	232	6.02464
1536	2560	1	338	316	3.58745
1536	2560	1	486	232	5.81387
1536	2560	1	380	418	2.01354
1536	2560	1	232	466	0.70895
1536	2560	1	426	512	1.15500
1536	2560	2	470	406	0.00000
1024	2048	2	256	15	0.00000
1024	2048	2	454	7	0.00000
1536	2048	1	168	54	6.00278
1536	2048	2	498	61	0.00000
1024	3072	1	182	282	0.94899
1024	3072	1	266	286	6.11562
1024	3072	1	344	292	0.41141
1024	3072	1	414	372	1.12628
1536	3072	1	106	372	3.01287
1536	3072	1	14	482	0.45987
1536	3584	1	82	46	0.55091
1024	3072	1	116	116	0.24520
1024	3072	1	194	180	4.99724
1024	3072	1	382	100	5.37187
1024	3072	1	446	214	5.85888
1536	3072	1	72	234	3.30971
1024	3072	1	510	390	3.56998
1024	3584	1	254	8	6.18400
1024	3584	1	408	322	6.25616
1024	3072	1	54	258	0.69935
1536	3072	1	96	128	5.80129
1536	3072	1	146	204	5.00137
1536	3072	1	248	110	2.83613
1536	3072	1	324	104	2.89790
1536	3072	1	424	116	1.01689
1536	3072	1	276	398	4.13701
1536	3584	1	300	2	3.93386
1536	3584	1	166	106	4.75387
1024	3584	1	370	50	0.85617
1536	3584	1	300	172	2.93521
1536	3072	1	390	494	4.98161
1024	3072	1	322	430	2.51648
1024	3072	1	166	398	2.86567
1024	3072	2	116	366	0.00000
1536	3072	2	508	202	0.00000
1536	3072	2	200	36	0.00000
1536	3072	1	2	106	2.32108
1536	3584	1	130	302	0.14964
1024	3584	1	288	372	5.98600
1024	3584	1	130	442	0.00000
1536	3584	1	198	430	0.25046
1536	3584	1	420	204	4.02258
1536	3584	1	336	314	3.60176
1536	3584	1	446	418	0.48988
1024	3584	1	386	432	1.25920
1536	3584	1	216	246	3.96770
1024	3584	1	484	234	5.89594
1024	3584	1	510	118	5.94228
1024	3584	1	140	48	0.00000
1024	3584	1	176	258	3.21940
1024	3584	1	342	210	3.14234
1536	3072	1	184	466	5.53035
1536	3072	1	134	498	0.00000
1536	3072	1	382	438	2.49260
1536	3072	1	414	230	0.78497
1024	3072	1	66	484	4.27393
1024	3584	1	84	182	1.07608
1536	3584	2	404	130	0.00000
1536	3584	2	454	108	0.00000
1536	3072	2	322	322	0.00000
1536	3584	2	338	516	0.00000
1024	3584	1	472	462	0.50046
1024	3072	1	266	76	6.03512
1536	3584	1	496	272	1.12853
1536	3584	2	232	504	0.00000
2048	2048	1	118	76	2.57486
2048	2048	1	180	82	3.98063
2048	2048	1	302	56	0.31263
2048	2048	1	464	144	5.85078
2048	2048	1	144	288	5.36966
2048	2048	1	252	308	5.99334
2048	2048	1	486	364	6.06452
2048	2048	1	66	426	4.05500
2560	2048	1	68	118	3.26239
2560	2048	1	124	250	5.68984
2560	2048	1	84	360	5.37836
2560	2048	1	358	192	0.00000
2560	2048	1	386	430	0.74905
2560	2048	1	210	112	0.16515
2560	2048	1	306	92	0.05497
2560	2048	1	422	44	0.86217
2560	2048	1	478	140	0.27830
2560	2560	1	232	128	3.08959
2560	2560	1	308	78	5.27696
2048	2560	1	142	104	3.41130
2048	2560	1	62	120	3.50106
2048	2560	1	36	48	0.66104
2560	2048	1	236	372	0.00000
2048	2048	1	388	466	1.21203
2048	2560	1	314	80	4.85654
2560	2560	1	424	28	2.15880
2560	2560	1	174	280	3.03094
2560	2560	1	106	332	2.44293
2048	2560	1	360	308	3.54863
2560	2560	1	284	294	3.21966
2560	2560	1	344	396	4.47738
2048	2560	1	240	356	5.49779
2560	2560	1	6	460	1.14794
2560	2560	1	158	436	1.14417
2048	2560	1	90	328	4.29259
2048	2560	1	104	438	5.55037
2048	2560	1	308	482	2.05572
2560	2560	1	466	482	2.44685
2560	2048	1	508	448	3.42539
2048	2048	2	220	480	0.00000
2048	2560	2	416	56	0.00000
2560	2048	2	280	508	0.00000
2048	2048	2	492	58	0.00000
2048	2560	2	242	156	0.00000
2048	2560	2	178	154	0.00000
2048	2560	2	316	210	0.00000
2048	2560	2	446	314	0.00000
2048	2560	2	512	318	0.00000
2560	2560	2	18	162	0.00000
2560	2560	2	466	328	0.00000
2560	2560	2	316	480	0.00000
2048	2560	2	194	418	0.00000
2048	2560	2	170	370	0.00000
2048	2560	2	192	512	0.00000
2560	2560	2	254	500	0.00000
2560	2560	1	390	208	5.57869
2560	2560	1	496	188	5.62410
2048	2048	2	16	354	0.00000
2560	2048	2	304	396	0.00000
2560	2560	1	148	168	2.03444
2048	2560	2	324	418	0.00000
3072	2560	2	254	18	0.00000
3072	2560	2	308	16	0.00000
3584	2048	1	470	66	0.00000
3072	2560	1	218	220	0.45884
3072	2560	1	404	400	1.03004
3584	2560	1	512	258	5.25376
3072	2048	1	394	290	0.89280
3072	2048	1	262	274	4.96481
3072	2048	1	66	290	2.36520
3072	2048	1	120	236	2.61283
3584	2048	1	328	360	4.80271
3072	2560	1	92	464	2.98746
3584	2048	1	366	224	5.45720
3584	2048	1	84	220	5.90488
3072	2048	1	486	148	5.83309
3072	2048	1	390	156	0.00000
3072	2048	1	166	184	3.16141
3072	2048	1	224	148	5.89166
3072	2048	1	90	38	2.44685
3072	2048	1	218	38	4.89228
3072	2048	1	314	90	0.72458
3072	2048	1	320	188	3.18675
3584	2048	1	20	46	5.30495
3072	2048	1	412	6	5.97920
3584	2048	1	124	94	0.00000
3584	2048	1	234	92	3.93879
3584	2048	1	348	80	0.53776
3584	2048	1	388	136	5.33711
3584	2048	1	512	124	0.00000
3584	2048	1	226	26	2.95408
3584	2048	1	102	468	4.22134
3584	2048	1	70	354	3.31514
3072	2048	1	478	372	5.19146
3072	2048	1	220	346	1.61288
3072	2048	1	362	430	3.36705
3584	2048	1	148	18	3.36986
3072	2048	1	480	460	4.88535
3584	2048	1	326	478	4.41555
3584	2560	1	140	4	3.80840
3584	2560	1	260	40	5.60567
3584	2560	1	198	106	1.90266
3072	2048	1	188	472	2.99818
3072	2048	1	80	426	0.59447
3072	2560	1	80	48	2.81711
3072	2560	1	200	112	3.93787
3072	2560	1	358	50	1.10136
3072	2560	1	454	72	3.24470
3584	2560	1	18	104	3.62402
3584	2560	1	426	146	5.95243
3072	2560	1	208	488	0.62762
3072	2560	1	26	348	3.66560
3072	2560	1	22	208	5.41018
3072	2560	1	166	380	1.82516
3072	2560	1	292	512	1.34286
3072	2560	1	486	450	3.40643
3072	2560	1	280	376	3.93054
3584	2560	1	126	498	1.96066
3584	2560	1	486	404	5.11324
3584	2560	1	336	512	1.76531
3584	2560	1	232	336	2.74574
3584	2560	1	506	512	3.51155
3584	2560	1	430	448	2.03202
3584	2560	1	254	460	1.75589
3584	2560	1	176	384	1.88619
3584	2560	1	454	304	4.03957
3072	2560	1	354	276	1.97000
3072	2560	1	438	250	2.75035
3072	2560	1	354	172	0.00000
3584	2560	1	128	296	0.91389
3584	2560	1	120	182	0.00000
3584	2560	1	46	252	3.17089
3584	2560	1	312	216	4.19551
3584	2560	1	210	178	1.70709
3584	2560	1	294	368	4.23943
3584	2560	2	512	130	0.00000
3584	2560	2	400	226	0.00000
3584	2560	2	344	438	0.00000
3072	3072	1	76	108	1.40639
3072	3072	1	234	86	1.53708
3072	3072	1	400	68	6.01888
3072	3072	1	96	224	3.89044
3072	3072	1	240	178	4.91653
3072	3072	1	400	214	4.08296
3072	3072	1	506	190	0.45996
3584	3072	1	118	84	4.22744
3584	3072	1	290	74	4.33314
3584	3072	1	342	118	4.54135
3584	3072	1	376	228	5.59675
3584	3072	1	192	268	0.00000
3584	3072	1	262	218	3.10661
3072	3072	1	160	508	2.32497
3072	3072	1	250	268	1.81033
3072	3072	1	128	306	3.50011
3072	3072	1	204	318	1.40936
3072	3072	1	176	404	4.65106
3072	3072	2	38	350	0.00000
3072	3072	2	254	454	0.00000
3072	3072	1	360	390	4.74941
3072	3072	1	472	324	4.43179
3584	3072	1	106	244	0.38339
3072	3584	1	78	72	4.42961
3072	3584	1	218	98	1.64240
3072	3584	1	410	62	4.24746
3072	3584	1	342	6	0.59251
3072	3072	1	448	452	0.37979
3584	3072	1	50	432	3.85452
3584	3072	1	296	370	4.07278
3584	3072	1	398	310	5.08835
3584	3072	1	486	246	3.11647
3584	3072	1	444	478	2.51205
3584	3072	1	264	478	1.17405
3584	3072	1	172	398	0.54338
3584	3584	1	146	22	4.54220
3584	3584	1	56	68	5.42877
3584	3584	1	390	90	2.21290
3584	3584	1	322	110	5.83876
3584	3584	1	214	144	3.54249
3584	3584	1	270	232	3.27866
3072	3584	1	322	156	0.93631
3072	3584	1	46	190	0.19098
3072	3584	1	178	168	1.71851
3072	3584	1	166	254	4.98162
3072	3584	1	304	284	0.36330
3584	3072	2	380	396	0.00000
3072	3584	1	102	324	5.59461
3072	3584	1	176	424	2.71551
3072	3584	1	268	416	5.50530
3072	3584	1	408	342	2.44352
3072	3584	1	484	190	0.05519
3584	3584	1	158	338	2.07609
3584	3584	1	16	356	2.17879
3584	3584	1	56	260	0.00000
3584	3584	1	168	242	2.46751
3072	3584	1	436	456	0.70112
3584	3584	1	438	346	3.66412
3584	3584	1	398	234	3.82710
2048	3072	2	174	486	0.00000
2048	3072	2	200	314	0.00000
2560	3072	2	10	184	0.00000
2560	3072	2	104	230	0.00000
2560	3072	2	148	94	0.00000
2560	3072	2	350	240	0.00000
2048	3584	2	356	14	0.00000
2048	3072	2	88	378	0.00000
2560	3072	2	224	121	0.00000
2560	3584	2	342	332	0.00000
2560	3072	2	222	480	0.00000
2048	3072	1	68	114	4.32106
2048	3072	1	296	104	6.13117
2048	3072	1	390	42	0.97294
2048	3072	1	482	118	4.41015
2560	3072	1	118	176	4.29214
2560	3072	1	256	44	3.20576
2560	3072	1	350	104	3.21709
2560	3072	1	404	52	5.78338
2560	3072	1	488	202	1.29299
2560	3072	1	286	242	6.00030
2560	3072	1	172	300	0.83140
2560	3072	1	420	288	1.08317
2560	3072	1	460	348	4.13307
2048	3072	1	218	190	1.80852
2048	3072	1	46	210	1.07904
2048	3072	1	310	254	1.25152
2048	3072	1	476	298	1.46383
2048	3072	1	344	356	2.24097
2048	3072	1	472	398	3.68860
2560	3072	1	130	416	5.54570
2560	3072	1	296	420	4.75265
2560	3072	1	414	500	2.42629
2560	3072	1	512	444	5.41740
2560	3584	1	310	18	4.02472
2560	3584	1	158	36	5.04690
2560	3072	1	34	490	4.63789
2048	3072	1	210	392	5.28288
2048	3072	1	10	358	3.48754
2048	3072	1	30	506	2.87340
2048	3584	1	136	86	3.89314
2048	3584	1	464	94	1.53948
2048	3072	1	334	492	1.18216
2560	3584	1	90	128	0.47352
2560	3584	1	166	138	3.61100
2560	3584	1	278	114	4.21751
2560	3584	1	462	136	3.41429
2560	3584	1	358	208	2.49917
2560	3584	1	306	246	5.77081
2560	3584	1	94	260	0.41785
2560	3584	2	207	235	0.00000
2048	3584	1	510	222	2.47890
2048	3584	1	286	178	4.98514
2048	3584	1	174	188	2.12683
2048	3584	1	98	236	2.92161
2048	3584	1	226	320	4.48749
2048	3584	1	320	314	0.00000
2048	3584	1	402	330	0.00000
2048	3584	1	470	300	5.73500
2560	3584	1	434	338	0.61972
2560	3584	1	512	356	5.73240
2560	3584	1	450	456	0.76459
2560	3584	1	240	468	1.64486
2560	3584	1	164	432	0.27452
2560	3584	1	68	398	6.21346
2048	3584	1	192	408	5.27229
2048	3584	1	62	464	0.00000
2560	3584	1	6	436	1.86843
2048	3584	1	318	476	0.00000
