1024	2048	1	246	174	1.19335
1024	2048	1	238	370	0.39942
1024	2048	1	94	250	1.62491
1024	2048	1	114	40	2.51913
1024	2048	1	198	306	3.45440
1024	2048	1	482	208	3.30253
1536	2048	1	92	182	0.00000
1536	2048	1	320	182	4.76396
1536	2048	1	420	104	4.81009
1024	2048	2	198	92	0.00000
1024	2048	2	48	80	0.00000
1024	2048	2	342	40	0.00000
1536	2048	2	18	40	0.00000
1536	2048	2	220	152	0.00000
1536	2048	2	276	106	0.00000
1536	2048	2	492	64	0.00000
1536	2048	2	358	28	0.00000
1024	2048	2	268	28	0.00000
1536	2048	2	156	32	0.00000
1536	2048	1	108	376	3.09386
1536	2048	1	250	312	2.79453
1536	2048	1	368	378	2.98978
1536	2048	1	462	398	3.17955
1536	2048	1	30	298	3.62737
1536	2560	1	320	78	3.25180
1536	2048	1	254	466	0.53134
1536	2048	1	66	498	1.66596
1024	2560	1	308	46	0.75170
1024	2560	1	494	114	0.56852
1536	2560	1	86	104	5.75052
1536	2560	1	186	86	1.10715
1024	2560	2	74	130	0.00000
1024	2560	1	44	48	0.75909
1536	2048	1	210	438	0.00000
1536	2560	1	480	130	3.79632
1536	2560	1	410	94	3.67406
1024	2560	1	222	170	0.00000
1536	2560	1	210	212	0.00000
1024	2560	1	376	214	3.54657
1024	2560	1	96	264	1.55362
1024	2560	2	190	290	0.00000
1024	2560	1	314	318	5.19823
1024	2560	1	464	298	1.93949
1536	2560	1	474	274	0.00000
1536	2560	1	384	242	2.85959
1536	2560	1	324	270	2.15880
1536	2560	1	100	230	2.24674
1024	2560	2	374	498	0.00000
1024	2560	2	24	460	0.00000
1024	2560	1	122	378	5.84599
1024	2560	1	284	432	0.00000
1024	2560	1	160	498	1.12601
1536	2560	1	460	476	0.72700
1536	2560	1	262	360	1.16814
1536	2560	1	80	466	5.06182
1536	2560	1	60	358	4.85237
1024	2560	1	448	404	2.58025
1536	2560	1	402	394	3.94728
1536	3584	1	512	282	1.38716
1536	3584	1	314	486	5.43474
1536	3584	1	50	470	0.38651
1536	3584	1	474	406	2.02252
1536	3584	1	400	332	1.94078
1024	3584	1	132	454	0.00000
1024	3584	1	312	404	5.87131
1024	3584	1	56	316	1.08472
1536	3584	1	170	460	0.00000
1024	3584	1	504	422	0.94680
1024	3584	1	210	376	5.83699
1024	3584	1	394	270	0.00000
1024	3584	1	484	250	2.28136
1536	3584	1	196	310	0.00000
1024	3584	1	26	234	4.57440
1024	3584	1	242	266	4.67834
1536	3584	1	120	296	3.39994
1536	3584	1	52	198	2.47824
1536	3584	1	112	120	2.84070
1536	3584	2	76	378	0.00000
1536	3584	1	482	28	4.00606
1536	3584	1	308	194	5.16021
1536	3584	1	328	114	1.96978
1536	3584	1	272	246	5.19841
1536	3584	1	184	124	2.81159
1536	3584	1	250	28	4.60833
1536	3072	1	444	456	3.40184
1536	3072	1	190	462	0.00000
1536	3072	1	478	314	3.88018
1536	3072	1	106	468	3.14427
1024	3584	1	344	156	5.47698
1024	3072	1	310	244	0.07403
1024	3584	1	248	54	0.49853
1024	3584	1	86	106	0.83461
1024	3584	1	56	6	0.74610
1024	3072	1	110	370	0.30583
1024	3072	1	216	304	5.99490
1024	3072	1	76	262	2.91046
1024	3072	1	410	288	2.23138
1536	3072	1	358	4	0.11828
1536	3072	1	442	182	2.06640
1536	3072	1	374	352	0.81510
1536	3584	2	444	98	0.00000
1536	3072	2	378	456	0.00000
1536	3072	1	324	310	0.85050
1536	3072	1	250	242	3.60532
1536	3072	1	114	284	1.55011
1536	3072	1	220	176	3.81641
1536	3072	1	206	52	0.00000
1536	3072	1	340	180	5.45177
1536	3072	1	436	104	4.79608
1024	3072	1	504	176	5.64724
1536	3072	1	84	58	1.18977
1024	3072	1	390	32	2.00062
1024	3072	1	112	20	0.79266
1024	3072	1	172	70	1.04041
1024	3072	1	378	150	1.08838
1024	3072	1	274	98	5.59842
1024	3072	1	150	178	0.81106
1024	3072	1	244	208	3.09627
1024	3072	1	202	412	1.84488
1024	3072	1	404	502	1.53364
2560	2560	1	474	138	2.80897
2560	2560	1	100	452	6.08166
2560	2560	1	346	74	1.83379
2560	2560	1	440	408	4.49555
2560	2560	1	364	262	4.73157
2560	2560	1	404	512	2.29153
2560	2560	1	234	308	5.47340
2560	2560	1	226	128	0.00000
2560	2048	1	372	506	5.25537
2560	2560	1	354	160	2.01381
2560	2560	2	462	336	0.00000
2560	2560	2	312	480	0.00000
2048	2560	1	130	230	2.84831
2048	2560	1	276	280	0.70828
2560	2560	1	58	322	4.76389
2048	2560	1	50	394	0.55039
2048	2560	1	224	50	1.55002
2048	2560	1	478	244	1.74569
2048	2560	1	306	124	5.01254
2048	2560	1	460	438	0.96964
2560	2560	1	260	512	2.89482
2048	2560	1	440	122	3.72749
2560	2560	1	108	48	1.95655
2560	2560	1	176	428	5.81282
2560	2560	2	14	484	0.00000
2048	2048	1	168	402	0.00000
2048	2560	1	84	512	2.94194
2048	2560	1	340	512	5.44468
2048	2560	1	382	330	0.54797
2048	2048	1	60	496	2.76505
2560	2048	1	18	470	4.32547
2048	2048	1	390	478	5.41672
2048	2560	2	312	414	0.00000
2048	2560	2	160	358	0.00000
2048	2560	2	196	420	0.00000
2048	2560	2	176	150	0.00000
2048	2560	2	228	142	0.00000
2048	2560	2	218	4	0.00000
2048	2560	2	376	96	0.00000
2048	2560	2	418	60	0.00000
2048	2560	1	40	152	0.00000
2560	2048	1	236	476	1.78069
2560	2560	1	128	182	3.83427
2048	2048	1	390	346	3.22473
2560	2048	1	388	412	5.08843
2560	2048	1	444	332	0.78540
2560	2560	2	22	166	0.00000
2048	2560	2	320	206	0.00000
2048	2048	1	284	322	0.00000
2048	2048	1	498	378	5.02209
2560	2048	1	110	270	0.47067
2560	2048	1	22	216	5.94990
2048	2048	1	392	156	0.53921
2048	2048	1	164	264	5.54457
2048	2048	1	74	230	0.64802
2048	2048	1	176	102	0.05232
2048	2048	1	104	46	0.00000
2560	2048	1	292	326	1.73884
2560	2048	1	224	236	5.07123
2560	2048	1	194	148	0.00000
2560	2048	1	90	114	1.69750
2560	2048	1	48	36	1.66812
2560	2048	1	294	128	0.00000
2560	2048	1	388	166	4.27465
2560	2048	1	476	192	0.48538
2560	2048	1	438	64	0.30341
2048	2048	2	416	26	0.00000
2560	2048	1	318	0	3.28186
3072	2048	1	426	250	3.38966
3072	2048	1	338	252	2.92636
3072	2048	1	76	170	5.69518
3072	2048	2	16	64	0.00000
3072	2048	1	82	74	3.47389
3072	2048	2	40	6	0.00000
3072	2048	1	200	50	4.50156
3072	2048	1	240	112	4.55800
3072	2048	1	376	74	4.57049
3584	2048	1	36	96	3.54511
3584	2048	1	162	130	0.00000
3584	2048	1	264	98	3.81867
3584	2048	1	218	0	6.17645
3584	2048	1	394	94	6.15063
3584	2048	1	464	52	0.19740
3584	2048	1	512	108	0.13539
3584	2048	1	380	218	5.28091
3584	2048	1	448	198	4.78370
3584	2048	1	230	270	5.08699
3584	2048	1	92	296	0.75448
3072	2048	1	490	322	3.21836
3072	2048	1	310	344	2.24725
3072	2048	1	438	432	2.45710
3584	2048	1	64	430	4.12439
3584	2048	1	96	500	4.25029
3584	2048	1	390	468	2.77230
3584	2560	1	428	70	3.62773
3584	2560	2	512	64	0.00000
3072	2560	2	162	78	0.00000
3072	2560	2	440	130	0.00000
3072	2560	2	464	182	0.00000
3584	2560	2	340	142	0.00000
3584	2560	1	236	12	4.02009
3584	2560	1	302	70	4.08972
3072	2048	1	76	310	5.04906
3072	2048	1	212	378	4.55913
3072	2048	1	44	436	0.76215
3072	2048	1	172	490	0.85580
3072	2560	1	74	106	3.21125
3072	2560	1	306	78	4.26796
3072	2048	1	358	488	1.98617
3584	2560	1	2	62	2.75066
3584	2560	1	118	104	3.36261
3584	2560	1	188	164	6.07209
3584	2560	1	252	204	6.20323
3584	2560	1	364	212	3.79288
3584	2560	1	484	238	3.07276
3072	2560	1	226	24	1.17539
3072	2560	1	158	162	0.87048
3072	2560	1	260	214	1.58178
3072	2560	1	368	122	0.87030
3584	2560	1	42	204	5.44822
3584	2560	1	148	244	3.09863
3584	2560	1	288	320	1.61465
3072	2560	1	340	248	3.52210
3072	2560	1	430	286	3.01736
3584	2560	1	14	326	5.76770
3584	2560	1	212	386	5.79120
3584	2560	1	104	388	6.17523
3584	2560	1	274	468	3.96221
3584	2560	1	174	494	2.74603
3584	2560	1	512	360	3.95633
3584	2560	1	416	510	0.43844
3584	2560	1	362	364	4.75997
3584	2560	1	512	448	4.73366
3584	2560	1	438	306	6.06994
3584	2560	2	352	450	0.00000
3072	2560	1	256	332	3.23178
3072	2560	1	162	400	6.10427
3072	2560	1	214	512	0.37231
3072	2560	1	502	428	3.12374
3072	2560	1	384	372	5.53170
3072	2560	2	83	512	0.00000
3072	2560	1	378	484	0.00000
3072	3072	1	62	86	3.49759
3072	3072	1	246	114	4.71994
3072	3072	1	258	226	2.59940
3072	3072	1	80	304	1.37864
3072	3072	1	138	384	3.52949
3072	3584	1	184	26	2.15215
3072	3584	1	156	106	1.98146
3072	3584	1	42	174	1.99229
3072	3072	1	464	178	0.22255
3584	3072	1	96	138	0.54786
3072	3072	1	424	322	2.90670
3072	3072	1	500	326	3.08638
3584	3072	1	86	248	1.20049
3584	3072	1	118	372	2.73110
3584	3072	1	164	346	5.70993
3584	3072	1	296	204	0.77744
3584	3072	1	366	226	0.64990
3584	3072	1	402	340	2.41563
3584	3072	1	456	136	6.21242
3584	3072	1	360	34	5.60528
3584	3072	1	168	172	2.60203
3072	3072	1	278	368	4.04106
3072	3072	1	388	426	3.92847
3072	3584	1	306	60	0.87268
3584	3072	1	16	502	2.71957
3072	3072	1	446	512	4.15077
3584	3072	1	108	482	4.24619
3584	3072	1	216	482	3.92117
3584	3072	1	282	488	1.07883
3584	3584	1	446	34	0.00000
3584	3584	1	72	100	1.49647
3584	3584	1	108	172	1.26812
3072	3584	1	488	140	2.47955
3072	3584	1	338	188	6.08556
3072	3584	1	406	212	0.00000
3072	3584	1	270	208	0.00000
3072	3584	1	172	262	0.25639
3072	3584	1	348	354	6.20214
3072	3584	1	506	250	1.90280
3072	3584	1	484	340	1.30616
3072	3584	1	452	420	1.30334
3072	3584	1	30	274	2.17996
3072	3584	1	72	430	1.28340
3072	3584	1	242	404	0.69998
3072	3584	1	448	510	4.56968
3072	3584	2	324	486	0.00000
3072	3584	2	150	470	0.00000
3584	3584	1	172	62	2.91253
3584	3072	1	376	512	0.72960
3584	3584	1	242	78	0.32266
3584	3584	1	328	102	3.49036
3584	3584	1	386	124	3.62439
3584	3584	1	490	124	4.31016
3584	3072	1	496	424	3.82481
3584	3072	2	244	308	0.00000
3584	3072	2	370	420	0.00000
3584	3072	2	238	148	0.00000
3584	3072	2	288	82	0.00000
3584	3072	2	358	134	0.00000
3072	3072	2	394	70	0.00000
3072	3072	2	196	56	0.00000
3072	3072	2	40	454	0.00000
3072	3072	2	250	460	0.00000
3584	3072	2	14	208	0.00000
3072	3072	2	190	252	0.00000
3584	3072	2	164	56	0.00000
3584	3072	1	78	34	1.45389
3584	3584	1	134	276	2.38798
3584	3584	1	188	276	2.61668
3584	3584	1	262	256	0.25185
3584	3584	1	348	232	2.07832
3584	3584	1	452	262	3.12162
3584	3584	1	442	376	4.62136
3584	3584	1	314	340	0.41354
3584	3584	1	462	510	5.32653
3584	3584	2	76	346	0.00000
3584	3584	2	488	462	0.00000
3584	3072	2	512	486	0.00000
3584	3072	2	500	330	0.00000
3584	3584	2	354	450	0.00000
2048	3072	1	258	182	5.38349
2048	3072	1	294	38	5.24645
2048	3072	1	360	10	5.34119
2048	3072	1	464	82	0.21268
2048	3072	1	122	108	1.13613
2048	3072	1	374	140	5.61654
2048	3072	1	350	246	6.09286
2048	3072	2	188	222	0.00000
2048	3072	2	222	270	0.00000
2048	3072	2	284	274	0.00000
2048	3072	2	74	12	0.00000
2048	3072	2	198	18	0.00000
2048	3072	1	40	194	5.85119
2560	3072	1	72	118	2.07396
2560	3072	2	136	78	0.00000
2560	3072	1	192	52	5.71531
2560	3072	2	232	136	0.00000
2560	3072	2	352	236	0.00000
2560	3072	1	314	162	3.54104
2560	3072	1	426	46	2.22127
2048	3072	1	466	230	4.02553
2560	3072	2	98	226	0.00000
2560	3072	1	176	266	3.92434
2560	3072	1	432	164	4.55163
2048	3072	1	106	358	6.08579
2048	3072	2	38	366	0.00000
2048	3072	1	300	358	0.42654
2560	3072	1	408	288	4.27297
2048	3072	1	492	340	4.98517
2048	3072	1	250	458	5.40205
2048	3072	2	176	328	0.00000
2560	3072	1	148	362	4.46818
2560	3072	2	96	434	0.00000
2560	3072	1	8	458	0.56473
2048	3072	1	382	414	3.53798
2048	3072	2	162	478	0.00000
2048	3584	2	372	16	0.00000
2560	3072	1	464	380	0.47570
2048	3584	1	212	40	5.39281
2048	3584	1	122	46	2.33376
2560	3072	1	146	500	0.03029
2560	3072	1	222	474	0.00000
2560	3072	1	360	460	4.86671
2560	3584	1	298	48	3.78918
2048	3584	1	248	140	5.24799
2048	3584	1	74	102	0.87035
2048	3584	1	134	176	3.14532
2048	3584	1	394	200	1.31019
2560	3584	1	30	28	1.25300
2560	3584	1	40	98	0.94249
2560	3584	1	180	96	4.06297
2560	3072	1	512	484	0.99289
2560	3584	1	270	164	5.08148
2560	3584	1	368	148	2.45129
2560	3584	1	454	146	5.78084
2560	3584	1	38	188	0.68735
2560	3584	1	190	214	1.81558
2048	3584	1	22	372	5.37253
2048	3584	1	184	256	0.18743
2048	3584	1	42	278	1.10715
2560	3584	1	188	278	1.71783
2048	3584	1	454	322	0.18622
2560	3584	1	80	250	3.46334
2560	3584	1	288	312	0.35400
2048	3584	1	320	290	6.19343
2560	3584	1	364	270	0.17233
2560	3584	1	46	452	1.70597
2048	3584	1	326	426	4.96849
2048	3584	1	188	494	5.70625
2560	3584	1	52	366	4.69222
2560	3584	1	178	390	5.38068
2560	3584	1	258	488	0.05612
2048	3584	1	212	366	0.18628
2560	3584	1	402	348	4.76497
2560	3584	1	362	414	5.01943
2560	3584	1	512	260	5.43903
2560	3584	1	478	426	4.29298
2560	3584	1	150	496	3.09338
2048	3584	2	12	18	0.00000
2560	3072	1	266	26	3.06141
