2048	2048	1	136	218	6.07329
2048	2048	1	68	284	5.72407
2048	2048	1	244	272	0.00000
2048	2048	1	364	144	0.00000
2560	2048	1	40	128	5.84641
2048	2048	1	462	92	3.16176
2560	2048	1	16	220	1.57080
2560	2048	1	194	212	5.69402
2560	2048	1	22	346	4.66029
2048	2048	1	346	410	4.12990
2048	2048	1	196	126	5.32085
2048	2048	1	52	110	0.96248
2048	2048	1	48	24	1.04058
2048	2048	1	124	82	0.00000
2560	2048	1	146	68	4.30490
2560	2048	1	250	50	3.53444
2560	2048	1	348	66	5.68314
2560	2048	1	298	132	0.00000
2560	2048	1	360	250	0.66167
2560	2048	1	432	282	2.94204
2560	2048	1	430	68	0.00000
2560	2048	1	508	220	0.60058
2560	2048	1	508	330	0.61466
2560	2048	2	304	400	0.00000
2048	2048	1	498	436	5.11860
2560	2048	1	12	508	4.39710
2048	2048	2	442	500	0.00000
2048	2560	2	400	50	0.00000
2048	2560	2	274	2	0.00000
2048	2048	1	104	378	3.85072
2048	2560	1	102	10	1.35213
2048	2048	2	164	444	0.00000
2048	2560	1	206	104	4.53398
2560	2560	2	20	164	0.00000
2560	2560	1	96	86	0.45107
2560	2560	1	8	98	3.53220
2048	2560	1	424	108	4.42634
2048	2560	1	338	64	3.27309
2560	2048	1	236	468	4.53435
2560	2560	1	232	76	0.93890
2560	2560	1	344	30	1.02401
2560	2560	1	470	18	2.52657
2560	2560	1	344	136	1.40107
2560	2560	1	446	158	3.41720
2048	2560	1	440	228	1.12469
2048	2560	2	328	214	0.00000
2048	2560	2	240	162	0.00000
2048	2560	2	166	164	0.00000
2048	2560	1	76	118	4.43058
2048	2560	1	78	300	3.69776
2048	2048	1	24	476	0.00000
2560	2560	1	154	310	5.40392
2560	2560	1	80	466	5.96143
2560	2560	2	14	476	0.00000
2048	2560	2	478	482	0.00000
2048	2560	1	370	320	5.93386
2048	2560	1	306	374	2.16748
2048	2560	1	264	450	3.37652
2048	2560	1	370	494	5.27388
2560	2560	1	426	348	0.21867
2048	2560	2	164	372	0.00000
2048	2560	2	200	420	0.00000
2560	2560	1	226	436	1.95849
2048	2560	2	70	512	0.00000
2560	2560	1	14	302	4.77400
2560	2560	1	282	306	3.63567
2560	2560	1	266	206	1.27974
2560	2560	1	350	408	1.71614
2560	2560	1	296	486	2.22332
2560	2560	1	448	466	0.00000
2560	2560	1	504	232	2.21430
2560	2048	2	182	400	0.00000
2048	2560	1	134	470	0.00000
2048	2048	1	200	486	5.20213
2048	2560	1	28	416	3.43536
3072	2048	1	158	38	1.48911
3072	2048	1	92	12	0.15826
3072	2048	1	18	28	5.80776
3072	2048	1	8	104	4.22553
3072	2048	1	22	186	0.63123
3072	2048	1	22	286	0.68994
3072	2048	1	300	48	0.07393
3072	2048	1	224	48	0.00000
3072	2048	1	352	100	6.25638
3072	2048	1	448	120	4.09042
3584	2048	1	42	168	5.73466
3584	2048	1	152	96	0.00000
3584	2048	1	216	0	0.00000
3584	2048	1	244	106	3.74814
3584	2048	1	466	38	0.25511
3584	2048	1	322	44	4.50543
3072	2048	1	122	234	3.71911
3072	2048	1	288	214	4.57235
3072	2048	1	420	252	3.90876
3584	2048	1	50	286	1.87049
3584	2048	1	216	222	4.05144
3584	2048	1	384	206	5.36279
3584	2048	1	442	332	4.94779
3072	2048	1	108	358	4.56992
3072	2048	1	216	386	3.27047
3072	2048	1	276	438	3.56752
3072	2048	1	366	498	1.62784
3072	2048	1	506	384	2.53179
3072	2048	1	450	420	2.48244
3584	2048	1	96	372	3.61092
3584	2048	1	178	424	4.79214
3584	2048	1	310	512	3.26822
3584	2048	1	382	512	3.33348
3584	2048	1	462	498	3.27172
3072	2048	1	38	470	3.21787
3072	2560	1	182	26	2.41353
3072	2560	1	274	100	5.66308
3072	2560	1	364	76	5.20072
3072	2560	1	496	14	4.25932
3584	2560	1	60	98	2.33410
3584	2560	1	110	36	0.00000
3584	2560	1	208	24	3.82436
3584	2560	1	288	140	3.89041
3584	2560	1	226	88	1.15526
3072	2560	1	50	126	4.01139
3072	2560	1	54	248	1.72342
3072	2560	1	328	230	1.67172
3072	2560	1	48	352	4.29917
3072	2560	1	192	336	2.74417
3072	2560	1	14	494	2.64115
3072	2560	1	118	512	2.78509
3072	2560	1	116	434	4.25787
3072	2560	1	298	318	4.25048
3072	2560	1	310	418	0.64064
3072	2560	1	448	282	5.71534
3072	2560	1	504	188	4.73461
3584	2560	1	114	226	3.79100
3584	2560	1	210	216	3.17869
3584	2560	1	314	198	4.11204
3584	2560	1	426	96	6.15385
3584	2560	1	496	180	3.52086
3584	2560	1	116	318	1.02742
3072	2560	1	378	468	6.13396
3072	2560	1	436	470	2.95758
3584	2560	1	38	488	5.42747
3584	2560	1	150	452	1.83794
3584	2560	1	174	380	1.49312
3584	2560	1	244	394	0.73833
3584	2560	1	228	308	4.46453
3584	2560	1	366	302	4.79911
3584	2560	1	486	318	6.04663
3584	2560	1	460	438	3.56822
3584	2560	1	398	358	1.62584
3584	2560	1	296	464	3.19508
3584	2560	2	366	442	0.00000
3072	3584	1	366	366	0.68277
3072	3584	1	108	312	0.28063
3072	3584	1	196	258	3.69038
3072	3584	1	258	306	0.84254
3072	3584	1	462	264	2.87034
3072	3584	1	284	396	0.15354
3072	3584	1	356	196	0.06606
3584	3584	1	480	484	0.71520
3584	3584	1	112	352	0.56119
3584	3584	1	218	458	1.18598
3584	3584	1	360	266	0.05940
3584	3584	1	220	364	0.87806
3584	3584	1	70	492	0.00000
3072	3584	1	278	184	0.46444
3584	3584	1	430	450	0.51680
3584	3584	1	380	426	1.20601
3072	3584	1	112	442	0.61826
3072	3584	1	360	458	0.69355
3584	3584	1	24	376	6.18823
3584	3584	1	466	178	4.66700
3584	3584	1	330	382	4.49893
3072	3584	1	206	492	4.72609
3072	3584	1	478	442	3.00147
3584	3584	1	430	280	0.17530
3072	3584	1	418	504	5.61490
3584	3584	1	256	234	1.06191
3584	3584	1	492	284	3.36242
3072	3584	2	14	414	0.00000
3072	3584	2	26	214	0.00000
3072	3584	1	18	306	1.33787
3584	3584	1	22	188	0.59869
3584	3584	1	342	150	4.49136
3584	3584	1	454	120	4.58803
3072	3584	1	412	190	0.00000
3584	3584	1	4	102	1.21311
3072	3584	1	46	90	2.22590
3072	3584	2	118	164	0.00000
3072	3584	1	188	124	3.59561
3072	3584	1	294	40	0.46283
3072	3584	1	406	78	1.16576
3584	3072	1	32	498	4.04642
3584	3584	1	106	32	1.49280
3584	3072	1	172	472	1.76000
3584	3584	1	184	158	0.00000
3584	3584	1	248	86	3.22749
3584	3072	1	292	470	3.50059
3584	3584	1	378	18	3.83086
3584	3584	1	452	26	0.00000
3584	3584	2	512	32	0.00000
3584	3072	1	466	420	2.81032
3584	3072	1	388	386	3.40122
3072	3072	1	444	434	2.30989
3072	3072	1	348	456	5.52766
3072	3584	1	116	10	0.06695
3072	3072	1	194	506	3.75271
3072	3072	1	112	356	0.12854
3072	3072	2	34	380	0.00000
3072	3072	1	230	328	4.32060
3072	3072	1	348	302	2.43882
3072	3072	2	434	258	0.00000
3072	3072	1	332	196	5.21046
3072	3072	1	170	186	3.80637
3072	3072	1	50	126	5.74505
3072	3072	1	122	64	3.04664
3072	3072	1	44	44	2.60117
3072	3072	1	236	64	4.68355
3072	3072	2	380	26	0.00000
3072	3072	1	358	116	5.57859
3072	3072	1	478	108	5.01484
3584	3072	1	20	72	1.80501
3584	3072	2	82	22	0.00000
3584	3072	2	166	42	0.00000
3584	3072	2	232	36	0.00000
3584	3072	1	60	172	0.81027
3584	3072	1	108	294	2.82611
3584	3072	1	256	356	2.21611
3584	3072	1	174	176	2.60844
3584	3072	1	250	88	1.03369
3584	3072	2	240	168	0.00000
3584	3072	1	256	264	4.76514
3584	3072	1	362	168	1.43567
3584	3072	1	354	58	0.00000
3584	3072	1	420	68	0.00000
3584	3072	1	494	130	0.37665
3584	3072	1	512	224	3.67099
3584	3072	1	418	260	5.74708
2560	3584	1	70	194	2.58668
2560	3584	1	366	504	5.62885
2560	3584	1	316	272	6.21873
2560	3584	1	24	424	0.00000
2048	3584	1	452	416	0.54822
2560	3584	1	502	172	5.34592
2560	3584	1	230	158	2.33812
2048	3584	1	340	486	0.41184
2560	3584	1	104	124	5.81589
2560	3072	1	300	502	3.44941
2048	3584	1	438	196	0.00000
2048	3584	1	442	50	3.23554
2048	3584	1	294	40	3.49026
2048	3584	1	500	170	0.00000
2560	3584	1	62	298	2.51006
2560	3584	1	202	438	5.88031
2560	3584	1	376	372	4.92963
2560	3584	1	142	48	5.88030
2560	3584	1	404	82	4.70139
2048	3584	1	480	286	1.42746
2560	3584	1	24	14	4.05464
2560	3584	1	502	378	2.03882
2048	3584	1	374	136	0.00337
2048	3584	1	24	110	5.66277
2048	3584	1	84	460	2.85567
2048	3584	1	108	366	4.98172
2560	3584	1	380	150	1.67785
2048	3584	1	340	404	0.78105
2048	3584	1	52	262	0.24724
2048	3584	1	190	250	0.00000
2560	3584	2	480	294	0.00000
2048	3584	2	202	488	0.00000
2560	3584	2	504	62	0.00000
2560	3072	2	350	236	0.00000
2048	3584	2	128	108	0.00000
2048	3584	2	242	322	0.00000
2048	3584	1	224	192	2.69314
2048	3584	1	318	208	2.21971
2048	3584	1	20	464	6.19908
2048	3072	1	114	486	2.63790
2048	3072	2	158	464	0.00000
2048	3072	1	28	504	6.10386
2048	3072	2	50	376	0.00000
2048	3072	1	82	212	0.48154
2048	3072	1	138	360	5.49247
2048	3072	1	240	342	2.21914
2048	3072	2	304	424	0.00000
2048	3072	1	362	412	5.72912
2048	3072	1	362	272	0.30071
2048	3072	2	292	272	0.00000
2048	3072	2	226	272	0.00000
2048	3072	1	300	176	0.00000
2048	3072	1	238	110	0.26819
2048	3072	1	356	160	5.41199
2048	3072	1	472	124	5.99810
2560	3072	1	108	136	2.14290
2560	3072	2	142	72	0.00000
2560	3072	2	224	130	0.00000
2560	3072	1	214	478	0.22127
2560	3072	1	466	424	5.56281
2560	3072	1	362	392	0.00000
2560	3072	1	512	226	5.92752
2560	3072	1	392	190	2.36627
2560	3072	1	362	66	2.13930
2560	3072	1	296	246	2.74695
2560	3072	1	226	254	5.78787
2560	3072	1	166	310	5.58428
2560	3072	1	128	364	5.59167
2560	3072	2	106	438	0.00000
2048	3072	1	468	370	2.45635
2560	3072	1	24	282	0.36295
2560	3072	1	48	400	3.41997
2560	3072	2	100	228	0.00000
2048	3072	2	468	288	0.00000
2048	3072	1	366	50	5.23644
2560	3072	2	446	30	0.00000
2048	3072	1	68	64	0.00000
2048	3072	1	168	38	0.00000
2048	3072	2	126	116	0.00000
1024	2048	1	134	190	1.04480
1024	2048	1	188	256	1.76030
1024	2048	1	300	182	4.53940
1024	2048	2	224	82	0.00000
1536	2048	2	24	38	0.00000
1536	2048	1	46	168	6.14352
1536	2048	2	216	164	0.00000
1536	2048	2	308	108	0.00000
1536	2048	1	214	40	0.72100
1536	2048	1	88	54	4.28929
1536	2048	1	364	36	2.77153
1536	2048	2	498	72	0.00000
1536	2048	2	472	18	0.00000
1024	2048	2	382	46	0.00000
1024	2048	2	254	30	0.00000
1536	2048	1	152	312	2.79186
1536	2048	1	262	298	4.15799
1536	2048	1	422	248	0.86291
1024	2048	1	232	384	0.54424
1024	2048	1	312	424	4.44364
1024	2560	1	308	10	1.18310
1024	2560	1	142	116	4.92667
1024	2560	1	54	222	0.67629
1536	2560	1	34	26	5.72573
1024	2560	1	188	222	4.55558
1024	2560	2	214	280	0.00000
1024	2560	1	120	322	2.17365
1024	2560	1	146	406	4.63888
1024	2560	1	316	206	1.30465
1024	2560	1	414	90	1.57827
1536	2560	1	32	120	1.71009
1536	2560	1	168	138	1.60751
1536	2048	1	116	460	3.57698
1536	2048	1	154	512	0.79147
1536	2048	2	242	396	0.00000
1536	2048	1	370	390	0.85170
1536	2560	1	364	94	3.26124
1536	2560	2	328	12	0.00000
1536	2560	1	464	28	1.99682
1024	2560	1	256	384	2.90724
1024	2048	1	428	152	2.37618
1024	2048	1	478	308	0.00000
1024	2048	2	500	418	0.00000
1024	2560	1	382	348	0.98041
1536	2560	1	58	266	1.46489
1536	2560	1	182	286	0.35242
1536	2560	1	314	276	5.44181
1536	2560	1	436	274	2.36241
1536	2560	1	494	176	1.89096
1024	2560	1	494	432	6.24127
1536	2560	1	124	384	5.44815
1024	2560	1	172	512	2.00894
1024	2560	1	420	484	4.00148
1536	2560	1	46	476	0.97085
1536	2560	1	254	368	0.00000
1536	2560	1	192	468	1.34081
1536	2560	1	408	432	1.22836
1536	2560	2	358	392	0.00000
1536	2560	1	358	512	1.48467
1536	2560	2	502	464	0.00000
1024	3072	1	24	159	3.21276
1024	3072	1	102	120	3.08456
1024	3072	1	194	105	0.97072
1024	3072	1	288	70	5.76607
1024	3072	1	380	4	3.86075
1536	3584	2	399	116	0.00000
1536	3584	2	467	116	0.00000
1024	3072	1	413	115	5.72714
1536	3072	1	196	48	4.85245
1536	3072	1	63	118	0.35696
1536	3072	1	21	229	2.09057
1024	3072	1	318	201	5.63750
1024	3072	1	138	226	0.82964
1024	3072	1	57	344	3.46779
1536	3072	1	172	234	2.07418
1536	3072	1	236	177	0.00000
1536	3072	1	324	138	2.82522
1536	3072	1	443	84	2.24338
1536	3072	1	402	225	3.49430
1536	3072	1	495	279	2.78085
1536	3072	1	268	322	0.62765
1536	3072	1	406	358	5.61107
1536	3072	1	356	437	0.00000
1536	3072	1	242	468	6.10306
1536	3072	1	180	468	3.06898
1536	3072	1	89	503	3.43480
1024	3072	1	232	334	0.64921
1024	3072	1	161	430	2.14638
1024	3072	1	422	403	1.59645
1024	3072	1	435	359	1.75753
1024	3072	1	300	428	0.00000
1024	3072	1	56	496	1.37595
1024	3584	1	445	3	3.72493
1024	3584	1	327	45	5.39537
1024	3584	1	268	96	2.20777
1024	3584	1	173	165	0.94176
1024	3584	1	99	79	3.82669
1536	3584	1	57	138	5.55566
1536	3584	1	248	128	1.85953
1536	3584	1	512	103	5.75983
1024	3584	1	260	267	0.00000
1024	3584	1	328	305	0.00000
1024	3584	1	504	254	0.13357
1024	3584	1	431	358	0.00000
1024	3584	1	107	484	5.78331
1536	3584	1	339	265	0.00000
1536	3584	1	482	256	0.40285
1536	3584	1	397	351	0.00000
1536	3584	1	262	222	4.71203
1536	3584	1	124	366	1.16037
1536	3584	1	179	476	0.00000
1536	3584	1	74	506	0.79482
1536	3584	1	306	490	5.70166
1536	3584	1	505	451	5.94933
1536	3584	1	456	491	0.00000
1536	3584	1	125	264	0.13510
