1024	2048	1	46	102	0.00000
1024	2048	1	132	84	6.11841
1024	2048	2	200	75	0.00000
1024	2048	2	258	23	0.00000
1024	2048	2	430	21	0.00000
1536	2048	2	8	33	0.00000
1536	2048	1	86	70	6.17785
1536	2048	1	284	22	1.02603
1536	2048	1	224	144	6.12181
1536	2048	2	498	65	0.00000
1536	2048	1	362	96	3.89153
1536	2048	1	428	150	0.70097
1024	2048	1	92	248	0.68468
1024	2048	1	244	348	0.51306
1024	2048	1	496	214	3.37970
1536	2048	1	56	354	4.78934
1536	2048	1	188	310	3.43772
1536	2048	1	442	312	5.29792
1536	2048	1	496	230	0.70288
1536	2048	1	300	338	4.30683
1536	2048	2	230	371	0.00000
1536	2048	1	326	468	2.52765
1536	2048	1	454	470	2.70048
1024	2560	1	264	26	1.12469
1024	2560	1	74	116	3.04512
1024	2560	1	362	94	1.56684
1024	2560	1	472	62	2.47287
1536	2048	1	38	494	1.00462
1536	2048	1	166	424	4.92500
1536	2560	1	100	42	1.10715
1536	2560	1	212	30	5.99518
1536	2560	1	382	68	3.74001
1536	2560	1	328	152	2.49105
1536	2560	1	86	148	5.67764
1536	2560	1	512	94	0.43344
1024	2560	1	122	264	6.05639
1024	2560	1	24	252	4.51499
1024	2560	1	310	306	4.95709
1024	2560	2	198	288	0.00000
1536	2560	1	20	218	1.83356
1536	2560	1	150	258	0.73238
1536	2560	1	300	252	5.81052
1536	2560	1	498	290	0.01238
1536	2560	1	438	242	0.31654
1536	2560	1	416	344	2.25081
1024	2560	1	488	326	2.28890
1024	2560	1	404	398	1.31979
1024	2560	1	214	360	1.49402
1024	2560	1	204	476	2.96940
1024	2560	1	92	512	4.28759
1024	2560	1	284	476	5.71947
1536	2560	1	56	440	5.04097
1536	2560	1	196	482	2.56518
1536	2560	1	396	418	2.07031
1536	2560	1	350	492	4.44774
1024	2560	1	512	504	1.98200
1536	2560	2	476	412	0.00000
1024	2560	2	12	392	0.00000
1024	2048	2	488	291	0.00000
1536	3584	1	386	452	2.04659
1536	3584	1	18	166	4.53657
1536	3584	1	112	244	2.69658
1536	3584	1	102	66	2.25433
1536	3584	1	474	362	6.23124
1024	3584	1	58	378	5.94451
1536	3584	1	396	372	5.63817
1024	3584	1	14	488	5.74151
1024	3584	1	470	496	0.25575
1536	3584	1	146	450	0.20989
1024	3584	1	288	342	1.17599
1536	3584	1	202	156	4.48013
1536	3584	1	284	34	2.94648
1024	3584	1	334	216	1.25557
1024	3584	1	182	446	0.23896
1536	3584	1	34	492	0.51453
1536	3584	1	28	382	0.65470
1024	3584	1	440	278	1.54493
1536	3584	1	336	198	4.78792
1024	3584	1	68	262	0.81510
1536	3584	1	200	40	6.05684
1536	3584	1	360	2	2.08389
1536	3584	1	414	86	3.80674
1024	3584	1	480	42	3.41031
1024	3072	1	252	472	1.71080
1536	3072	1	8	408	6.20347
1536	3072	1	90	476	2.35042
1536	3584	2	248	367	0.00000
1536	3584	2	252	261	0.00000
1536	3584	2	466	109	0.00000
1536	3584	2	474	471	0.00000
1024	3584	2	106	439	0.00000
1024	3584	1	88	144	0.28254
1024	3584	1	12	150	0.39419
1024	3072	1	152	498	5.79672
1024	3584	1	220	84	3.07867
1024	3584	1	322	144	1.20534
1536	3072	1	174	420	4.98344
1024	3072	1	82	280	0.00000
1024	3072	1	28	452	1.39731
1024	3584	1	334	38	3.79037
1024	3072	1	304	304	0.00000
1024	3072	1	192	352	0.45699
1024	3072	1	464	262	0.51037
1024	3072	1	164	218	0.50648
1536	3072	1	166	288	1.78981
1536	3072	1	392	394	5.81591
1536	3072	1	482	450	6.04874
1536	3072	1	272	218	1.50076
1024	3072	1	116	88	1.36757
1536	3072	1	460	270	4.74694
1536	3072	1	506	198	1.63313
1024	3072	1	300	98	5.36468
1024	3072	1	370	88	5.82898
1536	3072	1	126	98	0.50682
1536	3072	1	384	150	1.74819
1536	3072	1	378	60	1.63489
1536	3072	1	510	80	5.89092
1536	3584	1	314	514	1.41389
1024	3584	2	366	308	0.00000
1536	3584	2	340	316	0.00000
1536	3584	2	18	258	0.00000
1536	3072	1	214	138	0.83724
1024	3072	1	456	98	2.11935
1024	3072	2	238	134	0.00000
1024	3072	2	246	228	0.00000
1024	3072	2	502	296	0.00000
1024	3584	2	54	22	0.00000
1536	3584	2	372	70	0.00000
1536	3584	2	488	270	0.00000
1536	3072	1	502	322	4.44614
1536	3072	2	194	350	0.00000
1024	3072	2	216	80	0.00000
1024	3072	2	34	174	0.00000
2560	2560	1	450	512	0.50569
2560	2560	1	12	426	4.38166
2560	2560	1	288	340	5.50352
2560	2560	1	428	344	6.02489
2560	2560	1	376	492	0.00000
2048	2560	1	176	512	0.00000
2048	2560	1	260	422	3.08647
2048	2560	1	256	512	0.00000
2048	2560	1	392	490	0.00000
2560	2560	1	158	478	4.33210
2048	2560	1	222	236	0.25240
2560	2560	1	436	142	6.01267
2560	2560	1	278	206	4.80116
2048	2560	1	44	400	3.95675
2560	2560	1	142	354	5.18854
2048	2560	2	167	367	0.00000
2048	2560	2	206	409	0.00000
2048	2560	2	319	423	0.00000
2048	2560	2	82	491	0.00000
2048	2560	2	443	321	0.00000
2560	2560	2	321	479	0.00000
2048	2048	2	215	491	0.00000
2560	2560	2	19	491	0.00000
2560	2560	2	459	331	0.00000
2560	2560	1	508	198	2.90205
2048	2560	2	322	203	0.00000
2048	2560	2	174	149	0.00000
2560	2560	2	6	153	0.00000
2560	2560	2	302	19	0.00000
2560	2048	2	296	405	0.00000
2048	2560	2	410	41	0.00000
2048	2048	2	490	51	0.00000
2048	2048	2	400	8	0.00000
2048	2048	2	474	14	0.00000
2048	2560	1	150	264	5.88980
2048	2560	1	78	292	2.85029
2048	2560	1	264	314	4.00012
2048	2560	1	312	90	5.90123
2048	2560	1	382	124	5.97703
2560	2560	1	96	164	5.92582
2048	2560	1	508	244	0.92502
2048	2560	1	10	74	0.58908
2048	2560	1	122	114	3.44783
2560	2560	1	396	202	2.28112
2560	2560	1	150	84	2.85332
2048	2560	1	498	66	4.01929
2560	2560	1	452	10	3.73241
2560	2048	1	352	468	3.16637
2048	2048	1	382	454	5.32404
2048	2560	2	260	3	0.00000
2560	2048	1	398	378	4.99392
2048	2048	1	122	294	3.41297
2048	2048	1	222	318	3.42711
2048	2048	1	306	322	0.00000
2048	2048	1	410	288	6.11839
2560	2048	1	4	410	3.74012
2560	2048	1	36	286	5.54146
2560	2048	1	122	254	5.62095
2560	2048	1	238	244	2.13420
2048	2048	1	32	204	0.64813
2048	2048	1	142	154	2.04921
2048	2048	1	294	182	3.73501
2048	2048	1	250	62	2.26713
2048	2048	2	182	108	0.00000
2560	2048	1	410	262	0.81252
2560	2048	1	512	156	0.00000
2048	2048	1	486	180	1.28249
2560	2048	1	202	118	0.00000
2560	2048	1	320	84	0.00000
2560	2048	1	78	108	3.69616
2560	2048	1	406	162	0.67657
2560	2048	1	406	44	0.00000
2560	2048	1	512	36	5.55062
2560	2048	2	140	12	0.00000
2048	2048	2	12	348	0.00000
3584	2048	1	102	280	4.88542
3584	2048	1	162	130	0.00000
3584	2048	1	466	56	0.00000
3072	2048	1	466	52	3.11291
3072	2048	1	264	104	2.29816
3072	2048	1	382	196	5.88839
3072	2048	1	510	180	3.27528
3584	2048	1	304	312	2.35619
3072	2048	1	428	316	4.79451
3584	2048	1	392	88	6.02951
3584	2560	1	138	50	5.31244
3072	2048	1	492	376	4.05925
3072	2048	1	114	284	5.70895
3072	2048	1	28	40	5.76064
3584	2048	1	464	476	5.58765
3584	2048	1	78	434	3.88549
3072	2048	1	198	502	0.38901
3072	2048	1	336	472	4.80077
3584	2048	1	272	86	3.90851
3584	2048	1	432	314	0.67114
3584	2560	1	314	6	3.13239
3072	2560	2	164	78	0.00000
3072	2048	1	272	266	4.04787
3584	2048	1	244	198	1.38398
3584	2048	1	386	206	4.97915
3584	2560	1	274	120	2.57282
3072	2048	1	166	388	0.80773
3584	2560	1	36	88	2.68255
3072	2560	1	466	136	2.64225
3072	2560	1	370	84	5.85524
3584	2560	1	412	178	0.34288
3072	2560	1	264	114	0.80110
3584	2560	1	428	68	5.50177
3072	2560	1	58	144	5.82489
3072	2048	1	296	334	3.62662
3072	2048	1	114	174	2.23576
3072	2048	1	216	182	0.00000
3072	2048	1	6	168	0.00000
3072	2048	1	84	484	5.20526
3584	2560	1	140	218	3.75918
3584	2560	1	50	200	0.74855
3072	2560	1	308	196	4.49048
3072	2048	1	374	86	4.24874
3072	2560	1	156	294	2.76632
3072	2560	1	446	226	2.12940
3584	2560	1	262	360	2.97976
3584	2048	1	220	0	0.00000
3072	2560	1	284	344	2.82660
3584	2560	1	64	340	4.08110
3584	2560	1	176	342	3.22391
3072	2560	1	360	278	1.61078
3584	2560	1	464	232	0.00000
3072	2560	1	490	300	1.61756
3072	2560	1	120	198	3.63894
3584	2560	1	232	252	0.00000
3584	2560	1	180	478	2.03811
3072	2560	1	440	374	2.43785
3584	2560	1	344	348	2.58743
3584	2560	1	422	344	5.82521
3072	2560	1	336	460	0.22574
3584	2560	1	508	372	5.89348
3584	2560	1	62	460	2.68255
3072	2560	1	262	476	2.75785
3072	2560	1	86	380	5.45699
3584	2560	1	374	472	2.43382
3072	2560	1	498	510	2.18731
3584	2560	1	276	422	0.90556
3072	2560	2	168	392	0.00000
3072	2560	1	108	506	1.89255
3584	2560	1	492	498	5.57932
3072	2560	1	0	220	3.08581
3584	2048	1	512	116	0.00000
3072	2048	1	108	0	1.57560
3584	3584	1	112	4	0.00000
3072	3072	1	478	308	3.04768
3072	3072	1	452	198	1.17846
3072	3072	1	384	158	1.26840
3072	3072	1	362	300	1.57707
3072	3072	1	278	226	5.89278
3072	3072	1	180	124	3.02350
3072	3072	1	102	122	2.99559
3072	3072	1	26	94	0.00000
3584	3072	1	150	298	3.86099
3584	3072	1	254	268	4.98256
3072	3072	1	460	444	3.88157
3584	3072	1	54	418	3.94823
3584	3072	1	170	446	5.69073
3584	3072	1	244	476	0.00000
3584	3072	1	348	458	1.25294
3584	3584	1	350	20	1.34314
3072	3072	1	150	268	4.40981
3072	3072	1	200	380	1.14397
3072	3072	1	218	478	3.40080
3584	3584	2	262	458	0.00000
3584	3584	2	256	402	0.00000
3584	3072	2	400	364	0.00000
3584	3072	2	352	334	0.00000
3584	3584	1	32	54	0.32572
3072	3584	1	464	72	5.74729
3072	3584	1	302	84	4.84209
3072	3584	1	392	188	0.38506
3072	3584	1	234	166	1.58014
3072	3072	1	108	484	1.05990
3072	3072	1	74	398	0.59038
3072	3584	1	120	60	1.81577
3584	3072	1	88	194	5.65460
3072	3584	1	46	110	2.74454
3072	3072	2	28	308	0.00000
3072	3584	2	354	8	0.00000
3072	3072	2	394	58	0.00000
3584	3072	1	30	86	4.33712
3584	3072	1	144	158	2.41597
3584	3072	1	178	112	2.58416
3584	3072	2	386	124	0.00000
3584	3072	2	404	200	0.00000
3584	3072	2	440	32	0.00000
3584	3072	1	388	264	5.22801
3584	3584	1	258	132	4.67944
3584	3072	1	290	172	3.44674
3584	3072	1	242	56	5.13902
3584	3072	1	482	448	5.87951
3584	3584	1	148	104	0.55898
3584	3072	1	490	110	3.73751
3584	3072	2	334	32	0.00000
3584	3072	2	6	20	0.00000
3584	3072	1	508	276	3.72467
3072	3072	2	350	368	0.00000
3584	3584	1	176	212	1.52740
3584	3584	1	470	90	5.58634
3584	3584	1	372	184	2.78757
3584	3584	1	450	174	2.82638
3584	3584	2	476	394	0.00000
3584	3584	2	374	450	0.00000
3584	3584	1	512	278	0.00000
3072	3584	1	288	254	0.67960
3072	3584	1	194	284	6.06452
3584	3584	1	40	282	2.49953
3584	3584	2	136	472	0.00000
3072	3584	2	234	444	0.00000
3584	3584	2	484	482	0.00000
3072	3584	1	90	258	2.43013
3072	3584	1	468	298	4.12439
3584	3584	1	128	314	2.96572
3072	3584	1	498	416	1.03036
3072	3584	1	82	362	2.66160
3072	3584	2	144	442	0.00000
3584	3584	1	226	316	0.67695
3584	3584	1	284	258	0.00000
3584	3584	1	328	322	0.43202
3072	3584	1	388	458	0.06878
3072	3584	1	212	372	1.69771
3072	3584	1	22	388	2.46343
3584	3584	1	74	478	3.13280
2048	3072	1	12	76	5.94774
2048	3072	1	154	34	0.43140
2048	3072	1	382	14	0.00000
2048	3072	1	192	116	0.35299
2048	3072	1	264	130	3.61409
2560	3072	1	24	102	1.05194
2560	3072	2	136	72	0.00000
2560	3072	2	216	126	0.00000
2560	3072	2	344	244	0.00000
2560	3072	1	368	20	0.00000
2560	3072	1	448	44	0.00000
2560	3072	1	404	202	0.00000
2560	3072	1	274	54	5.73863
2560	3072	1	512	76	0.00000
2560	3072	1	196	184	4.47205
2560	3072	1	100	142	1.48406
2560	3072	2	96	216	0.00000
2048	3072	1	494	234	0.00000
2048	3072	1	386	144	5.51624
2048	3072	1	350	240	4.76452
2048	3072	1	34	204	1.74661
2048	3072	1	16	320	4.92329
2048	3072	1	180	324	3.79799
2048	3072	1	268	376	4.91408
2048	3072	2	510	440	0.00000
2048	3072	1	498	356	1.83637
2560	3072	1	114	330	0.00000
2560	3072	1	208	306	0.00000
2560	3072	1	292	310	5.35438
2048	3072	1	380	430	4.31748
2560	3072	1	402	452	4.70220
2560	3072	1	86	492	1.38453
2048	3072	2	172	482	0.00000
2048	3072	1	374	510	1.19389
2560	3072	1	240	486	2.80044
2048	3584	1	400	114	0.55771
2048	3584	2	232	64	0.00000
2048	3584	1	66	84	1.70025
2560	3584	1	16	38	4.86788
2560	3584	1	160	28	4.27484
2560	3584	1	382	68	0.71034
2560	3584	1	300	6	3.02323
2560	3584	1	496	82	0.00000
2048	3584	1	494	136	2.22053
2560	3584	1	174	102	1.26814
2048	3584	1	140	242	1.77966
2560	3584	1	6	220	1.23647
2560	3584	1	108	196	3.34464
2560	3584	1	172	214	3.36637
2560	3584	1	318	160	5.26993
2560	3584	1	252	198	2.06233
2560	3584	1	430	236	2.38813
2560	3584	1	348	296	3.06447
2560	3584	1	206	286	0.23434
2048	3584	1	258	188	3.25633
2048	3584	1	358	278	1.26972
2048	3584	1	196	318	1.41772
2560	3584	1	18	322	1.50310
2048	3584	1	428	368	0.00000
2560	3584	1	12	400	1.04889
2560	3584	1	106	414	0.74195
2560	3584	1	204	436	1.57598
2560	3584	1	444	386	0.00000
2560	3584	1	512	372	6.01325
2048	3584	1	26	492	5.22727
2560	3584	1	498	512	1.55400
