1536	2560	1	484	480	1.17233
1536	2560	1	334	512	4.71239
1536	2560	1	236	444	0.55723
1536	2560	1	320	390	2.83294
1536	2560	1	50	472	0.75838
1536	2560	1	40	314	2.73131
1536	2048	1	378	422	6.14653
1024	2560	1	490	378	5.93314
1024	2560	1	432	480	3.51977
1024	2560	1	320	342	3.09087
1536	2560	1	150	326	0.60314
1536	2560	1	394	384	6.03748
1536	2560	1	300	258	5.45370
1024	2560	1	226	512	1.01914
1024	2560	1	248	340	6.17253
1536	2560	1	394	222	1.97808
1536	2560	1	490	112	0.77962
1024	2560	1	168	438	3.62274
1536	2560	1	356	52	2.83106
1024	2560	1	74	410	0.00000
1536	2048	1	454	348	2.87378
1536	2048	1	498	458	3.71158
1536	2048	1	450	162	1.56898
1536	2048	1	364	16	5.75567
1536	2048	1	266	60	5.62525
1536	2048	1	226	128	0.00000
1536	2048	1	124	132	0.43905
1536	2048	1	316	338	3.22142
1024	2560	1	418	204	0.91837
1536	2048	1	222	284	3.63953
1536	2560	1	108	204	1.23755
1536	2560	1	72	104	3.64479
1536	2560	1	448	304	4.51172
1024	2560	2	362	432	0.00000
1024	2560	2	344	512	0.00000
1536	2048	2	490	70	0.00000
1536	2048	1	226	500	0.62988
1536	2048	2	258	340	0.00000
1024	2560	1	512	106	2.21107
1024	2560	1	378	124	3.76541
1536	2560	1	250	100	0.26457
1024	2560	1	82	286	4.17843
1024	2048	1	412	392	4.64582
1024	2560	2	178	288	0.00000
1024	2560	1	60	148	2.26514
1024	2560	1	320	94	1.01220
1024	2560	1	306	16	1.23685
1536	2048	1	4	512	5.65622
1536	2048	1	80	376	1.42890
1024	2048	1	492	282	5.80933
1536	2048	1	6	0	0.00000
1024	2048	1	352	4	0.00000
1024	2048	1	260	0	0.00000
1024	2048	1	360	160	3.03915
1024	2048	1	186	254	2.04919
1024	2048	1	212	390	0.25055
1024	2048	1	232	144	0.94099
1024	2048	2	200	82	0.00000
1024	2048	1	124	30	0.00000
1536	2048	1	286	0	5.23042
1536	2560	2	478	416	0.00000
1024	3072	1	110	502	0.14499
1024	3072	1	270	258	5.20414
1024	3072	1	302	200	5.07904
1024	3072	1	312	132	5.36294
1536	3072	1	270	470	0.00000
1024	3072	1	28	234	2.68378
1024	3072	1	86	176	3.05848
1024	3072	1	148	90	5.10718
1024	3072	1	212	24	1.16590
1024	3072	1	38	442	5.99208
1024	3072	1	152	220	0.43241
1024	3072	1	144	320	1.46697
1024	3072	1	354	50	3.26857
1024	3072	1	430	116	1.54673
1024	3072	1	496	16	4.01489
1536	3072	1	18	186	1.24695
1536	3072	1	244	68	2.19105
1536	3072	1	388	88	3.67084
1536	3072	1	486	136	5.32641
1536	3072	1	458	232	2.08923
1536	3072	1	208	210	4.28184
1536	3072	1	290	250	0.56221
1536	3072	1	340	322	0.86595
1536	3072	1	434	376	2.70198
1536	3072	1	512	370	5.97714
1024	3072	1	294	354	5.52468
1536	3072	1	32	320	0.91845
1536	3072	1	202	322	5.17604
1536	3072	1	164	408	2.92244
1024	3072	1	428	356	1.13734
1024	3072	1	228	478	0.79327
1536	3072	1	12	448	0.51889
1024	3584	1	386	10	1.10906
1536	3072	1	90	500	3.47269
1536	3072	1	380	462	3.14159
1536	3584	2	406	110	0.00000
1536	3584	2	470	118	0.00000
1024	3584	1	330	282	0.00000
1024	3584	1	122	304	6.16941
1024	3584	1	432	362	5.86027
1024	3584	1	52	146	5.72684
1024	3584	1	152	96	4.81878
1024	3584	1	378	138	1.97895
1024	3584	1	492	104	5.46007
1536	3584	1	210	112	2.42505
1536	3584	1	98	222	0.45728
1024	3584	1	502	232	5.22382
1536	3584	1	212	218	1.66575
1536	3584	1	394	166	1.78155
1536	3584	1	388	234	1.75881
1536	3584	1	510	262	0.92674
1536	3584	1	100	348	1.15520
1536	3584	1	244	336	1.07310
1536	3584	2	512	86	0.00000
1536	3584	1	404	378	0.07083
1536	3584	1	488	436	0.00000
1536	3584	1	330	490	5.58845
1536	3584	1	182	466	0.00000
1536	3584	1	64	480	0.69866
1024	3584	1	98	484	5.83974
1024	3584	2	30	516	0.00000
1024	3584	1	12	252	0.00000
2048	2048	2	408	4	0.00000
2048	2048	1	80	0	5.41232
2048	2048	1	152	24	2.76159
2048	2048	1	76	122	2.96565
2048	2048	1	148	212	0.20560
2048	2048	1	40	312	6.20579
2048	2048	1	256	276	5.79232
2048	2048	1	406	90	3.97299
2560	2048	1	114	38	3.80972
2048	2048	1	476	212	0.78873
2560	2048	1	24	116	5.40727
2560	2048	2	142	182	0.00000
2560	2048	1	318	76	6.14534
2560	2048	1	430	50	6.23625
2560	2048	1	374	50	0.00000
2560	2048	1	222	40	3.07175
2560	2048	1	198	158	5.88095
2560	2048	1	272	8	3.12189
2560	2048	1	488	90	3.44746
2560	2048	1	492	210	0.51156
2560	2048	1	322	224	3.61995
2560	2048	1	78	268	4.47948
2048	2048	1	146	348	3.96325
2048	2048	1	240	368	1.26220
2048	2048	2	246	440	0.00000
2048	2048	1	0	444	3.42847
2048	2048	1	90	458	1.72988
2048	2048	2	208	504	0.00000
2048	2048	2	260	494	0.00000
2048	2048	1	376	390	4.20955
2048	2048	1	316	504	3.51543
2560	2048	1	68	386	2.65435
2560	2048	1	228	400	2.85264
2560	2048	2	290	386	0.00000
2560	2048	1	500	310	0.91294
2048	2560	1	66	8	1.69759
2048	2560	1	238	94	5.29512
2048	2560	2	182	156	0.00000
2048	2560	2	230	158	0.00000
2048	2560	2	410	50	0.00000
2048	2560	2	380	100	0.00000
2048	2560	1	0	80	0.93953
2048	2560	1	56	120	3.76767
2048	2560	1	128	136	3.58601
2048	2048	1	498	512	3.90235
2048	2560	1	120	270	1.38417
2048	2560	2	316	212	0.00000
2560	2560	2	22	156	0.00000
2560	2560	2	288	4	0.00000
2560	2560	2	512	14	0.00000
2560	2048	1	426	504	2.78021
2560	2048	1	350	438	3.25588
2560	2560	1	512	92	4.85694
2560	2048	1	166	472	2.42910
2560	2560	1	134	118	0.30089
2560	2560	1	50	66	4.08690
2048	2560	1	392	176	5.14189
2560	2560	1	228	92	0.81193
2560	2560	1	290	196	0.00000
2560	2560	1	396	136	5.37669
2560	2560	1	484	226	0.00000
2560	2560	2	466	336	0.00000
2560	2560	1	412	246	2.67697
2560	2560	1	216	242	3.45400
2560	2560	1	106	286	3.70998
2560	2560	2	30	258	0.00000
2048	2560	2	436	312	0.00000
2048	2560	1	412	250	1.15063
2048	2560	2	162	368	0.00000
2048	2560	2	190	416	0.00000
2048	2560	2	466	482	0.00000
2560	2560	2	16	480	0.00000
2048	2560	1	0	490	0.97848
2048	2560	1	142	512	0.00000
2048	2560	1	284	406	3.21165
2048	2560	1	48	374	5.21576
2048	2560	2	76	512	0.00000
2048	2560	2	202	512	0.00000
2048	2560	1	346	506	3.46950
2560	2560	1	60	458	5.40477
2560	2560	1	146	448	5.60628
2560	2560	1	366	342	5.47469
2560	2560	1	242	364	4.13541
2560	2560	1	326	440	1.75135
2560	2560	1	490	490	2.54988
3072	2048	1	76	66	0.30502
3072	2048	1	183	27	1.92806
3072	2048	1	110	214	6.00511
3072	2048	1	248	108	4.69822
3072	2048	1	351	20	5.68558
3072	2048	1	398	138	2.28721
3584	2048	1	8	93	3.96012
3584	2048	1	157	119	0.00000
3584	2048	1	262	87	3.73432
3584	2048	1	385	89	6.15719
3584	2048	1	472	62	0.00000
3584	2048	1	382	217	5.49435
3584	2048	1	246	246	4.45418
3072	2048	1	256	192	1.93414
3072	2048	1	371	216	5.57628
3584	2048	1	12	189	4.23258
3072	2048	1	31	293	0.89865
3072	2048	1	505	278	0.81658
3584	2048	1	264	352	5.13130
3072	2048	1	154	372	5.40939
3072	2048	1	231	328	2.51829
3072	2048	1	287	286	2.69826
3072	2048	1	384	322	3.14135
3584	2048	1	53	341	0.60850
3584	2048	1	145	372	4.07262
3072	2048	1	169	474	1.83130
3072	2048	1	348	439	3.84457
3072	2048	1	455	435	2.38297
3584	2048	1	177	435	0.76241
3584	2048	1	244	461	4.08727
3584	2048	1	375	472	2.81234
3584	2048	1	463	454	2.52129
3072	2560	1	36	113	5.21341
3072	2560	1	240	57	5.27320
3072	2560	1	389	35	1.07292
3072	2560	1	481	79	1.70725
3584	2560	1	67	65	2.27213
3584	2560	1	323	53	5.51575
3584	2560	1	450	93	0.32612
3584	2560	1	231	78	2.10963
3072	2560	2	466	185	0.00000
3072	2560	2	164	65	0.00000
3072	2560	2	433	128	0.00000
3072	2560	1	185	182	0.34633
3072	2560	1	76	276	3.28460
3072	2560	1	340	149	1.14408
3584	2560	1	161	163	3.98700
3584	2560	1	334	159	4.98216
3072	2560	1	350	256	3.14010
3072	2560	1	254	292	0.16827
3072	2560	1	170	350	3.26654
3072	2560	1	423	322	3.43733
3584	2560	1	41	284	2.00600
3584	2560	1	139	260	1.90061
3584	2560	1	277	247	3.70429
3584	2560	1	449	243	3.35191
3584	2560	1	354	282	3.17382
3584	2560	1	252	362	4.91271
3584	2560	1	414	411	5.63566
3072	2560	1	480	386	0.73944
3584	2560	1	73	362	1.16826
3072	2560	1	256	440	0.91131
3072	2560	1	120	502	3.19319
3072	2560	1	371	465	0.00000
3584	2560	1	164	406	1.15392
3584	2560	1	512	356	0.85308
3584	2560	1	297	461	5.82599
3584	2560	1	247	500	5.84221
3584	2560	1	190	504	2.79058
3584	2560	1	31	502	2.87776
3584	2560	1	512	142	3.04465
3584	2048	1	97	506	5.67372
3072	3072	1	204	60	4.70911
3072	3072	1	50	146	5.40713
3072	3072	1	346	94	4.85237
3072	3072	1	300	192	5.00189
3072	3072	1	170	230	5.63968
3072	3072	1	120	316	0.11103
3072	3072	2	36	374	0.00000
3072	3072	1	74	452	4.92691
3584	3072	1	462	46	0.16616
3584	3072	1	438	146	1.01818
3584	3072	1	408	214	4.93680
3584	3072	1	378	128	4.62685
3584	3072	2	336	56	0.00000
3584	3072	2	238	128	0.00000
3584	3072	2	184	38	0.00000
3584	3072	1	52	52	2.94078
3584	3072	1	92	146	1.15215
3584	3072	1	184	204	4.59616
3584	3072	1	318	218	3.21002
3584	3072	2	268	270	0.00000
3584	3072	1	84	252	2.08842
3072	3072	1	482	160	0.16892
3072	3072	1	394	194	5.33773
3072	3072	1	384	318	2.12383
3072	3072	1	260	304	2.46572
3072	3072	1	196	394	2.25504
3072	3072	1	304	488	5.00945
3072	3072	1	462	422	4.41849
3584	3072	1	206	338	1.73450
3584	3072	1	350	298	0.60284
3584	3072	1	432	338	3.18918
3584	3072	1	358	396	2.70748
3584	3072	1	500	348	2.82793
3584	3072	1	244	414	4.47643
3584	3072	1	128	510	3.05342
3584	3072	1	6	498	0.91468
3584	3584	1	226	18	2.64033
3584	3584	1	356	22	5.68060
3584	3584	1	426	10	0.07496
3584	3584	1	484	20	3.17252
3072	3584	1	240	28	2.02053
3072	3584	1	156	58	1.87307
3072	3584	1	40	28	3.21202
3072	3584	1	146	116	4.81677
3072	3584	1	44	218	0.54308
3072	3584	1	190	182	1.51790
3072	3584	1	340	90	3.74670
3072	3584	1	440	98	6.08551
3584	3584	1	22	100	3.18184
3584	3584	1	144	124	1.57080
3584	3584	1	290	118	1.45180
3584	3584	1	424	136	1.48297
3584	3584	1	10	222	1.28742
3072	3584	1	350	192	0.72074
3072	3584	1	180	302	3.27436
3072	3584	1	222	446	5.57017
3072	3584	1	124	496	1.30049
3072	3584	2	120	368	0.00000
3072	3584	1	302	314	5.35589
3072	3584	1	396	296	6.01693
3072	3584	1	474	394	2.01923
3072	3584	1	372	472	0.61630
3072	3584	1	440	480	0.39012
3584	3584	1	40	382	0.32175
3584	3584	1	80	300	4.71757
3584	3584	1	184	282	5.99572
3584	3584	1	238	254	0.13353
3584	3584	1	314	246	6.12573
3584	3584	1	392	226	5.88514
3584	3584	1	464	228	5.81209
3584	3584	1	148	390	5.68909
3584	3584	1	104	502	0.00000
3584	3584	1	304	394	5.91921
3584	3584	1	406	376	0.97375
3584	3584	1	448	466	3.77140
3584	3584	1	16	492	2.53529
3072	3072	2	436	254	0.00000
2560	3584	2	502	242	0.00000
2560	3584	1	410	262	0.86896
2560	3584	1	344	382	5.23459
2560	3584	1	180	460	0.00000
2560	3584	1	166	280	5.48693
2560	3584	1	426	100	1.93190
2560	3584	1	426	26	1.34478
2560	3072	2	512	438	0.00000
2560	3072	1	432	388	0.00000
2560	3072	1	424	124	0.38051
2560	3072	2	348	242	0.00000
2560	3072	1	312	110	0.00000
2560	3072	1	210	48	4.99069
2560	3072	2	138	76	0.00000
2560	3072	1	238	186	1.65987
2560	3072	1	334	418	5.47931
2560	3072	1	220	308	0.00000
2560	3072	1	154	384	0.00000
2560	3072	1	78	322	0.00000
2560	3072	2	216	460	0.00000
2560	3072	1	302	504	0.85197
2560	3584	1	250	182	0.00000
2560	3584	1	32	430	4.90592
2560	3584	1	72	310	5.43440
2560	3584	2	512	368	0.00000
2560	3072	2	102	224	0.00000
2560	3072	1	44	144	3.38657
2048	3072	1	506	66	0.73997
2560	3584	1	130	32	5.61158
2560	3584	1	70	82	5.71456
2560	3584	1	134	164	0.81664
2560	3584	1	30	224	0.53172
2048	3584	1	340	446	0.00000
2048	3584	1	496	112	0.39837
2048	3584	1	442	394	0.35471
2048	3584	1	386	288	5.97731
2048	3584	1	426	208	0.00000
2048	3584	1	212	472	5.86868
2048	3584	1	112	434	5.80299
2048	3584	2	28	334	0.00000
2048	3584	1	236	380	5.38353
2048	3584	1	262	294	0.00000
2048	3584	1	298	170	0.93805
2048	3584	1	192	194	1.81003
2048	3584	1	244	122	4.86113
2048	3072	1	498	408	2.21768
2048	3584	1	440	12	3.57254
2048	3072	1	258	480	6.18424
2048	3072	1	152	370	1.33004
2048	3072	2	172	480	0.00000
2048	3584	2	32	92	0.00000
2048	3584	2	124	82	0.00000
2048	3072	2	48	500	0.00000
2048	3072	2	382	396	0.00000
2048	3072	2	394	472	0.00000
2048	3072	1	504	260	2.43669
2048	3072	1	396	268	4.35224
2048	3072	2	444	314	0.00000
2048	3072	1	176	228	0.00000
2048	3072	2	68	130	0.00000
2048	3072	2	130	110	0.00000
2048	3072	1	256	154	5.15801
2048	3072	2	148	48	0.00000
2048	3072	1	298	76	2.71327
2048	3072	1	64	196	0.00000
2048	3072	2	26	428	0.00000
