1024	2048	1	176	218	3.21612
1024	2048	1	78	388	6.25289
1024	2048	1	230	366	0.27830
1024	2560	1	72	14	4.65186
1024	2560	1	28	126	4.01765
1024	2560	1	84	190	5.93665
1024	2560	1	254	38	0.96794
1024	2560	1	170	120	1.56518
1024	2048	1	200	52	0.84620
1024	2048	1	484	222	2.58469
1536	2048	1	74	98	5.18338
1536	2048	1	134	202	1.73381
1536	2048	1	236	136	6.17775
1536	2048	1	206	22	0.51771
1536	2048	1	304	72	5.97348
1536	2048	1	288	230	0.00000
1536	2048	1	174	282	1.72579
1536	2048	1	258	330	1.27458
1536	2048	1	250	428	1.48783
1536	2048	1	418	286	0.00000
1536	2048	1	494	250	0.00000
1536	2560	1	226	420	2.84693
1536	2048	1	20	484	0.29387
1024	2560	1	380	156	0.00000
1024	2560	1	300	260	4.64582
1024	2560	1	192	324	1.47475
1536	2560	1	68	106	0.90116
1536	2560	1	216	40	2.61638
1536	2048	1	330	470	4.23150
1536	2048	1	500	426	3.79647
1536	2560	1	344	480	2.03129
1536	2560	1	390	212	2.36354
1536	2560	1	268	238	0.00000
1536	2560	1	350	272	0.00000
1024	2560	1	194	404	3.00295
1536	2560	1	494	86	0.00000
1536	2560	1	42	304	0.73925
1024	2560	1	74	478	2.76109
1024	2048	1	288	408	0.00000
1536	2560	1	54	434	4.96408
1024	2560	1	296	452	0.79647
1024	2560	1	376	470	0.00000
1536	2560	1	402	424	2.43297
1536	2560	1	172	124	0.00000
1536	2560	1	444	328	1.10656
1024	2560	1	450	22	0.00000
1536	2560	1	150	474	3.27773
1024	2560	1	460	442	2.99977
1536	2560	1	486	460	2.72337
1536	2048	2	494	66	0.00000
1024	3072	1	236	160	5.25814
1024	3072	1	330	118	5.22803
1024	3072	1	192	54	5.46077
1024	3072	1	76	112	1.22765
1024	3072	1	96	196	0.88369
1024	3072	1	168	238	1.29886
1024	3072	1	80	304	1.97569
1024	3072	1	52	384	0.22336
1024	3072	2	140	384	0.00000
1024	3072	1	98	480	0.00000
1024	3072	1	0	484	5.64790
1024	3584	1	40	126	5.59750
1024	3584	1	114	100	5.46682
1024	3584	1	238	102	6.03130
1024	3072	1	246	376	5.72181
1024	3072	1	306	318	0.07786
1024	3072	1	412	296	0.00000
1024	3584	2	308	90	0.00000
1024	3072	1	144	492	4.44502
1024	3072	1	442	124	3.71199
1024	3072	1	388	22	2.53620
1536	3072	1	66	42	2.75135
1536	3072	1	150	18	3.46740
1536	3072	1	100	174	2.12328
1536	3072	1	188	96	0.27179
1536	3072	1	248	108	3.26030
1536	3072	1	330	102	3.35502
1024	3072	2	502	296	0.00000
1536	3072	1	18	348	4.50309
1536	3072	1	100	266	1.36454
1536	3072	1	204	260	6.18912
1536	3072	1	292	254	3.78678
1536	3072	1	410	186	0.54679
1536	3072	1	442	62	4.84542
1536	3072	2	498	260	0.00000
1536	3072	1	318	332	0.94910
1536	3072	1	346	412	4.85445
1536	3072	1	512	488	1.84925
1536	3584	2	398	116	0.00000
1536	3584	2	464	116	0.00000
1536	3584	2	246	264	0.00000
1024	3072	1	382	478	2.10252
1536	3072	1	54	508	6.06783
1024	3584	1	476	16	3.24549
1536	3072	1	104	448	2.33693
1536	3072	1	188	440	5.16046
1536	3072	1	286	506	3.54071
1536	3584	1	84	100	0.97717
1536	3584	1	212	68	5.99594
1024	3584	1	376	82	2.65049
1024	3584	1	504	142	1.94378
1024	3584	1	328	196	3.27661
1024	3584	1	170	272	2.08703
1024	3584	1	412	280	6.05639
1024	3584	1	492	228	5.33264
1536	3584	1	182	196	0.21406
1536	3584	1	292	180	2.83601
1536	3584	1	420	220	2.63245
1536	3584	1	512	198	1.14022
1024	3584	1	284	412	5.40857
1536	3584	1	204	404	0.27771
1536	3584	1	100	342	1.22760
1536	3584	1	434	410	5.91765
1024	3584	1	162	442	5.99267
1024	3584	1	40	504	2.17123
1024	3584	1	242	506	0.64993
1536	3584	1	240	508	0.50449
1536	3584	1	314	516	0.41670
1536	3584	2	374	60	0.00000
1536	3584	2	486	490	0.00000
1024	3072	1	12	200	0.00000
2560	2560	2	462	328	0.00000
2048	2560	1	56	286	5.95669
2560	2560	2	312	488	0.00000
2048	2560	1	306	510	5.97905
2048	2560	1	376	228	3.68201
2048	2560	1	138	464	4.33624
2048	2560	1	280	318	5.53394
2560	2560	1	150	242	5.49383
2560	2560	1	246	308	5.89581
2560	2560	1	390	204	5.89272
2048	2560	1	410	486	0.05038
2560	2560	1	450	148	5.58619
2560	2560	1	78	382	6.16458
2048	2560	1	498	312	5.11641
2048	2560	1	24	494	2.73390
2560	2560	1	484	458	5.75566
2560	2560	1	158	468	3.54651
2560	2560	1	390	494	3.66906
2560	2560	1	354	398	3.18025
2048	2560	1	486	234	2.32875
2048	2560	1	222	372	2.41990
2560	2560	1	240	498	3.11920
2048	2560	2	324	422	0.00000
2048	2560	2	442	328	0.00000
2048	2560	2	178	210	0.00000
2048	2560	2	306	146	0.00000
2048	2560	2	322	202	0.00000
2560	2560	1	272	214	2.21609
2048	2560	1	292	54	5.78601
2048	2560	1	124	192	2.82368
2048	2048	1	396	460	1.47487
2560	2560	1	108	76	2.59235
2048	2560	1	66	110	3.60524
2560	2560	1	306	98	3.58896
2560	2560	1	428	16	2.57781
2048	2560	1	212	58	5.67228
2560	2560	1	272	4	1.39601
2048	2560	1	460	86	0.18609
2560	2560	1	58	214	2.92160
2048	2048	1	140	462	3.30674
2560	2048	1	484	324	1.07117
2048	2048	1	62	444	3.34445
2048	2560	1	8	98	0.00000
2560	2048	1	402	232	2.02914
2560	2048	1	494	142	1.30319
2560	2048	1	394	358	2.15469
2560	2048	1	512	192	1.34131
2560	2048	1	80	372	5.58941
2560	2048	1	230	402	0.30247
2048	2048	1	458	302	6.08579
2048	2048	1	246	290	0.00000
2048	2048	1	4	260	6.16093
2048	2048	1	0	380	3.55569
2048	2048	1	126	214	1.58344
2560	2048	1	164	312	3.43958
2560	2048	1	214	100	0.17451
2560	2048	1	94	212	5.71959
2048	2048	1	460	184	2.05907
2048	2048	1	14	32	5.52104
2048	2048	1	96	2	3.94586
2048	2048	1	152	124	5.06022
2048	2048	1	174	14	3.09264
2048	2048	1	332	54	0.25156
2048	2048	1	420	58	0.76314
2560	2048	1	52	104	3.68452
2048	2048	1	494	52	3.28887
2560	2048	1	302	70	0.17146
2560	2048	1	416	74	1.70824
2560	2048	1	440	0	0.75873
2560	2048	1	506	444	3.75273
2560	2048	2	298	392	0.00000
2560	2048	2	356	400	0.00000
2048	2560	2	354	52	0.00000
2048	2560	2	234	162	0.00000
2048	2560	2	178	142	0.00000
2560	2560	2	512	22	0.00000
2048	2560	2	198	512	0.00000
2048	2560	2	190	410	0.00000
2048	2560	2	156	360	0.00000
2560	2560	2	20	164	0.00000
2560	2560	1	512	284	2.73758
3584	2560	1	506	464	5.38291
3584	2560	1	72	276	2.52513
3584	2560	1	46	80	4.44313
3072	2560	1	58	512	3.47889
3072	2560	1	132	390	0.41918
3072	2560	1	154	238	3.71755
3072	2560	1	408	454	5.94213
3072	2560	1	102	124	1.57639
3072	2560	1	50	332	2.78282
3584	2560	1	70	468	2.76109
3072	2560	1	194	418	3.76934
3584	2560	1	212	270	0.78889
3072	2560	1	396	260	3.77743
3072	2560	1	300	268	3.48897
3072	2560	1	462	76	0.88017
3584	2560	1	272	510	2.42063
3584	2560	1	178	414	2.19373
3584	2560	1	48	360	1.76487
3072	2560	1	468	274	3.33899
3584	2560	1	390	448	3.20208
3584	2560	1	496	318	5.87199
3584	2560	1	274	384	3.79063
3584	2560	1	384	330	3.62148
3072	2560	1	314	458	2.93547
3584	2560	2	330	436	0.00000
3584	2560	2	236	336	0.00000
3072	2560	2	172	88	0.00000
3584	2560	2	454	500	0.00000
3072	2560	1	250	78	0.00000
3072	2560	1	366	144	0.00000
3584	2560	1	292	168	0.00000
3584	2560	1	104	186	4.92645
3584	2560	1	192	144	5.35675
3584	2560	2	146	250	0.00000
3584	2560	1	430	188	0.00000
3584	2560	2	342	136	0.00000
3584	2560	1	196	36	3.99751
3584	2560	1	400	78	4.45983
3584	2560	1	98	2	4.70697
3584	2048	1	370	212	5.37214
3072	2048	1	378	506	3.71570
3584	2048	1	314	512	3.85333
3072	2048	1	430	218	3.72960
3584	2048	1	118	416	5.27912
3072	2048	1	352	172	3.87386
3072	2048	1	318	458	1.06593
3584	2048	1	90	284	3.26595
3072	2048	1	246	272	1.25188
3584	2048	1	322	334	5.04445
3584	2048	1	378	132	4.90395
3072	2048	1	52	504	3.26091
3072	2048	1	446	370	5.78554
3584	2048	1	512	502	2.29538
3072	2048	1	312	354	3.93910
3072	2048	1	220	186	3.80492
3072	2048	1	320	82	4.16384
3072	2048	1	108	298	0.00000
3072	2048	1	142	160	3.91738
3072	2048	1	188	376	3.18918
3584	2048	1	8	368	6.08187
3072	2560	1	140	32	0.60229
3072	2048	1	452	496	4.82102
3584	2048	1	122	76	0.00000
3584	2048	1	256	90	4.15333
3584	2048	1	228	0	0.00000
3072	2048	1	72	20	1.57991
3072	2048	1	14	122	1.89820
3072	2048	1	10	202	2.37374
3072	2048	1	0	322	0.86433
3072	2048	1	0	428	3.48446
3072	2048	1	210	18	3.08779
3072	2048	1	416	0	5.26993
3584	2048	1	18	112	5.62994
3584	2048	1	52	0	0.77782
3584	2048	1	482	64	0.00000
3072	3072	2	430	256	0.00000
3584	3072	2	14	206	0.00000
3072	3072	1	62	182	4.17568
3072	3072	1	216	154	3.60865
3072	3072	1	444	170	4.64931
3072	3072	1	400	70	6.00337
3584	3072	1	148	114	5.54086
3584	3072	1	56	140	5.92627
3584	3072	1	60	306	5.36281
3072	3072	1	472	314	3.71146
3072	3072	1	372	320	3.63684
3072	3072	1	296	250	0.00000
3072	3072	1	234	324	2.41135
3072	3072	1	92	326	2.05444
3072	3072	1	80	244	1.56750
3072	3072	1	78	36	3.28450
3072	3072	1	142	50	0.50160
3072	3072	1	244	32	0.58323
3072	3072	1	44	408	5.03414
3072	3072	1	28	492	5.47370
3072	3584	1	120	36	3.73325
3072	3072	1	192	444	5.55037
3072	3584	1	284	40	4.27001
3072	3584	1	198	98	2.44807
3072	3584	1	74	140	1.27823
3072	3584	1	276	146	3.40784
3072	3584	1	474	36	1.09473
3072	3072	1	346	466	2.28374
3072	3072	1	480	474	1.63116
3072	3072	1	508	392	4.17510
3584	3072	1	194	70	2.26110
3584	3072	1	118	274	5.79906
3072	3584	1	182	262	4.11969
3072	3584	1	234	326	4.60393
3072	3584	1	438	324	2.62892
3584	3072	1	372	72	2.59244
3584	3072	1	290	122	0.71654
3584	3072	1	176	220	2.41495
3584	3072	1	456	84	5.93915
3584	3072	1	388	174	4.97299
3584	3072	1	354	230	5.01968
3584	3072	1	310	312	2.61235
3584	3072	1	124	418	4.80566
3584	3584	1	42	94	4.64582
3584	3584	1	114	206	0.65887
3584	3584	1	2	230	0.42020
3584	3072	1	474	290	3.22026
3584	3584	1	78	20	2.01413
3584	3584	1	222	56	2.07897
3584	3584	1	192	136	2.15010
3584	3072	1	250	510	2.24554
3584	3072	1	444	432	2.55772
3584	3072	1	354	476	1.75023
3584	3072	1	312	410	1.22928
3584	3072	1	222	346	0.18165
3584	3584	1	244	234	2.14446
3584	3584	1	256	404	6.08134
3584	3584	1	176	276	1.77468
3584	3584	1	418	122	4.03298
3072	3584	1	362	182	5.45304
3072	3584	1	132	198	1.14908
3072	3584	1	162	396	1.95971
3072	3584	1	310	256	1.94660
3072	3584	1	74	276	2.39262
3584	3072	2	396	346	0.00000
3584	3584	1	356	406	2.95211
3072	3584	1	468	468	6.03127
3584	3584	2	18	394	0.00000
3072	3584	1	368	368	5.28866
3584	3584	1	116	346	4.26768
3072	3584	1	60	472	0.50320
3072	3584	1	138	484	0.50710
2048	3072	1	176	112	0.00000
2048	3072	1	28	22	2.57155
2048	3072	1	80	146	5.82067
2048	3072	2	22	192	0.00000
2048	3072	1	298	126	5.82800
2048	3072	1	322	50	5.65884
2048	3072	1	406	26	0.00000
2048	3072	1	372	142	5.59999
2048	3072	2	426	224	0.00000
2560	3072	2	12	192	0.00000
2560	3072	2	114	234	0.00000
2560	3072	2	124	82	0.00000
2560	3072	2	216	128	0.00000
2560	3072	2	336	230	0.00000
2560	3072	1	144	0	3.49559
2560	3072	1	222	2	3.60327
2560	3072	1	360	14	3.25702
2560	3072	1	484	106	5.79323
2560	3072	1	410	174	2.63295
2560	3072	1	512	212	4.60114
2048	3072	1	484	284	0.98279
2048	3072	2	196	322	0.00000
2048	3072	2	192	230	0.00000
2048	3072	1	78	302	0.82099
2048	3072	1	206	410	5.18973
2048	3072	2	86	408	0.00000
2048	3072	2	166	474	0.00000
2048	3072	1	28	474	1.40204
2048	3584	1	24	202	0.95411
2048	3584	1	80	80	0.17238
2048	3584	2	124	234	0.00000
2048	3584	1	180	30	0.00000
2048	3072	1	292	248	2.56704
2560	3072	1	20	362	4.68857
2048	3072	1	466	440	2.28264
2560	3072	1	154	342	2.57223
2560	3072	1	220	282	2.28781
2560	3072	1	266	170	0.41753
2048	3584	1	200	126	5.08699
2048	3584	1	186	186	4.64353
2048	3584	1	416	20	2.30861
2560	3584	1	44	22	5.19566
2560	3072	1	70	434	0.90975
2560	3072	1	360	318	1.29458
2560	3072	1	478	342	3.41792
2560	3072	1	380	414	2.37977
2560	3072	1	258	442	2.96174
2560	3072	1	168	474	0.67840
2560	3584	1	204	62	1.87856
2560	3584	1	324	2	3.49890
2560	3584	1	454	30	1.65860
2560	3584	1	190	140	1.81308
2048	3584	1	492	134	0.62441
2048	3584	1	100	368	2.12227
2048	3584	1	274	250	0.00000
2048	3584	1	206	346	3.05758
2048	3584	1	356	136	0.00000
2048	3584	1	350	322	2.98264
2560	3584	1	62	182	0.00000
2560	3584	1	254	174	4.83674
2560	3584	1	342	114	0.71003
2560	3584	1	492	110	4.87571
2560	3584	1	376	206	1.04367
2560	3584	1	416	230	0.84956
2560	3584	1	172	444	6.07494
2048	3584	1	484	354	0.71837
2048	3584	2	500	231	0.00000
2560	3584	1	56	292	0.00000
2560	3584	1	82	422	0.27853
2560	3584	1	176	272	2.71524
2560	3584	2	307	443	0.00000
2560	3584	1	276	278	5.90391
2560	3584	1	368	352	3.04679
2048	3584	1	70	468	0.00000
2048	3584	1	166	506	0.00000
2048	3584	1	466	472	0.91652
2048	3584	1	320	494	0.00000
2560	3584	1	452	452	2.45704
2560	3584	1	476	360	5.57771
2560	3584	1	512	252	0.53333
2560	3584	1	250	486	2.95073
2560	3584	1	28	502	2.68957
