1536	2560	1	108	376	4.66030
1024	2560	1	470	402	0.07512
1024	2560	1	366	512	3.79577
1536	2560	1	50	472	1.10493
1024	2560	1	292	512	0.00000
1024	2560	1	182	396	2.97644
1536	2560	1	376	382	0.98911
1536	2560	1	502	340	1.80914
1536	2560	1	298	448	4.58796
1536	2560	1	328	512	4.86899
1024	2560	1	378	368	1.20100
1024	2560	1	102	498	0.38525
1024	2560	1	52	374	3.92699
1024	2560	1	98	254	4.18355
1024	2560	1	274	376	2.86527
1536	2560	1	430	218	3.33158
1024	2560	2	348	450	0.00000
1024	2560	2	200	300	0.00000
1536	2560	1	42	34	0.00000
1024	2048	1	314	440	4.75120
1536	2048	1	268	86	5.34119
1024	2048	1	76	96	6.10007
1024	2048	1	220	168	5.02557
1024	2048	1	198	50	0.19818
1024	2048	1	348	0	0.00000
1024	2048	1	502	4	0.00000
1024	2048	1	224	390	0.62434
1536	2048	1	90	136	0.57987
1024	2048	1	362	192	3.63749
1024	2048	1	488	314	5.93994
1024	2048	1	510	448	0.91510
1536	2048	1	386	26	4.88549
1536	2048	2	488	66	0.00000
1536	2048	1	454	194	1.31573
1536	2048	1	326	224	3.22423
1536	2048	1	220	130	0.00000
1536	2048	1	126	22	5.17212
1536	2048	1	478	314	5.95970
1536	2048	1	364	356	0.35877
1536	2048	1	210	286	5.37754
1536	2048	2	240	378	0.00000
1536	2048	1	230	436	1.43931
1536	2560	1	232	6	0.89585
1536	2048	1	396	500	1.00959
1536	2560	1	48	146	1.44644
1536	2560	1	124	8	2.95256
1536	2560	1	200	132	1.34732
1536	2560	1	358	130	3.24093
1536	2560	1	500	82	3.00268
1024	2560	1	422	224	2.50316
1024	2560	1	244	150	2.28970
1536	2560	1	82	248	0.61073
1536	2560	1	186	216	0.58800
1536	2560	1	226	306	1.07383
1536	2560	1	310	250	5.65299
1536	2560	1	290	360	0.88135
1024	2048	1	176	510	0.00000
1024	2048	1	182	258	1.61629
1024	2560	1	94	108	3.20639
1024	2560	1	308	22	1.37901
1536	2560	1	140	512	4.96757
1024	3072	1	96	4	0.00000
1024	3072	1	198	78	0.57361
1024	3072	1	286	56	0.00000
1024	3072	1	354	6	0.38533
1536	3072	1	48	136	0.43855
1536	3072	1	4	4	0.38152
1024	3072	1	124	190	3.11590
1024	3072	1	14	226	3.57236
1536	3072	1	168	26	5.25221
1536	3072	1	254	70	1.09503
1024	3072	1	306	166	5.30925
1536	3072	1	312	148	2.72790
1536	3072	1	414	102	2.28372
1536	3072	2	494	54	0.00000
1536	3584	2	474	120	0.00000
1536	3584	2	398	114	0.00000
1024	3072	1	168	242	0.37672
1024	3072	1	224	332	0.81809
1024	3072	1	82	358	1.68762
1024	3072	1	48	502	0.00000
1024	3072	1	196	414	1.66018
1024	3072	1	186	484	1.41549
1024	3072	1	264	504	0.94364
1024	3584	1	62	112	3.51566
1024	3072	1	326	292	0.95512
1024	3072	1	408	380	1.59367
1024	3584	1	296	138	1.17045
1536	3072	1	46	278	2.66270
1536	3072	1	194	238	5.81221
1536	3072	1	268	296	0.33347
1536	3072	1	366	330	2.93221
1536	3072	1	404	224	5.93269
1536	3072	1	24	450	3.76648
1536	3072	1	100	490	3.44078
1536	3072	1	162	474	2.99590
1536	3072	1	228	492	3.23007
1536	3072	1	470	346	3.65618
1536	3072	1	332	444	5.11263
1536	3584	1	466	38	5.57005
1536	3072	1	500	504	5.23170
1024	3584	1	388	30	1.40621
1024	3584	1	420	106	1.41933
1536	3584	1	82	132	2.36607
1536	3584	1	286	158	2.11535
1024	3584	1	486	234	0.00000
1024	3584	1	358	276	0.00000
1024	3584	1	432	358	0.00000
1536	3584	1	86	292	0.00000
1536	3584	1	174	458	6.25698
1536	3584	1	342	268	3.16493
1536	3584	1	48	474	0.86217
1536	3584	1	464	258	0.00000
1536	3584	1	506	450	5.51829
1536	3584	1	404	364	0.00000
1536	3584	1	262	222	4.81498
1536	3584	1	316	516	0.00000
1536	3584	1	174	362	1.17724
1536	3584	1	430	512	0.00000
1024	3584	1	104	474	5.63034
1024	3584	1	14	474	5.72396
1536	3584	2	48	206	0.00000
2560	2560	1	372	268	5.12610
2560	2560	1	274	486	3.53153
2560	2560	1	472	70	2.83524
2560	2560	1	436	174	2.62599
2560	2560	1	500	466	2.84981
2048	2560	1	386	462	6.16121
2048	2560	1	336	304	5.84109
2048	2560	1	114	306	3.06901
2560	2560	1	234	384	4.36796
2560	2560	1	340	364	5.39693
2048	2560	1	26	426	3.84497
2560	2560	1	46	278	1.73349
2048	2560	1	258	330	5.98894
2048	2560	1	0	346	1.06543
2048	2560	1	80	198	1.01949
2048	2560	1	150	32	1.92290
2048	2560	1	82	120	1.06561
2560	2560	1	88	440	6.26192
2560	2560	1	164	246	5.90867
2048	2560	1	236	442	3.19732
2048	2560	1	298	458	6.02899
2560	2560	1	52	192	0.77645
2560	2560	1	16	100	3.73477
2048	2560	2	468	472	0.00000
2560	2560	2	16	480	0.00000
2560	2560	2	466	340	0.00000
2048	2560	2	174	366	0.00000
2048	2560	2	226	148	0.00000
2048	2560	2	168	144	0.00000
2048	2560	1	402	108	4.39834
2048	2560	2	322	195	0.00000
2048	2048	2	446	489	0.00000
2048	2048	1	372	448	4.80539
2048	2048	1	232	500	1.96928
2048	2560	1	302	46	3.46346
2048	2048	1	246	402	4.65699
2048	2048	1	84	400	3.72352
2048	2048	1	52	274	0.02102
2048	2048	1	114	256	6.03844
2048	2048	1	256	218	6.12246
2560	2560	1	324	42	1.67641
2560	2560	1	302	122	1.59981
2560	2560	1	306	186	1.49191
2560	2048	1	10	502	4.67534
2560	2560	1	130	30	4.84780
2560	2560	2	208	57	0.00000
2560	2048	1	252	438	4.34777
2560	2048	1	370	450	1.23003
2560	2048	1	22	366	3.88674
2048	2048	1	98	0	0.66913
2048	2048	2	100	102	0.00000
2048	2048	1	188	44	3.39328
2048	2048	1	170	152	4.62347
2048	2048	1	324	140	1.28284
2048	2048	1	508	88	5.93877
2048	2048	1	454	236	3.26693
2560	2048	1	54	218	1.23107
2560	2048	1	170	202	5.65088
2560	2048	1	116	82	4.43986
2560	2048	1	292	106	0.00000
2560	2048	1	338	28	0.00000
2560	2048	1	424	46	0.00000
2560	2048	1	260	32	3.08705
2560	2048	1	506	140	4.24201
2560	2048	1	442	284	2.80889
3072	2560	1	202	372	2.77202
3072	2560	2	168	80	0.00000
3072	2560	2	470	186	0.00000
3072	2560	2	442	128	0.00000
3072	2048	1	466	328	2.79074
3072	2560	1	248	58	5.90980
3584	2048	1	244	442	0.68954
3584	2048	1	56	326	2.72101
3072	2048	1	376	358	3.13695
3584	2048	1	154	108	0.00000
3584	2048	1	232	218	4.06976
3072	2048	1	232	366	3.50435
3072	2048	1	124	356	4.40955
3072	2048	1	358	92	0.01560
3072	2048	1	342	476	4.53204
3072	2048	1	252	432	3.64037
3072	2048	1	440	136	3.99193
3584	2048	1	8	180	4.44502
3072	2048	1	64	312	0.83662
3072	2048	1	54	156	0.24420
3072	2048	1	66	244	1.39641
3072	2048	1	158	166	4.30741
3072	2048	1	298	226	4.40634
3072	2048	1	192	254	3.21001
3584	2048	1	168	348	4.18074
3584	2048	1	368	62	5.85607
3584	2048	1	264	100	3.82769
3072	2048	1	184	60	4.09951
3584	2560	1	276	50	3.24124
3584	2048	1	370	220	5.57009
3584	2048	1	486	52	0.00000
3072	2048	1	504	456	4.02018
3072	2560	1	494	22	4.47777
3584	2048	1	136	464	4.32600
3584	2048	1	426	318	5.09086
3072	2048	1	44	102	0.71961
3584	2048	1	460	476	3.01296
3584	2048	1	370	492	3.47879
3584	2560	1	432	74	5.99790
3072	2560	1	504	162	5.84663
3072	2560	1	504	366	5.79122
3584	2560	1	180	40	4.52105
3072	2560	1	348	114	3.79595
3072	2560	1	80	102	3.40739
3072	2560	1	190	224	2.38894
3072	2560	1	298	228	2.23544
3072	2048	1	12	448	3.47021
3584	2560	1	60	76	2.05912
3584	2560	1	336	154	2.96799
3584	2560	1	236	144	2.04146
3584	2560	1	168	184	2.03453
3584	2560	1	490	186	3.62388
3072	2560	1	422	210	0.00000
3072	2560	1	92	254	2.25589
3072	2560	1	44	340	5.39120
3072	2560	1	380	504	0.00000
3584	2560	1	120	470	2.04519
3072	2560	1	128	470	1.94873
3072	2560	1	374	390	1.20038
3072	2560	1	310	312	4.56428
3072	2048	1	296	36	6.06012
3072	2048	1	108	42	3.52415
3584	2048	1	224	0	0.00000
3584	2560	1	242	472	5.76174
3584	2560	1	92	368	3.46074
3584	2560	1	112	254	1.34949
3584	2560	1	406	240	3.22029
3584	2560	1	308	246	2.34387
3584	2560	1	240	290	4.83471
3584	2560	1	500	328	5.68318
3584	2560	1	410	478	5.98141
3584	2560	1	158	390	1.31182
3584	2560	1	280	458	5.68094
3584	2560	1	456	410	2.72804
3584	2560	1	302	372	1.64308
3072	2560	1	466	482	3.33132
3584	2560	1	512	512	4.01577
3072	3072	2	436	250	0.00000
3072	3584	1	106	300	0.00000
3072	3584	1	126	424	0.78068
3072	3584	1	282	394	0.59042
3072	3584	1	324	462	0.70952
3072	3584	1	442	376	1.24643
3584	3584	1	86	398	0.78258
3584	3584	1	88	296	0.00000
3584	3584	1	234	388	1.23324
3584	3584	1	190	454	0.00000
3584	3584	1	138	434	0.00000
3584	3584	1	330	396	0.00000
3584	3584	1	394	462	0.49785
3584	3584	1	464	412	4.59590
3584	3584	1	462	298	1.95208
3584	3584	1	466	214	5.24159
3584	3584	1	454	126	5.45462
3584	3584	1	352	222	5.49779
3584	3584	1	350	72	5.55724
3584	3584	1	250	92	0.50642
3072	3584	1	200	226	3.28867
3072	3584	1	308	234	0.00000
3072	3584	1	400	282	0.45728
3072	3584	1	492	282	0.92424
3072	3584	1	60	74	2.37178
3072	3584	1	122	22	0.00000
3072	3584	1	178	122	3.51101
3072	3584	1	276	126	0.36339
3072	3584	1	358	114	5.96435
3072	3584	1	466	150	5.64668
3072	3584	1	440	6	1.14285
3072	3584	1	502	68	1.24027
3072	3072	1	194	504	3.76134
3072	3584	1	278	18	0.62796
3072	3072	1	128	378	0.00000
3072	3072	2	44	388	0.00000
3584	3584	1	234	288	0.74914
3584	3584	1	200	250	0.61487
3584	3584	1	86	140	3.79559
3584	3072	1	206	492	4.89982
3584	3584	1	460	42	5.10735
3584	3072	1	464	486	5.15624
3584	3072	1	442	368	3.17997
3584	3072	1	456	204	1.11352
3584	3072	1	310	332	3.09685
3584	3072	1	384	236	2.14717
3584	3072	1	262	254	4.09214
3072	3072	1	100	100	3.19001
3072	3072	1	220	328	4.83848
3072	3072	1	150	218	3.20122
3072	3072	1	228	68	3.18918
3072	3072	1	314	276	2.05965
3072	3072	1	328	224	5.34216
3072	3072	1	340	114	5.38921
3072	3072	1	460	120	4.56350
3584	3072	1	36	176	1.98157
3072	3072	1	348	420	5.82496
3072	3072	1	420	390	2.88544
3584	3072	1	2	388	0.07376
3584	3072	1	114	286	3.65066
3584	3072	1	64	78	0.00000
3584	3072	1	186	154	3.01777
3584	3072	2	254	114	0.00000
3584	3072	1	368	152	1.60577
3584	3072	1	414	60	2.28963
3584	3072	1	322	64	2.34346
3072	3072	1	60	280	2.49160
2048	3584	1	342	486	0.18535
2048	3584	1	198	464	5.39974
2048	3584	1	74	420	0.00000
2048	3584	1	0	476	5.30746
2048	3584	1	446	420	0.00000
2560	3584	1	6	388	0.00000
2560	3584	1	368	492	5.57937
2560	3584	1	218	456	5.57366
2560	3584	1	498	404	2.21430
2560	3584	1	506	336	1.95949
2560	3584	1	380	382	5.11091
2560	3584	1	394	250	2.58322
2560	3584	1	316	260	5.99385
2560	3584	1	106	352	1.31493
2048	3584	1	426	314	1.27410
2048	3584	2	246	344	0.00000
2048	3584	2	100	224	0.00000
2048	3584	2	188	272	0.00000
2048	3584	1	40	222	0.03332
2048	3584	1	62	96	3.78641
2048	3584	2	136	114	0.00000
2048	3072	2	172	488	0.00000
2048	3072	1	28	482	5.16986
2048	3072	2	50	366	0.00000
2048	3072	1	122	350	6.04224
2048	3072	1	76	234	0.65211
2048	3072	1	210	386	3.03159
2048	3072	2	294	430	0.00000
2048	3072	2	282	286	0.00000
2560	3072	2	116	224	0.00000
2560	3072	2	130	76	0.00000
2560	3072	2	226	138	0.00000
2560	3072	2	350	250	0.00000
2560	3072	2	14	170	0.00000
2048	3072	2	140	128	0.00000
2048	3072	1	44	40	1.34741
2048	3072	1	156	20	0.00000
2048	3072	1	208	156	0.37207
2048	3072	1	298	156	0.00000
2048	3072	1	316	2	0.00000
2048	3072	1	384	2	2.95211
2048	3072	1	458	74	0.00000
2048	3072	1	394	138	5.45745
2048	3072	1	368	250	0.00000
2048	3072	1	358	400	5.71987
2048	3584	1	254	122	3.49579
2048	3584	1	348	26	0.00000
2048	3584	1	430	36	2.93174
2048	3072	1	484	418	3.17794
2560	3072	1	14	224	0.00000
2560	3072	1	42	422	3.17078
2560	3072	2	94	434	0.00000
2560	3072	1	100	320	5.58817
2560	3072	1	168	314	5.43898
2560	3072	1	208	270	5.56664
2560	3072	1	290	256	2.58652
2560	3072	1	118	148	2.16415
2560	3072	1	392	118	2.68527
2560	3072	1	486	88	4.88383
2560	3072	1	512	246	5.09513
2560	3072	1	430	348	2.98241
2560	3072	1	344	388	0.00000
2560	3584	1	282	16	4.59882
2048	3584	1	286	278	2.76896
2048	3584	1	340	208	0.81664
2048	3584	1	446	180	0.00000
2560	3584	1	12	154	0.00000
2560	3584	1	134	272	1.45980
2560	3584	1	100	214	1.43466
2560	3584	1	104	118	5.85564
2560	3584	1	218	162	2.61074
2560	3584	1	30	14	4.17197
2560	3584	1	140	28	5.40693
2560	3072	1	200	462	0.52480
2560	3584	1	330	96	4.59751
2560	3584	1	506	198	5.59999
2560	3072	1	502	476	0.00000
2560	3072	1	248	38	3.34591
2048	3072	2	226	266	0.00000
2048	3584	2	58	340	0.00000
