1024	2048	1	126	76	0.00000
1024	2048	1	226	168	0.59611
1536	2048	1	124	148	0.41595
1024	2048	1	222	400	0.15637
1024	2048	1	196	270	1.88520
1024	2048	1	492	292	5.72564
1024	2048	1	360	190	3.24722
1536	2048	1	100	354	0.33929
1024	2560	1	294	10	0.82464
1024	2560	1	422	18	0.63667
1024	2048	1	400	396	4.36462
1536	2048	1	218	264	3.57150
1536	2048	1	260	360	5.03296
1536	2048	1	220	160	2.97113
1536	2048	1	282	96	5.31636
1536	2048	1	424	188	2.33533
1536	2048	1	330	310	2.53771
1536	2048	1	396	424	0.03702
1536	2048	1	472	356	2.56893
1536	2048	1	472	496	4.14301
1024	2560	1	68	158	1.95617
1024	2560	1	56	296	4.43017
1024	2560	1	318	172	4.40245
1024	2560	1	116	380	0.72577
1024	2560	1	200	274	0.92824
1024	2560	1	258	326	0.00000
1024	2560	1	340	332	3.26232
1024	2560	1	264	470	0.49394
1024	2560	1	438	206	0.93515
1024	2560	1	496	382	5.99477
1024	2560	1	446	464	3.70644
1536	2560	1	10	16	5.69518
1536	2048	1	230	502	0.27481
1536	2560	1	258	94	0.12768
1536	2560	1	54	330	2.61411
1536	2560	1	56	466	0.85737
1536	2560	1	222	420	0.10308
1536	2560	1	156	332	0.33030
1536	2560	1	140	192	0.86587
1536	2560	1	60	166	3.82211
1024	2560	1	498	100	4.99293
1536	2560	1	364	82	2.73937
1536	2560	1	408	398	2.79174
1536	2560	1	304	254	5.54670
1536	2560	1	408	224	1.46087
1536	2560	1	480	110	0.94531
1536	2560	1	474	310	3.75319
1536	2560	1	306	512	4.78916
1536	2560	1	476	492	1.74282
1536	2560	1	306	392	2.67795
1024	2560	1	194	418	0.17350
1536	2048	1	394	64	2.86744
1536	2048	2	496	58	0.00000
1536	2048	1	302	46	2.44710
1024	3072	1	136	50	4.34053
1024	3072	1	240	4	0.49366
1024	3072	1	136	186	0.35528
1024	3072	1	68	190	3.03347
1024	3072	1	426	124	1.11662
1024	3072	1	288	110	5.47013
1024	3072	1	232	180	4.26482
1536	3072	1	226	64	2.26683
1536	3072	1	452	112	5.62380
1536	3072	1	394	144	2.37394
1536	3072	1	382	18	1.20381
1536	3072	1	206	208	4.63829
1024	3072	1	508	206	1.16720
1024	3072	1	316	238	4.78071
1024	3072	1	266	376	5.33491
1024	3072	1	142	292	0.85062
1024	3072	1	26	290	2.29691
1024	3072	1	436	354	0.92333
1536	3072	1	30	316	0.69253
1536	3072	1	202	318	5.46078
1536	3072	1	360	326	1.06132
1536	3072	1	466	250	0.85918
1536	3072	1	312	218	0.00000
1024	3072	1	124	460	6.09140
1024	3072	1	36	452	6.15624
1024	3072	1	234	478	1.01735
1024	3584	1	388	4	1.02021
1536	3072	1	36	424	0.59712
1536	3072	1	100	474	3.61829
1536	3072	1	166	428	2.95087
1536	3072	1	232	466	6.10133
1536	3072	1	376	452	3.12316
1536	3072	1	444	396	2.91620
1536	3072	1	512	388	0.00000
1024	3584	1	114	70	5.22254
1024	3584	1	386	136	2.18017
1024	3584	1	464	108	5.43625
1024	3584	1	66	154	5.49693
1024	3584	1	318	292	0.00000
1024	3584	1	124	294	5.93301
1024	3584	1	14	232	0.00000
1024	3584	1	496	278	5.22824
1536	3584	1	232	132	2.22048
1536	3584	2	412	112	0.00000
1536	3584	2	466	114	0.00000
1536	3584	1	422	182	1.46897
1536	3584	1	400	250	1.61801
1536	3584	1	216	218	1.46571
1536	3584	1	102	236	0.25341
1024	3584	1	420	364	5.82729
1536	3584	1	118	328	1.03979
1536	3584	1	290	334	1.29562
1536	3584	1	410	358	0.27820
1536	3584	1	490	426	0.00000
1024	3584	1	102	480	5.70294
1024	3584	1	22	484	5.78961
1536	3584	1	66	476	0.41597
1536	3584	1	178	480	0.00000
1536	3584	1	328	492	5.87631
1536	3584	1	500	280	0.66989
1024	3072	2	484	32	0.00000
1024	3072	2	428	26	0.00000
1024	3072	1	328	36	3.86031
2048	2048	1	60	12	5.38353
2048	2048	1	94	152	3.20465
2048	2048	1	42	290	6.01085
2048	2048	1	178	68	3.37112
2048	2048	1	172	200	0.00000
2048	2048	1	250	232	6.12701
2048	2048	1	390	136	3.44965
2048	2048	1	496	196	0.80829
2560	2048	1	14	88	5.43883
2048	2048	1	126	356	4.03373
2048	2048	2	404	24	0.00000
2048	2560	2	406	52	0.00000
2048	2560	2	382	104	0.00000
2048	2560	2	224	152	0.00000
2048	2560	2	172	146	0.00000
2560	2048	1	102	54	3.65428
2560	2048	1	462	138	3.75137
2560	2048	1	430	50	0.00000
2560	2048	1	378	56	0.00000
2560	2048	1	318	68	0.00000
2560	2048	1	194	130	5.73015
2560	2048	1	216	60	3.30151
2560	2048	1	328	236	3.43912
2560	2048	1	510	216	0.73384
2560	2048	1	512	326	1.02696
2560	2048	1	234	196	1.27495
2560	2048	1	8	296	4.51499
2048	2048	1	374	330	0.99676
2560	2048	1	80	414	2.76880
2560	2048	1	230	426	2.83354
2560	2560	1	178	4	2.67417
2048	2048	1	122	442	1.16590
2048	2048	2	260	424	0.00000
2048	2048	2	218	508	0.00000
2048	2560	1	72	6	1.32582
2048	2560	1	170	76	5.13404
2048	2560	1	82	122	0.63031
2048	2560	1	76	210	3.99830
2048	2560	1	156	284	1.05957
2048	2560	1	304	2	3.85162
2048	2048	1	348	400	3.88229
2048	2560	1	338	122	5.59865
2048	2560	1	270	452	3.03492
2048	2560	1	44	366	5.07493
2560	2560	1	2	2	3.50496
2560	2560	1	32	78	4.04774
2048	2560	1	466	218	1.36330
2048	2560	2	320	210	0.00000
2048	2560	2	172	354	0.00000
2048	2560	2	190	426	0.00000
2048	2560	2	136	466	0.00000
2048	2560	2	16	458	0.00000
2048	2560	2	66	510	0.00000
2560	2560	1	138	110	0.00000
2560	2560	1	6	278	3.89166
2048	2560	2	440	326	0.00000
2048	2560	2	470	470	0.00000
2560	2560	1	26	434	5.12108
2560	2560	1	150	420	5.75394
2560	2560	1	424	20	3.30924
2560	2048	2	302	392	0.00000
2560	2048	2	284	512	0.00000
2560	2048	1	350	454	3.62322
2560	2560	1	252	80	0.68760
2560	2560	1	90	292	4.00387
2560	2560	1	210	252	3.34137
2560	2560	1	306	190	5.95251
2560	2560	1	374	92	5.64144
2560	2560	1	222	410	3.53697
2560	2560	1	362	456	2.31174
2560	2560	1	486	206	5.90155
2560	2560	1	334	312	5.60018
2560	2560	1	408	254	2.94420
2560	2560	2	468	340	0.00000
2560	2560	1	486	474	2.46969
2560	2560	1	512	96	4.95527
3072	2048	1	374	182	5.76922
3072	2048	1	504	206	4.22890
3584	2048	1	154	136	0.00000
3072	2048	1	82	46	0.51915
3072	2048	1	240	94	4.51401
3072	2048	1	154	182	0.00000
3072	2048	1	298	224	1.96970
3072	2048	1	354	24	5.54549
3072	2048	1	184	18	1.98902
3584	2048	1	16	86	3.92491
3072	2048	1	426	130	2.57184
3584	2048	1	214	0	0.00000
3584	2048	1	272	90	3.84716
3584	2048	1	388	104	0.00000
3584	2048	1	466	58	0.00000
3584	2048	1	386	234	5.49779
3584	2048	1	294	316	5.32412
3584	2048	1	228	234	4.64356
3072	2048	1	176	370	5.55091
3072	2048	1	24	310	0.95450
3072	2048	1	14	178	0.80032
3072	2048	1	252	344	2.95994
3072	2048	1	334	360	2.56931
3072	2048	1	394	340	2.74413
3072	2048	1	500	288	0.99020
3584	2048	2	96	300	0.00000
3584	2048	2	42	352	0.00000
3584	2048	1	512	118	0.00000
3584	2048	1	198	398	0.00000
3584	2048	1	126	370	3.68102
3584	2048	1	106	500	5.66299
3584	2048	1	250	476	3.38098
3584	2560	1	332	14	5.63009
3584	2048	1	480	454	2.58945
3584	2048	1	388	472	2.53931
3072	2048	1	198	490	2.08675
3072	2048	1	364	458	4.55287
3072	2048	1	494	440	2.31077
3072	2560	1	272	74	1.88638
3072	2560	1	422	28	1.51728
3072	2560	2	432	134	0.00000
3072	2560	2	170	70	0.00000
3072	2560	2	464	188	0.00000
3072	2560	1	328	152	1.03287
3072	2560	1	192	158	0.00000
3072	2560	1	34	124	5.46151
3072	2560	1	88	302	3.25225
3072	2560	1	348	284	3.31608
3072	2560	1	184	354	3.27245
3072	2560	1	260	442	0.93455
3072	2560	1	262	302	0.33264
3072	2560	1	180	512	5.82503
3072	2560	1	102	508	3.09418
3072	2560	1	374	474	0.00000
3072	2560	1	478	376	0.88650
3072	2560	1	416	310	3.75480
3584	2560	1	44	280	1.86879
3072	2560	1	512	106	2.04780
3584	2560	1	62	50	1.94607
3584	2560	1	192	84	3.21571
3584	2560	1	428	106	0.00000
3584	2560	1	492	304	3.42372
3584	2560	1	20	506	2.85323
3584	2560	1	78	370	1.15132
3584	2560	2	184	484	0.00000
3584	2560	2	144	418	0.00000
3584	2560	2	254	512	0.00000
3584	2560	1	252	348	4.92300
3584	2560	2	148	248	0.00000
3584	2560	1	276	158	4.48245
3584	2560	1	280	256	3.53116
3584	2560	1	304	458	5.90594
3584	2560	1	428	406	4.97299
3584	2560	1	350	320	3.30745
3584	2560	1	512	126	3.00892
3584	2560	1	426	288	3.37263
3584	2560	2	84	142	0.00000
3584	2560	2	354	458	0.00000
3584	3072	1	42	44	3.19511
3072	3072	1	476	144	0.00000
3072	3072	1	394	176	5.30434
3072	3072	1	306	92	4.23417
3072	3072	1	210	42	5.41465
3072	3072	1	122	56	2.85202
3072	3072	1	56	140	5.63082
3072	3072	1	192	220	5.29626
3072	3072	1	294	194	5.38068
3072	3072	1	374	308	2.25943
3072	3072	1	290	318	2.18265
3584	3072	1	90	150	1.16332
3584	3072	1	208	62	1.90358
3584	3072	1	96	394	1.23711
3072	3072	1	420	408	4.13990
3584	3072	1	168	208	4.43473
3584	3072	1	88	272	2.20638
3584	3072	1	248	276	5.00839
3584	3072	1	238	126	3.56783
3584	3072	1	180	444	4.17564
3584	3072	1	368	290	0.47297
3584	3072	1	356	186	5.32560
3072	3072	2	430	258	0.00000
3584	3072	1	286	208	2.05721
3584	3072	1	344	84	0.81384
3584	3072	1	292	430	3.93330
3584	3072	1	490	342	2.95929
3584	3072	1	490	220	3.59341
3584	3584	1	180	18	3.97060
3584	3584	1	256	228	0.37042
3584	3072	1	438	322	3.19117
3584	3072	1	450	162	0.75506
3072	3584	1	508	108	3.46234
3584	3072	1	414	118	1.49201
3584	3072	1	472	46	0.90290
3072	3072	1	388	18	0.00000
3072	3584	1	432	24	0.00000
3584	3584	1	112	180	6.12281
3072	3072	1	186	378	2.28442
3072	3072	1	100	354	6.13530
3072	3584	1	254	28	2.06448
3072	3072	1	328	488	5.18444
3584	3584	1	260	110	2.08554
3072	3584	1	340	86	3.60592
3584	3584	1	10	250	1.35073
3584	3584	1	100	380	1.01018
3072	3584	1	412	280	0.00000
3584	3584	1	176	180	0.00000
3072	3584	1	192	68	2.19020
3072	3584	1	194	206	1.59034
3072	3584	1	54	288	1.66454
3072	3584	1	42	210	0.78174
3584	3072	1	424	506	0.45247
3072	3584	1	194	296	3.29587
3072	3584	1	500	322	4.35611
3584	3584	1	372	192	4.11215
3584	3584	1	460	184	0.10448
3584	3584	1	456	254	0.65467
3584	3584	1	478	314	4.30448
3584	3584	1	64	18	3.36248
3584	3584	1	460	30	3.84467
3584	3584	1	512	66	3.17861
3584	3584	2	78	112	0.00000
3072	3584	1	362	456	0.61618
3072	3584	1	306	316	5.73175
3072	3584	1	388	166	0.76700
3584	3584	1	240	368	0.43295
3584	3584	1	152	450	0.45430
3584	3584	1	16	490	5.81023
3072	3584	1	444	470	0.60981
3072	3584	1	236	442	5.33469
3584	3584	1	406	462	4.43746
3584	3584	1	332	368	5.80826
3584	3584	1	316	52	5.09290
3072	3072	1	38	444	5.25934
3584	3584	1	236	460	0.29995
3584	3584	1	490	426	5.75852
3072	3584	1	34	74	3.23206
2048	3072	1	60	166	0.00000
2048	3072	2	137	119	0.00000
2560	3072	2	350	231	0.00000
2560	3072	2	136	79	0.00000
2560	3072	2	101	219	0.00000
2048	3072	2	157	471	0.00000
2560	3584	2	268	355	0.00000
2048	3072	1	142	20	0.00000
2048	3072	1	229	102	0.47124
2048	3072	1	290	146	3.81357
2048	3072	1	496	64	1.25888
2560	3072	1	204	34	5.04466
2560	3072	1	33	129	3.86761
2048	3072	1	181	244	5.97737
2560	3072	1	341	106	0.00283
2560	3072	1	427	148	0.30166
2560	3072	1	226	186	1.98234
2048	3072	1	496	250	1.77105
2048	3072	1	318	293	3.53367
2048	3072	1	171	390	1.24642
2048	3072	1	6	382	0.00000
2048	3072	1	58	487	3.16154
2560	3072	1	412	364	6.21541
2560	3072	1	212	302	0.00000
2560	3072	1	153	353	6.06873
2560	3072	1	77	341	3.08335
2048	3072	1	476	347	0.86744
2048	3072	1	257	469	5.85789
2048	3072	1	380	462	6.05763
2560	3072	1	39	460	2.48746
2560	3072	2	85	437	0.00000
2560	3072	1	227	453	0.00000
2560	3072	1	329	422	5.44069
2560	3584	1	136	10	0.00000
2560	3584	1	286	7	4.09205
2560	3584	1	430	47	1.22820
2048	3584	1	160	58	0.73227
2048	3584	1	34	114	3.16555
2048	3584	1	232	120	4.27046
2048	3584	1	194	193	1.89438
2048	3584	1	336	168	0.15932
2048	3584	1	488	122	0.09668
2560	3584	1	76	84	5.90751
2560	3072	1	512	429	5.01499
2560	3584	1	461	128	1.89146
2560	3584	1	274	185	0.00000
2560	3584	1	390	254	0.00000
2560	3584	1	138	175	0.82116
2048	3584	1	435	200	6.02687
2560	3584	1	5	238	0.71940
2048	3584	1	391	268	5.76230
2048	3584	1	321	310	5.62755
2048	3584	1	274	338	5.54627
2048	3584	1	229	382	5.18850
2048	3584	1	97	420	5.90271
2048	3584	1	211	460	5.53883
2560	3584	1	171	283	6.13020
2048	3584	1	426	392	0.36441
2048	3584	1	335	483	0.00000
2560	3584	1	65	322	4.71581
2560	3584	1	23	409	5.69484
2560	3584	1	348	380	5.54021
2560	3584	1	195	481	6.10211
2560	3584	1	502	378	3.07024
2560	3584	1	512	221	1.16908
2048	3584	1	450	10	3.57088
