1024	2048	1	98	428	0.34594
1024	2048	1	234	342	0.52224
1024	2048	1	222	206	2.80230
1024	2048	1	108	88	3.25429
1024	2048	1	24	64	0.53677
1024	2048	2	188	92	0.00000
1024	2048	2	268	20	0.00000
1024	2048	2	464	16	0.00000
1536	2048	2	28	40	0.00000
1024	2048	1	446	228	3.01701
1536	2048	1	140	176	2.34142
1536	2048	2	230	164	0.00000
1536	2048	2	120	48	0.00000
1536	2048	1	276	86	2.07665
1536	2048	2	410	126	0.00000
1536	2048	2	364	48	0.00000
1536	2048	2	458	42	0.00000
1536	2048	2	512	122	0.00000
1536	2048	1	484	230	5.73233
1536	2048	1	382	210	0.72467
1536	2048	1	156	326	1.88579
1536	2048	1	424	344	1.78400
1536	2048	1	452	406	4.13035
1536	2048	1	324	490	3.18905
1536	2560	1	162	22	1.50262
1024	2048	1	480	498	4.10445
1024	2048	2	418	434	0.00000
1536	2560	1	44	146	5.71559
1024	2560	2	436	74	0.00000
1536	2048	2	220	452	0.00000
1024	2560	2	100	216	0.00000
1024	2560	1	260	38	1.14285
1024	2560	1	140	86	1.97099
1024	2560	1	16	190	0.00000
1024	2560	1	384	222	6.15299
1024	2560	2	183	283	0.00000
1024	2560	1	276	322	4.47379
1536	2560	1	506	66	0.02954
1536	2560	1	256	228	5.99876
1536	2560	1	170	268	3.10443
1536	2560	1	494	282	3.93460
1536	2560	2	342	324	0.00000
1024	2560	2	438	462	0.00000
1024	2560	1	108	384	1.87533
1024	2560	1	270	512	4.75746
1536	2560	1	120	326	2.93852
1024	2560	1	512	220	2.41961
1536	2560	1	24	338	2.20291
1536	2560	1	42	416	5.07603
1536	2560	1	158	446	5.55594
1536	2560	1	236	418	2.92818
1536	2560	1	410	428	2.00320
1536	2560	1	376	498	4.49803
1536	2560	1	84	494	1.78889
1024	3584	1	330	172	2.65746
1536	3584	1	152	28	0.42116
1024	3584	1	76	264	6.21332
1536	3584	1	24	116	1.91888
1536	3584	1	412	370	5.76260
1024	3584	1	44	482	5.21174
1024	3584	1	414	250	5.79648
1536	3584	1	194	404	0.22608
1024	3584	1	480	208	5.58031
1536	3584	1	488	274	1.26942
1536	3584	1	168	236	2.48762
1536	3584	1	90	362	0.36374
1024	3584	1	328	434	1.27761
1536	3584	1	456	516	5.94745
1024	3584	1	220	266	1.29882
1536	3584	1	512	504	5.79426
1024	3584	1	152	402	5.63788
1536	3584	1	254	500	0.42443
1536	3584	1	364	508	3.19155
1024	3584	1	268	348	3.94270
1536	3584	1	310	80	3.45742
1536	3584	1	190	138	2.98816
1024	3584	1	192	178	1.14571
1024	3584	1	52	78	2.77509
1536	3584	1	414	144	1.96544
1536	3584	1	470	122	0.98063
1536	3584	1	10	516	0.00000
1024	3584	1	8	140	5.97513
1024	3584	1	208	64	0.13255
1024	3584	1	110	54	0.10801
1024	3584	1	382	84	2.72536
1536	3072	1	48	488	2.19425
1024	3072	1	304	512	3.79667
1024	3072	1	226	444	1.42967
1024	3072	1	118	402	0.60480
1024	3072	1	56	300	2.50782
1024	3072	1	254	322	0.36789
1024	3072	1	38	360	0.63249
1536	3072	1	126	386	6.20522
1536	3072	1	236	428	0.74449
1536	3072	1	272	492	3.46115
1536	3072	1	512	358	0.00000
1536	3584	2	44	202	0.00000
1024	3584	2	306	82	0.00000
1024	3584	2	164	28	0.00000
1024	3072	2	354	344	0.00000
1536	3584	2	252	258	0.00000
1536	3584	2	258	160	0.00000
1536	3584	2	378	66	0.00000
1536	3072	1	512	160	0.11900
1536	3072	1	88	254	1.84236
1536	3072	1	440	118	2.93975
1024	3072	1	484	342	0.00000
1536	3072	1	376	288	6.24169
1536	3072	1	230	290	5.20207
1536	3072	1	248	114	3.10190
1536	3072	1	430	242	2.54057
1536	3072	2	196	362	0.00000
1536	3072	1	310	68	5.80453
1536	3072	1	402	14	4.58972
1536	3072	1	324	228	3.44975
1536	3072	1	214	216	4.72481
1536	3072	1	26	330	3.62472
1024	3072	1	398	250	4.93792
1536	3072	1	106	104	0.89829
1536	3072	1	104	10	2.28734
1536	3072	1	102	190	4.40779
1536	3072	1	10	132	3.24432
1024	3072	1	450	158	3.45691
1024	3072	1	310	180	3.83505
1024	3072	1	178	226	1.14463
1024	3072	1	228	120	3.95861
1024	3072	1	124	154	0.19605
1024	3072	2	134	92	0.00000
1024	3072	1	168	30	5.61405
1024	3072	2	376	82	0.00000
1024	3072	1	404	20	0.78389
1024	3072	2	476	36	0.00000
1024	3072	2	390	182	0.00000
1536	3584	2	20	40	0.00000
2048	2048	1	200	194	3.56764
2048	2048	1	380	98	5.28138
2560	2048	1	236	126	0.00000
2560	2048	1	174	136	3.11778
2560	2048	1	314	88	0.00000
2048	2048	1	130	190	0.21561
2560	2048	1	28	218	1.74914
2048	2048	1	236	308	0.45332
2048	2048	1	400	298	1.72009
2560	2048	1	244	298	1.65673
2560	2048	1	394	240	0.00000
2560	2048	1	54	360	5.35153
2048	2048	1	46	148	5.64010
2048	2048	1	106	416	1.56038
2048	2048	1	254	420	3.39908
2048	2048	1	374	412	1.84890
2048	2048	1	358	490	4.84706
2560	2560	1	380	90	1.38895
2048	2560	1	236	308	1.58606
2048	2560	1	380	152	3.15636
2560	2560	1	50	192	1.07867
2560	2560	1	222	480	2.39713
2560	2560	1	140	290	4.55655
2048	2560	1	76	386	5.11811
2048	2560	1	54	502	2.11113
2048	2560	1	290	124	0.18859
2560	2560	1	220	168	2.07575
2048	2560	1	482	96	1.41203
2048	2560	1	276	244	1.96750
2560	2560	1	396	228	2.79376
2560	2560	1	400	384	1.75434
2048	2560	1	438	480	1.03300
2560	2560	1	126	88	1.96793
2560	2048	1	378	482	3.24205
2560	2560	1	74	448	0.74657
2048	2560	1	392	386	6.03939
2048	2560	1	262	406	0.76305
2048	2048	1	476	444	5.94275
2560	2048	2	486	32	0.00000
2560	2048	2	492	184	0.00000
2048	2560	1	120	96	3.17500
2048	2560	1	232	48	3.38714
2048	2048	2	138	510	0.00000
2048	2560	2	66	306	0.00000
2560	2048	2	290	396	0.00000
2560	2048	2	226	478	0.00000
2560	2560	2	102	4	0.00000
2560	2560	2	468	322	0.00000
2560	2560	2	318	484	0.00000
2560	2560	1	292	302	5.31468
2560	2560	1	222	396	1.73769
2560	2560	2	8	320	0.00000
2048	2560	2	318	424	0.00000
2048	2560	2	224	154	0.00000
2048	2560	2	170	158	0.00000
2560	2560	2	504	106	0.00000
2048	2560	2	444	322	0.00000
2048	2048	2	496	60	0.00000
2048	2560	2	168	360	0.00000
2048	2560	2	32	212	0.00000
3072	2048	1	210	30	0.11006
3072	2048	1	222	214	5.80034
3072	2048	1	314	134	3.30009
3584	2048	1	106	154	0.40211
3584	2048	1	236	92	3.97966
3584	2048	1	474	66	0.00000
3584	2048	2	490	260	0.00000
3584	2048	1	432	342	0.38598
3584	2048	1	366	236	6.07476
3584	2048	1	40	272	5.22246
3584	2048	1	172	238	5.09290
3072	2048	1	484	134	2.06354
3072	2048	1	176	130	1.44350
3072	2560	1	310	260	2.86742
3072	2048	1	194	380	4.50489
3072	2048	1	316	398	4.59296
3072	2048	1	412	364	2.99077
3072	2048	1	500	360	3.14294
3584	2048	2	44	412	0.00000
3584	2048	1	220	330	4.64017
3584	2048	1	174	396	4.84279
3584	2048	1	144	472	4.59482
3584	2560	1	222	4	4.03255
3584	2048	1	330	364	3.42557
3584	2048	1	466	446	4.56526
3584	2560	1	482	58	4.39349
3584	2048	1	406	508	5.98900
3584	2560	1	338	68	5.84641
3584	2560	1	100	94	3.53350
3072	2560	1	258	102	2.44021
3072	2560	2	436	136	0.00000
3072	2560	1	464	38	3.74748
3072	2560	2	512	114	0.00000
3072	2560	1	180	278	3.27540
3072	2560	2	166	68	0.00000
3072	2560	1	58	68	1.18581
3072	2048	1	44	412	3.81633
3584	2560	1	292	458	1.31996
3584	2048	1	14	26	0.85436
3072	2560	1	430	280	3.46833
3584	2560	1	160	166	0.75818
3584	2560	1	462	326	3.69754
3584	2560	1	424	232	3.20380
3072	2560	1	364	150	0.00000
3072	2560	1	42	200	4.54302
3072	2560	1	142	182	0.00000
3584	2560	1	22	214	2.32495
3584	2560	1	150	344	2.39396
3584	2560	2	158	270	0.00000
3584	2560	1	248	394	0.88679
3584	2560	1	276	124	3.27689
3584	2560	1	344	222	4.26108
3584	2560	1	226	292	3.15630
3584	2560	1	388	360	6.27092
3584	2560	1	344	352	0.00000
3584	2560	1	476	474	5.69518
3584	2560	1	12	408	5.34347
3072	2560	1	380	420	5.84201
3072	2560	1	110	404	0.00000
3072	2560	1	32	398	0.00000
3072	2560	1	224	412	0.75889
3072	2560	1	278	488	3.95924
3584	2560	1	168	512	3.63262
3584	2560	2	84	494	0.00000
3584	2560	1	390	496	0.00000
3584	2560	2	290	512	0.00000
3072	2048	1	364	512	3.82851
3584	2560	1	496	170	0.74634
3584	2560	1	38	512	2.57629
3072	3072	1	84	110	0.06273
3072	3072	1	166	170	0.43376
3072	3072	1	150	54	0.00000
3072	3072	2	226	24	0.00000
3072	3072	1	400	80	6.10330
3584	3072	1	40	46	2.78219
3584	3072	1	160	32	3.99843
3584	3072	1	254	16	3.81414
3584	3072	1	310	76	2.03357
3584	3072	2	380	44	0.00000
3584	3072	1	468	120	0.01315
3584	3072	1	414	178	2.99752
3584	3072	2	352	330	0.00000
3584	3072	1	424	306	2.39415
3584	3072	1	206	242	0.32129
3584	3072	1	136	246	5.96250
3584	3072	1	196	130	1.05119
3584	3072	1	14	180	4.45119
3072	3072	2	426	264	0.00000
3072	3072	1	218	228	2.27396
3072	3072	2	28	188	0.00000
3072	3072	2	12	72	0.00000
3072	3072	1	78	298	3.13807
3072	3072	1	208	326	4.94040
3072	3072	1	420	356	2.56243
3584	3072	1	50	268	4.37766
3072	3072	2	334	232	0.00000
3072	3072	1	112	446	5.09548
3072	3072	1	254	488	2.59571
3072	3072	1	342	440	1.59537
3072	3072	1	504	396	0.00000
3584	3072	1	78	390	0.33354
3584	3072	1	138	386	3.96333
3584	3072	1	156	436	1.09893
3584	3072	1	240	480	4.10100
3584	3072	1	314	416	2.92612
3584	3072	1	278	276	3.43484
3584	3072	1	302	190	0.00000
3584	3072	2	362	202	0.00000
3584	3072	2	512	228	0.00000
3584	3072	2	512	20	0.00000
3584	3072	2	480	404	0.00000
3584	3072	1	394	498	0.00000
3584	3072	1	512	510	3.23282
3584	3584	1	432	90	2.64404
3584	3584	1	328	22	3.34333
3584	3584	1	222	94	0.03381
3072	3584	1	6	2	0.00000
3072	3584	1	112	28	2.08377
3072	3584	1	192	114	3.93176
3072	3584	1	74	140	3.32530
3072	3584	1	334	148	5.43060
3072	3584	1	482	4	4.75997
3584	3584	1	36	58	1.73831
3584	3072	2	70	512	0.00000
3584	3584	1	146	136	2.24632
3584	3584	1	288	174	2.89550
3072	3584	1	474	100	4.80475
3072	3584	1	432	186	5.65453
3584	3584	1	46	186	0.65727
3584	3584	1	114	222	4.30281
3584	3584	1	224	286	5.67032
3584	3584	2	144	410	0.00000
3584	3584	2	276	458	0.00000
3584	3584	1	500	448	5.84764
3584	3584	2	156	498	0.00000
3584	3584	1	314	380	1.60341
3584	3584	1	328	462	2.26151
3584	3584	2	410	510	0.00000
3072	3584	1	64	378	2.96448
3072	3584	1	16	334	2.88299
3072	3584	1	116	230	1.49584
3072	3584	1	270	328	1.18724
3072	3584	1	432	456	4.37702
3072	3584	1	318	242	5.05852
3584	3584	1	2	328	3.75414
3072	3584	1	132	428	0.70127
3072	3584	1	390	304	0.48041
3584	3584	1	44	332	0.56004
3072	3584	1	328	398	5.46816
3072	3584	1	244	510	0.29598
2048	3072	1	172	156	2.05007
2048	3072	1	66	16	1.81830
2048	3072	1	238	118	5.43343
2048	3072	1	294	32	5.34776
2048	3072	2	188	18	0.00000
2048	3072	1	8	196	0.00000
2048	3072	1	92	252	2.12510
2048	3072	2	196	320	0.00000
2048	3072	2	192	218	0.00000
2048	3072	2	80	422	0.00000
2048	3072	1	20	344	0.00000
2048	3072	1	172	400	5.46655
2048	3072	2	156	484	0.00000
2048	3072	2	306	438	0.00000
2048	3072	1	282	324	0.00000
2048	3072	1	330	228	2.24724
2560	3072	1	54	214	3.00606
2560	3072	2	222	132	0.00000
2560	3072	2	144	70	0.00000
2560	3072	2	346	244	0.00000
2560	3072	2	102	236	0.00000
2560	3072	1	158	222	3.06806
2560	3072	1	278	0	2.80739
2560	3072	1	366	48	0.20640
2560	3072	1	320	178	4.68456
2560	3072	2	348	450	0.00000
2560	3072	2	256	494	0.00000
2560	3072	1	244	278	3.63728
2560	3072	1	392	298	0.96446
2560	3072	1	506	208	4.27736
2560	3072	1	492	42	5.91644
2560	3072	1	166	508	5.37005
2048	3584	1	94	106	1.00060
2048	3584	1	270	30	1.16590
2048	3072	1	462	378	5.73605
2048	3072	2	440	234	0.00000
2048	3072	1	372	130	5.51207
2048	3072	1	474	2	5.46369
2560	3072	1	12	310	5.09567
2560	3072	1	90	428	0.64350
2048	3072	1	412	466	4.67947
2048	3072	1	374	368	3.10935
2560	3072	1	482	296	0.75984
2560	3072	1	418	398	1.64876
2560	3072	1	412	508	0.43768
2560	3072	1	502	506	0.00000
2560	3584	1	28	122	0.49218
2560	3584	1	164	118	1.83413
2048	3584	1	348	220	0.36273
2048	3584	1	254	228	0.45820
2048	3584	2	116	230	0.00000
2048	3584	2	214	166	0.00000
2048	3584	1	26	262	0.90652
2560	3584	1	224	196	4.05135
2560	3584	1	318	174	0.31674
2560	3584	1	410	128	3.55982
2560	3584	1	500	170	3.72960
2560	3584	1	390	354	2.19105
2560	3584	1	474	312	6.20526
2048	3584	1	450	316	0.15001
2560	3584	1	48	296	6.03542
2560	3584	1	150	246	2.82660
2048	3584	1	50	424	0.42419
2048	3584	1	262	360	0.41694
2048	3584	1	364	388	0.00000
2048	3584	1	476	462	0.30970
2560	3584	1	142	452	6.07014
2048	3584	1	122	458	0.00000
2048	3584	2	184	294	0.00000
2560	3584	1	416	490	0.93216
2560	3584	1	342	426	5.03414
2560	3584	1	356	260	4.69800
2560	3584	1	230	398	0.66268
2048	3584	1	234	512	2.66590
2560	3584	1	8	508	3.94233
2560	3584	1	254	512	5.86662
