1536	2560	1	448	512	0.00000
1536	2560	1	220	248	5.90674
1536	2560	1	144	318	0.82242
1536	2560	1	8	356	5.27099
1536	2560	1	44	492	1.18423
1536	2560	1	460	120	1.15395
1536	2560	1	382	214	5.93651
1536	2560	1	304	248	5.61201
1024	2560	1	432	428	0.00000
1536	2560	1	60	232	2.10220
1536	2560	1	226	142	1.67719
1536	2560	1	386	74	0.75767
1536	2560	1	338	512	4.81624
1536	2560	1	204	414	0.31491
1536	2560	1	368	380	1.04693
1536	2560	2	494	192	0.00000
1536	2560	2	480	410	0.00000
1536	2560	2	464	308	0.00000
1024	2560	1	428	302	0.86485
1024	2560	1	106	490	3.13962
1024	2560	1	8	512	3.44208
1024	2560	1	118	368	3.26059
1024	2560	1	420	124	3.57776
1024	2560	1	212	364	1.08419
1024	2560	1	210	436	4.29486
1024	2560	1	24	394	1.14330
1024	2560	1	296	278	2.89539
1024	2560	1	228	510	1.14415
1024	2560	1	10	130	5.33740
1024	2560	1	312	60	0.75531
1536	2560	1	10	4	5.28191
1024	2048	1	452	360	3.98945
1024	2048	1	306	286	0.00000
1024	2560	1	168	150	0.95613
1024	2560	1	34	20	1.92977
1024	2560	1	184	210	4.12439
1024	2048	1	100	252	0.96154
1024	2048	1	216	386	0.41241
1536	2560	1	322	28	0.63251
1536	2560	1	198	52	3.02018
1536	2560	1	512	46	2.08245
1024	2560	2	190	298	0.00000
1024	2048	2	420	418	0.00000
1536	2048	1	64	438	1.37379
1536	2048	1	32	312	3.01432
1536	2048	1	344	418	0.56744
1536	2048	1	444	452	0.00000
1536	2048	1	140	362	2.48742
1536	2048	1	220	454	1.43537
1536	2048	2	238	372	0.00000
1536	2048	1	380	286	2.35465
1536	2048	2	486	70	0.00000
1536	2048	1	96	240	5.81954
1536	2048	1	286	220	0.00000
1536	2048	1	216	140	0.00000
1536	2048	1	260	64	5.40626
1536	2048	1	320	0	3.85731
1536	2048	1	12	0	0.00000
1024	2048	1	444	0	0.00000
1024	2048	1	268	0	0.00000
1024	2048	2	210	82	0.00000
1024	2048	1	118	64	0.75726
1024	2048	1	0	200	2.34284
1024	2048	1	322	180	1.88670
1536	2048	1	512	354	4.82102
1536	2048	1	152	80	1.19283
1024	2560	2	356	444	0.00000
1024	3584	1	2	504	5.63968
1024	3584	1	104	374	4.93020
1536	3584	1	30	418	0.52837
1536	3584	1	68	486	0.60378
1024	3584	1	428	422	0.60491
1024	3584	1	112	500	5.79979
1536	3584	1	340	490	5.10473
1536	3584	1	194	474	0.22528
1024	3584	1	342	440	0.00000
1536	3584	1	326	356	0.19907
1024	3584	1	154	254	1.83957
1024	3584	1	450	248	5.34526
1024	3584	1	378	302	5.47589
1536	3584	1	494	450	5.92205
1536	3584	1	412	370	0.00000
1536	3584	1	202	304	0.00000
1024	3584	1	304	184	5.25043
1536	3584	1	82	258	0.86159
1024	3584	1	186	120	0.40737
1536	3584	1	258	228	5.33893
1024	3584	1	98	144	0.45952
1024	3584	1	52	30	0.97324
1536	3584	1	512	4	0.59038
1536	3584	1	274	48	0.74860
1536	3584	1	290	136	1.16087
1536	3072	1	440	404	1.88307
1536	3584	1	412	98	0.32579
1024	3584	1	332	74	3.82281
1536	3584	1	154	132	2.32535
1024	3072	1	488	480	3.20281
1536	3584	1	486	230	5.93329
1024	3584	1	488	114	5.58812
1536	3584	2	474	116	0.00000
1536	3072	2	374	480	0.00000
1536	3072	2	420	326	0.00000
1536	3072	1	100	496	3.46773
1536	3072	1	174	412	2.71872
1536	3072	1	258	478	0.62259
1536	3072	1	192	318	5.37160
1536	3072	1	270	280	4.74527
1536	3072	1	330	158	2.80230
1536	3072	1	454	144	4.25993
1536	3072	1	466	244	4.63796
1536	3072	1	456	14	0.00000
1536	3072	1	352	6	4.59013
1536	3072	1	220	70	4.70954
1536	3072	1	106	24	1.10483
1536	3072	1	34	314	0.80154
1024	3584	1	288	16	0.87152
1024	3072	1	226	478	0.95651
1024	3072	1	268	356	5.30726
1024	3072	1	92	446	5.28583
1024	3072	1	118	378	4.71821
1024	3072	1	64	262	3.31360
1024	3072	1	134	260	5.99009
1024	3072	1	322	262	6.02768
1024	3072	1	258	246	0.00000
1024	3072	1	192	142	0.00000
1024	3072	1	74	126	4.06761
1024	3072	1	288	76	0.69933
1024	3072	1	318	138	4.07964
1024	3072	1	464	210	4.82618
1536	3072	1	18	148	5.51597
1024	3072	1	224	4	1.23374
2048	2048	1	142	276	0.04345
2048	2048	1	80	466	5.85213
2048	2048	1	482	156	0.98279
2048	2048	1	382	88	1.08140
2048	2048	2	244	424	0.00000
2048	2048	2	220	508	0.00000
2048	2560	2	172	150	0.00000
2048	2560	2	234	154	0.00000
2048	2560	2	320	222	0.00000
2048	2048	1	66	114	2.10112
2048	2048	1	222	118	4.15462
2048	2048	1	228	18	2.78199
2048	2048	2	504	64	0.00000
2048	2048	2	412	12	0.00000
2048	2048	1	100	20	4.03319
2048	2048	2	156	76	0.00000
2048	2048	1	238	284	6.21433
2560	2048	1	440	68	0.27310
2560	2048	2	512	68	0.00000
2560	2048	1	484	0	2.89330
2560	2048	1	376	76	6.07718
2560	2048	1	312	84	0.25367
2560	2048	1	228	82	3.17693
2560	2048	1	112	98	4.68014
2560	2048	1	190	178	0.00000
2560	2048	1	174	276	2.01637
2560	2048	1	316	232	4.31563
2560	2048	1	480	182	0.80840
2560	2048	1	416	278	1.50567
2560	2048	1	492	322	1.43410
2560	2048	2	298	394	0.00000
2048	2048	1	80	348	4.78963
2048	2048	1	148	412	4.08467
2560	2048	1	46	328	2.28398
2560	2048	1	168	392	4.90595
2048	2048	1	448	450	4.05044
2048	2048	1	342	436	3.82872
2048	2560	1	56	52	1.95296
2560	2048	1	336	470	4.74201
2560	2560	1	26	40	3.04607
2048	2560	2	382	96	0.00000
2048	2560	2	404	44	0.00000
2048	2560	1	316	132	5.77571
2048	2560	1	194	64	4.19672
2048	2560	1	70	128	4.10221
2048	2560	1	52	250	0.56320
2560	2560	2	460	326	0.00000
2048	2560	2	450	320	0.00000
2048	2560	2	200	414	0.00000
2048	2560	2	162	366	0.00000
2048	2560	2	58	494	0.00000
2048	2560	2	468	484	0.00000
2560	2560	2	14	486	0.00000
2048	2560	1	464	78	3.68838
2560	2560	1	162	70	1.54754
2560	2048	1	178	486	4.09049
2560	2560	1	266	48	6.04364
2560	2560	1	486	34	0.00000
2560	2560	1	390	122	0.28030
2560	2560	1	368	26	0.92853
2560	2560	1	120	162	1.86259
2560	2560	1	18	244	5.90344
2560	2560	1	266	194	2.26368
2560	2560	1	326	278	3.93841
2560	2560	1	204	278	2.81719
2048	2560	1	170	270	0.75319
2048	2560	1	44	404	5.66177
2048	2560	1	294	326	4.27261
2048	2560	1	438	252	1.73897
2560	2560	1	112	408	5.55522
2560	2560	1	338	440	1.85119
2048	2560	1	400	400	5.27768
3072	2048	1	194	50	4.11722
3072	2048	1	82	50	0.14365
3072	2048	2	18	156	0.00000
3072	2048	1	216	106	3.97191
3072	2048	1	330	160	0.99707
3072	2048	1	414	84	2.54012
3072	2048	1	508	80	0.00000
3584	2048	1	134	106	0.32805
3584	2048	1	226	0	0.00000
3584	2048	1	258	94	3.74941
3584	2048	1	394	94	6.17976
3584	2048	1	474	48	0.00000
3072	2048	1	72	250	1.78340
3072	2048	1	292	224	1.85771
3584	2048	1	176	286	4.34999
3584	2048	1	16	240	5.39717
3584	2048	1	388	214	5.25479
3584	2048	1	512	110	0.00000
3072	2048	1	420	256	0.00000
3584	2048	1	460	372	2.03093
3072	2048	1	10	324	1.84630
3072	2048	1	146	364	4.83791
3072	2048	1	276	352	2.40705
3072	2048	1	386	364	2.19375
3072	2048	1	464	316	4.92019
3584	2048	1	90	360	5.07649
3584	2048	1	248	388	4.49026
3072	2048	1	58	476	2.72270
3072	2048	1	164	438	1.92674
3072	2048	1	358	454	4.81393
3072	2048	1	500	432	4.02424
3584	2048	1	50	474	3.33087
3584	2048	1	188	508	3.16087
3584	2048	1	330	510	2.28682
3584	2048	1	392	472	2.82879
3072	2048	1	274	512	1.46527
3072	2560	1	404	48	0.81108
3072	2560	1	32	138	0.60195
3072	2560	1	166	156	0.55032
3072	2560	1	242	130	3.22136
3072	2560	1	500	76	1.56912
3584	2560	1	116	72	0.00000
3584	2560	1	280	70	5.96938
3584	2560	1	254	146	5.31605
3584	2560	1	368	168	3.49622
3584	2560	1	460	192	6.22758
3072	2048	2	110	122	0.00000
3072	2048	2	22	63	0.00000
3072	2048	2	285	18	0.00000
3584	2560	1	488	44	2.88481
3072	2560	2	436	132	0.00000
3072	2560	2	170	78	0.00000
3072	2560	2	460	194	0.00000
3584	2560	1	54	232	0.30189
3584	2560	1	12	142	4.56457
3072	2560	1	44	268	0.39079
3072	2560	1	168	286	4.32114
3072	2560	1	298	224	3.90853
3072	2560	1	374	256	3.31414
3072	2560	1	486	324	4.73258
3584	2560	1	214	280	1.77216
3584	2560	1	318	276	5.64073
3072	2560	1	36	416	4.40812
3072	2560	1	102	512	3.75485
3072	2560	1	288	364	3.30734
3072	2048	1	436	224	5.41435
3072	2560	1	374	469	0.00000
3584	2560	1	26	474	5.57628
3584	2560	1	102	338	0.67125
3584	2560	1	154	408	1.05789
3584	2560	1	402	292	2.75314
3584	2560	1	508	360	5.88206
3584	2560	1	274	384	1.39250
3584	2560	1	444	398	2.68069
3584	2560	2	346	446	0.00000
3584	2560	2	402	488	0.00000
3584	2560	2	242	476	0.00000
3584	2560	2	182	478	0.00000
3584	2560	1	460	512	0.07755
3584	2560	1	512	492	5.45487
3072	2560	1	226	512	0.40322
3584	3584	1	486	488	2.79784
3072	3584	1	260	434	2.08513
3584	3584	1	462	352	1.99756
3584	3584	1	478	166	1.85314
3584	3584	1	258	478	0.84151
3584	3584	1	420	416	1.16451
3584	3584	1	94	342	5.07440
3584	3584	1	468	242	2.31954
3584	3584	1	324	370	2.28309
3072	3584	1	448	434	5.92530
3584	3584	1	332	292	2.12511
3584	3584	1	176	314	2.22088
3584	3584	1	356	208	5.83685
3584	3584	1	140	224	1.36244
3584	3584	1	30	266	1.68822
3584	3584	1	262	78	5.01576
3072	3584	1	356	324	0.00000
3072	3584	1	478	298	2.37555
3584	3584	1	78	438	5.68918
3072	3584	1	494	382	5.56141
3072	3584	1	72	306	2.06031
3072	3584	1	114	234	2.06358
3072	3584	1	110	440	3.80289
3072	3584	1	498	134	2.31418
3072	3584	1	346	16	5.67163
3072	3584	1	404	210	1.34010
3072	3584	1	318	156	3.09910
3072	3584	1	190	84	0.54612
3072	3584	1	262	98	3.50106
3072	3584	1	28	58	2.72121
3072	3584	1	0	378	3.41831
3584	3072	1	358	404	1.81912
3584	3072	1	324	204	5.13431
3584	3072	1	294	448	3.08128
3584	3072	1	272	248	4.89506
3584	3072	1	172	224	0.61479
3584	3072	1	434	316	2.88546
3584	3072	1	266	72	6.10280
3584	3072	1	60	406	4.00194
3584	3072	1	2	318	4.25702
3584	3584	1	114	76	4.92246
3584	3584	1	8	12	3.75205
3584	3072	1	212	394	0.78797
3584	3584	1	144	140	4.27205
3584	3072	1	172	492	4.37372
3584	3072	1	454	506	3.35086
3072	3584	1	300	386	2.01788
3584	3584	1	512	66	4.12514
3072	3072	1	160	492	2.88888
3072	3584	1	278	318	3.74516
3072	3072	1	66	490	2.27675
3072	3584	1	266	218	3.99100
3072	3072	1	14	384	5.09274
3072	3072	1	216	344	3.03738
3072	3072	1	120	214	6.01564
3584	3072	1	478	52	6.14896
3584	3072	1	364	114	1.56381
3584	3072	1	188	42	5.04516
3584	3072	1	474	154	1.52494
3584	3072	1	6	42	2.16925
3072	3072	1	112	366	5.90060
3584	3072	1	400	32	5.99983
3584	3072	1	324	6	0.00000
3072	3072	1	476	240	1.18305
3072	3072	1	384	314	2.23387
3072	3072	1	436	162	4.38298
3584	3072	1	94	152	1.62800
3072	3072	1	430	412	4.79220
3072	3072	1	80	54	3.36408
3072	3072	1	276	232	2.96404
3072	3072	1	4	156	6.20237
3072	3072	1	160	154	2.84016
3072	3072	1	210	72	0.00000
3072	3072	1	412	106	4.17247
3072	3072	1	304	128	6.22549
3072	3072	1	372	36	0.00000
3584	3072	1	222	128	0.25193
3584	3072	1	512	344	2.30772
3072	3072	2	244	454	0.00000
2560	3584	1	512	512	1.75228
2560	3584	1	348	394	5.05068
2560	3584	1	332	500	0.00000
2560	3584	1	506	354	3.15612
2560	3072	1	512	506	2.02412
2560	3584	1	318	270	0.94251
2048	3584	1	486	492	0.00000
2560	3584	1	512	178	0.39649
2560	3584	1	46	396	5.61253
2048	3584	1	66	260	3.73306
2048	3584	1	366	380	5.56378
2048	3584	1	436	374	0.00000
2048	3584	1	278	338	0.00000
2560	3584	1	144	148	5.90190
2048	3584	1	206	410	5.96155
2048	3584	1	46	132	5.93897
2560	3584	1	270	502	5.87057
2048	3584	1	120	442	6.01396
2560	3584	1	176	474	6.18900
2560	3584	1	2	194	1.13619
2048	3584	1	320	496	0.00000
2560	3584	1	128	246	1.81638
2048	3584	1	94	316	0.30094
2048	3584	1	226	200	5.55949
2560	3584	1	232	378	0.00000
2048	3584	1	188	246	0.00000
2048	3584	1	352	254	5.76476
2560	3584	1	408	168	1.20520
2048	3584	1	328	148	1.39586
2560	3584	1	358	30	5.55126
2560	3584	1	276	114	1.48671
2560	3072	1	352	402	4.65903
2560	3584	1	220	38	1.77311
2560	3072	1	222	446	0.00000
2048	3584	1	426	190	0.00000
2560	3072	1	254	314	0.00000
2048	3584	1	496	108	0.21637
2560	3584	1	440	16	5.54210
2560	3584	1	54	304	4.71452
2048	3584	1	392	58	0.00000
2048	3072	1	348	422	3.58393
2048	3584	1	314	34	3.42144
2048	3584	1	192	36	0.00000
2048	3072	2	156	484	0.00000
2048	3072	1	22	496	0.44102
2048	3072	1	156	384	3.80054
2048	3072	1	70	282	0.00000
2560	3072	1	170	346	0.22514
2560	3072	1	94	318	4.93376
2560	3072	2	99	440	0.00000
2048	3584	1	448	16	3.47962
2560	3072	2	4	394	0.00000
2048	3072	2	504	440	0.00000
2048	3072	2	226	270	0.00000
2048	3072	2	290	276	0.00000
2048	3072	2	464	280	0.00000
2560	3072	1	512	366	2.31245
2560	3072	2	342	234	0.00000
2560	3072	1	408	230	5.84169
2560	3072	1	512	150	0.00000
2560	3072	1	388	88	3.71052
2560	3072	1	292	48	0.00000
2560	3072	1	148	34	1.25507
2560	3072	2	222	128	0.00000
2560	3072	2	96	222	0.00000
2560	3072	1	124	154	2.79485
2560	3072	1	20	172	0.00000
2048	3072	1	450	68	5.89426
2048	3072	1	428	166	5.39092
2048	3072	1	332	30	6.03911
2048	3072	1	160	22	0.00000
2048	3072	1	256	174	4.77618
2048	3072	1	52	2	5.26544
2048	3072	1	64	124	0.71202
