1536	2560	1	76	222	1.54570
1536	2560	1	200	192	0.29958
1024	2560	1	262	458	6.17786
1536	2560	2	483	409	0.00000
1024	2048	2	366	23	0.00000
1024	2048	2	254	31	0.00000
1024	2048	2	452	17	0.00000
1536	2048	2	24	29	0.00000
1536	2560	1	360	52	3.27851
1536	2560	1	356	224	2.29239
1024	2560	1	176	232	4.73848
1536	2560	1	458	124	4.00205
1024	2560	1	52	440	5.68284
1536	2048	1	282	98	0.00000
1536	2048	2	344	9	0.00000
1536	2048	2	280	17	0.00000
1536	2048	2	512	49	0.00000
1536	2560	1	404	356	3.95381
1024	2560	1	428	380	2.38030
1536	2560	1	2	304	2.13130
1536	2560	1	62	434	5.60328
1536	2560	1	336	434	1.92214
1536	2560	1	266	384	1.04831
1536	2560	1	302	274	5.91161
1536	2560	1	468	234	0.00000
1536	2560	1	144	378	3.50770
1024	2560	1	154	510	0.93782
1024	2560	1	358	330	4.84839
1024	2560	1	30	306	0.65232
1024	2560	1	384	512	1.47805
1024	2560	1	166	360	5.08528
1536	2560	1	192	100	0.91776
1024	2560	1	394	106	3.66293
1024	2560	1	506	94	0.23121
1024	2560	1	78	126	3.71776
1024	2560	1	318	54	1.07308
1536	2560	1	92	98	5.53151
1536	2048	1	274	458	1.03753
1536	2048	1	118	502	1.78542
1024	2560	2	201	285	0.00000
1536	2560	2	257	499	0.00000
1024	2048	1	248	366	0.00128
1024	2048	1	100	238	1.13411
1024	2048	1	48	122	5.82808
1024	2048	2	202	87	0.00000
1536	2048	1	468	402	3.22538
1536	2048	1	356	374	2.88838
1536	2560	1	458	38	3.90134
1536	2048	1	244	332	3.39162
1536	2048	1	60	310	3.30313
1024	2048	1	500	224	3.58664
1536	2048	1	98	176	0.00000
1536	2048	1	410	136	4.21838
1536	2048	1	164	376	0.00000
1536	2048	2	226	148	0.00000
1536	2048	1	150	266	3.71856
1024	2048	1	100	32	0.00000
1536	3072	1	84	72	0.54916
1536	3072	1	36	182	4.90767
1024	3584	1	136	436	6.16978
1024	3584	1	214	406	0.37923
1024	3584	1	322	460	5.78825
1024	3584	1	370	334	0.37296
1024	3584	1	500	402	0.56128
1536	3584	1	48	454	0.39066
1536	3584	1	148	462	0.00000
1536	3584	1	312	478	5.83210
1536	3584	1	230	350	5.39017
1536	3584	1	352	308	5.05482
1536	3584	1	466	420	2.18690
1536	3584	1	504	314	0.29772
1024	3584	1	52	272	2.18674
1024	3584	1	238	262	1.25885
1024	3584	1	102	184	4.87542
1024	3584	1	74	76	0.99262
1536	3584	2	468	99	0.00000
1536	3584	1	440	180	4.72745
1536	3584	1	294	202	3.85690
1536	3584	1	344	88	5.69535
1536	3072	2	370	459	0.00000
1024	3584	1	474	234	2.82142
1536	3584	1	44	220	2.77130
1536	3584	1	120	212	3.13304
1536	3584	1	172	164	2.63689
1024	3584	1	236	68	0.47884
1024	3072	1	450	500	3.88086
1536	3584	1	32	94	0.81675
1536	3584	1	226	78	1.99659
1536	3072	1	102	484	3.68508
1536	3072	1	232	464	0.18028
1024	3072	1	190	324	5.60429
1024	3072	1	140	382	2.66616
1536	3072	1	374	352	0.38093
1536	3072	1	456	384	4.02995
1536	3072	1	120	272	2.95044
1024	3072	1	432	298	2.64241
1024	3072	1	308	260	0.00000
1536	3072	1	232	354	1.71227
1536	3072	1	286	224	3.86370
1536	3072	1	420	202	0.70416
1536	3072	1	498	242	4.33080
1024	3072	1	112	216	0.70611
1024	3072	1	132	84	0.99686
1024	3072	1	298	86	5.53083
1024	3072	1	218	196	2.81001
1024	3072	1	420	156	2.73235
1536	3072	2	204	53	0.00000
1536	3072	1	306	104	3.23523
1536	3072	1	400	76	6.01422
1536	3072	1	494	82	5.68613
1024	3072	2	38	477	0.00000
1024	3584	1	316	104	2.49146
1024	3072	2	30	155	0.00000
2560	2560	1	178	448	5.87744
2560	2560	1	328	352	6.04344
2560	2560	1	260	470	2.82687
2560	2560	1	454	416	5.36002
2560	2560	1	396	232	5.07484
2560	2560	1	452	84	3.46373
2048	2560	1	26	456	0.00000
2048	2560	1	250	496	2.61352
2048	2560	1	390	482	0.55892
2560	2560	1	158	306	4.85947
2048	2560	1	72	490	3.38683
2048	2560	1	240	294	0.44611
2048	2560	1	494	248	1.48721
2560	2560	1	146	144	3.70419
2560	2560	1	226	136	0.72468
2048	2560	1	324	334	1.64757
2048	2560	1	492	358	2.89661
2560	2560	1	276	170	0.59902
2560	2560	1	72	462	0.00000
2048	2560	1	120	30	0.15066
2048	2560	1	44	174	0.00000
2048	2560	1	144	236	2.90979
2048	2048	1	296	296	0.00000
2048	2048	1	386	470	5.31728
2560	2560	1	70	26	1.64769
2048	2048	1	494	402	4.74035
2560	2048	1	318	298	1.39128
2048	2560	1	292	102	5.17832
2560	2560	1	262	34	1.62978
2048	2048	1	376	198	0.00000
2560	2048	1	412	458	5.45020
2048	2048	1	46	466	3.20489
2560	2560	1	386	88	0.00000
2560	2048	1	450	338	1.16104
2560	2048	1	142	274	6.17069
2560	2048	1	206	450	3.49010
2560	2048	1	108	408	3.51395
2048	2560	1	442	114	3.76766
2048	2048	1	168	406	3.15676
2048	2048	1	46	260	0.00000
2560	2048	1	22	168	5.65275
2048	2560	2	166	366	0.00000
2048	2560	2	190	422	0.00000
2048	2560	2	314	420	0.00000
2560	2560	2	460	328	0.00000
2560	2560	2	312	496	0.00000
2048	2560	2	464	480	0.00000
2560	2560	2	12	486	0.00000
2048	2560	2	230	152	0.00000
2048	2560	2	166	144	0.00000
2560	2560	2	8	158	0.00000
2560	2048	2	292	396	0.00000
2048	2560	2	416	42	0.00000
2048	2560	2	384	112	0.00000
2048	2048	1	220	498	5.00414
2048	2048	1	66	128	5.32585
2048	2048	1	162	250	5.44229
2048	2048	1	428	306	3.62518
2048	2048	1	468	36	0.81603
2560	2048	1	200	138	6.14958
2560	2048	1	276	220	4.90316
2560	2048	1	314	106	0.00000
2560	2048	1	452	72	3.24004
2560	2048	1	368	64	0.00000
2560	2048	1	504	180	0.59842
2560	2048	1	70	108	3.15364
2048	2048	1	96	64	2.85651
3584	2560	1	390	512	4.13449
3584	2560	1	338	260	6.17219
3584	2560	1	160	478	2.24554
3584	2560	1	56	370	5.66896
3584	2560	1	218	312	1.82581
3584	2560	1	440	420	4.73870
3584	2560	1	480	224	2.76140
3584	2560	1	444	316	6.07556
3584	2560	1	228	196	6.12551
3584	2560	1	192	410	5.52969
3072	2560	1	440	414	5.18679
3072	2560	1	210	512	0.00000
3072	2560	1	100	486	3.14159
3072	2560	1	374	476	0.00000
3072	2560	1	172	384	6.11181
3072	2560	2	464	184	0.00000
3072	2560	1	68	188	0.92342
3072	2560	1	236	200	1.12000
3072	2560	1	256	316	2.71679
3072	2560	1	440	264	3.77562
3072	2560	1	494	312	3.91265
3584	2560	1	296	440	3.36648
3584	2560	2	364	452	0.00000
3584	2560	1	462	46	3.62949
3584	2560	1	290	104	6.09399
3584	2560	1	396	146	3.01724
3584	2560	1	130	192	3.86386
3584	2560	1	42	166	0.53630
3072	2560	1	338	256	3.41141
3072	2560	1	188	74	0.19740
3072	2560	2	320	18	0.00000
3072	2560	2	252	22	0.00000
3072	2560	1	456	96	1.48879
3072	2560	1	368	144	2.03877
3584	2560	1	124	74	1.60650
3584	2560	1	238	30	0.00000
3584	2048	1	394	458	2.47497
3584	2560	1	98	2	4.19684
3072	2560	1	496	20	4.11234
3584	2048	1	104	412	3.76390
3072	2048	1	414	426	2.78150
3072	2048	1	332	474	1.98295
3072	2560	1	96	22	3.88045
3072	2048	1	44	440	4.44843
3072	2048	1	202	388	4.53056
3072	2048	1	312	332	2.37305
3584	2048	1	44	318	0.28943
3584	2048	1	468	58	0.00000
3584	2048	1	388	74	6.07036
3584	2048	1	390	214	5.45983
3584	2048	1	216	264	4.63790
3584	2048	1	166	120	0.00000
3584	2048	1	252	92	3.62312
3584	2048	1	38	76	3.92462
3072	2048	1	374	62	4.55210
3072	2048	1	482	266	3.35900
3072	2048	1	408	222	2.97007
3072	2048	1	326	222	3.01249
3072	2048	1	156	316	4.11429
3072	2048	1	106	194	6.15683
3072	2048	1	224	106	4.90911
3072	2048	1	66	58	0.36952
3072	2048	1	212	36	1.17205
3584	2048	1	512	200	1.77712
3584	2048	1	228	0	0.00000
3072	3072	1	262	208	2.02815
3072	3072	1	330	148	2.11447
3072	3072	1	54	316	2.65421
3072	3072	1	152	402	2.52393
3072	3072	1	258	358	2.80113
3072	3072	1	216	62	0.00000
3072	3072	1	374	20	0.00000
3072	3072	1	486	38	0.55289
3584	3072	1	114	118	2.25807
3584	3072	1	124	24	5.78592
3584	3072	1	252	40	4.13346
3584	3072	2	246	138	0.00000
3584	3072	2	324	124	0.00000
3584	3072	2	380	84	0.00000
3584	3072	1	204	204	2.01231
3584	3072	1	342	226	2.01885
3584	3072	1	442	196	5.17940
3584	3072	1	474	74	3.16927
3584	3072	1	86	264	0.27417
3584	3072	2	206	304	0.00000
3584	3072	1	124	378	3.52483
3584	3072	1	54	398	2.92734
3072	3072	1	486	160	0.79851
3072	3072	1	490	300	3.02448
3072	3072	1	406	308	2.90031
3072	3072	1	476	424	4.81408
3072	3584	1	174	44	2.19959
3072	3072	1	44	492	1.01536
3072	3584	1	144	110	1.75080
3072	3584	1	278	80	0.45677
3072	3072	1	282	466	0.95155
3072	3072	1	410	508	3.78218
3072	3584	1	496	22	3.67079
3584	3072	1	304	350	0.00000
3584	3072	1	276	492	2.95964
3584	3072	1	222	368	0.72097
3584	3072	1	194	458	2.18642
3584	3584	1	156	14	2.00680
3584	3072	1	384	434	4.17197
3584	3072	1	410	300	4.16716
3584	3072	2	504	334	0.00000
3584	3584	1	442	24	3.61295
3584	3072	2	510	486	0.00000
3584	3584	1	356	58	3.52606
3584	3584	1	278	116	2.82399
3584	3584	1	48	116	2.52681
3584	3584	1	110	58	5.53137
3072	3584	1	176	216	0.94677
3072	3584	1	38	278	2.44871
3072	3584	1	434	372	0.00000
3072	3584	1	366	314	2.70764
3072	3584	1	304	222	0.00000
3072	3584	1	394	122	2.42110
3072	3584	1	482	226	1.66533
3072	3584	1	504	148	2.00800
3584	3584	1	186	150	1.21325
3584	3584	1	474	102	0.59958
3584	3584	1	482	252	5.67146
3584	3584	1	314	292	5.89823
3584	3584	1	378	162	4.03765
3584	3584	1	132	440	0.05934
3584	3584	1	100	234	2.96304
3072	3584	1	280	346	2.51929
3072	3584	1	206	412	0.28310
3072	3584	1	324	472	3.74001
3072	3584	1	44	410	5.59235
3072	3584	1	492	466	3.34905
3072	3584	1	410	484	2.81984
3584	3584	1	198	376	3.26848
3072	3584	1	480	306	1.21097
3584	3584	1	6	362	0.99289
3584	3584	1	134	300	3.79920
3584	3584	1	70	458	6.07631
3584	3584	1	348	456	4.68320
3584	3584	1	410	258	2.24674
3584	3584	1	320	386	1.24761
3584	3584	1	420	332	1.92084
3072	3584	1	114	504	0.56673
3584	3584	2	202	492	0.00000
2560	3072	1	454	40	5.11728
2560	3072	2	280	20	0.00000
2560	3072	2	138	76	0.00000
2560	3072	2	224	134	0.00000
2560	3072	2	346	238	0.00000
2560	3072	1	326	130	3.55670
2560	3072	1	458	178	4.85231
2560	3072	1	418	290	4.60264
2560	3072	1	476	360	0.78330
2560	3072	1	396	500	4.06349
2560	3584	1	454	134	5.53159
2560	3584	1	302	56	5.71301
2560	3072	1	278	282	0.80667
2560	3072	2	98	220	0.00000
2560	3072	1	138	298	4.45763
2560	3072	2	78	422	0.00000
2560	3072	1	226	394	5.02259
2560	3072	1	222	476	3.06482
2560	3072	1	134	504	0.00000
2560	3584	1	190	90	0.46237
2560	3584	1	228	126	0.89213
2560	3584	1	310	202	4.95766
2560	3584	1	430	340	3.69590
2560	3584	1	356	292	0.00000
2560	3072	1	12	162	1.12104
2560	3072	1	28	84	1.63592
2048	3072	1	448	44	1.19277
2048	3072	1	352	22	0.00000
2048	3072	1	254	24	2.72184
2048	3072	1	12	108	4.44513
2048	3072	1	136	76	0.97953
2048	3072	1	14	216	4.61449
2048	3072	1	72	276	0.93534
2048	3072	1	132	172	4.58586
2048	3072	1	262	146	5.85617
2048	3072	1	376	154	5.90268
2048	3072	1	252	328	0.00000
2048	3072	1	348	300	0.00000
2048	3072	1	410	294	0.00000
2048	3072	1	148	320	1.39700
2048	3072	1	132	430	4.99416
2048	3072	1	500	336	4.05290
2048	3072	1	282	482	5.11091
2048	3584	1	210	46	5.50727
2048	3072	1	88	504	5.72412
2048	3584	1	58	72	5.19731
2048	3584	1	36	152	5.41105
2048	3584	1	190	260	2.91775
2048	3584	1	144	158	0.00000
2048	3584	1	72	350	0.00000
2048	3584	1	200	414	0.00000
2048	3584	1	338	430	5.64976
2048	3584	1	342	280	0.00000
2560	3072	1	22	490	1.37717
2048	3584	1	394	226	2.96766
2048	3584	1	468	68	1.28700
2048	3584	2	370	18	0.00000
2560	3584	1	48	82	0.45728
2048	3584	1	454	326	0.00000
2560	3584	1	64	158	0.70503
2560	3584	1	106	260	3.77305
2048	3584	1	446	176	5.59426
2048	3584	1	500	450	1.61838
2560	3584	1	56	372	5.10702
2560	3584	1	176	306	1.97601
2560	3584	1	224	234	5.79035
2560	3584	1	152	430	0.00000
2560	3584	1	286	354	0.00000
2560	3584	1	246	452	5.48466
2560	3584	1	382	436	5.55228
