1024	2048	2	192	92	0.00000
1024	2048	2	258	4	0.00000
1024	2048	2	456	6	0.00000
1536	2048	1	30	10	0.00000
1536	2048	1	148	14	0.68609
1536	2048	2	352	10	0.00000
1536	2048	1	308	78	0.00000
1536	2048	1	150	72	4.02557
1536	2048	2	240	166	0.00000
1536	2048	1	498	32	5.89916
1536	2048	1	370	108	0.80943
1024	2048	1	302	88	4.16423
1024	2048	1	224	194	2.97467
1024	2048	1	460	252	3.09141
1024	2048	1	138	362	3.04320
1024	2048	1	218	370	0.64148
1024	2048	1	20	414	4.41584
1024	2048	1	222	460	4.16160
1024	2048	1	498	482	4.00239
1536	2048	1	180	222	1.60515
1536	2048	1	474	242	5.97024
1536	2048	1	378	236	3.25543
1536	2048	1	204	368	1.44869
1536	2048	1	240	294	1.53608
1536	2048	1	422	356	4.68451
1024	2560	1	50	80	1.31602
1024	2560	1	242	58	0.98664
1536	2560	1	86	38	0.73092
1536	2048	1	216	500	2.33737
1536	2048	1	486	412	4.33583
1536	2048	1	344	456	3.62208
1024	2560	1	396	102	2.99370
1024	2560	2	82	212	0.00000
1024	2560	1	208	152	5.05739
1024	2560	2	180	288	0.00000
1024	2560	1	472	120	5.72791
1536	2560	1	64	126	0.86788
1536	2560	1	184	136	0.82799
1536	2560	1	476	154	0.00000
1536	2560	2	510	274	0.00000
1536	2560	2	346	308	0.00000
1536	2560	2	474	412	0.00000
1024	2560	1	86	270	4.54014
1024	2560	1	424	254	1.25564
1536	2560	1	42	296	0.22778
1536	2560	1	268	244	5.98820
1536	2560	1	180	244	3.60212
1024	2560	1	350	354	5.06571
1024	2560	2	352	450	0.00000
1024	2560	1	124	362	1.15399
1024	2560	1	48	442	2.45737
1024	2560	1	154	464	0.33639
1024	2560	1	234	456	2.76519
1024	2560	1	494	470	2.67742
1536	2560	1	76	428	5.07875
1536	2560	1	114	508	1.52687
1536	2560	1	174	404	2.09556
1536	2560	1	258	352	2.37645
1536	2560	1	378	420	1.91064
1536	2560	1	512	462	3.27716
1024	3072	1	330	4	0.00000
1024	3584	1	20	516	2.50443
1024	3584	1	152	182	4.90117
1024	3584	1	160	450	6.17021
1536	3584	1	250	500	0.52701
1024	3584	1	250	320	0.00000
1024	3584	1	300	426	4.05080
1536	3584	1	200	420	0.45682
1536	3584	1	432	424	6.01133
1536	3584	1	406	230	1.28926
1024	3584	1	336	180	3.12405
1536	3584	1	312	162	2.78249
1536	3584	1	222	72	5.85835
1536	3584	1	98	24	4.88918
1536	3584	1	174	282	2.40350
1536	3584	1	454	516	5.87593
1536	3584	1	512	350	1.18496
1024	3584	1	368	516	0.00000
1536	3584	1	360	510	3.12267
1536	3584	1	76	148	2.60316
1024	3584	1	474	202	5.47165
1536	3584	1	72	328	0.23552
1024	3584	1	378	82	2.65483
1024	3584	1	422	314	5.76404
1024	3584	1	140	290	2.97231
1024	3584	1	102	62	0.00000
1024	3584	1	332	282	0.00000
1024	3584	1	190	12	5.40806
1024	3072	1	70	50	2.28944
1024	3072	1	112	198	0.54368
1024	3072	1	264	106	5.53003
1024	3072	1	186	166	0.46165
1024	3072	1	412	92	2.87879
1024	3072	1	476	122	3.06623
1536	3072	1	96	6	1.46826
1536	3072	1	62	126	3.49458
1536	3072	1	454	66	0.24498
1536	3072	1	240	98	3.16982
1536	3072	1	174	82	0.21867
1024	3072	1	0	246	3.97613
1536	3072	1	4	260	5.24550
1024	3072	1	220	270	0.38168
1024	3072	1	66	306	1.07711
1024	3072	1	348	228	4.94573
1024	3072	1	24	96	2.06196
1536	3072	1	358	136	3.06320
1536	3072	1	482	184	2.54462
1536	3072	1	416	248	0.00000
1536	3072	2	506	276	0.00000
1536	3072	1	120	196	3.12427
1536	3072	1	154	304	4.13808
1024	3072	1	280	346	0.36504
1024	3072	1	70	400	0.53275
1024	3072	2	142	426	0.00000
1024	3072	1	194	376	6.00884
1024	3072	1	400	356	0.00000
1536	3072	1	44	374	2.24204
1024	3072	2	462	356	0.00000
1536	3072	1	194	424	4.90469
1536	3072	1	402	410	0.96244
1536	3072	1	288	492	3.38387
1024	3072	1	280	500	5.53167
1024	3584	1	28	50	0.18408
1024	3072	1	474	466	2.89468
1024	3072	1	392	478	2.54290
1536	3072	1	80	466	1.85603
1536	3072	1	512	512	2.95211
1536	3584	2	474	98	0.00000
1536	3584	2	392	120	0.00000
1536	3584	2	372	62	0.00000
1536	3584	2	252	270	0.00000
1024	3584	2	304	96	0.00000
2048	2048	1	60	216	5.21318
2560	2560	1	506	60	0.94531
2560	2560	1	402	254	5.91029
2560	2560	1	402	478	4.11937
2560	2560	1	194	348	4.06715
2560	2560	1	86	428	4.88198
2560	2560	1	190	170	1.95508
2560	2560	1	318	190	3.47008
2560	2560	1	296	372	0.55617
2560	2560	1	218	470	2.79992
2048	2560	1	78	298	1.74439
2560	2560	1	68	216	2.84812
2048	2560	1	414	102	4.62472
2048	2560	1	66	114	3.50280
2048	2048	1	82	86	5.43122
2048	2048	1	290	40	5.00576
2048	2048	1	208	130	5.60087
2048	2048	1	242	288	0.00000
2048	2048	1	66	308	4.19835
2048	2048	1	366	104	0.61298
2048	2048	1	454	106	0.00000
2560	2048	1	16	30	3.87978
2560	2048	1	50	194	2.75862
2560	2048	1	164	104	3.15495
2560	2048	1	218	110	0.00000
2560	2048	1	312	86	0.00000
2560	2048	1	402	16	1.64384
2560	2048	1	398	132	4.56905
2560	2048	1	282	240	1.52058
2560	2048	1	386	258	0.00000
2560	2048	1	504	202	1.60622
2048	2048	1	366	492	5.89040
2048	2560	1	132	50	2.93232
2048	2048	1	482	362	5.94708
2560	2048	1	58	342	5.47506
2048	2560	1	248	104	0.75919
2560	2048	1	166	414	0.00000
2560	2048	1	306	312	1.68252
2560	2048	1	484	322	4.47838
2560	2048	1	394	500	3.88997
2560	2048	2	296	390	0.00000
2560	2048	2	352	390	0.00000
2560	2048	1	494	432	3.74516
2560	2560	1	6	24	1.63374
2048	2048	1	260	496	3.67504
2048	2048	1	154	390	2.86558
2560	2560	1	162	46	2.12756
2560	2560	1	280	42	3.09401
2560	2560	1	448	160	5.06970
2560	2560	2	470	330	0.00000
2560	2560	2	306	480	0.00000
2048	2560	1	282	188	1.00713
2048	2560	1	486	220	5.87564
2048	2560	2	446	330	0.00000
2048	2560	2	512	322	0.00000
2560	2560	2	150	292	0.00000
2048	2560	2	172	158	0.00000
2048	2560	1	372	236	3.92699
2048	2560	1	306	352	5.51002
2048	2560	1	226	372	2.33430
2048	2560	1	430	476	0.00000
2048	2560	1	46	430	3.52847
2048	2560	1	144	484	4.48702
2560	2560	1	512	404	1.02025
2048	2560	2	338	58	0.00000
2560	2560	2	122	214	0.00000
2048	2560	2	322	438	0.00000
2048	2560	2	212	422	0.00000
3584	2560	1	154	392	1.73658
3072	2560	1	418	254	3.26241
3072	2560	1	480	506	0.38944
3072	2560	1	196	100	0.08234
3584	2560	1	402	512	2.63142
3584	2560	1	184	64	4.06816
3584	2560	1	222	330	3.13317
3584	2560	1	474	456	5.74277
3584	2560	1	478	278	4.63476
3584	2560	1	270	458	2.44217
3584	2560	1	480	340	4.74346
3584	2560	1	310	330	0.35315
3584	2560	1	396	410	3.08214
3584	2560	1	72	512	0.83049
3072	2560	1	270	106	5.77458
3584	2560	2	450	512	0.00000
3584	2560	2	338	428	0.00000
3584	2560	2	160	512	0.00000
3584	2560	2	242	512	0.00000
3072	2560	1	362	392	4.66255
3584	2560	1	430	170	5.74823
3072	2560	1	496	434	5.13667
3072	2560	1	338	484	0.41451
3584	2560	1	300	174	5.60844
3584	2560	1	134	262	5.30288
3584	2560	1	74	310	1.64257
3584	2560	1	174	200	4.97251
3072	2560	1	326	260	2.60234
3584	2560	1	474	62	5.48595
3584	2560	1	56	406	2.64003
3072	2560	1	156	510	0.07948
3072	2560	1	190	248	1.55787
3072	2560	1	58	368	0.89002
3072	2560	1	84	462	3.33202
3584	2560	1	62	152	4.31894
3072	2560	1	206	340	3.92699
3072	2560	1	488	296	3.24833
3072	2560	1	110	134	2.39114
3072	2560	1	28	36	0.92517
3072	2560	1	360	126	6.13760
3072	2048	1	370	506	3.67655
3072	2560	1	130	22	0.64770
3584	2560	1	10	104	3.83454
3072	2560	2	466	184	0.00000
3072	2048	1	310	428	0.26431
3072	2048	1	184	380	2.44002
3072	2048	1	124	252	0.19873
3072	2048	1	216	486	2.44870
3072	2048	1	20	404	4.00021
3072	2048	1	102	424	3.59380
3072	2048	1	6	326	4.46483
3072	2048	2	20	74	0.00000
3072	2048	1	20	198	1.77926
3072	2048	1	332	156	5.15476
3072	2048	1	194	120	4.11864
3072	2048	1	384	36	5.03971
3072	2048	1	342	312	5.72599
3072	2048	1	96	42	2.70985
3072	2048	2	292	22	0.00000
3584	2048	1	38	12	0.54525
3072	2048	1	256	320	2.87254
3072	2048	1	258	214	4.94211
3072	2048	1	478	334	4.56523
3072	2560	1	428	50	3.20266
3072	2048	1	454	426	5.47790
3072	2048	1	430	246	3.72335
3072	2560	2	438	136	0.00000
3584	2560	1	84	2	4.49987
3584	2048	1	100	434	5.31127
3072	2560	1	488	54	0.24899
3584	2048	1	114	76	5.48997
3584	2048	1	122	166	5.34744
3584	2048	1	40	214	2.64010
3584	2048	1	244	90	3.78807
3584	2048	1	472	58	0.00000
3584	2048	1	390	142	5.48559
3584	2048	1	352	200	5.25432
3584	2048	1	376	270	1.79154
3584	2048	1	302	362	4.71239
3584	2048	1	356	506	3.79580
3584	2048	1	462	280	5.83252
3584	2048	1	498	484	2.38024
3584	2048	1	512	394	2.82789
3584	2560	2	348	130	0.00000
3584	3072	1	352	466	1.00649
3072	3584	1	218	336	1.99211
3072	3584	1	346	228	3.12397
3072	3584	1	290	512	1.22102
3584	3584	1	124	202	2.63937
3072	3584	1	190	386	2.20413
3072	3584	1	438	176	4.78916
3072	3584	1	330	380	1.18612
3072	3584	1	458	430	6.22960
3584	3584	1	264	382	0.40024
3584	3584	1	392	512	5.57774
3584	3584	1	400	414	1.21216
3584	3584	1	58	414	0.79482
3584	3584	1	122	444	0.50164
3584	3584	1	168	478	0.45924
3584	3584	1	450	480	5.77536
3584	3584	1	180	354	1.53402
3584	3584	1	278	498	1.02021
3584	3584	1	508	348	0.82757
3072	3584	1	98	490	5.94983
3072	3584	1	22	382	1.36037
3072	3584	1	390	406	0.58139
3072	3584	1	38	448	0.89659
3072	3584	1	248	464	1.17885
3072	3584	1	154	512	2.79282
3072	3584	1	118	250	1.69515
3072	3584	1	302	310	1.49034
3584	3584	1	82	344	1.04756
3584	3584	1	218	274	2.56369
3072	3584	1	474	284	1.76423
3584	3584	1	52	308	3.96038
3584	3584	1	382	244	1.12371
3584	3584	1	512	192	3.49585
3584	3584	1	476	472	0.00000
3072	3584	1	54	302	2.16662
3072	3584	1	288	206	3.55740
3072	3584	1	174	204	5.53334
3584	3584	1	200	130	3.60005
3072	3584	1	34	116	4.27829
3072	3584	1	228	126	1.73163
3584	3072	1	56	496	5.94598
3584	3584	1	510	24	3.64132
3584	3584	1	300	90	0.53814
3584	3584	1	422	142	3.18710
3072	3584	1	388	100	4.28696
3584	3584	1	208	48	1.55016
3584	3584	1	52	92	4.38234
3584	3072	1	244	492	2.25462
3584	3072	1	418	500	0.79996
3072	3584	1	72	176	3.86371
3584	3072	1	508	388	0.41749
3584	3072	1	400	398	1.32998
3072	3584	1	284	48	3.14535
3072	3584	1	160	18	2.62379
3072	3072	1	20	508	5.98964
3072	3072	1	368	442	1.77511
3072	3072	1	212	432	6.16938
3072	3072	1	76	408	4.69810
3072	3072	1	478	496	0.79918
3584	3072	1	368	324	1.99411
3584	3072	1	286	398	0.21104
3584	3072	1	148	480	3.38401
3072	3584	1	382	36	4.63542
3584	3072	1	504	246	3.89377
3584	3072	1	200	352	4.34783
3584	3072	1	354	158	5.87538
3584	3072	1	424	306	2.70040
3584	3072	1	324	68	4.91641
3584	3072	1	310	250	0.36127
3584	3072	1	294	124	1.60402
3584	3072	1	420	56	2.48811
3584	3072	1	498	62	0.44096
3584	3072	1	456	188	3.93803
3584	3072	1	242	6	0.29298
3584	3072	1	172	54	2.49294
3584	3072	1	100	262	5.47371
3584	3072	1	54	384	5.43659
3584	3072	1	230	178	5.35032
3584	3072	1	62	38	0.92863
3584	3072	1	166	200	2.52495
3584	3072	1	68	314	5.45236
3072	3072	1	466	38	0.28430
3072	3072	1	314	2	0.38971
3072	3072	1	486	286	3.02632
3072	3072	1	478	382	2.19638
3072	3072	1	434	176	4.05770
3072	3072	1	398	50	5.99157
3072	3072	1	152	42	0.14217
3072	3072	1	58	0	5.71865
3072	3072	1	234	88	0.19317
3072	3072	1	104	164	1.69642
3072	3072	1	294	372	3.87087
3072	3072	1	320	220	3.03040
3072	3072	1	242	260	5.86577
3072	3072	1	170	286	2.36167
3072	3072	1	82	332	5.48957
3072	3072	1	0	44	5.82370
3072	3072	2	428	254	0.00000
3584	3072	2	14	198	0.00000
2560	3072	2	134	68	0.00000
2560	3072	1	228	2	2.67022
2560	3072	1	376	0	3.92699
2560	3072	1	510	38	0.00000
2560	3072	1	356	108	3.80349
2560	3072	1	424	178	2.04366
2560	3072	2	220	132	0.00000
2560	3072	2	350	240	0.00000
2560	3072	2	342	446	0.00000
2560	3072	2	254	474	0.00000
2048	3072	2	72	422	0.00000
2048	3072	2	160	476	0.00000
2048	3584	2	374	20	0.00000
2560	3072	2	12	178	0.00000
2048	3072	1	438	0	0.00000
2048	3072	1	306	0	5.73611
2048	3072	1	174	0	2.40019
2048	3072	1	54	140	0.00000
2048	3072	1	22	300	5.97154
2048	3072	1	114	252	0.08641
2048	3072	1	266	232	6.06387
2048	3072	1	152	100	2.22043
2048	3072	1	314	130	6.01732
2048	3072	1	372	138	5.59426
2048	3072	1	450	292	1.62307
2560	3072	1	32	256	2.19628
2560	3072	2	94	238	0.00000
2560	3072	1	208	200	1.30851
2560	3072	1	194	292	1.53544
2560	3072	1	286	268	3.75391
2560	3072	1	468	300	2.38058
2560	3072	1	420	384	1.52680
2560	3072	1	48	362	4.37625
2560	3072	1	212	416	1.14417
2048	3072	1	202	412	5.26203
2048	3072	2	196	314	0.00000
2048	3072	2	314	430	0.00000
2048	3584	1	26	20	2.75477
2048	3584	1	74	100	0.69122
2048	3072	1	426	482	2.80357
2048	3072	1	482	454	2.86174
2560	3072	1	58	440	0.55914
2560	3072	1	92	504	0.73486
2560	3584	1	154	28	0.82538
2560	3584	1	176	84	0.62755
2560	3584	1	272	66	2.25416
2560	3584	1	354	64	5.64858
2560	3584	1	426	36	2.62322
2560	3072	1	484	480	5.66913
2560	3584	2	502	116	0.00000
2048	3584	1	200	332	2.89255
2048	3584	2	180	126	0.00000
2048	3584	2	122	234	0.00000
2048	3584	1	216	196	4.43862
2048	3584	1	26	252	0.96653
2048	3584	1	324	182	2.62068
2048	3584	1	496	98	1.27317
2048	3584	1	362	116	0.63330
2048	3584	1	446	244	1.37622
2048	3584	1	274	240	0.23501
2048	3584	1	94	482	0.29544
2048	3584	1	56	342	1.28666
2048	3584	1	188	484	4.99912
2048	3584	1	242	392	0.48241
2048	3584	1	334	318	0.20750
2048	3584	1	424	334	0.61864
2048	3584	1	290	460	0.28605
2560	3584	1	24	512	5.75982
2048	3584	1	496	446	0.53739
2560	3584	1	68	196	1.99922
2560	3584	1	4	312	0.22420
2560	3584	1	84	408	0.25490
2560	3584	1	156	440	0.27830
2560	3584	1	198	202	2.30096
2560	3584	1	218	310	5.72169
2560	3584	1	270	190	5.58271
2560	3584	1	342	160	1.87586
2560	3584	1	438	226	1.21484
2560	3584	1	348	332	2.31862
2560	3584	1	448	320	2.12225
2560	3584	1	512	382	1.33971
2560	3584	1	512	284	5.35391
2560	3584	1	214	512	2.55214
2560	3584	1	428	510	1.92362
2560	3584	1	512	462	0.62980
