1024	2048	1	92	440	0.00000
1024	2560	1	412	198	0.00000
1536	2560	2	492	272	0.00000
1536	2048	2	24	32	0.00000
1024	2048	2	258	28	0.00000
1024	2048	2	466	18	0.00000
1024	2048	1	450	214	3.30980
1024	2048	1	222	192	2.67795
1024	2048	1	94	110	3.44384
1024	2048	1	222	356	0.38051
1024	2048	1	470	496	4.14907
1024	2048	1	416	440	4.06889
1024	2560	1	272	32	1.04752
1024	2560	1	150	110	2.37428
1024	2560	1	504	194	5.58319
1536	2048	1	136	168	2.59254
1536	2048	1	262	88	2.25245
1536	2048	2	234	170	0.00000
1536	2048	1	126	48	4.06107
1536	2560	1	232	404	2.77413
1024	2560	2	364	436	0.00000
1536	2560	2	414	498	0.00000
1536	2560	2	68	512	0.00000
1024	2560	2	418	512	0.00000
1024	2560	2	174	280	0.00000
1024	2560	2	400	66	0.00000
1536	2048	2	218	420	0.00000
1536	2048	2	500	58	0.00000
1024	2048	2	362	392	0.00000
1024	2048	2	184	86	0.00000
1024	2048	2	36	54	0.00000
1536	2560	1	162	6	1.80003
1024	2560	1	36	212	0.00000
1024	2560	2	98	204	0.00000
1536	2560	1	186	212	3.39204
1536	2560	2	340	318	0.00000
1536	2048	1	138	310	1.82695
1536	2048	1	300	376	2.45004
1536	2048	1	386	212	0.35400
1536	2048	1	354	86	5.63968
1536	2048	1	434	74	0.00000
1536	2048	1	484	230	5.60520
1536	2048	1	512	152	5.56517
1536	2048	1	488	420	4.73564
1536	2048	1	400	326	1.65063
1536	2560	1	502	68	5.77050
1536	2048	1	328	488	3.17032
1536	2560	1	40	142	5.46400
1536	2560	1	274	240	5.84387
1024	2560	1	266	332	4.15443
1024	2560	1	108	366	2.45586
1536	2560	1	106	314	0.00000
1536	2560	1	72	426	5.36781
1024	2560	1	500	336	2.02875
1536	2560	1	174	446	5.71501
1024	2560	1	254	492	4.71876
1536	2560	1	398	410	2.25156
1024	2560	2	132	512	0.00000
1536	2560	2	512	370	0.00000
1536	2560	2	470	410	0.00000
1536	2560	1	292	468	0.40976
1536	3584	1	248	506	0.54809
1536	3584	1	420	380	5.37879
1536	3584	1	512	244	1.29377
1024	3584	1	488	208	5.55418
1024	3584	1	394	76	2.80803
1024	3584	1	144	400	5.25349
1024	3584	1	350	424	0.77335
1024	3584	1	350	194	3.09012
1024	3584	1	46	84	3.05531
1024	3584	1	116	62	0.00000
1024	3584	1	216	266	1.08767
1536	3584	1	92	370	0.66855
1024	3584	1	258	364	3.58397
1024	3584	1	70	264	6.11498
1536	3584	1	318	80	3.13583
1536	3584	1	188	154	2.95758
1536	3072	1	280	492	3.83423
1536	3584	1	38	110	1.85228
1024	3584	1	198	168	1.20142
1024	3584	1	422	246	5.65546
1024	3584	1	294	14	3.57631
1536	3584	1	196	406	0.17612
1536	3072	1	42	498	2.03028
1024	3584	1	14	482	4.87626
1536	3072	1	138	418	5.86828
1536	3072	1	254	420	0.92093
1536	3584	2	256	266	0.00000
1536	3584	2	254	176	0.00000
1536	3584	2	386	126	0.00000
1536	3584	2	174	254	0.00000
1024	3584	1	214	60	0.00000
1536	3584	2	156	42	0.00000
1536	3072	2	46	334	0.00000
1536	3072	1	440	150	2.93059
1536	3072	1	72	270	1.87602
1536	3072	1	90	204	4.11969
1536	3072	1	106	108	0.51584
1536	3072	1	14	120	3.38867
1024	3072	1	458	142	3.41748
1024	3072	1	396	258	4.77315
1024	3072	1	256	458	1.24435
1024	3072	1	118	408	0.77224
1536	3072	1	444	306	2.91050
1024	3072	1	60	316	2.60733
1024	3072	1	190	244	1.12434
1024	3072	1	214	132	3.78509
1024	3072	1	138	16	5.36633
1536	3072	1	240	300	4.98861
1536	3072	1	320	238	3.56952
1024	3072	1	312	174	4.05924
1536	3072	1	370	310	0.00000
1024	3072	2	396	94	0.00000
1024	3072	1	266	316	0.00000
1024	3072	1	120	134	0.00000
1536	3072	1	220	208	5.62861
1536	3072	1	238	94	3.20357
1536	3072	1	288	52	0.00000
1536	3072	1	512	192	0.00000
1536	3072	1	512	378	0.00000
1536	3072	1	380	52	3.66331
1536	3584	2	448	140	0.00000
1024	3072	2	360	346	0.00000
2048	2048	1	352	92	5.32526
2048	2048	1	172	46	4.18999
2048	2048	1	66	58	2.63342
2048	2048	1	44	176	5.58044
2048	2048	1	116	216	0.13768
2048	2048	1	246	278	0.05550
2048	2048	1	418	282	2.19105
2560	2048	1	32	216	1.90990
2560	2048	1	174	134	3.01189
2560	2048	1	232	114	0.00000
2560	2048	1	318	88	0.00000
2560	2048	1	382	254	0.00000
2560	2048	1	480	176	0.97057
2560	2048	2	490	24	0.00000
2048	2048	1	100	342	2.60084
2048	2048	1	82	392	0.01067
2048	2048	1	364	394	2.25881
2560	2048	1	54	354	5.52537
2560	2048	1	272	302	1.70425
2560	2048	1	128	502	1.95641
2560	2048	1	384	474	3.15277
2560	2048	2	294	406	0.00000
2048	2048	2	486	72	0.00000
2048	2560	2	178	156	0.00000
2048	2560	2	318	208	0.00000
2048	2560	2	360	62	0.00000
2048	2560	2	226	152	0.00000
2560	2560	2	262	70	0.00000
2560	2560	1	54	182	1.17896
2048	2560	1	450	74	1.60635
2048	2048	1	350	492	4.88149
2048	2048	1	144	502	1.61003
2048	2560	1	74	112	0.36717
2560	2560	1	262	200	2.12682
2560	2560	1	360	94	1.12735
2560	2560	1	396	228	3.04067
2560	2560	1	42	74	0.00000
2048	2560	1	294	146	0.00000
2048	2560	1	216	322	0.00000
2560	2560	1	172	302	0.18079
2560	2560	1	22	318	0.00000
2560	2560	1	306	324	0.00000
2560	2560	1	268	394	1.78739
2048	2560	1	78	252	0.00000
2048	2560	1	414	228	0.00000
2048	2560	1	428	470	0.99289
2560	2560	1	80	430	0.85260
2048	2560	1	58	400	5.26614
2560	2560	1	430	376	1.58600
2560	2048	1	506	432	0.89174
2560	2048	2	232	478	0.00000
2560	2560	2	308	496	0.00000
2560	2560	2	214	484	0.00000
2048	2560	1	62	478	4.59528
2048	2560	1	228	434	3.87542
2048	2560	1	370	354	5.86177
2048	2560	2	316	422	0.00000
2560	2560	2	486	178	0.00000
2560	2560	1	386	488	0.00000
3584	2560	1	268	356	0.47313
3072	2560	1	362	432	0.00000
3072	2560	1	250	512	3.56822
3072	2560	1	494	406	4.86762
3072	2560	1	312	234	3.10900
3584	2560	1	334	208	4.46221
3072	2560	1	250	416	0.92889
3072	2560	1	96	316	0.00000
3584	2560	1	168	148	0.93011
3072	2560	1	46	388	0.00000
3584	2560	1	140	234	5.24164
3584	2560	1	118	358	1.84910
3072	2560	1	138	156	0.00000
3584	2560	1	472	484	5.47340
3072	2560	1	202	256	2.92465
3584	2560	1	244	456	4.90717
3584	2560	1	364	58	0.29040
3584	2560	1	274	128	3.37755
3584	2560	1	350	366	3.24208
3584	2560	1	404	318	0.00000
3072	2560	1	406	288	3.18807
3584	2560	1	468	328	3.68725
3584	2560	1	24	222	2.43002
3584	2560	1	446	216	2.44293
3584	2560	1	512	370	4.23476
3584	2560	1	500	102	1.42575
3584	2560	1	488	48	4.97262
3584	2048	1	374	470	5.37411
3584	2048	1	454	424	4.90978
3584	2048	1	438	326	0.79406
3584	2560	1	104	88	3.68256
3584	2560	1	214	4	4.21517
3584	2048	1	134	476	4.31763
3072	2560	1	270	76	2.61452
3072	2560	1	10	252	4.83674
3072	2560	1	34	78	1.27823
3072	2560	2	168	84	0.00000
3072	2048	1	102	484	3.60446
3072	2048	1	4	434	4.23007
3072	2048	1	296	394	4.29585
3072	2048	1	372	482	3.84713
3072	2560	1	146	498	0.00000
3072	2560	2	426	126	0.00000
3072	2560	2	468	194	0.00000
3072	2560	1	456	50	3.79502
3584	2560	1	8	102	0.78373
3072	2048	1	174	386	4.40380
3584	2048	1	48	388	0.00000
3072	2048	1	416	344	2.51313
3072	2048	1	482	374	2.71984
3584	2048	1	158	394	4.66972
3584	2048	1	292	370	3.51553
3584	2048	1	360	246	5.31813
3584	2048	1	468	56	0.00000
3584	2048	1	118	136	0.69866
3584	2048	1	16	264	5.30039
3584	2048	1	126	230	4.53914
3584	2048	1	220	318	4.46343
3584	2048	1	238	84	3.87366
3072	2048	1	206	42	0.00000
3072	2048	1	164	134	1.36540
3072	2048	1	318	130	2.79521
3584	2048	1	20	128	1.27713
3584	2048	1	46	18	0.73282
3072	2048	2	424	22	0.00000
3584	2048	2	398	122	0.00000
3072	2048	1	190	204	4.81369
3072	2048	2	292	30	0.00000
3072	2048	2	22	76	0.00000
3584	2560	1	126	466	0.79342
3584	2560	1	398	496	0.00000
3072	2560	1	372	102	0.00000
3584	3584	1	476	470	5.98057
3072	3584	1	22	378	3.01724
3072	3584	1	396	466	4.25301
3072	3584	1	136	414	0.76213
3072	3584	1	136	290	2.14299
3584	3584	1	118	396	4.49382
3584	3584	1	392	350	0.13322
3584	3584	1	284	196	2.96174
3072	3584	1	320	402	5.10718
3584	3584	1	238	488	3.90624
3584	3584	1	220	276	5.94678
3072	3584	1	260	472	0.46590
3072	3072	2	432	262	0.00000
3072	3584	1	198	460	0.58103
3072	3584	1	502	364	3.72560
3072	3584	1	294	300	1.72259
3072	3584	1	382	278	0.00000
3584	3584	2	362	224	0.00000
3072	3584	1	454	310	0.24539
3584	3584	1	98	302	0.56900
3072	3584	1	150	206	1.12372
3072	3584	1	58	118	3.06039
3072	3584	1	106	16	1.94711
3072	3584	1	186	108	4.11818
3072	3584	1	300	130	5.40739
3072	3584	1	290	214	4.42859
3072	3584	1	412	168	5.24998
3584	3584	1	72	180	5.95670
3072	3584	1	452	102	4.89519
3072	3072	1	456	510	4.41283
3072	3072	1	248	474	0.00000
3072	3072	1	90	426	4.89921
3072	3072	1	72	290	3.32145
3072	3072	1	60	74	0.00000
3072	3072	1	148	40	0.00000
3072	3072	1	166	174	3.36174
3072	3072	1	198	338	4.47604
3072	3072	1	246	260	2.67243
3072	3072	1	328	434	2.17551
3584	3584	1	438	94	2.54903
3584	3584	1	510	46	2.91002
3584	3584	1	168	146	2.31320
3584	3584	1	58	66	2.20491
3584	3584	1	100	14	2.02895
3584	3584	1	246	76	0.61062
3584	3584	1	302	44	3.55008
3584	3072	1	396	470	0.00000
3072	3072	1	504	412	0.00000
3584	3072	1	66	360	0.31760
3584	3072	1	104	410	3.97817
3584	3072	1	170	428	1.16857
3584	3072	1	224	468	4.08422
3584	3072	1	344	372	3.30082
3072	3072	1	430	358	2.40672
3072	3072	1	394	66	5.94994
3072	3072	1	232	0	3.04907
3584	3072	1	30	56	2.78586
3584	3072	1	132	42	3.40920
3072	3072	1	484	174	4.32970
3072	3072	1	344	236	1.36459
3584	3072	1	252	20	4.68577
3584	3072	1	350	100	1.33824
3584	3072	1	132	236	0.00000
3584	3072	1	22	246	4.21934
3584	3072	1	238	114	0.85120
3584	3072	1	198	262	0.38367
3584	3072	1	256	322	4.00564
3584	3072	1	296	204	6.09030
3584	3072	1	472	88	0.29770
3584	3072	1	380	20	0.00000
3584	3072	1	512	380	1.79543
3584	3072	1	436	302	4.83238
3584	3072	1	512	148	0.19103
3584	3072	1	416	174	3.18004
3584	3584	1	418	202	4.41237
3072	3584	1	498	208	0.00000
3584	3584	1	512	264	4.53650
3584	3584	1	402	486	5.91944
2560	3072	2	150	76	0.00000
2560	3072	2	224	132	0.00000
2560	3072	2	344	236	0.00000
2560	3072	1	366	60	0.18616
2048	3072	1	488	20	5.83742
2048	3072	1	314	26	4.90467
2048	3072	1	266	136	4.98908
2048	3072	1	68	6	2.22392
2560	3072	1	256	12	2.88020
2560	3072	1	150	240	3.30832
2560	3072	1	242	272	3.54457
2560	3072	1	322	172	4.82808
2048	3072	1	20	162	0.18063
2048	3072	1	88	244	2.36005
2048	3072	2	194	322	0.00000
2048	3072	2	86	396	0.00000
2048	3072	2	164	484	0.00000
2048	3072	2	308	430	0.00000
2560	3072	1	30	198	3.25833
2560	3072	1	378	312	1.00837
2560	3584	1	406	30	1.03695
2560	3072	1	502	512	0.07204
2560	3584	1	512	142	0.43984
2560	3072	2	340	448	0.00000
2560	3072	2	242	488	0.00000
2048	3584	1	92	112	1.08390
2048	3072	1	22	374	0.00000
2048	3072	1	178	408	5.75477
2048	3072	1	340	246	1.98917
2048	3072	1	470	372	5.85567
2560	3072	1	22	326	5.22362
2048	3072	1	396	156	2.19782
2048	3072	1	190	166	5.37559
2048	3072	1	282	324	0.03422
2048	3072	1	362	386	3.09519
2560	3584	1	172	2	5.10118
2560	3584	1	172	114	2.02042
2560	3584	1	34	124	0.36885
2048	3584	1	254	40	1.01543
2048	3584	1	356	88	0.99468
2048	3072	1	434	466	3.70978
2048	3584	1	460	76	0.55166
2048	3584	2	124	237	0.00000
2560	3584	1	43	301	0.00000
2048	3584	1	456	336	0.00000
2048	3584	1	320	246	0.28471
2048	3584	1	266	232	0.35458
2048	3584	2	194	201	0.00000
2048	3584	2	156	301	0.00000
2560	3584	1	470	292	6.06979
2560	3584	1	368	270	4.54444
2560	3584	1	408	142	3.36479
2560	3072	1	82	438	0.80431
2560	3584	1	314	172	0.42624
2560	3072	1	404	382	1.56328
2560	3072	1	482	294	0.79687
2560	3584	1	138	250	2.71978
