1024	2048	1	46	114	0.00000
1024	2048	1	126	62	5.84206
1024	2048	2	200	77	0.00000
1024	2048	1	74	238	0.72750
1024	2048	1	222	382	0.43194
1024	2048	2	442	15	0.00000
1536	2048	2	4	37	0.00000
1536	2048	1	78	70	6.05893
1536	2048	2	234	155	0.00000
1024	2048	1	492	234	3.32457
1536	2048	1	322	164	5.53228
1536	2048	1	376	118	2.33926
1536	2048	2	498	61	0.00000
1536	2048	1	490	184	0.34629
1024	2560	1	266	34	1.11758
1536	2048	1	172	306	3.50418
1536	2048	1	26	312	3.68680
1536	2048	1	238	394	4.38162
1536	2048	1	420	334	4.67955
1536	2048	1	54	416	4.68609
1536	2048	1	300	376	4.35981
1024	2560	2	184	287	0.00000
1024	2048	1	512	494	0.00000
1536	2048	1	462	460	2.31434
1536	2560	1	378	50	3.57693
1536	2048	2	508	267	0.00000
1024	2560	1	460	72	2.56377
1024	2560	1	72	132	3.24191
1536	2560	1	76	146	5.94772
1536	2560	1	98	46	1.26617
1536	2560	1	190	188	0.36064
1536	2560	1	290	240	5.81540
1536	2560	1	454	224	0.23024
1536	2560	1	342	164	1.94326
1024	2560	1	390	120	1.72725
1536	2048	1	328	468	2.59053
1024	2560	1	296	288	4.73377
1024	2560	1	410	386	1.04922
1536	2560	1	12	214	2.04726
1024	2560	1	484	304	2.23013
1024	2560	1	96	282	5.73368
1536	2560	1	54	424	5.09498
1536	2560	2	512	67	0.00000
1536	2560	1	512	232	0.00000
1536	2560	1	426	324	2.20617
1024	2560	1	184	482	3.07394
1536	2560	1	402	418	1.94570
1024	2560	1	290	370	1.37927
1024	2560	1	286	464	5.61679
1536	2560	1	6	508	1.94919
1536	2560	1	206	478	2.60250
1024	2048	1	96	456	0.00000
1024	2560	1	24	272	3.38954
1536	2560	1	500	456	3.61103
1024	3072	1	142	74	1.18875
1024	3072	1	274	90	5.40713
1024	3072	1	360	76	5.69891
1024	3072	1	472	90	1.62227
1536	3072	1	358	84	4.32064
1536	3072	1	130	64	3.47305
1024	3072	1	476	226	1.08140
1024	3072	1	316	290	0.46453
1024	3072	1	192	334	0.38328
1024	3072	1	92	250	0.46834
1024	3072	1	170	220	0.47299
1024	3072	1	248	192	3.43781
1024	3072	1	114	426	5.59185
1024	3072	1	286	484	1.64757
1024	3072	1	502	424	0.00000
1536	3072	1	104	494	4.83832
1024	3584	1	470	68	3.32225
1024	3584	1	316	40	3.95236
1024	3584	1	94	126	0.27164
1024	3072	1	42	452	0.62478
1536	3072	1	230	316	1.47738
1536	3072	1	268	244	1.14074
1536	3072	1	404	246	5.48284
1536	3072	1	398	146	4.47247
1536	3072	2	262	90	0.00000
1536	3072	1	482	406	5.87942
1536	3072	1	396	394	5.23616
1536	3584	1	392	14	1.46368
1536	3584	2	490	86	0.00000
1536	3072	2	406	332	0.00000
1536	3584	1	270	20	2.73310
1536	3072	1	148	404	4.64997
1536	3584	1	148	92	2.03535
1536	3072	1	206	510	0.00000
1024	3584	1	332	132	1.26001
1024	3584	1	104	240	6.22853
1024	3584	1	458	176	4.66115
1536	3584	1	122	242	2.51696
1536	3584	1	284	206	5.43438
1536	3584	1	118	132	5.11881
1536	3584	1	386	134	4.02088
1536	3584	1	480	318	0.00000
1536	3584	1	386	368	5.80563
1024	3584	1	426	262	2.06075
1536	3584	1	32	312	1.24575
1536	3584	1	166	436	0.00000
1024	3584	1	464	500	0.00000
1024	3584	1	298	356	1.47307
1024	3584	2	168	360	0.00000
1024	3584	1	64	410	2.17493
1536	3584	1	36	482	0.00000
1536	3584	1	454	456	1.27264
1024	3584	1	188	476	0.00000
1536	3584	1	340	494	0.00000
1536	3584	2	244	510	0.00000
1536	3584	2	252	268	0.00000
1024	3584	1	42	486	5.53451
1536	3584	2	258	368	0.00000
1024	3584	1	218	106	2.58438
1536	3584	2	296	114	0.00000
1536	3072	1	204	140	0.59062
1536	3072	1	512	294	5.18973
1536	3584	2	504	490	0.00000
2048	2048	1	44	216	0.38147
2048	2048	1	208	198	2.01621
2048	2048	2	190	111	0.00000
2048	2048	2	256	59	0.00000
2048	2048	2	418	11	0.00000
2048	2048	2	496	69	0.00000
2048	2048	2	480	11	0.00000
2560	2048	2	152	13	0.00000
2048	2560	2	405	47	0.00000
2048	2048	1	104	320	3.55561
2048	2048	1	174	360	3.86201
2048	2048	1	306	314	0.00000
2048	2048	1	398	280	0.00000
2048	2048	1	318	182	3.10752
2560	2048	1	24	280	5.09785
2560	2048	1	218	264	2.77524
2560	2048	1	120	244	5.58568
2560	2048	1	10	438	3.57881
2048	2048	1	374	460	5.21537
2048	2048	2	218	477	0.00000
2048	2048	2	254	505	0.00000
2560	2048	1	432	262	0.97255
2560	2048	1	406	158	0.71743
2048	2048	1	494	186	1.91684
2560	2048	1	78	114	3.69578
2560	2048	1	194	116	0.00000
2560	2048	1	326	76	0.00000
2560	2048	2	418	57	0.00000
2560	2048	1	484	126	6.06155
2048	2560	1	60	18	0.57796
2048	2560	1	82	128	3.85094
2048	2560	1	296	82	5.86295
2560	2560	1	292	36	3.82797
2560	2048	1	372	338	5.41719
2560	2048	2	298	400	0.00000
2560	2560	1	78	110	0.00000
2560	2560	1	426	10	4.43756
2048	2048	1	470	468	0.00000
2560	2560	1	420	106	5.79594
2048	2560	1	242	184	0.43850
2048	2560	2	312	208	0.00000
2048	2560	2	396	130	0.00000
2048	2560	1	482	88	3.96698
2048	2560	1	128	230	5.85290
2048	2560	1	108	312	2.37798
2048	2560	1	510	248	1.23565
2560	2560	1	260	230	4.35324
2560	2560	1	472	264	1.99364
2560	2560	2	500	208	0.00000
2560	2560	2	512	98	0.00000
2048	2560	1	264	356	3.99787
2048	2560	2	440	314	0.00000
2560	2560	1	224	318	5.33575
2560	2560	1	126	386	5.42115
2560	2560	1	406	350	0.07355
2560	2560	1	262	512	0.00000
2560	2560	1	308	512	0.00000
2560	2560	1	358	486	0.00000
2560	2560	1	478	512	0.32811
2560	2560	1	460	354	6.07510
2560	2560	2	4	422	0.00000
2560	2560	2	178	476	0.00000
2048	2560	2	70	486	0.00000
2048	2560	2	54	382	0.00000
2048	2560	2	320	420	0.00000
2560	2560	2	24	482	0.00000
2048	2560	2	466	474	0.00000
2048	2560	1	412	488	0.00000
2048	2560	1	176	512	0.00000
2048	2560	2	188	408	0.00000
2048	2560	1	282	474	2.71777
2560	2560	1	156	132	3.03293
3072	2048	2	110	118	0.00000
3072	2048	2	22	66	0.00000
3072	2048	2	294	22	0.00000
3072	2560	2	166	80	0.00000
3072	2560	2	20	20	0.00000
3072	2560	2	244	22	0.00000
3072	2560	2	306	22	0.00000
3072	2560	2	22	280	0.00000
3072	2048	1	254	98	2.49120
3072	2048	1	202	152	2.52897
3072	2048	1	154	222	2.38858
3072	2048	1	86	258	5.61771
3072	2048	2	18	178	0.00000
3072	2048	2	48	38	0.00000
3072	2048	1	490	48	2.73359
3072	2048	1	374	66	3.98215
3072	2048	1	248	242	3.62012
3072	2048	1	302	336	3.05524
3072	2048	1	392	162	6.09068
3072	2048	1	508	184	3.83764
3584	2048	1	160	108	0.00000
3584	2048	2	228	26	0.00000
3584	2048	2	132	12	0.00000
3584	2048	1	258	94	3.82018
3584	2048	1	396	102	6.01756
3584	2048	1	458	54	0.00000
3584	2048	2	512	130	0.00000
3584	2048	1	296	194	2.31661
3584	2048	1	398	214	5.31793
3584	2048	1	310	308	2.49382
3584	2048	1	444	310	0.95320
3584	2048	1	70	270	4.71722
3072	2048	1	416	322	3.94338
3584	2048	1	2	360	4.03582
3072	2048	1	248	436	5.24342
3072	2048	1	158	386	1.89255
3584	2048	1	84	418	4.38345
3584	2048	1	440	460	5.94651
3072	2048	1	190	498	0.00000
3072	2048	1	96	478	5.07790
3072	2560	1	380	64	6.15362
3584	2560	1	166	40	5.09290
3584	2048	1	320	510	3.12955
3072	2560	1	40	118	5.35589
3072	2560	1	246	112	0.79300
3072	2560	1	494	138	2.25926
3584	2560	2	50	102	0.00000
3584	2560	1	80	164	0.00000
3584	2560	1	166	166	2.74230
3584	2560	1	276	164	2.81984
3584	2560	1	436	64	4.21866
3584	2560	2	512	12	0.00000
3072	2560	1	274	166	4.17701
3072	2560	1	34	212	2.24226
3072	2560	1	122	296	2.91336
3072	2560	1	232	360	2.72377
3072	2560	1	282	324	2.83361
3072	2560	1	366	282	5.51490
3584	2560	1	508	462	5.92738
3584	2560	1	496	344	5.77177
3584	2560	2	512	204	0.00000
3584	2560	2	512	284	0.00000
3584	2560	1	466	178	0.00000
3584	2560	1	380	212	5.89950
3584	2560	1	430	508	5.93019
3584	2560	1	440	350	0.00000
3584	2560	2	356	456	0.00000
3584	2560	2	262	448	0.00000
3584	2560	2	324	512	0.00000
3584	2560	1	362	346	0.00000
3584	2560	1	246	280	5.90197
3072	2560	1	462	212	2.01885
3072	2560	1	454	290	2.06075
3584	2560	1	62	342	4.21713
3584	2560	1	188	352	3.30297
3584	2560	1	160	468	2.42954
3072	2560	2	510	512	0.00000
3072	2560	1	50	358	5.40890
3072	2560	2	172	402	0.00000
3584	2560	1	60	460	2.37523
3072	2560	1	450	406	2.78689
3072	2560	1	364	410	0.10072
3072	2560	1	252	488	2.51611
3072	2560	1	120	504	1.98902
3072	3072	1	28	84	6.17709
3072	3072	1	268	174	6.11838
3072	3072	1	356	300	0.28473
3072	3072	1	98	134	2.51529
3072	3072	1	190	126	2.80957
3072	3072	1	378	152	1.30454
3072	3072	2	390	82	0.00000
3072	3072	1	506	12	4.29441
3584	3072	1	42	88	4.21934
3072	3072	1	456	190	1.28914
3072	3072	2	424	262	0.00000
3072	3072	1	216	346	2.06363
3072	3072	2	46	238	0.00000
3072	3072	1	74	322	3.90468
3072	3072	1	488	294	3.00973
3584	3072	1	62	190	5.65499
3584	3072	2	248	74	0.00000
3584	3072	2	170	104	0.00000
3584	3072	1	146	186	2.89017
3584	3072	1	266	174	3.90955
3584	3072	1	394	102	0.50178
3584	3072	2	358	42	0.00000
3072	3072	1	82	422	0.72732
3072	3072	1	132	466	0.74329
3072	3072	1	318	442	0.49935
3072	3584	1	58	136	2.82267
3072	3584	1	124	62	2.04814
3072	3072	1	222	472	3.53220
3072	3584	1	306	90	4.88433
3072	3584	1	252	178	1.33435
3072	3072	1	442	448	4.45693
3072	3072	1	406	512	4.71458
3072	3584	1	428	88	5.25658
3584	3072	1	8	492	3.38657
3584	3072	1	100	340	4.20125
3584	3072	1	394	266	5.15223
3584	3072	2	298	274	0.00000
3584	3072	1	470	120	3.69888
3584	3072	2	386	196	0.00000
3584	3072	1	496	278	3.82449
3584	3072	2	350	338	0.00000
3584	3072	2	384	354	0.00000
3584	3072	1	266	378	0.46365
3584	3072	1	176	436	5.08974
3584	3584	1	112	2	6.06535
3584	3584	1	176	56	0.32880
3584	3584	1	268	88	5.75260
3584	3072	1	318	478	1.24703
3584	3584	1	372	32	1.23150
3584	3072	1	454	440	5.04085
3072	3584	1	172	408	1.45813
3072	3584	1	394	464	0.10094
3072	3584	1	296	252	0.68615
3072	3584	1	458	304	4.19651
3072	3584	1	392	194	0.00000
3072	3584	1	122	276	2.55685
3072	3584	1	78	342	2.42978
3072	3584	1	202	294	6.05125
3072	3584	1	22	406	2.34592
3072	3584	1	326	394	1.17190
3584	3584	1	40	108	2.00225
3584	3584	1	4	402	0.87194
3584	3584	1	32	258	2.78932
3584	3584	1	240	392	4.60445
3584	3584	1	224	192	0.75084
3584	3584	1	286	236	0.64025
3584	3584	1	486	90	5.30839
3584	3584	1	448	160	2.52661
3584	3584	1	338	288	0.00000
3584	3584	1	208	470	1.68505
3584	3584	1	110	284	3.21180
3584	3584	1	230	280	0.70673
3584	3584	2	498	454	0.00000
3584	3584	2	84	418	0.00000
3072	3584	2	164	492	0.00000
3584	3584	1	434	266	2.87534
3584	3584	1	444	464	5.40941
3584	3584	2	414	378	0.00000
3584	3584	1	402	28	0.00000
2048	3072	1	152	42	0.00000
2048	3072	1	32	102	5.66757
2048	3072	1	70	198	1.42124
2048	3072	1	32	324	5.61869
2048	3072	1	186	338	3.73460
2048	3072	1	308	244	0.76588
2048	3072	1	280	168	4.15905
2048	3072	1	232	98	0.42733
2048	3072	1	380	32	3.20534
2048	3072	1	500	98	0.38786
2048	3072	2	436	232	0.00000
2560	3072	2	102	236	0.00000
2560	3072	2	222	140	0.00000
2560	3072	1	112	124	1.85175
2560	3072	1	138	182	4.96383
2560	3072	1	320	334	4.83142
2560	3072	1	280	208	1.03647
2560	3072	1	512	236	4.84494
2560	3072	1	476	334	4.77799
2048	3072	1	254	374	4.72572
2048	3072	1	390	380	4.08445
2048	3072	1	500	350	2.42924
2560	3072	2	92	412	0.00000
2560	3072	1	162	502	1.76051
2560	3072	1	48	498	6.00766
2048	3072	1	428	476	0.00000
2048	3072	1	340	486	1.17626
2048	3584	1	222	40	1.72832
2048	3072	2	168	482	0.00000
2048	3584	1	78	82	1.15338
2048	3584	1	264	192	0.00000
2048	3584	1	420	78	3.59225
2048	3584	1	476	140	1.15839
2560	3584	1	108	58	4.10851
2560	3584	1	232	48	0.87965
2560	3584	1	156	158	1.50678
2560	3584	1	322	220	2.33448
2560	3584	1	380	56	0.44936
2560	3072	1	382	444	5.02601
2560	3072	1	142	324	0.00000
2560	3072	1	250	456	2.34250
2560	3584	1	480	108	0.00000
2560	3584	1	460	230	2.26834
2560	3584	1	306	170	2.08871
2560	3584	1	234	278	0.25615
2560	3584	1	110	230	4.15229
2048	3584	1	462	218	2.03055
2048	3584	1	166	282	2.62714
2048	3584	1	68	256	2.73277
2560	3584	1	228	452	2.01488
2560	3584	1	438	392	0.28243
2560	3584	1	4	348	1.13149
2048	3584	1	416	370	0.14190
2048	3584	1	320	312	1.23836
2048	3584	1	314	392	5.09818
2048	3584	1	88	398	0.00000
2048	3584	1	216	506	4.70034
2560	3072	1	440	36	0.00000
2560	3072	1	266	36	0.00000
2560	3072	1	370	32	0.00000
2560	3072	1	512	106	0.00000
2560	3072	1	424	198	0.00000
2560	3072	2	362	242	0.00000
2560	3584	2	338	496	0.00000
2048	3584	2	370	472	0.00000
2560	3584	1	114	416	0.72990
2560	3584	1	136	512	4.56261
2560	3584	1	36	506	0.00000
2048	3584	1	482	478	1.30163
2048	3072	1	400	140	5.17604
2560	3584	2	128	302	0.00000
2048	3072	2	186	216	0.00000
2048	3584	2	132	20	0.00000
2560	3584	2	50	150	0.00000
2048	3584	2	182	460	0.00000
2048	3584	2	206	382	0.00000
2560	3584	2	12	290	0.00000
2560	3584	1	352	312	3.79146
2560	3584	2	286	328	0.00000
2560	3584	1	508	372	2.39784
2048	3584	2	318	497	0.00000
