1024	2048	1	94	242	0.95012
1024	2048	1	238	374	0.31199
1024	2048	1	58	102	0.00000
1024	2048	2	206	80	0.00000
1024	2048	2	128	40	0.00000
1024	2048	2	246	6	0.00000
1024	2048	2	436	16	0.00000
1536	2048	2	24	36	0.00000
1024	2048	1	492	224	3.35785
1536	2048	1	96	114	0.00000
1536	2048	2	208	138	0.00000
1536	2048	1	386	60	0.99442
1536	2048	1	330	188	0.92345
1536	2048	1	422	308	5.41640
1536	2048	2	500	60	0.00000
1536	2048	1	28	296	3.61679
1536	2048	1	124	296	3.39681
1536	2048	1	292	288	5.34579
1536	2048	1	250	346	2.07789
1536	2048	1	302	468	4.92520
1536	2560	1	456	26	4.92099
1536	2048	1	498	430	0.91747
1536	2048	1	512	246	3.16702
1024	2560	1	272	32	1.02093
1024	2560	1	196	232	4.99763
1024	2560	1	90	136	0.00000
1024	2560	1	452	46	2.41713
1536	2048	1	32	476	3.85072
1536	2048	1	138	472	2.54272
1536	2560	1	234	86	5.02404
1536	2560	1	512	132	0.00000
1536	2560	1	90	28	5.64880
1536	2560	1	162	182	0.00000
1536	2560	1	74	142	5.96946
1536	2560	1	360	196	5.52481
1536	2560	1	318	260	5.58644
1536	2560	1	420	344	1.61954
1536	2560	1	512	282	3.61901
1536	2560	2	446	270	0.00000
1024	2560	1	472	198	0.63060
1024	2560	1	44	348	2.04457
1024	2560	1	112	316	2.08794
1024	2560	1	20	210	0.00000
1024	2560	1	60	474	3.91655
1024	2560	1	142	484	3.84282
1024	2560	1	236	466	3.75498
1024	2560	1	362	396	0.75315
1024	2560	1	460	484	2.17784
1536	2560	1	76	444	5.19436
1536	2560	1	106	262	2.24554
1536	2560	1	10	314	1.94335
1536	2560	1	234	420	2.04189
1536	2560	1	218	336	1.55597
1536	2560	1	398	422	2.11645
1536	2560	2	292	512	0.00000
1536	2560	1	512	512	0.00000
1024	3584	1	206	382	0.00000
1024	3584	1	476	442	0.34720
1536	3584	1	240	176	5.79370
1536	3584	1	304	424	0.12234
1024	3584	1	342	342	1.39120
1536	3584	1	430	4	1.23727
1536	3584	1	264	54	2.92830
1536	3584	1	364	110	4.42462
1024	3584	1	64	406	2.46489
1536	3584	1	422	512	4.54106
1536	3584	1	52	300	0.77704
1024	3072	1	104	212	0.24739
1024	3584	1	8	492	5.52887
1536	3584	1	386	214	5.03491
1536	3072	1	330	450	0.20257
1536	3584	1	160	358	1.77290
1536	3584	1	24	492	0.93254
1536	3584	1	180	258	2.36603
1536	3584	1	512	434	1.29829
1536	3584	1	186	464	0.83049
1536	3584	1	390	306	4.85310
1536	3072	2	376	490	0.00000
1024	3072	2	378	194	0.00000
1536	3072	2	192	360	0.00000
1536	3584	2	464	122	0.00000
1536	3584	2	512	16	0.00000
1536	3584	2	376	70	0.00000
1536	3584	2	254	266	0.00000
1536	3584	2	250	364	0.00000
1024	3584	1	64	256	4.71962
1024	3584	1	54	28	0.74845
1024	3584	1	82	94	0.85293
1024	3072	1	0	448	5.90024
1024	3584	1	210	174	1.29760
1024	3584	1	136	132	4.31047
1024	3072	2	22	372	0.00000
1024	3584	2	170	26	0.00000
1024	3584	1	348	134	1.46375
1024	3584	1	404	18	3.15622
1536	3584	1	44	164	4.37903
1536	3584	1	44	92	4.16830
1024	3584	1	476	72	3.47244
1536	3584	1	176	22	3.06909
1536	3072	1	140	404	5.36956
1024	3072	1	508	396	5.78305
1024	3584	1	382	206	4.54692
1536	3072	1	414	368	5.72989
1536	3072	1	230	356	2.64586
1536	3072	1	470	190	2.71947
1536	3072	1	504	36	0.00000
1536	3072	1	330	48	2.39541
1536	3072	1	404	202	5.82309
1536	3072	1	304	216	4.02481
1536	3072	1	228	106	5.10216
1536	3072	1	136	152	5.80272
1536	3072	1	48	206	0.22762
1024	3072	2	498	300	0.00000
1536	3072	1	152	34	1.67429
1024	3072	1	478	126	1.22968
1024	3072	1	386	12	1.22342
1024	3072	1	286	90	5.59572
1024	3072	2	470	34	0.00000
1024	3072	1	148	76	1.29205
1024	3072	1	174	198	0.00000
1024	3072	2	348	344	0.00000
1024	3072	1	234	332	0.71850
1024	3072	2	236	234	0.00000
1024	3072	1	310	276	0.09150
2560	2048	1	178	100	0.00000
2048	2048	1	94	238	5.86339
2048	2048	1	132	96	5.78924
2048	2048	2	42	52	0.00000
2048	2048	2	192	60	0.00000
2048	2048	1	254	214	0.43241
2048	2048	1	320	324	0.00000
2048	2048	1	410	262	0.00000
2048	2048	2	496	70	0.00000
2048	2048	1	180	398	3.14159
2048	2048	2	42	312	0.00000
2048	2048	1	100	482	0.00000
2560	2048	1	114	256	5.95133
2048	2048	1	392	476	5.20430
2048	2560	2	268	2	0.00000
2048	2048	2	222	478	0.00000
2048	2560	1	144	100	4.29247
2048	2560	1	270	124	0.64612
2560	2048	1	26	248	2.45272
2560	2048	1	470	304	1.25562
2560	2048	1	472	224	1.43216
2048	2048	2	500	388	0.00000
2560	2560	1	94	48	0.87624
2560	2560	1	134	168	4.17512
2560	2048	1	410	512	3.92699
2048	2048	2	376	114	0.00000
2560	2048	2	310	388	0.00000
2560	2048	1	172	432	1.50838
2048	2560	1	482	98	3.95486
2048	2560	2	374	130	0.00000
2048	2560	2	404	60	0.00000
2560	2048	1	324	98	0.00000
2560	2048	1	362	216	3.72960
2560	2560	1	474	118	4.48826
2560	2560	1	250	50	4.62910
2048	2560	2	320	218	0.00000
2048	2560	2	170	372	0.00000
2048	2560	2	318	416	0.00000
2560	2560	2	322	486	0.00000
2048	2560	2	510	494	0.00000
2048	2560	2	448	316	0.00000
2560	2560	2	466	326	0.00000
2560	2048	1	448	54	0.62350
2560	2048	2	368	30	0.00000
2560	2560	1	398	206	5.54124
2560	2560	2	504	206	0.00000
2560	2560	1	234	198	0.00000
2048	2560	1	476	242	1.43115
2048	2560	1	142	236	5.83159
2048	2560	1	264	304	3.33493
2560	2560	1	308	310	0.00000
2560	2048	1	194	312	3.93599
2560	2048	1	294	186	0.00000
2048	2560	1	98	330	3.29649
2560	2560	1	232	416	0.00000
2560	2560	1	418	352	5.62463
2048	2560	1	454	426	0.81396
2560	2560	1	162	314	5.63006
2560	2560	1	90	442	0.00000
2560	2560	1	52	308	5.13195
2048	2560	1	254	476	0.00000
2048	2048	1	26	422	0.91149
2048	2560	2	46	226	0.00000
2048	2560	2	82	468	0.00000
2560	2560	2	504	478	0.00000
2048	2560	2	348	494	0.00000
2048	2560	2	188	424	0.00000
2048	2560	1	28	398	3.71153
2048	2560	2	158	506	0.00000
2048	2560	1	20	110	0.35582
3072	2560	1	16	452	3.86323
3072	2560	1	152	384	5.79425
3072	2560	1	290	392	1.60249
3072	2560	1	400	424	0.86289
3072	2560	1	504	406	2.97125
3584	2560	1	70	436	2.67513
3584	2560	1	156	480	2.12200
3584	2560	1	230	458	4.34401
3584	2560	1	460	392	0.00000
3584	2560	2	376	512	0.00000
3584	2560	2	350	436	0.00000
3584	2560	1	358	300	5.67006
3584	2560	1	182	358	3.19818
3584	2560	1	262	366	4.14883
3584	2560	1	268	258	3.54508
3584	2560	1	42	334	5.25468
3072	2560	1	392	302	0.00000
3072	2560	1	248	300	1.99294
3072	2560	1	144	224	4.17325
3072	2560	1	290	170	0.29506
3072	2560	1	346	210	3.51453
3584	2560	1	6	160	2.01682
3072	2560	1	464	262	3.29011
3584	2560	1	102	272	2.29983
3584	2560	1	212	180	0.00000
3584	2560	1	134	146	3.04418
3584	2560	1	358	150	5.85041
3584	2560	1	468	222	2.89656
3584	2560	1	436	68	4.13812
3584	2560	1	264	82	1.57749
3584	2048	1	110	492	4.17413
3584	2048	1	46	432	3.88459
3584	2048	1	304	342	1.46336
3584	2048	1	402	430	3.03709
3584	2048	1	504	478	0.82721
3584	2048	1	508	392	4.65719
3584	2048	1	468	290	1.53319
3584	2048	1	392	212	5.12842
3584	2048	1	468	54	0.00000
3584	2048	1	390	86	6.17223
3584	2048	1	250	86	3.70226
3584	2048	1	156	114	0.14150
3584	2048	1	46	122	2.07960
3072	2048	1	462	166	5.25387
3072	2048	1	388	76	4.14066
3072	2560	1	410	58	1.63417
3584	2560	1	18	88	5.49784
3072	2560	1	194	116	1.07339
3072	2048	1	168	486	6.18005
3072	2048	1	32	422	0.00000
3072	2560	2	24	108	0.00000
3072	2560	1	30	186	1.25719
3072	2048	1	130	322	4.57406
3072	2048	1	214	244	2.34222
3072	2048	1	70	202	0.00000
3072	2048	2	104	130	0.00000
3072	2048	1	138	82	5.26823
3072	2048	1	68	48	3.56175
3072	2048	1	236	104	2.93394
3072	2048	1	324	136	2.74850
3072	2048	1	318	238	2.56069
3072	2048	1	312	342	4.63204
3072	2048	1	422	248	5.11665
3072	2048	1	402	432	3.12876
3072	2048	1	504	362	4.46827
3072	2048	1	262	434	5.68192
3072	2560	2	252	26	0.00000
3072	2560	2	314	18	0.00000
3072	2048	2	286	22	0.00000
3584	3584	1	480	364	5.36574
3584	3584	1	476	290	1.98474
3584	3584	1	486	186	0.00000
3584	3584	1	306	416	0.92895
3584	3584	1	372	450	0.83789
3584	3584	1	442	464	0.43239
3584	3584	1	298	296	4.63116
3584	3584	1	228	362	4.53765
3584	3584	1	280	470	1.00234
3584	3584	1	372	372	6.16641
3584	3584	1	224	442	0.78938
3584	3584	1	92	438	5.67862
3584	3584	1	22	472	0.00000
3072	3584	1	356	474	4.70695
3072	3584	1	454	448	0.00000
3072	3584	1	364	398	2.20401
3072	3584	1	250	430	0.00000
3072	3584	1	48	474	0.84266
3072	3584	1	178	512	4.07523
3072	3584	1	142	448	2.11641
3072	3584	1	190	352	0.00000
3072	3584	1	212	204	4.09797
3072	3584	1	60	200	2.48681
3072	3584	1	78	272	1.67385
3072	3584	1	346	208	1.80424
3072	3584	1	394	326	5.83642
3072	3584	1	54	382	3.78568
3072	3584	1	262	304	5.68674
3072	3584	2	118	370	0.00000
3072	3584	1	432	292	0.70781
3072	3584	1	474	336	3.26618
3584	3584	1	286	256	4.70241
3584	3584	1	132	306	2.70875
3584	3584	1	340	202	0.79170
3584	3584	1	164	276	5.62522
3584	3584	1	76	202	0.00000
3072	3584	1	492	166	3.42145
3584	3584	1	48	298	2.76028
3584	3584	1	182	134	0.00000
3072	3584	1	134	108	1.89451
3072	3584	1	18	92	2.18047
3072	3584	1	346	130	2.00056
3584	3584	1	398	100	3.07115
3584	3584	1	296	100	4.46207
3584	3584	1	270	4	0.46633
3584	3584	1	512	80	1.48229
3584	3584	1	512	4	1.71254
3584	3072	1	512	428	4.99505
3584	3072	1	396	496	0.82952
3584	3072	1	400	400	0.00000
3584	3072	1	472	318	3.20789
3584	3072	2	350	316	0.00000
3584	3072	1	316	356	0.99482
3584	3072	1	166	498	0.79159
3584	3072	1	178	412	1.30542
3584	3072	1	12	488	0.00000
3072	3584	1	438	72	1.30114
3072	3584	1	230	56	2.96311
3072	3584	1	116	4	2.40328
3072	3072	1	52	378	0.00000
3072	3072	1	298	466	0.00000
3072	3072	2	240	446	0.00000
3072	3584	1	386	12	5.35909
3072	3072	1	424	432	1.72271
3584	3072	1	98	388	3.53849
3072	3072	1	454	342	5.31779
3584	3072	1	198	266	0.00000
3584	3072	1	316	240	2.76002
3584	3072	1	512	186	1.46936
3584	3072	1	512	60	3.20016
3584	3072	1	412	54	5.88326
3584	3072	1	344	142	5.92605
3584	3072	1	248	22	4.37053
3584	3072	1	238	150	3.90331
3584	3072	1	124	288	2.11515
3584	3072	1	160	176	4.50023
3584	3072	1	150	46	4.95799
3584	3072	1	108	110	4.69855
3584	3072	1	54	186	0.00000
3584	3072	1	30	292	1.71831
3072	3072	1	452	204	1.62905
3072	3072	1	382	272	4.87533
3072	3072	1	280	364	1.62838
3072	3072	1	176	374	3.21565
3584	3072	1	30	78	3.90595
3072	3072	1	480	32	4.04397
3072	3072	1	424	10	0.00000
3072	3072	1	390	154	0.78376
3072	3072	1	288	160	5.62833
3072	3072	1	236	216	2.91386
3072	3072	1	52	232	3.03318
3072	3072	1	74	138	4.91400
3072	3072	1	224	62	4.69265
3072	3072	1	76	44	1.41148
2048	3072	1	378	474	1.10197
2048	3584	1	332	456	5.96143
2560	3584	1	508	90	2.45181
2048	3584	1	278	314	5.92758
2560	3584	1	198	322	3.33278
2560	3584	1	258	200	1.55458
2560	3584	1	392	386	2.32599
2048	3584	1	174	368	1.35213
2048	3584	1	424	420	4.12344
2048	3584	1	28	420	1.33219
2048	3584	1	270	452	6.00697
2560	3072	1	396	408	3.81976
2560	3072	1	116	478	1.04688
2560	3584	1	42	458	2.52183
2560	3584	1	382	504	0.01673
2560	3584	1	304	308	3.59711
2560	3584	1	512	178	1.93314
2048	3584	1	196	504	5.63795
2560	3584	1	146	434	2.17688
2560	3584	1	290	426	0.39458
2560	3584	1	390	114	1.61070
2560	3584	1	450	222	2.63735
2560	3584	1	468	358	5.89631
2560	3072	1	92	452	3.30501
2048	3584	1	366	298	0.00000
2560	3072	1	414	292	4.64131
2048	3584	1	506	502	5.81782
2048	3584	1	432	502	5.82402
2560	3584	1	126	512	6.04145
2560	3584	1	222	446	3.50787
2560	3584	1	322	506	0.21876
2560	3584	1	512	510	4.02071
2048	3584	1	332	172	4.72236
2048	3584	1	222	228	4.49675
2048	3584	1	100	220	1.80863
2560	3584	1	6	214	0.44030
2560	3072	1	226	454	6.20029
2560	3584	1	54	322	3.59319
2560	3584	2	120	298	0.00000
2048	3584	1	210	36	5.52903
2048	3584	1	342	106	1.81792
2560	3584	1	296	6	5.32364
2560	3584	1	422	22	4.03765
2560	3584	1	204	34	5.66748
2560	3584	1	244	130	1.82898
2048	3584	1	450	54	5.68314
2560	3584	1	88	88	3.83650
2048	3584	1	36	104	0.39745
2048	3584	1	188	128	1.52447
2048	3584	2	372	30	0.00000
2048	3072	2	314	434	0.00000
2048	3072	2	158	482	0.00000
2048	3072	2	494	436	0.00000
2048	3072	1	70	470	0.60970
2560	3072	2	350	238	0.00000
2560	3072	1	218	364	5.82888
2560	3072	1	236	268	5.89258
2560	3072	1	30	106	0.88085
2048	3072	1	228	300	0.08905
2048	3072	2	286	276	0.00000
2560	3072	2	90	156	0.00000
2560	3072	2	140	78	0.00000
2560	3072	2	232	132	0.00000
2048	3072	1	68	214	1.10056
2048	3072	1	230	426	4.13886
2048	3072	2	40	376	0.00000
2048	3072	1	236	186	3.21193
2048	3072	1	80	0	0.00000
2048	3072	1	0	54	5.92814
2048	3072	1	130	124	1.64686
2048	3072	1	142	34	0.35463
2048	3072	1	256	0	0.00000
2048	3072	2	206	24	0.00000
2048	3072	1	372	144	5.45820
2048	3072	1	290	162	6.05554
2048	3072	1	320	8	3.66637
2048	3072	1	458	50	1.52236
2560	3072	1	178	50	6.15251
2560	3072	1	482	0	4.21325
2560	3072	1	512	64	1.22673
2560	3072	1	404	44	5.56909
2560	3072	1	356	148	1.75497
2560	3072	1	134	278	0.39852
2560	3072	2	102	222	0.00000
2560	3072	1	50	282	0.00000
2048	3072	1	420	354	4.91989
2048	3072	1	486	282	3.17251
2048	3072	2	436	236	0.00000
