1024	2560	1	252	60	1.12177
1024	2048	1	512	230	3.63867
1536	2048	1	88	472	6.00628
1024	2048	1	232	338	0.00000
1024	2048	1	132	398	3.22790
1024	2048	1	64	124	3.77331
1024	2048	2	192	96	0.00000
1024	2560	1	460	50	2.12948
1024	2560	2	280	130	0.00000
1024	2048	2	36	366	0.00000
1536	2048	1	336	278	2.43853
1536	2048	2	260	348	0.00000
1536	2048	1	320	474	3.69877
1536	2560	1	202	18	3.49890
1536	2048	1	436	484	3.08243
1536	2048	2	510	300	0.00000
1536	2048	2	216	154	0.00000
1024	2048	2	442	36	0.00000
1024	2048	2	254	14	0.00000
1536	2048	2	4	32	0.00000
1536	2048	2	158	100	0.00000
1536	2048	1	388	100	4.40041
1536	2048	2	248	74	0.00000
1536	2560	1	100	114	0.53542
1024	2560	2	408	196	0.00000
1024	2560	2	92	186	0.00000
1536	2560	2	326	112	0.00000
1024	2560	2	18	368	0.00000
1024	2560	2	14	232	0.00000
1024	2560	2	90	296	0.00000
1024	2560	1	332	310	5.04160
1536	2560	1	40	368	2.07540
1536	2560	1	268	254	5.89671
1536	2560	1	430	258	3.43809
1536	2560	2	450	358	0.00000
1024	2560	2	468	420	0.00000
1024	2560	2	122	464	0.00000
1024	2560	2	188	494	0.00000
1024	2560	2	268	490	0.00000
1024	2560	1	168	178	1.97220
1536	2048	1	478	166	3.75727
1536	2048	2	494	48	0.00000
1024	2048	2	102	0	0.00000
1536	2560	1	136	208	0.00000
1536	2560	1	26	196	2.00543
1024	2560	1	212	380	4.11765
1024	2560	2	186	286	0.00000
1536	2560	1	182	438	3.19558
1536	2560	1	184	280	0.00000
1536	2560	1	352	248	0.00000
1024	2560	1	364	486	4.19878
1536	2560	1	382	428	4.90737
1536	2560	1	264	388	4.17528
1024	3584	1	510	326	0.80664
1536	3584	1	402	314	2.34915
1536	3584	1	226	420	0.64921
1024	3584	1	34	268	3.10263
1024	3584	1	206	232	5.83923
1536	3584	1	70	440	0.03536
1024	3584	1	464	470	0.24360
1536	3584	1	134	432	0.00000
1536	3584	1	426	174	5.41536
1536	3584	1	294	486	0.00000
1024	3584	1	284	428	0.44531
1536	3584	1	380	396	5.47336
1536	3584	1	458	242	3.59507
1024	3584	1	428	262	1.75137
1024	3584	1	110	208	0.00000
1024	3584	1	116	378	1.73606
1024	3584	1	214	114	5.02806
1536	3584	1	262	264	2.76878
1536	3584	1	142	224	4.89724
1024	3584	1	340	124	1.52772
1536	3584	1	52	96	3.82213
1536	3584	1	226	134	0.43092
1536	3072	1	458	492	3.40638
1024	3072	1	46	496	0.00000
1024	3584	1	486	60	3.70439
1536	3584	1	294	8	1.86277
1024	3072	1	288	494	0.40211
1024	3072	1	94	480	0.00000
1024	3072	1	390	488	2.06255
1024	3072	1	434	426	2.18628
1536	3072	1	48	460	0.00000
1024	3584	2	18	66	0.00000
1536	3584	2	38	204	0.00000
1536	3584	2	472	116	0.00000
1024	3072	2	384	178	0.00000
1024	3584	2	168	26	0.00000
1024	3584	2	40	448	0.00000
1024	3584	2	338	184	0.00000
1536	3072	2	192	352	0.00000
1536	3072	2	318	102	0.00000
1024	3584	2	256	182	0.00000
1024	3072	1	472	358	1.56095
1024	3072	1	240	408	3.90819
1024	3072	1	168	314	2.12188
1024	3072	1	28	204	0.00000
1024	3072	1	108	212	3.38638
1024	3072	1	204	180	3.71640
1536	3072	1	168	440	5.41849
1536	3072	1	290	418	5.87206
1536	3072	1	428	250	5.72990
1536	3072	1	354	332	2.37459
1536	3072	1	300	262	0.61963
1536	3072	1	178	304	4.44875
1536	3072	1	206	222	4.61166
1024	3072	1	472	242	0.46198
1536	3072	1	42	274	0.60018
1024	3072	1	324	296	0.35095
1024	3072	1	270	222	0.50773
1536	3072	1	510	58	4.75556
1536	3072	1	478	138	1.47126
1536	3072	1	364	92	3.64128
1536	3072	1	256	96	2.90290
1536	3072	1	176	106	2.54292
1536	3072	1	102	158	0.31942
1536	3072	1	46	104	0.57830
1024	3072	1	96	88	6.01914
1024	3072	1	270	40	3.20174
1024	3072	1	196	36	3.31804
1024	3072	2	474	42	0.00000
2560	2048	1	200	94	6.24227
2048	2048	1	304	288	0.00000
2048	2048	1	34	256	0.25615
2048	2048	1	394	124	4.78092
2560	2048	1	120	248	5.55121
2048	2048	1	508	230	1.86293
2560	2048	1	366	240	4.14543
2048	2048	1	466	356	6.02146
2048	2048	1	72	430	2.08133
2048	2048	1	206	312	2.62006
2560	2560	1	378	16	3.27950
2560	2048	1	254	394	0.47998
2560	2560	1	40	14	3.87169
2560	2048	1	68	364	5.29874
2048	2048	1	388	462	4.71632
2048	2560	1	134	48	3.22783
2048	2560	1	52	110	3.19206
2048	2560	1	326	100	5.69152
2048	2560	1	446	142	4.12558
2560	2048	1	316	470	0.48439
2560	2048	1	208	208	3.60532
2560	2048	1	428	114	1.29911
2560	2560	1	186	182	1.64574
2560	2560	1	270	118	4.30484
2560	2048	1	488	496	3.29944
2560	2560	1	384	166	1.14222
2560	2560	1	470	98	4.76986
2560	2560	1	336	266	1.88574
2048	2560	1	260	322	3.22265
2048	2560	1	146	272	1.46494
2048	2560	1	66	392	0.94141
2560	2560	1	30	308	5.50048
2048	2560	1	374	290	0.90148
2560	2560	1	194	340	4.88744
2560	2560	1	500	312	2.30714
2560	2560	1	312	412	4.20828
2560	2560	1	192	434	5.47749
2048	2560	1	434	482	0.90188
2560	2560	1	426	470	3.81228
2048	2048	1	68	44	1.75037
2048	2048	1	308	62	3.67696
2560	2048	1	464	258	0.26613
2048	2560	2	412	59	0.00000
2048	2560	2	360	53	0.00000
2560	2048	1	168	500	3.22660
2048	2560	2	165	145	0.00000
2048	2560	2	234	157	0.00000
2048	2560	2	320	207	0.00000
2560	2560	2	18	163	0.00000
2048	2560	2	442	311	0.00000
2048	2560	2	178	367	0.00000
2048	2560	2	320	427	0.00000
2048	2560	2	202	417	0.00000
2560	2560	2	22	477	0.00000
2560	2560	2	314	487	0.00000
2048	2560	1	160	512	0.54686
2560	2560	2	458	329	0.00000
3072	2560	2	436	128	0.00000
3072	2560	2	462	182	0.00000
3072	2560	2	312	26	0.00000
3072	2560	2	254	18	0.00000
3584	2048	1	382	94	0.00000
3584	2048	1	466	62	0.00000
3584	2048	1	130	106	0.04100
3584	2048	1	240	90	4.34003
3584	2048	1	224	0	0.00000
3584	2048	1	374	222	5.40428
3584	2048	1	224	256	2.53374
3584	2048	1	512	108	0.00000
3584	2560	1	448	92	3.28945
3584	2048	1	100	272	1.62605
3584	2560	1	286	140	1.70560
3584	2048	1	56	388	1.22308
3584	2048	1	264	376	1.85580
3584	2048	1	238	488	1.07693
3584	2048	1	44	466	4.96231
3584	2048	1	380	468	2.57108
3584	2560	1	446	376	3.14639
3584	2560	1	412	192	5.09491
3584	2560	1	278	240	2.25311
3584	2560	1	366	266	0.00000
3584	2560	1	512	218	2.73783
3584	2048	1	512	474	4.17629
3584	2560	1	512	368	3.24500
3072	2560	1	430	268	1.57310
3584	2560	1	356	382	1.82127
3584	2560	1	494	498	1.58379
3584	2560	1	246	334	3.00199
3584	2560	1	156	208	5.06838
3072	2560	1	440	396	0.00000
3072	2560	1	378	208	4.20380
3072	2560	1	352	350	3.15628
3072	2560	1	306	438	2.31235
3584	2560	1	362	510	1.77000
3584	2560	1	170	98	3.00097
3584	2560	1	244	462	4.71264
3072	2560	1	360	96	0.22772
3072	2560	1	208	500	1.15434
3584	2560	1	8	32	2.56675
3584	2560	1	216	392	2.03886
3584	2560	1	174	298	5.65987
3584	2560	1	88	78	0.39368
3584	2560	1	138	428	5.51924
3584	2560	1	26	206	5.99729
3584	2560	1	18	492	1.53138
3072	2560	1	456	76	2.22440
3072	2560	1	168	288	2.79857
3584	2560	2	336	442	0.00000
3072	2560	2	168	394	0.00000
3072	2560	1	102	372	0.00000
3072	2560	1	74	116	1.28161
3072	2560	1	26	228	1.98220
3072	2560	1	2	318	2.50490
3072	2560	1	258	336	3.47226
3072	2560	1	262	168	2.90085
3072	2560	1	130	172	0.42996
3072	2560	1	76	2	2.06883
3072	2560	1	30	438	3.63172
3072	2048	1	218	344	6.17186
3072	2048	1	166	466	1.60382
3072	2048	1	116	336	3.83920
3072	2048	1	370	456	2.87128
3072	2048	1	424	380	2.25602
3072	2048	1	456	194	2.02829
3584	2048	1	26	64	1.89810
3584	2048	1	34	150	5.08128
3072	2048	1	194	58	3.39725
3072	2048	1	460	296	2.00541
3072	2048	1	242	252	5.77857
3072	2048	1	362	174	3.28456
3072	2048	1	258	120	4.25033
3072	2048	1	122	192	3.34885
3072	2048	1	44	84	6.02708
3072	2048	1	372	22	1.65590
3072	2048	2	100	24	0.00000
3072	2048	2	290	26	0.00000
3072	3072	1	63	107	3.59380
3072	3072	1	186	25	0.96432
3072	3072	1	121	189	3.80578
3072	3072	1	206	192	0.00000
3072	3072	1	299	71	1.10682
3072	3072	1	410	99	5.84779
3072	3072	1	338	205	1.03801
3072	3072	1	473	173	0.79102
3072	3072	1	40	363	0.57590
3584	3072	1	218	52	5.86895
3584	3072	1	133	54	0.61320
3584	3072	1	342	10	1.57772
3584	3072	1	354	67	4.79379
3584	3072	1	468	87	3.77721
3584	3072	1	348	175	5.85990
3584	3072	1	445	240	0.30370
3584	3072	1	131	151	1.43588
3584	3072	1	84	218	1.41031
3072	3072	2	429	251	0.00000
3584	3072	2	7	201	0.00000
3584	3072	1	217	223	3.95632
3584	3072	1	266	291	3.78193
3072	3072	1	289	283	1.85263
3072	3072	1	225	351	2.07766
3072	3072	1	164	409	2.07980
3072	3072	1	111	493	2.33769
3072	3584	1	53	40	2.42988
3072	3072	1	327	406	3.68585
3072	3072	1	453	390	2.80358
3584	3072	2	9	364	0.00000
3584	3072	1	57	443	2.61750
3584	3072	1	156	322	2.20094
3584	3072	1	144	406	1.80238
3584	3072	1	342	373	2.31806
3584	3072	1	269	419	2.24422
3584	3072	1	482	437	2.65891
3584	3072	1	366	483	1.28613
3584	3072	1	188	479	4.91915
3072	3072	2	234	451	0.00000
3072	3072	1	494	499	4.56849
3072	3584	1	355	41	2.13714
3584	3584	1	62	36	1.43414
3072	3584	1	494	117	1.84581
3072	3584	1	213	40	3.43386
3072	3584	1	316	117	4.49316
3072	3584	1	39	136	1.26607
3072	3584	1	33	202	1.31661
3072	3584	1	219	182	1.83489
3584	3584	1	18	206	1.01176
3584	3584	1	145	126	0.35183
3584	3584	1	264	65	0.62734
3584	3584	1	362	60	4.12152
3584	3584	1	301	175	1.31547
3584	3584	1	236	157	3.85245
3584	3584	1	419	112	2.35076
3584	3584	1	395	212	0.82524
3584	3584	1	492	274	5.39593
3072	3584	1	140	282	0.00000
3072	3584	1	230	298	3.93839
3072	3584	1	318	324	2.70932
3072	3584	1	452	349	1.64360
3584	3584	1	126	214	0.41078
3072	3584	2	157	395	0.00000
3072	3584	1	273	468	0.32073
3584	3584	1	378	325	1.22322
3584	3584	1	319	408	0.43062
3584	3584	1	246	308	1.99269
3584	3584	1	153	334	1.79994
3584	3584	1	186	407	1.97392
3584	3584	1	23	412	0.39869
3584	3584	1	126	466	1.54407
3584	3584	2	261	480	0.00000
3072	3584	1	78	472	1.02071
2048	3072	1	126	40	0.45345
2048	3072	1	164	98	0.55456
2048	3072	1	288	102	0.00000
2048	3072	1	420	58	1.05676
2560	3072	1	50	78	1.29376
2048	3072	1	216	202	5.41044
2560	3072	1	272	50	5.64670
2560	3072	1	176	88	3.43292
2560	3072	1	386	80	5.53104
2560	3072	1	100	166	4.99444
2560	3072	1	274	166	0.77986
2560	3072	1	334	210	1.09830
2560	3072	1	478	212	0.00000
2560	3072	1	400	284	0.00000
2048	3072	1	376	224	5.66917
2048	3072	1	492	208	2.38989
2560	3072	2	102	232	0.00000
2048	3072	1	56	248	4.44843
2048	3072	1	100	306	3.99525
2048	3072	1	212	378	3.60970
2048	3072	1	288	382	3.64401
2048	3072	1	426	472	2.56004
2048	3072	1	476	396	5.84981
2560	3072	2	120	418	0.00000
2560	3072	1	44	350	3.07022
2560	3072	1	248	332	1.27641
2560	3072	2	360	440	0.00000
2560	3072	1	470	362	3.92400
2048	3072	2	30	82	0.00000
2048	3072	2	170	478	0.00000
2560	3584	1	86	20	1.33816
2048	3584	1	54	116	0.34214
2048	3584	1	214	110	5.00636
2048	3584	1	368	230	0.74492
2048	3584	1	370	34	1.71130
2048	3072	1	334	434	0.28240
2560	3072	1	234	478	0.00000
2560	3584	1	286	34	3.59418
2560	3584	1	186	104	2.57900
2048	3584	1	490	106	1.15446
2560	3584	1	114	156	2.46265
2048	3072	1	46	460	0.41257
2560	3584	1	428	106	2.64628
2560	3584	1	354	132	2.47115
2560	3584	1	494	52	3.11216
2560	3584	1	442	224	1.88551
2560	3584	1	326	340	0.41600
2560	3584	1	92	254	1.41679
2560	3584	1	24	186	1.60324
2560	3584	1	288	224	1.25533
2048	3584	1	270	228	0.00000
2048	3584	1	200	222	0.29992
2048	3584	1	104	192	3.71955
2048	3584	1	374	118	3.89126
2560	3584	1	424	300	3.87789
2560	3584	1	512	200	0.00000
2048	3584	1	402	384	0.16821
2560	3584	1	22	376	0.70624
2048	3584	1	364	322	0.90309
2048	3584	1	474	294	5.87451
2048	3584	1	146	444	0.17061
2048	3584	1	228	442	0.00000
2048	3584	2	144	294	0.00000
2560	3584	1	422	460	3.93271
2560	3584	1	204	328	4.01231
2560	3584	1	242	468	0.00000
2048	3584	1	492	496	1.13940
2048	3584	1	330	466	0.00000
2560	3584	1	478	384	2.12602
2560	3584	2	512	318	0.00000
2560	3584	2	342	436	0.00000
2560	3584	2	160	496	0.00000
2560	3584	2	92	500	0.00000
2560	3072	2	46	440	0.00000
2560	3072	2	224	120	0.00000
