1024	2048	1	190	250	4.24925
1024	2048	1	490	222	3.14824
1024	2048	1	240	370	0.32980
1024	2048	1	30	324	5.63285
1024	2048	1	62	142	3.90733
1536	2048	1	86	458	5.80679
1536	2048	2	254	349	0.00000
1536	2048	1	228	142	6.08837
1536	2048	1	252	34	6.19258
1536	2048	1	186	54	6.09992
1536	2048	1	12	2	0.24685
1024	2048	1	366	26	3.11795
1024	2048	2	190	88	0.00000
1024	2048	2	254	12	0.00000
1536	2048	1	364	124	3.72877
1536	2048	1	438	0	0.00000
1536	2048	1	320	258	1.99368
1024	2560	1	246	48	1.16199
1024	2560	1	458	40	2.26932
1536	2048	1	334	452	3.69848
1536	2560	1	208	20	3.50809
1536	2560	1	412	10	3.76195
1536	2048	2	488	70	0.00000
1536	2048	1	336	22	3.42861
1536	2048	2	504	162	0.00000
1536	2048	2	512	402	0.00000
1536	2048	2	512	292	0.00000
1024	2560	1	184	198	2.80647
1536	2560	1	90	108	0.49636
1536	2560	1	318	112	4.25472
1536	2560	1	458	200	3.48914
1536	2560	1	366	256	0.44587
1536	2560	1	270	246	6.01322
1536	2560	1	126	192	0.37737
1536	2560	1	44	224	2.21373
1024	2560	1	442	232	2.52309
1024	2560	1	412	334	2.76851
1536	2560	2	512	350	0.00000
1024	2560	2	84	184	0.00000
1024	2560	1	316	250	6.08795
1024	2560	1	128	282	2.47148
1024	2560	2	356	442	0.00000
1024	2560	1	416	468	3.58407
1536	2560	1	178	300	3.06868
1024	2560	1	24	262	0.85488
1024	2560	1	22	344	0.63118
1024	2560	1	118	406	1.17647
1024	2560	1	122	486	1.00576
1024	2560	2	196	288	0.00000
1024	2560	1	272	340	5.91699
1024	2560	1	220	470	3.41471
1536	2560	1	34	352	1.65207
1536	2560	1	44	426	5.09401
1536	2560	1	256	348	5.69053
1536	2560	1	382	420	2.05247
1536	2560	1	200	412	2.11575
1536	2560	1	486	484	0.66366
1536	2560	1	238	510	2.02952
1536	2560	1	90	512	1.99764
1536	2560	1	368	512	0.00000
1536	2560	2	472	405	0.00000
1024	3072	1	326	296	0.53152
1536	3072	1	40	354	0.00000
1536	3072	1	148	266	1.01496
1024	3072	1	128	240	3.91194
1024	3072	1	324	98	6.22562
1536	3072	1	128	166	0.20113
1024	3072	1	508	230	0.33746
1024	3072	1	38	220	0.00000
1024	3072	1	94	110	2.99188
1024	3072	1	228	54	4.23896
1024	3072	1	204	128	4.23446
1024	3072	1	264	226	5.60087
1024	3072	1	236	340	3.54040
1536	3072	1	48	122	0.00000
1536	3072	1	256	116	3.38124
1536	3072	1	346	152	0.00000
1536	3072	1	292	248	1.74592
1536	3072	1	446	272	5.45146
1536	3072	1	102	4	1.99940
1536	3072	1	382	20	0.00000
1536	3072	1	264	12	1.87848
1536	3072	1	474	14	0.65677
1536	3072	1	270	338	5.37846
1536	3072	1	386	350	2.11927
1024	3072	1	124	494	0.06798
1024	3072	1	46	510	0.33151
1024	3072	1	44	318	4.72151
1024	3072	1	0	54	0.00000
1024	3072	2	472	30	0.00000
1024	3072	1	292	494	0.69090
1024	3072	1	454	352	2.53666
1024	3072	1	418	424	2.19023
1024	3584	1	492	58	3.80264
1024	3072	1	408	504	2.88155
1536	3072	1	152	426	5.31662
1536	3072	1	116	482	5.76175
1536	3584	1	76	56	3.07332
1536	3072	1	294	438	5.40527
1536	3072	1	476	484	2.40162
1536	3072	2	382	434	0.00000
1536	3584	1	294	8	1.99372
1536	3584	1	424	128	0.00000
1536	3584	2	470	114	0.00000
1024	3584	1	216	130	0.00000
1024	3584	1	326	128	1.39119
1024	3584	1	448	182	4.73932
1536	3584	1	116	192	0.99033
1024	3584	1	36	282	3.36701
1024	3584	1	122	244	0.76412
1536	3584	1	254	264	2.55738
1024	3584	1	396	266	1.62729
1024	3584	1	212	304	4.67323
1536	3584	1	164	268	3.57432
1536	3584	1	338	262	2.78096
1536	3584	1	450	256	3.61795
1024	3584	1	490	356	1.27133
1024	3584	1	266	408	0.84983
1024	3584	1	118	382	0.86485
1024	3584	1	478	456	0.72664
1536	3584	1	66	422	0.00000
1536	3584	1	150	416	6.15321
1536	3584	1	222	472	0.38187
1536	3584	1	296	474	0.00000
1536	3584	1	382	384	5.29279
1536	3584	1	454	516	0.00000
1536	3584	1	506	430	2.74868
1536	3584	2	254	372	0.00000
2048	2048	1	110	122	0.30700
2048	2048	1	34	112	3.80070
2048	2048	2	158	108	0.00000
2048	2048	1	320	90	1.08895
2048	2048	1	428	94	0.00000
2048	2048	2	500	60	0.00000
2560	2048	1	184	90	0.42663
2560	2048	1	314	82	0.05200
2560	2048	1	410	78	2.19884
2560	2048	1	382	242	3.44628
2560	2048	1	470	262	0.00000
2048	2048	1	280	298	0.13886
2048	2048	1	22	248	0.47911
2048	2048	1	208	320	3.30869
2048	2048	1	480	382	5.57869
2560	2048	1	64	100	3.54624
2560	2048	1	152	194	5.25859
2560	2048	1	108	252	5.78183
2560	2048	1	64	338	5.65407
2560	2048	1	186	340	3.18010
2048	2048	1	506	204	2.15485
2560	2048	1	466	392	1.78747
2560	2048	1	248	368	0.00000
2048	2048	1	384	462	4.75718
2048	2048	1	74	422	1.91618
2560	2560	1	222	58	1.67629
2560	2048	1	34	504	4.74342
2560	2048	1	494	504	3.28583
2560	2048	1	372	510	3.75082
2048	2560	1	224	72	3.61584
2048	2560	1	300	108	5.93649
2560	2560	1	10	106	5.96599
2048	2560	1	130	104	3.55336
2048	2560	1	68	94	3.55720
2048	2560	1	188	248	0.96496
2048	2560	2	408	56	0.00000
2048	2560	2	356	58	0.00000
2560	2560	1	470	104	5.56542
2560	2560	1	152	168	2.01372
2560	2048	1	454	506	0.00000
2560	2560	1	16	306	0.00000
2048	2560	1	358	304	0.60436
2048	2560	2	442	320	0.00000
2048	2560	2	320	424	0.00000
2048	2560	1	60	338	1.58090
2048	2560	1	110	446	6.05630
2048	2560	1	448	482	0.83869
2560	2560	1	96	490	2.14924
2560	2560	2	310	494	0.00000
2560	2560	1	354	194	3.33599
2560	2560	1	258	160	5.54710
2560	2560	1	188	268	0.65724
2560	2560	1	442	222	4.28849
2560	2560	1	464	290	4.35839
2560	2560	1	412	438	4.28908
2560	2560	1	260	298	0.20726
2560	2560	1	328	370	3.69343
2560	2560	1	228	458	5.87441
2048	2560	2	190	424	0.00000
2048	2560	2	164	362	0.00000
3072	2048	1	198	44	3.20491
3072	2048	1	52	96	5.52481
3072	2048	1	284	118	3.86686
3072	2048	1	418	26	4.95431
3072	2048	1	454	116	3.87250
3072	2048	1	344	224	2.32590
3072	2048	1	346	310	2.24147
3072	2048	1	250	342	6.17253
3072	2048	1	178	354	5.97449
3072	2048	1	96	352	2.89003
3072	2048	1	194	482	1.59711
3072	2048	1	366	414	2.90042
3584	2048	1	64	218	5.74895
3584	2048	1	132	124	6.02951
3584	2048	1	242	82	3.97957
3584	2048	1	378	114	0.10639
3584	2048	1	464	76	0.00000
3072	2560	1	256	72	1.74913
3072	2560	1	496	10	5.70585
3584	2560	1	76	38	5.71646
3584	2048	1	26	416	1.82279
3584	2048	1	44	328	2.03444
3584	2048	1	244	290	5.04836
3584	2048	1	180	350	0.66104
3584	2048	1	376	220	5.28395
3584	2048	1	300	468	5.09231
3584	2560	1	190	58	3.26724
3072	2560	1	238	190	0.00000
3072	2560	1	68	128	0.24047
3072	2560	1	126	178	0.70664
3072	2560	1	62	322	2.04632
3072	2560	1	184	284	2.94420
3072	2560	1	158	396	6.06335
3072	2560	1	30	464	2.84182
3072	2560	1	296	488	1.97508
3072	2560	1	274	356	3.23987
3072	2560	1	342	196	5.62153
3584	2560	1	34	144	4.98334
3584	2560	1	72	332	0.96304
3072	2560	1	382	290	3.49604
3072	2560	1	446	320	0.68892
3072	2560	1	408	446	1.84213
3584	2560	1	46	414	4.97078
3584	2560	1	14	512	1.95354
3584	2560	1	312	428	2.74094
3584	2560	1	282	242	2.68062
3584	2560	1	426	88	3.87930
3584	2560	1	440	346	3.29139
3584	2560	1	300	112	3.64444
3072	2560	1	420	64	5.36919
3072	2048	1	126	212	3.53755
3072	2048	1	448	252	3.56589
3584	2560	1	130	380	4.93106
3584	2560	1	188	510	5.71185
3584	2560	1	480	512	5.77303
3584	2560	1	512	382	0.00000
3072	2560	2	468	186	0.00000
3584	2560	2	236	460	0.00000
3584	2560	1	362	346	5.97562
3584	2560	1	422	182	4.70262
3584	2560	2	214	348	0.00000
3072	3584	1	42	90	1.40618
3072	3584	1	324	344	2.54735
3072	3584	1	36	416	4.10446
3584	3072	1	508	216	0.36637
3072	3584	1	458	350	1.81257
3072	3584	1	92	440	0.81578
3072	3072	1	12	302	4.38969
3584	3072	1	462	308	2.74314
3584	3584	1	380	334	0.00000
3584	3072	1	488	420	2.24779
3584	3584	1	202	288	2.35619
3584	3584	1	294	286	3.41901
3584	3584	1	188	492	3.87941
3072	3584	1	178	258	5.23445
3584	3584	1	66	362	0.75342
3584	3584	1	312	450	5.84074
3584	3584	1	150	374	1.10834
3584	3584	1	484	346	0.02430
3072	3584	1	334	510	2.99116
3584	3584	1	270	512	3.31214
3584	3584	1	406	456	5.73333
3584	3584	1	102	274	5.72480
3072	3584	1	198	378	0.23343
3584	3584	1	30	498	0.06738
3584	3584	1	254	414	0.37725
3072	3584	1	456	478	3.70698
3072	3584	1	194	490	0.87946
3072	3584	1	282	426	4.93802
3072	3584	1	378	466	6.02791
3584	3584	1	154	442	0.90326
3072	3584	1	250	216	5.51349
3584	3584	1	262	80	3.10012
3072	3584	1	10	304	2.39391
3072	3584	1	8	212	2.14857
3072	3584	1	94	314	5.72011
3072	3584	1	506	296	1.40209
3584	3584	1	500	146	2.06078
3584	3584	1	16	206	1.13051
3584	3584	1	18	146	1.44644
3584	3584	1	190	162	2.11650
3584	3584	1	496	226	2.43789
3584	3584	1	348	204	2.28305
3072	3584	1	30	150	1.41644
3072	3584	1	146	116	0.62806
3072	3072	1	40	508	0.89919
3072	3584	1	256	80	3.51956
3072	3072	1	174	486	2.31552
3584	3584	1	498	58	4.36937
3584	3072	1	418	478	0.45763
3072	3072	1	148	404	1.44098
3584	3584	1	170	72	2.46256
3072	3584	1	482	50	3.40624
3072	3584	1	382	116	4.92138
3072	3072	1	104	358	1.34877
3072	3072	1	10	230	4.48978
3072	3584	1	392	2	2.57359
3584	3072	1	200	256	4.12439
3584	3072	1	474	166	3.57558
3584	3072	1	490	36	2.73195
3584	3072	1	344	394	2.31743
3584	3072	1	350	284	5.87780
3584	3072	1	300	508	2.76340
3584	3072	1	290	100	3.88926
3584	3072	1	436	116	3.98088
3584	3072	1	232	358	4.75058
3584	3072	1	336	130	3.82129
3584	3072	1	360	214	4.37687
3584	3072	1	44	6	2.10622
3584	3072	1	120	76	3.84661
3584	3072	1	254	38	0.67457
3584	3072	1	180	4	5.98774
3584	3584	1	54	34	0.90545
3584	3072	1	250	290	1.14488
3584	3072	1	182	136	5.46263
3584	3072	1	146	512	5.79185
3584	3072	1	160	422	1.27536
3584	3072	1	226	466	3.71332
3584	3072	1	40	252	0.62271
3072	3072	1	492	144	0.76250
3584	3072	1	152	192	1.99931
3584	3072	1	96	334	2.25053
3072	3072	1	330	382	3.81304
3584	3072	1	40	456	1.02735
3072	3072	1	444	420	3.87819
3072	3072	1	270	68	4.08223
3072	3072	1	346	196	1.59015
3072	3072	1	398	66	6.00877
3072	3072	1	256	304	1.76567
3072	3072	1	230	228	1.70226
3072	3072	1	148	40	0.61791
3072	3072	1	152	170	3.59943
3072	3072	1	52	124	3.00601
3072	3072	2	434	260	0.00000
3072	3072	2	246	450	0.00000
3072	3072	1	40	0	2.86106
3584	3072	2	12	206	0.00000
3584	3072	2	414	362	0.00000
2048	3072	1	246	186	5.07847
2048	3072	1	292	92	6.00111
2048	3072	1	176	88	2.04910
2048	3072	1	476	196	2.45293
2560	3072	1	30	80	4.19405
2560	3072	2	136	78	0.00000
2560	3072	2	236	136	0.00000
2560	3072	2	92	226	0.00000
2048	3072	1	58	96	5.05985
2048	3072	1	452	48	1.14548
2560	3072	2	242	46	0.00000
2560	3072	1	120	156	5.01523
2048	3072	1	188	306	4.19710
2048	3072	1	362	236	5.76426
2048	3072	1	494	316	4.28347
2560	3072	1	202	274	0.65868
2560	3072	1	356	156	5.15670
2560	3072	1	416	76	5.63584
2048	3072	1	278	328	2.38718
2048	3072	1	384	392	3.15320
2048	3072	1	196	412	5.44081
2560	3584	1	40	396	0.71306
2560	3072	2	32	430	0.00000
2560	3072	2	112	416	0.00000
2560	3072	1	290	240	5.87088
2560	3072	1	356	338	0.29757
2560	3072	1	470	226	4.42688
2560	3072	1	486	322	4.16500
2048	3072	2	48	384	0.00000
2560	3072	1	218	374	0.00000
2560	3072	1	386	434	4.19518
2048	3072	1	298	490	0.00000
2048	3584	1	406	22	0.00000
2048	3584	1	184	56	1.72994
2048	3584	1	498	74	0.00000
2560	3584	1	134	40	2.75674
2560	3072	1	214	474	0.00000
2560	3584	1	274	50	3.29780
2560	3584	1	416	60	2.21248
2560	3584	1	100	164	2.25212
2560	3584	1	222	272	2.39360
2560	3072	1	478	462	3.53753
2048	3584	1	374	134	1.24884
2560	3584	1	374	232	2.16606
2048	3584	1	168	162	4.01862
2560	3584	1	278	216	2.52521
2560	3584	1	358	162	2.09587
2048	3584	1	196	274	5.85700
2048	3584	1	274	268	5.86682
2048	3584	1	338	262	6.07531
2048	3584	1	480	278	0.45560
2048	3072	1	472	470	5.93552
2560	3584	1	36	248	1.99234
2560	3584	1	180	420	2.78967
2048	3584	1	62	174	0.94795
2560	3584	1	488	184	0.00000
2560	3584	1	328	348	0.82488
2048	3584	1	418	442	0.60716
2560	3584	1	460	334	2.61935
2560	3584	1	512	294	2.12230
2048	3584	1	134	464	0.28464
2048	3584	1	248	454	6.14598
2048	3584	2	118	272	0.00000
