1024	2048	1	102	42	3.09328
1024	2048	1	28	84	3.96022
1024	2048	1	194	76	0.59437
1024	2048	1	360	78	1.21680
1024	2048	1	256	0	0.46286
1024	2048	1	340	2	0.39479
1024	2048	1	444	0	0.00000
1536	2048	1	22	20	0.00000
1536	2048	1	192	6	3.49458
1536	2048	2	498	68	0.00000
1536	2048	2	266	86	0.00000
1536	2048	1	348	142	4.56110
1536	2048	1	336	248	3.53220
1024	2048	1	500	222	3.66441
1536	2048	1	98	184	5.89631
1024	2048	1	118	268	1.69777
1024	2048	1	252	368	0.13712
1536	2048	1	46	332	2.97246
1536	2048	1	244	314	2.67795
1536	2048	2	222	154	0.00000
1536	2560	1	484	474	1.12098
1536	2560	1	390	388	4.60621
1536	2560	1	344	502	5.45590
1536	2560	1	464	232	0.00000
1536	2560	1	476	118	4.01127
1536	2048	1	470	416	3.22965
1536	2048	1	78	508	1.75221
1024	2560	1	496	98	0.33667
1536	2560	1	88	106	5.84163
1024	2048	1	148	490	1.02225
1024	2560	1	300	36	1.06180
1024	2560	1	70	128	3.07116
1536	2048	1	128	394	3.15108
1536	2560	1	186	86	1.26659
1536	2048	1	198	408	3.01762
1536	2048	1	274	452	0.54042
1536	2048	1	376	374	3.94921
1536	2560	1	294	112	2.77915
1536	2560	1	384	72	3.65496
1024	2560	1	502	266	1.53429
1536	2560	1	384	210	3.39892
1536	2560	1	294	256	5.42990
1536	2560	1	302	348	1.39861
1536	2560	1	202	196	0.18745
1536	2560	1	118	270	2.40906
1024	2560	1	146	220	4.64034
1024	2560	1	120	310	2.39859
1024	2560	1	62	362	5.33437
1536	2560	1	32	326	5.18313
1536	2560	1	74	450	5.06354
1024	2560	1	432	384	3.47893
1024	2560	1	386	512	2.52479
1024	2560	1	374	194	3.41381
1024	2560	1	158	490	1.32076
1024	2560	1	42	446	0.98373
1024	2560	1	310	314	4.39901
1024	2560	1	294	472	0.00000
1024	2560	2	194	282	0.00000
1536	2560	2	466	418	0.00000
1536	3584	1	170	456	0.00000
1024	3584	1	470	414	0.51670
1024	3584	1	306	378	5.86843
1024	3584	1	86	268	0.75295
1536	3584	1	326	480	5.82861
1536	3584	1	44	462	0.54679
1024	3584	1	382	292	0.34087
1536	3584	1	174	296	0.70602
1536	3584	1	448	410	2.13411
1024	3584	1	158	388	5.36262
1536	3584	1	374	324	4.60173
1024	3584	1	126	456	5.98358
1536	3584	1	108	284	3.24467
1536	3584	1	42	174	2.89424
1024	3584	1	470	294	1.84910
1024	3584	1	268	258	2.16455
1536	3584	2	258	366	0.00000
1536	3584	1	484	330	5.01152
1024	3584	1	350	150	6.09661
1024	3584	1	412	46	2.85586
1536	3584	1	282	138	5.71362
1536	3072	1	266	510	5.91221
1536	3584	1	464	46	4.07443
1536	3072	1	388	506	4.44188
1536	3584	1	368	112	1.81066
1536	3584	2	462	100	0.00000
1536	3584	1	176	172	5.28684
1536	3584	1	214	130	2.11292
1536	3584	1	98	94	3.17606
1024	3584	1	84	106	0.97527
1024	3072	1	98	500	0.97022
1024	3584	1	244	60	0.79910
1536	3072	2	372	446	0.00000
1536	3072	1	458	374	3.21608
1536	3072	1	502	232	2.34537
1536	3072	1	302	298	0.00000
1536	3072	1	396	314	0.72664
1536	3072	1	100	438	3.42632
1536	3072	1	202	418	1.06278
1024	3072	1	228	422	1.56479
1024	3072	1	412	294	2.49809
1536	3072	1	126	266	6.09784
1536	3072	1	226	296	3.59955
1536	3072	1	360	184	5.45434
1536	3072	1	408	140	4.09811
1536	3072	1	184	58	0.83536
1536	3072	1	98	30	0.70367
1024	3072	1	398	38	2.18741
1024	3072	2	472	28	0.00000
1536	3072	1	22	190	6.06452
1024	3072	1	144	72	1.03128
1024	3072	1	276	74	5.28919
1024	3072	1	382	142	1.32888
1024	3072	1	314	250	0.00000
1024	3072	1	238	232	2.93382
1024	3072	1	206	324	5.90759
1024	3072	1	136	342	0.00000
1024	3072	1	68	356	3.21836
1024	3072	1	150	186	0.86854
1024	3072	1	2	242	4.56406
1536	3072	1	224	192	3.96227
1536	3584	2	8	46	0.00000
1024	3072	2	500	298	0.00000
1024	3072	2	464	354	0.00000
1536	3072	1	512	90	5.57762
1024	3072	1	142	4	0.99907
2048	2048	2	182	123	0.00000
2048	2048	1	98	66	6.09146
2048	2048	1	68	214	0.26212
2048	2048	1	160	248	5.70477
2048	2048	1	152	374	2.70319
2048	2048	1	278	316	6.13311
2048	2048	2	496	55	0.00000
2048	2048	2	404	15	0.00000
2048	2048	1	430	166	1.34943
2560	2048	1	34	202	6.16539
2560	2048	1	72	86	1.37232
2560	2048	1	170	146	0.15885
2560	2048	1	184	12	3.38985
2560	2048	1	302	106	0.14077
2560	2048	1	450	48	0.17932
2560	2048	1	386	158	3.82845
2560	2048	1	452	182	0.80893
2560	2048	1	444	328	0.83781
2560	2048	1	238	220	5.16703
2560	2048	1	114	290	0.48538
2560	2048	1	2	358	5.35530
2048	2048	1	406	364	2.26983
2048	2048	1	100	482	2.10863
2048	2048	2	204	500	0.00000
2048	2048	2	260	488	0.00000
2048	2560	2	376	97	0.00000
2048	2560	2	410	52	0.00000
2048	2048	1	382	476	5.17087
2048	2560	1	302	36	1.40986
2048	2560	1	88	92	0.62747
2048	2560	1	0	100	3.95707
2048	2560	1	138	266	2.83113
2048	2560	1	42	334	0.46408
2048	2560	2	170	147	0.00000
2048	2560	2	226	155	0.00000
2560	2560	2	18	159	0.00000
2048	2560	2	446	305	0.00000
2048	2560	2	312	197	0.00000
2048	2560	1	306	144	5.02105
2048	2560	1	436	124	3.81052
2048	2560	1	494	222	1.93568
2048	2560	1	348	240	0.60382
2048	2560	1	378	304	0.56875
2560	2048	1	318	306	1.61269
2560	2048	1	4	454	4.61373
2560	2560	1	106	40	2.46952
2560	2560	1	178	66	5.89756
2560	2560	1	256	14	2.94886
2560	2048	2	282	398	0.00000
2560	2048	1	370	416	4.99359
2560	2048	2	436	472	0.00000
2560	2048	1	352	500	5.12195
2560	2560	2	512	18	0.00000
2560	2560	1	392	70	1.42833
2560	2560	1	510	134	2.43372
2560	2560	1	388	170	1.71655
2560	2560	1	318	224	5.09876
2560	2560	1	126	182	3.78429
2560	2560	1	204	280	5.15909
2560	2560	1	32	302	5.10608
2048	2560	1	72	512	3.17155
2560	2560	1	256	512	3.15346
2560	2560	1	214	406	5.97903
2560	2560	1	158	442	5.83896
2560	2560	1	86	444	5.83750
2560	2560	2	18	473	0.00000
2560	2560	2	308	483	0.00000
2560	2560	1	428	404	3.67395
2048	2560	1	468	396	0.38290
2048	2560	2	474	473	0.00000
2048	2560	2	324	418	0.00000
2048	2560	2	168	361	0.00000
2048	2560	2	192	415	0.00000
2048	2560	2	190	512	0.00000
2048	2560	1	274	466	4.83246
2560	2560	2	458	333	0.00000
3584	2048	1	390	98	0.00000
3584	2048	1	458	60	0.00000
3584	2048	1	144	112	0.00000
3584	2048	1	388	454	5.94302
3584	2048	1	26	138	3.53436
3584	2048	1	226	260	5.19243
3584	2048	1	262	100	3.90495
3584	2048	2	226	12	0.00000
3584	2048	1	380	214	5.19058
3584	2048	2	490	204	0.00000
3584	2048	1	512	122	0.00000
3072	2048	1	386	66	4.70188
3072	2048	1	198	42	4.36353
3072	2048	1	90	70	0.18460
3072	2048	1	104	180	5.09939
3072	2048	1	58	268	5.29460
3072	2048	1	226	108	4.63973
3072	2048	1	326	236	2.65061
3072	2048	1	424	250	3.43123
3072	2048	1	498	312	3.39416
3072	2048	1	312	328	1.89389
3072	2048	1	220	384	4.84667
3072	2048	1	64	440	3.77124
3072	2048	1	188	464	1.54217
3072	2048	1	434	436	2.69079
3072	2048	1	368	472	2.56808
3584	2048	1	74	308	0.98373
3584	2048	1	68	410	4.19036
3584	2048	1	100	492	4.36848
3584	2560	1	252	14	1.31410
3584	2560	1	132	70	3.76524
3584	2560	1	432	60	3.73805
3584	2560	1	512	44	3.62275
3072	2560	1	508	62	3.94427
3072	2560	1	204	22	1.46581
3584	2560	1	304	88	3.90936
3584	2560	1	344	184	3.86944
3584	2560	1	462	168	3.22718
3072	2560	2	316	16	0.00000
3584	2560	1	186	138	0.43359
3072	2560	2	462	174	0.00000
3072	2560	2	446	120	0.00000
3072	2560	1	372	126	0.61545
3072	2560	1	244	90	4.51175
3072	2560	2	166	74	0.00000
3072	2560	1	94	78	3.07647
3072	2560	1	10	144	2.35070
3072	2560	1	160	170	0.87551
3072	2560	1	242	332	2.93855
3584	2560	1	48	196	4.05290
3584	2560	1	454	286	5.43344
3584	2560	1	232	232	5.89084
3584	2560	1	152	308	3.27630
3072	2560	1	354	254	3.51370
3072	2560	1	430	324	2.37912
3072	2560	1	496	302	5.56731
3584	2560	1	80	304	0.16707
3584	2560	1	350	302	2.20811
3584	2560	2	346	454	0.00000
3584	2560	1	430	412	0.47906
3584	2560	1	512	442	1.42966
3072	2560	1	214	178	0.00000
3072	2560	1	380	380	4.78255
3072	2560	1	152	422	0.22966
3072	2560	1	252	492	0.79032
3072	2560	2	66	512	0.00000
3072	2048	1	276	358	0.00000
3072	2560	1	374	472	0.00000
3072	2560	1	510	452	2.93390
3584	2560	1	180	488	2.24386
3584	2560	1	266	466	0.96152
3072	2560	1	256	198	0.85942
3584	2560	1	212	372	0.00000
3584	2560	1	310	366	4.20869
3584	2560	1	108	512	2.43694
3072	2048	2	26	50	0.00000
3584	2560	1	512	170	2.33161
3584	3584	1	266	430	5.37688
3584	3584	1	478	302	2.45306
3584	3584	1	206	190	0.85566
3584	3584	1	80	400	5.19227
3584	3584	1	40	466	5.48036
3584	3584	1	284	244	0.00000
3584	3584	1	30	294	1.46663
3072	3584	1	164	288	0.76672
3072	3584	1	66	190	1.55262
3072	3584	1	280	18	1.99781
3584	3584	1	340	330	0.00000
3584	3584	1	156	330	2.72111
3584	3584	1	240	464	0.00000
3584	3072	1	48	424	2.99196
3584	3584	1	178	470	0.00000
3072	3584	1	506	512	5.89884
3584	3072	1	446	498	0.37393
3584	3584	1	388	512	2.22787
3072	3584	1	416	512	5.17604
3072	3584	1	350	374	5.64604
3072	3072	1	60	434	0.38387
3072	3584	1	280	106	1.34997
3072	3072	1	172	400	2.59704
3072	3072	1	442	476	3.15077
3072	3072	1	316	430	3.68614
3584	3584	1	314	104	3.36361
3584	3072	1	110	478	4.20137
3072	3584	1	274	468	0.00000
3072	3584	1	58	410	0.41338
3072	3584	1	16	272	2.08502
3072	3584	1	140	486	3.33294
3584	3584	1	464	388	4.48411
3584	3584	1	228	306	2.65873
3072	3584	1	176	362	0.64612
3072	3584	1	446	422	0.61642
3584	3584	1	166	414	2.10808
3584	3584	1	122	166	0.22036
3584	3584	1	512	138	4.57141
3584	3584	1	506	228	5.96270
3072	3584	1	472	220	3.39984
3584	3584	1	40	192	0.43291
3584	3584	1	488	464	0.00000
3072	3584	1	318	184	0.81872
3072	3584	1	256	368	0.34624
3072	3584	1	396	234	0.41606
3072	3584	1	88	80	2.87157
3584	3072	1	512	464	3.13956
3584	3584	1	418	186	0.27830
3584	3584	1	472	64	4.27311
3584	3584	1	80	60	0.84455
3584	3584	1	12	8	3.01346
3584	3584	1	198	76	2.24124
3072	3584	1	446	94	1.94339
3584	3584	1	368	148	3.41784
3584	3072	1	368	508	0.41776
3584	3584	1	262	22	0.37803
3584	3072	1	206	468	0.28806
3584	3072	1	298	436	1.40353
3584	3072	1	512	298	0.00000
3584	3072	1	432	368	3.42305
3584	3072	1	308	368	4.62890
3584	3072	1	238	288	5.52060
3584	3072	1	390	222	0.36520
3584	3072	1	102	364	2.23677
3584	3072	1	142	328	5.20936
3072	3072	1	278	372	3.74572
3072	3072	1	498	340	3.75789
3072	3072	1	416	318	3.87840
3072	3072	2	424	246	0.00000
3584	3072	2	14	204	0.00000
3072	3072	1	134	274	1.53523
3072	3072	1	270	248	3.85885
3072	3072	1	456	158	0.00000
3072	3072	1	0	370	1.51052
3072	3072	1	64	76	3.07140
3072	3072	1	202	2	0.64714
3072	3072	1	384	0	6.12961
3072	3072	1	150	182	4.34002
3584	3072	1	98	252	1.80470
3584	3072	1	78	146	0.50817
3584	3072	1	176	174	2.77372
3584	3072	1	292	186	0.99658
3584	3072	1	442	66	0.00000
3584	3072	1	488	20	5.54234
3584	3072	1	2	0	3.21929
3584	3072	1	112	26	1.97831
3584	3072	1	210	162	3.79729
3584	3072	1	366	114	1.64656
3584	3072	1	236	80	4.40158
3584	3072	1	326	30	5.12060
2048	3072	1	482	86	0.00000
2048	3072	1	364	40	1.98579
2560	3072	1	72	98	2.28707
2048	3072	1	134	92	1.21033
2048	3072	1	70	0	0.00000
2048	3072	1	34	124	5.86247
2048	3072	1	220	186	4.93879
2048	3072	1	390	154	5.50094
2560	3072	1	284	206	3.32045
2560	3072	1	246	20	3.11974
2560	3072	1	442	44	2.54253
2560	3072	1	406	140	5.41855
2048	3072	1	342	210	5.98163
2048	3072	1	466	238	4.86576
2048	3072	1	94	316	0.69666
2048	3072	1	8	254	2.60897
2048	3072	2	154	334	0.00000
2048	3072	2	216	274	0.00000
2048	3072	2	282	274	0.00000
2048	3072	2	164	478	0.00000
2048	3072	2	316	430	0.00000
2048	3584	2	362	18	0.00000
2560	3072	2	92	438	0.00000
2560	3072	2	98	226	0.00000
2560	3072	2	144	76	0.00000
2560	3072	2	218	128	0.00000
2560	3072	2	350	242	0.00000
2560	3072	2	228	500	0.00000
2560	3072	1	180	280	4.34101
2560	3072	1	414	306	3.66536
2560	3072	1	486	382	0.71247
2048	3072	1	310	344	0.42186
2048	3072	1	208	418	5.70206
2048	3072	1	444	326	5.36200
2048	3072	1	384	392	3.56912
2048	3072	1	510	452	0.51796
2560	3072	1	168	354	4.44277
2560	3072	1	160	464	0.00000
2560	3072	1	344	452	4.96515
2048	3584	1	222	42	5.51663
2048	3584	1	124	42	2.51362
2048	3584	1	72	88	0.96293
2048	3584	1	186	138	4.99868
2048	3584	1	178	202	1.64350
2560	3584	1	84	34	1.94452
2560	3584	1	296	38	0.00000
2560	3584	1	470	120	5.84260
2560	3584	1	398	164	2.29356
2048	3584	1	68	260	1.28078
2560	3584	1	32	112	1.18248
2048	3584	1	402	170	1.18762
2560	3584	1	174	94	3.97461
2560	3584	1	276	158	4.82688
2560	3584	1	178	204	2.03928
2560	3584	1	28	196	0.62113
2560	3584	1	364	272	0.21320
2560	3584	1	272	290	0.11174
2560	3584	1	70	252	3.70945
2048	3584	1	450	292	0.11113
2048	3584	2	187	277	0.00000
2048	3584	1	320	310	6.24229
2048	3584	1	228	358	0.14328
2048	3584	1	0	376	5.20931
2560	3584	1	188	292	2.11666
2560	3584	1	426	320	4.16839
2560	3584	1	512	258	2.23095
2560	3584	1	244	450	0.00000
2560	3584	1	352	420	5.60050
2560	3584	1	24	376	4.71959
2560	3584	1	140	358	5.23672
2560	3584	1	472	398	5.18636
2048	3584	1	282	438	4.82387
2560	3584	1	66	442	1.57465
2560	3584	1	178	480	0.19540
2048	3584	1	170	502	5.87965
2048	3584	1	340	512	2.96156
2560	3584	1	318	512	0.00000
2048	3584	2	23	11	0.00000
2048	3072	2	205	19	0.00000
