1024	2048	1	218	374	0.26317
1024	2048	1	86	244	1.01744
1024	2048	1	350	184	1.84329
1024	2048	1	94	94	0.62025
1024	2560	1	306	46	0.89411
1024	2560	1	182	94	0.68162
1536	2048	1	24	314	3.01425
1536	2048	2	246	380	0.00000
1024	2048	2	206	74	0.00000
1536	2048	2	276	92	0.00000
1536	2048	2	220	150	0.00000
1536	2048	1	14	510	5.71015
1024	2048	1	456	362	0.50093
1536	2048	1	88	248	5.54178
1536	2048	1	80	428	1.21542
1536	2048	1	14	2	0.00000
1536	2048	1	292	210	6.16898
1536	2048	1	404	272	2.34303
1536	2048	2	492	64	0.00000
1024	2048	1	0	186	2.18029
1024	2048	2	366	10	0.00000
1024	2048	2	264	26	0.00000
1024	2560	1	34	6	2.04743
1024	2560	1	416	118	3.81679
1536	2048	1	146	356	1.95033
1024	2560	1	204	200	4.66087
1536	2560	1	196	46	3.83361
1536	2560	1	342	18	0.67758
1536	2560	1	58	218	2.16403
1024	2560	1	444	254	1.33918
1024	2560	1	310	298	2.99827
1536	2048	1	230	452	1.58063
1536	2048	1	342	410	0.69605
1536	2048	1	456	414	0.09647
1536	2560	1	266	140	1.63025
1536	2560	2	510	27	0.00000
1536	2560	1	208	240	5.71616
1536	2560	1	302	256	5.50416
1536	2560	1	480	112	1.07606
1536	2560	1	12	358	5.26337
1536	2560	1	218	384	0.62849
1536	2560	1	126	316	0.86752
1024	2560	1	432	430	5.76404
1536	2560	1	372	356	0.79852
1024	2560	1	228	336	0.68079
1536	2048	1	192	48	0.98279
1024	2560	1	226	430	4.24795
1536	2560	1	46	494	1.23755
1024	2560	1	100	356	3.91179
1536	2560	1	496	350	5.73516
1536	2560	1	432	468	5.69210
1024	2560	1	238	496	1.16590
1024	2560	1	96	484	2.62659
1024	2560	1	68	288	0.79711
1536	2560	1	340	510	4.82255
1536	2560	1	388	188	0.00000
1536	2560	1	394	62	1.07156
1024	2560	1	40	138	2.26649
1024	3072	1	50	290	3.83462
1024	3072	1	130	370	5.04513
1024	3072	1	92	448	5.22332
1024	3584	1	84	138	0.43379
1024	3584	1	60	32	1.07261
1024	3584	1	152	240	1.30198
1024	3584	1	178	128	0.76468
1024	3072	1	196	124	0.00000
1024	3072	1	156	250	5.73218
1024	3072	1	262	228	0.00000
1024	3072	1	336	258	0.00000
1024	3072	1	266	364	5.45195
1024	3072	1	230	472	1.08972
1024	3072	1	302	504	0.78260
1024	3584	1	320	60	4.38575
1024	3072	1	60	106	1.27811
1024	3072	2	32	38	0.00000
1024	3072	2	206	30	0.00000
1536	3584	2	474	114	0.00000
1536	3072	2	364	482	0.00000
1536	3072	2	414	326	0.00000
1024	3584	1	310	178	5.34736
1024	3584	1	428	414	0.56520
1024	3584	1	372	292	5.13486
1024	3584	1	102	488	5.36628
1024	3584	1	24	502	5.76719
1024	3584	1	90	368	5.43777
1536	3584	1	26	406	6.24552
1536	3584	1	490	446	6.09030
1536	3584	1	68	484	0.68625
1536	3584	1	326	470	5.41865
1536	3584	1	190	466	0.00000
1024	3584	1	450	240	5.53049
1536	3584	1	404	362	0.00000
1536	3584	1	330	338	0.09967
1536	3584	1	496	242	6.03174
1536	3584	1	166	282	0.00000
1536	3072	1	218	176	6.10797
1536	3584	1	86	248	0.88707
1536	3584	1	144	132	5.48614
1536	3584	1	252	224	5.42102
1024	3584	1	486	134	5.94801
1536	3072	1	252	488	0.75924
1536	3584	1	284	28	0.77335
1536	3584	1	418	92	0.25518
1536	3584	1	308	126	1.28364
1536	3072	1	96	482	3.43263
1024	3072	1	500	472	2.62823
1536	3072	1	24	322	0.85425
1024	3072	1	506	216	4.70399
1024	3072	2	412	238	0.00000
1536	3072	1	318	302	5.98806
1536	3072	1	176	412	2.77717
1536	3072	1	432	402	2.07521
1536	3072	1	200	308	5.48938
1536	3072	1	434	238	4.68349
1536	3584	1	512	18	0.74259
1024	3072	1	296	78	0.85929
1024	3072	1	316	140	4.46526
1536	3072	1	20	134	5.33854
1536	3072	1	90	40	1.06657
1536	3072	1	236	56	4.63309
1536	3072	1	466	142	4.95038
1536	3072	1	352	168	2.99193
1536	3072	1	364	22	4.93298
1024	3072	1	50	192	0.86854
1024	3072	2	510	28	0.00000
2048	2048	1	478	154	0.82293
2048	2048	1	384	88	1.17075
2048	2048	1	214	142	4.26764
2560	2048	1	436	70	6.15125
2048	2048	1	140	274	6.04458
2560	2048	1	192	280	1.96405
2560	2048	1	52	306	1.82403
2560	2048	1	486	174	0.87250
2560	2048	1	440	266	1.42253
2048	2048	1	56	338	5.32604
2560	2048	1	226	80	2.96600
2048	2048	1	96	108	1.78458
2048	2048	1	336	430	3.93154
2048	2048	2	502	58	0.00000
2560	2048	1	380	70	0.00000
2560	2048	1	336	452	3.89170
2560	2560	1	486	20	0.15966
2048	2048	1	420	492	4.06051
2048	2048	2	238	430	0.00000
2048	2560	2	218	4	0.00000
2048	2048	1	60	464	5.92285
2048	2048	1	152	416	4.38972
2048	2560	1	60	34	1.66273
2048	2560	1	194	70	4.01890
2048	2560	2	236	154	0.00000
2048	2560	2	168	162	0.00000
2048	2560	2	330	220	0.00000
2048	2560	2	388	88	0.00000
2048	2560	2	410	42	0.00000
2048	2560	1	452	84	3.35700
2560	2560	1	18	28	3.14668
2560	2048	1	160	490	4.21332
2560	2048	1	188	400	4.74809
2560	2560	1	260	32	5.38777
2560	2560	1	374	20	0.43225
2048	2560	1	330	134	5.77245
2048	2560	1	74	242	0.56568
2048	2560	1	178	262	1.01168
2560	2560	1	186	68	1.39294
2560	2560	1	266	178	2.08525
2560	2560	1	404	112	0.41758
2560	2560	1	322	296	3.94030
2560	2560	1	216	290	2.91330
2560	2560	1	20	254	6.06331
2048	2560	2	162	372	0.00000
2048	2560	2	196	430	0.00000
2048	2560	2	448	486	0.00000
2560	2560	2	10	490	0.00000
2560	2560	1	488	404	4.93436
2048	2560	1	280	338	4.14221
2048	2560	2	58	500	0.00000
2560	2560	1	110	170	2.69574
2048	2560	2	444	316	0.00000
2560	2560	1	326	426	2.02864
2560	2560	1	118	406	5.57854
2560	2560	1	14	416	2.48918
2048	2560	1	374	390	5.19224
2048	2560	1	258	442	4.01652
2048	2560	1	148	488	6.01729
2560	2560	1	230	506	0.77556
2560	2048	1	174	152	5.68189
2560	2048	1	328	244	4.28900
2560	2048	1	308	82	0.11555
2048	2048	1	234	272	0.00000
2048	2048	1	92	28	4.49685
2048	2560	1	446	258	1.81848
2560	2048	1	110	102	4.76603
2048	2560	1	64	128	3.84095
2560	2048	1	484	334	1.56812
2560	2560	1	466	500	1.97172
2560	2560	2	456	336	0.00000
2048	2560	1	22	390	5.60087
2560	2560	1	512	174	0.72664
2048	2048	1	300	12	2.91479
2048	2560	1	350	486	3.04387
2560	2048	2	288	390	0.00000
2048	2048	2	270	496	0.00000
3072	2560	1	380	480	0.00000
3584	2560	1	462	512	0.00000
3072	2560	1	226	512	0.44611
3072	2560	1	132	296	4.16549
3072	2560	1	0	512	0.60554
3072	2560	1	308	406	3.25859
3072	2560	1	26	274	0.67894
3072	2560	1	0	402	4.72094
3072	2560	1	98	512	3.63802
3584	2560	1	500	326	5.87348
3072	2560	1	504	444	5.49002
3584	2560	1	308	470	5.95938
3584	2560	1	186	506	2.95107
3584	2560	1	260	502	2.44425
3584	2560	1	402	512	0.00000
3584	2560	1	258	240	5.08525
3584	2560	1	394	308	3.59493
3584	2560	1	258	372	1.10252
3584	2560	1	458	148	0.25490
3584	2560	1	110	344	0.58800
3584	2560	1	144	398	1.13246
3584	2560	1	368	484	2.67692
3584	2560	1	464	396	2.33733
3584	2560	1	230	286	1.84660
3584	2560	1	512	508	5.60697
3072	2560	1	376	258	3.56844
3072	2560	1	264	144	3.27799
3072	2560	1	484	322	4.74739
3072	2560	1	294	228	3.72055
3584	2560	1	234	124	5.11949
3584	2560	1	386	158	3.65464
3584	2560	1	88	246	0.42839
3072	2560	1	204	140	0.00000
3072	2560	1	40	130	0.70226
3072	2560	1	336	58	0.00000
3072	2560	2	428	132	0.00000
3584	2048	2	142	452	0.00000
3584	2048	2	276	390	0.00000
3072	2560	2	156	80	0.00000
3072	2560	2	470	188	0.00000
3584	2560	1	10	142	4.80624
3072	2560	1	504	82	1.62459
3072	2560	1	414	38	1.01557
3072	2048	1	54	470	2.46107
3072	2048	1	154	442	2.02327
3072	2048	1	290	498	1.51930
3072	2048	1	344	434	4.96854
3584	2560	1	118	52	0.00000
3584	2560	1	230	2	3.65328
3584	2560	1	308	44	5.39981
3584	2048	1	352	512	2.21650
3584	2048	1	408	466	2.43260
3584	2048	1	464	368	2.04257
3584	2048	1	266	374	4.19091
3584	2048	1	62	478	3.38416
3072	2048	1	494	432	3.73449
3072	2048	1	4	312	2.09534
3072	2048	1	52	244	2.18408
3072	2048	1	0	134	1.88677
3072	2048	1	146	362	5.17219
3072	2048	1	280	360	1.87645
3072	2048	1	398	366	2.37688
3072	2048	1	440	298	5.22054
3584	2048	1	108	356	4.85163
3584	2048	1	196	292	4.33922
3584	2048	1	398	232	5.28506
3072	2048	1	84	46	0.27552
3072	2048	1	186	52	3.93592
3072	2048	1	206	112	3.87914
3072	2048	1	264	214	1.84266
3072	2048	1	322	128	1.54991
3072	2048	1	410	216	5.23536
3584	2048	1	18	250	5.47605
3072	2048	1	420	84	2.59139
3072	2048	1	502	72	5.66599
3584	2048	1	134	114	0.48939
3584	2048	1	216	0	0.00000
3584	2048	1	254	86	3.82430
3584	2048	1	394	100	0.00000
3584	2048	1	464	64	0.00000
3584	2048	1	512	104	0.00000
3072	3072	1	90	44	3.37273
3072	3072	1	96	174	5.74580
3072	3072	1	170	142	2.53841
3072	3072	1	304	124	0.00000
3072	3072	1	214	54	0.41944
3072	3072	1	394	120	4.28511
3072	3072	1	408	186	4.13912
3584	3072	1	36	50	2.09364
3072	3072	1	266	280	2.83733
3584	3072	1	84	168	2.16154
3584	3072	1	174	172	0.00000
3584	3072	1	274	74	0.00000
3072	3072	1	372	316	2.63442
3072	3072	1	506	318	4.33405
3072	3072	1	130	370	0.00000
3072	3072	1	200	312	0.00000
3584	3072	1	484	158	1.82867
3584	3072	1	40	416	4.17368
3584	3072	1	386	52	0.00000
3584	3072	1	484	50	0.00000
3584	3072	1	314	188	5.11073
3584	3072	1	440	310	2.78449
3584	3072	1	270	358	0.86920
3072	3072	1	394	440	1.25737
3584	3072	1	304	474	2.82177
3584	3072	1	380	392	2.04370
3584	3584	1	84	78	3.81636
3584	3072	1	132	472	4.45511
3072	3584	1	318	12	5.63360
3072	3072	1	160	502	3.58496
3072	3584	1	228	48	1.16282
3072	3584	1	482	84	2.54854
3072	3072	1	70	508	2.41788
3072	3584	1	30	58	2.24385
3072	3072	2	240	454	0.00000
3584	3584	1	170	160	4.94823
3584	3584	1	272	72	5.05091
3584	3584	1	344	194	5.56357
3584	3584	1	438	24	3.55102
3584	3072	1	512	446	5.38704
3584	3584	1	512	72	4.36462
3072	3584	1	450	224	1.31532
3584	3584	1	46	180	2.02437
3072	3584	1	246	130	4.20907
3072	3584	1	140	254	1.76897
3072	3584	1	366	326	5.98998
3072	3584	1	258	232	3.87925
3584	3584	1	372	326	2.18005
3584	3584	1	440	216	3.27415
3584	3584	1	428	416	0.91819
3072	3584	1	326	390	2.01268
3072	3584	1	280	304	0.36150
3584	3072	1	248	252	4.75825
3584	3584	1	180	318	1.92168
3072	3584	1	16	208	0.52181
3072	3584	1	448	446	5.77938
3584	3584	1	72	348	4.42218
3584	3584	1	144	256	4.51301
3584	3584	1	38	292	1.07264
3072	3584	1	70	302	1.99740
3072	3584	1	88	462	3.92635
3584	3584	1	492	340	1.99437
3072	3584	1	318	464	2.32767
3584	3584	1	196	420	2.85427
3072	3072	1	474	232	4.23906
2560	3584	1	2	70	0.49163
2048	3584	1	184	418	5.88466
2560	3584	1	156	458	6.10851
2560	3584	1	44	300	4.49112
2560	3584	1	360	270	0.65247
2560	3584	1	152	234	2.23956
2048	3584	1	322	466	6.20436
2048	3584	1	436	366	0.56609
2560	3584	1	248	344	6.23259
2560	3584	1	26	408	5.31745
2560	3584	1	320	492	0.23237
2048	3584	1	486	476	6.10007
2560	3584	1	346	398	4.98985
2560	3584	1	512	504	1.40270
2560	3584	1	246	474	6.03537
2048	3584	1	352	234	5.66491
2048	3584	1	422	186	0.00000
2048	3584	1	72	254	4.04886
2048	3584	1	122	448	6.09970
2048	3584	1	274	324	0.13443
2560	3584	1	512	380	3.10506
2560	3584	1	502	206	0.80684
2048	3584	1	0	470	5.91020
2560	3584	1	142	100	5.77609
2560	3584	1	296	116	1.37794
2048	3584	1	66	142	2.51138
2048	3584	1	182	248	6.06482
2048	3584	1	128	308	1.16757
2560	3584	1	432	152	1.27986
2560	3584	1	28	178	0.96184
2560	3584	1	512	34	2.56132
2048	3584	1	230	200	5.59101
2048	3584	1	450	44	3.39137
2560	3584	1	452	28	5.52342
2048	3584	1	186	16	0.45601
2048	3584	1	302	36	3.45329
2048	3584	1	344	118	1.41240
2048	3072	1	32	490	0.52252
2560	3584	1	326	16	5.69518
2560	3584	1	224	50	1.22329
2048	3072	1	348	450	3.45713
2048	3072	1	152	410	3.78333
2048	3072	1	414	460	0.46583
2048	3072	1	76	264	0.52825
2560	3072	1	214	460	0.11435
2560	3072	1	42	318	4.74809
2560	3072	1	512	372	2.52655
2560	3072	1	172	340	0.16175
2560	3072	1	266	308	0.31165
2560	3072	1	352	416	4.47468
2560	3072	1	2	158	0.20780
2560	3072	1	394	218	5.55557
2560	3072	1	274	54	0.00000
2560	3072	1	496	146	0.00000
2560	3072	1	374	112	3.85619
2560	3072	1	490	2	1.96297
2560	3072	1	192	14	0.92730
2560	3072	1	146	188	3.05093
2048	3072	1	424	50	6.02136
2048	3072	1	350	0	6.20864
2048	3072	1	146	24	6.12127
2048	3072	1	208	174	4.71476
2048	3072	1	78	130	0.81035
2048	3072	1	356	116	5.80270
2048	3072	1	0	154	4.78613
2048	3072	2	290	280	0.00000
2048	3072	2	228	272	0.00000
2048	3072	2	46	376	0.00000
2048	3072	2	190	234	0.00000
2048	3072	1	46	0	5.33313
2048	3072	2	164	476	0.00000
2048	3072	2	306	430	0.00000
2048	3072	2	498	442	0.00000
2560	3072	2	6	382	0.00000
2048	3072	2	450	274	0.00000
2560	3072	2	100	236	0.00000
2560	3072	2	226	132	0.00000
2560	3072	2	136	76	0.00000
2560	3072	2	348	240	0.00000
2560	3072	2	100	432	0.00000
2560	3584	2	272	240	0.00000
2048	3584	1	348	356	5.73963
