1024	2048	1	224	176	5.57116
1024	2048	2	202	80	0.00000
1024	2048	1	336	4	0.00000
1024	2048	1	56	48	0.00000
1024	2048	1	254	0	0.00000
1024	2048	1	508	16	0.00000
1536	2048	1	66	112	6.20516
1536	2048	1	104	0	6.08209
1536	2048	2	190	50	0.00000
1536	2048	1	218	134	0.00000
1536	2048	1	272	82	5.40086
1536	2048	1	372	38	5.01497
1536	2048	1	488	38	5.86397
1536	2048	1	450	208	2.08820
1024	2048	1	346	210	4.16261
1024	2048	1	194	264	1.79019
1024	2048	1	230	372	0.59900
1024	2048	1	336	460	4.91051
1024	2560	1	298	22	1.34310
1024	2560	1	108	174	2.96765
1024	2560	1	242	184	2.96895
1024	2560	1	404	212	2.37690
1024	2048	1	480	306	5.97263
1536	2048	1	84	416	1.32461
1536	2048	1	188	306	4.42750
1536	2048	1	318	286	3.37378
1536	2048	1	470	308	5.58019
1536	2048	1	364	376	0.23030
1536	2048	2	250	380	0.00000
1536	2048	1	258	444	1.64724
1536	2560	1	122	30	2.92153
1536	2560	1	38	42	0.00000
1536	2048	1	512	470	3.16404
1536	2048	1	424	488	1.43815
1536	2560	1	478	118	3.77387
1536	2560	1	364	116	2.89741
1536	2048	1	256	502	1.60697
1536	2560	1	248	120	1.08265
1536	2560	1	116	130	1.11015
1536	2560	1	96	270	0.35481
1024	2560	1	6	304	3.89690
1024	2560	1	76	360	3.97066
1024	2560	2	186	294	0.00000
1024	2560	1	112	466	0.37940
1024	2560	1	268	362	2.57168
1024	2560	2	348	456	0.00000
1536	2560	1	182	242	0.58233
1536	2560	1	300	246	5.51712
1536	2560	1	434	274	6.14170
1024	2560	1	382	362	0.89363
1024	2560	1	188	452	3.40382
1024	2560	1	476	414	6.23727
1536	2560	1	46	478	0.72787
1024	2560	1	282	504	6.08856
1536	2560	1	94	372	4.40065
1536	2560	1	252	442	4.49645
1536	2560	1	252	302	1.92893
1536	2560	1	330	352	0.78121
1536	2560	1	382	388	0.00000
1536	2560	1	512	346	1.59788
1536	2560	1	512	230	4.73671
1536	2560	1	340	512	4.77449
1536	2560	1	126	512	4.49308
1024	3584	2	166	36	0.00000
1536	3584	2	366	74	0.00000
1024	3072	2	342	348	0.00000
1024	3072	2	406	102	0.00000
1024	3072	2	468	52	0.00000
1024	3072	2	506	300	0.00000
1024	3072	2	380	192	0.00000
1536	3584	2	402	116	0.00000
1536	3584	2	458	122	0.00000
1024	3072	1	188	220	0.36933
1024	3072	1	226	332	0.52023
1024	3072	1	32	248	3.17126
1024	3072	1	124	198	3.36026
1024	3072	1	182	66	1.47235
1024	3072	2	34	60	0.00000
1024	3072	1	452	202	0.00000
1536	3072	1	52	126	0.58168
1536	3072	1	278	72	1.10715
1024	3072	2	288	56	0.00000
1024	3072	1	346	68	0.77298
1536	3072	1	450	138	2.37931
1024	3072	1	44	472	0.39479
1024	3072	1	88	350	4.37533
1024	3584	1	228	142	0.00000
1024	3072	1	274	182	5.83708
1024	3072	1	438	392	1.06600
1536	3072	1	164	208	4.97172
1024	3072	1	256	460	0.00000
1024	3072	1	108	492	3.85498
1024	3584	1	50	126	3.70797
1024	3584	1	298	48	2.77951
1024	3584	1	416	34	1.38370
1536	3072	1	86	486	3.67347
1536	3072	1	110	310	1.90882
1536	3072	1	264	216	0.00000
1536	3072	1	310	194	3.21240
1536	3072	2	400	216	0.00000
1536	3072	1	468	342	2.58699
1536	3072	1	296	392	5.18877
1536	3072	1	182	496	2.76829
1536	3072	1	244	470	0.00000
1536	3072	1	62	432	3.99121
1536	3584	1	8	82	1.91679
1024	3584	1	410	174	0.77505
1536	3072	1	456	458	5.16583
1536	3072	2	382	340	0.00000
1536	3584	1	322	148	1.72183
1024	3584	1	490	182	0.64780
1024	3584	1	302	262	0.63382
1024	3584	1	100	458	5.52903
1536	3584	1	416	14	5.32451
1536	3584	1	62	212	4.03619
1536	3584	1	260	226	5.04749
1536	3584	1	452	212	0.40340
1024	3584	1	434	380	0.00000
1536	3584	1	20	334	5.54902
1536	3584	1	342	290	3.09519
1536	3584	1	198	342	0.99136
1536	3584	1	76	460	0.78964
1536	3584	1	168	472	0.58733
1536	3584	2	500	332	0.00000
1536	3584	1	412	358	0.00000
1536	3584	1	356	432	4.90515
1536	3584	1	480	418	5.72198
2048	2048	2	102	28	0.00000
2048	2048	1	58	282	6.11538
2048	2048	1	110	232	5.70680
2048	2048	1	196	148	5.44915
2048	2560	1	238	358	5.91975
2048	2048	1	362	430	4.89755
2560	2048	1	72	210	0.60554
2560	2048	1	178	216	5.63149
2048	2048	2	502	82	0.00000
2048	2048	1	364	120	1.18451
2048	2048	1	200	52	2.65351
2048	2048	2	104	98	0.00000
2048	2048	1	236	256	0.20974
2048	2048	1	392	268	3.98361
2560	2048	1	262	456	4.68158
2560	2048	1	452	266	2.98406
2560	2048	1	420	48	0.00000
2560	2048	1	358	42	0.00000
2560	2048	1	302	104	0.00000
2560	2048	1	98	88	4.27471
2560	2048	1	256	26	4.49552
2560	2048	1	502	124	3.93085
2048	2048	1	148	390	4.62998
2048	2048	2	208	508	0.00000
2048	2048	2	262	508	0.00000
2048	2560	1	118	346	3.38508
2048	2560	1	62	230	4.58618
2048	2560	1	56	118	4.01618
2048	2560	1	476	142	3.79476
2560	2048	1	6	512	4.73564
2560	2048	1	10	390	3.29204
2560	2560	1	204	372	5.00574
2560	2560	1	184	242	6.09371
2560	2560	1	202	40	1.94301
2560	2048	1	392	412	1.37011
2560	2560	1	276	300	6.00489
2560	2560	1	274	138	1.86336
2560	2560	1	330	52	0.47991
2560	2048	2	290	512	0.00000
2560	2560	1	412	132	0.28523
2560	2560	1	364	272	5.58426
2560	2560	1	470	230	2.52933
2560	2560	1	508	128	2.98809
2560	2048	1	486	486	3.86662
2048	2560	1	358	316	5.66689
2560	2560	1	66	158	0.37433
2560	2560	1	24	312	4.21505
2560	2560	1	82	448	0.00000
2560	2560	1	352	470	2.40826
2560	2560	1	250	498	3.59302
2560	2560	2	464	332	0.00000
2560	2560	1	512	482	2.96661
2048	2560	2	234	158	0.00000
2048	2560	2	172	150	0.00000
2048	2560	1	320	458	6.11719
2048	2560	1	244	490	2.80904
2048	2560	1	44	332	1.17190
2048	2560	1	26	434	3.75799
2048	2560	1	150	496	5.97677
2048	2560	2	166	364	0.00000
2048	2560	2	194	412	0.00000
2048	2560	1	330	26	3.36727
2048	2560	1	396	114	4.49552
2048	2560	2	406	52	0.00000
2560	2048	2	290	388	0.00000
2048	2560	2	166	252	0.00000
2048	2048	2	52	72	0.00000
2048	2560	2	320	206	0.00000
2560	2560	2	18	482	0.00000
2048	2560	2	466	480	0.00000
2048	2560	1	190	80	1.81231
2048	2048	1	102	494	1.96252
3584	2560	1	292	456	5.66069
3584	2560	1	442	512	2.67856
3072	2560	1	466	486	0.14708
3584	2560	1	80	512	1.46835
3584	2560	1	390	396	6.14482
3584	2560	1	366	484	2.81650
3072	2560	1	144	512	1.63097
3072	2560	1	46	410	5.37335
3072	2560	1	378	480	0.00000
3584	2560	1	232	494	5.39812
3584	2560	1	72	400	2.62335
3584	2560	1	498	344	5.84853
3584	2560	1	272	360	1.39815
3072	2560	1	320	334	4.35158
3584	2560	1	434	336	2.79889
3072	2560	1	376	256	1.77792
3072	2560	1	202	372	2.61520
3072	2560	1	356	392	1.31747
3072	2560	1	204	262	2.39258
3072	2560	1	76	254	2.79044
3584	2560	1	204	302	4.56257
3584	2560	1	314	276	2.11051
3072	2560	1	486	334	0.00000
3072	2560	1	380	142	5.84500
3072	2560	1	78	96	3.46237
3072	2560	1	252	140	4.15271
3072	2560	1	214	52	0.55468
3584	2560	1	84	260	2.94324
3584	2560	1	160	400	4.31364
3072	2560	2	470	198	0.00000
3072	2560	2	440	132	0.00000
3584	2560	1	168	186	3.20751
3584	2560	1	234	162	2.30486
3584	2560	1	342	182	2.82954
3584	2560	1	420	102	5.62857
3584	2560	1	498	162	3.54145
3584	2560	1	262	34	3.31957
3584	2560	1	78	96	1.86064
3584	2560	1	2	164	6.00596
3584	2560	1	128	38	4.86198
3584	2048	1	362	494	3.52260
3584	2048	1	450	438	2.60416
3584	2048	1	410	300	5.04597
3072	2560	1	450	32	4.98115
3072	2048	1	330	468	4.21636
3072	2048	1	286	410	3.57192
3072	2048	1	216	390	3.90477
3072	2048	1	136	378	4.45414
3072	2048	1	498	438	3.67370
3584	2048	1	126	456	1.63838
3584	2048	1	224	454	0.00000
3584	2048	1	142	368	4.24231
3584	2048	1	34	304	3.49630
3072	2048	1	458	342	3.51764
3072	2048	1	382	332	3.29572
3584	2048	1	148	128	0.00000
3072	2048	1	438	136	3.92964
3072	2048	1	440	228	4.77896
3072	2048	1	300	216	5.49761
3072	2048	1	208	232	2.89757
3072	2048	1	106	206	1.31940
3072	2048	1	114	270	1.50658
3072	2048	1	58	60	4.89096
3072	2048	1	350	122	0.00000
3072	2048	1	26	180	1.06120
3072	2048	1	32	348	0.71593
3584	2048	1	224	226	4.53772
3072	2048	1	198	70	4.44156
3584	2048	1	250	100	3.54317
3584	2048	1	478	54	5.89456
3584	2048	1	218	0	0.00000
3584	2048	1	372	204	5.20530
3072	3584	1	98	296	0.44356
3072	3584	1	376	314	0.00000
3584	3584	1	488	422	1.90978
3584	3584	1	494	332	2.13469
3584	3584	1	352	470	5.89352
3072	3584	1	460	288	3.55179
3584	3584	1	232	442	0.53711
3072	3584	1	468	396	1.12809
3072	3584	1	240	450	1.02249
3072	3584	1	94	412	1.15132
3072	3584	1	314	372	5.88839
3584	3584	1	130	444	0.55848
3584	3584	1	72	502	0.46803
3584	3584	1	100	386	0.84018
3584	3584	1	412	270	0.47428
3584	3584	1	222	358	0.49589
3584	3584	1	310	292	0.00000
3584	3584	1	466	168	4.79782
3072	3584	1	200	270	3.37660
3072	3584	1	300	254	0.66579
3584	3584	1	34	286	0.00000
3584	3584	1	112	298	0.33015
3584	3584	1	142	172	0.00000
3072	3584	1	46	98	2.55924
3584	3584	1	192	250	0.20355
3584	3584	1	268	190	0.00000
3584	3584	1	336	168	5.85895
3072	3584	1	498	444	1.34763
3072	3584	1	112	24	0.31319
3072	3584	1	134	144	3.32943
3072	3584	1	224	128	0.20421
3072	3584	1	320	132	3.95924
3072	3072	1	202	494	3.63694
3072	3584	1	278	2	1.67007
3072	3072	2	426	254	0.00000
3072	3584	1	416	70	5.90225
3584	3584	1	48	106	0.28200
3072	3072	1	492	432	1.04752
3072	3072	1	512	510	1.12516
3584	3072	1	124	386	5.23546
3584	3072	1	186	448	0.82380
3584	3584	1	158	8	0.89965
3584	3584	1	232	48	0.65343
3584	3072	1	436	502	4.26346
3584	3584	1	396	82	5.04989
3584	3072	1	510	446	2.36495
3072	3072	1	90	388	0.00000
3072	3072	1	2	116	5.19968
3072	3072	2	40	392	0.00000
3072	3072	1	98	140	3.42097
3072	3072	1	228	88	3.11748
3072	3072	1	158	198	3.35157
3072	3072	1	190	342	4.67030
3072	3072	1	360	112	4.76688
3072	3072	1	326	398	5.14272
3072	3072	1	300	280	2.08486
3072	3072	1	348	216	5.01393
3072	3072	1	452	150	3.51600
3584	3072	1	46	80	5.24232
3584	3072	1	58	164	2.27647
3584	3072	1	170	320	2.42062
3072	3072	1	16	236	5.24554
3584	3072	1	268	272	3.36026
3584	3072	1	54	6	1.92957
3584	3072	1	200	42	2.05246
3584	3072	1	194	168	3.24242
3584	3072	1	320	460	3.41557
3584	3072	1	294	114	3.15302
3584	3072	1	364	40	3.54048
3584	3072	1	446	6	2.96523
3584	3072	1	396	134	0.74195
3584	3072	1	498	102	3.42965
3584	3072	1	340	292	3.54359
3584	3072	1	404	238	1.79159
3584	3072	1	424	372	3.26595
3584	3072	1	508	290	3.33345
3072	3072	1	432	372	3.36839
2048	3072	1	72	70	3.03194
2048	3072	1	158	28	6.24244
2048	3072	1	414	78	2.35813
2048	3072	1	480	58	5.66288
2560	3072	1	116	128	2.37735
2560	3072	1	280	242	2.45799
2560	3072	1	390	144	3.06644
2560	3072	2	232	128	0.00000
2560	3072	2	352	242	0.00000
2560	3072	2	478	212	0.00000
2560	3072	2	498	86	0.00000
2560	3072	2	222	38	0.00000
2048	3072	1	66	210	0.74782
2048	3072	1	222	162	0.00000
2048	3072	1	284	164	0.00000
2048	3072	1	374	256	6.20674
2048	3072	2	282	278	0.00000
2048	3072	2	166	476	0.00000
2048	3072	1	100	328	0.04121
2048	3072	1	280	366	4.72023
2048	3072	1	208	432	2.52265
2560	3072	1	116	360	5.55187
2560	3072	1	170	318	5.56701
2560	3072	1	230	282	5.74960
2560	3072	1	40	158	0.00000
2048	3072	1	430	438	4.84890
2560	3584	1	34	34	4.37027
2048	3584	1	80	74	3.96448
2048	3584	1	268	94	3.37433
2048	3584	1	428	26	3.17078
2048	3584	1	352	26	5.98469
2560	3072	1	410	386	3.10664
2560	3072	1	500	468	6.15853
2560	3072	1	352	416	0.25710
2560	3072	1	214	458	0.48202
2560	3584	1	308	8	5.84019
2560	3584	1	26	146	0.65601
2560	3584	1	114	94	6.02886
2560	3584	1	176	30	5.78579
2560	3072	1	32	384	3.12329
2048	3584	1	48	190	0.89904
2048	3584	1	338	202	0.00000
2048	3584	1	426	198	0.00000
2560	3584	1	334	230	0.43121
2560	3584	1	500	194	5.66069
2560	3584	1	308	104	5.22814
2048	3584	1	476	282	0.99944
2560	3584	1	110	194	1.98498
2560	3584	1	214	144	2.07054
2560	3584	1	214	284	2.09667
2048	3584	2	250	336	0.00000
2048	3584	2	116	228	0.00000
2560	3584	1	420	306	2.37736
2560	3584	1	512	328	2.08771
2048	3584	1	20	458	5.87313
2048	3584	1	158	336	6.01522
2048	3584	1	68	436	0.06253
2048	3584	1	192	468	5.33710
2560	3584	1	18	376	0.41071
2560	3584	1	110	374	0.92461
2048	3584	1	446	438	0.00000
2048	3584	1	340	476	0.00000
2560	3584	1	228	474	5.91384
2560	3584	1	94	502	0.49847
2560	3584	1	362	476	5.49146
2560	3584	1	512	512	2.00675
2048	3584	1	190	232	0.00000
2048	3072	1	48	394	0.56866
2048	3072	1	322	0	0.00000
2048	3072	2	466	284	0.00000
2560	3072	2	106	234	0.00000
2048	3072	2	314	436	0.00000
2048	3584	2	144	94	0.00000
2560	3584	1	380	388	5.19805
