1024	2048	1	68	164	4.89971
1024	2048	1	164	362	0.99468
1024	2048	1	250	364	0.42944
1024	2560	1	48	2	0.66847
1024	2560	1	258	46	0.94616
1024	2048	1	494	424	1.85940
1024	2048	1	462	216	2.69016
1536	2048	1	32	132	1.46635
1536	2048	1	120	448	5.36226
1536	2048	2	238	334	0.00000
1024	2560	1	344	104	3.90596
1024	2560	1	496	46	4.12824
1536	2560	1	90	118	0.63275
1024	2560	1	126	258	3.37474
1024	2048	2	224	214	0.00000
1024	2048	2	268	10	0.00000
1024	2048	2	504	14	0.00000
1536	2048	1	226	154	2.37382
1536	2048	1	208	228	1.69816
1536	2048	1	420	118	1.11520
1536	2048	1	362	48	4.29960
1536	2048	2	244	68	0.00000
1536	2048	1	422	204	3.66741
1536	2048	1	490	50	5.82475
1536	2048	1	342	376	3.86835
1536	2048	1	370	460	4.08607
1536	2048	1	510	464	4.67132
1536	2560	1	316	98	0.00000
1536	2560	1	430	128	3.96975
1536	2560	1	496	204	0.00000
1024	2560	1	298	216	1.18019
1024	2560	2	76	188	0.00000
1536	2560	1	276	278	5.80855
1024	2560	1	404	244	1.05161
1536	2560	1	60	268	0.56335
1024	2560	1	42	318	0.70226
1024	2560	1	340	376	3.58846
1536	2560	1	80	430	5.20728
1024	2560	1	274	316	0.78618
1024	2560	1	114	440	6.03063
1024	2560	1	192	384	2.56337
1536	2560	1	172	250	0.00000
1536	2560	1	182	380	3.40784
1024	2560	1	354	492	4.53200
1024	2560	1	216	512	4.33864
1024	2560	2	32	456	0.00000
1536	2560	1	322	348	3.58810
1536	2560	1	278	504	0.89077
1536	2560	1	386	430	2.21430
1536	2560	1	488	500	4.53914
1536	2560	1	44	510	3.44842
1536	2048	1	512	236	6.00420
1536	2048	1	508	352	5.72769
1024	3072	1	334	296	0.00000
1024	3072	1	248	230	0.00000
1024	3072	1	174	204	6.07431
1024	3584	1	112	32	0.08490
1536	3072	1	40	344	0.00000
1536	3072	1	298	386	4.83500
1536	3072	1	184	436	5.25637
1536	3072	1	118	508	0.45199
1536	3584	1	170	34	3.36320
1536	3072	1	20	480	4.10741
1024	3072	1	334	434	2.40862
1024	3072	1	432	476	4.14342
1024	3072	1	404	164	0.00000
1024	3072	1	472	144	3.35024
1024	3072	1	330	90	3.42906
1024	3072	1	254	84	3.75804
1024	3072	1	60	78	4.51499
1024	3072	1	186	42	3.80609
1536	3072	1	82	72	0.95198
1536	3072	1	178	92	0.13025
1536	3072	1	124	274	1.95130
1024	3072	1	184	406	3.67803
1024	3072	1	270	496	6.09949
1024	3072	1	82	358	2.11411
1024	3072	1	116	276	2.17634
1536	3072	1	412	174	0.43241
1536	3072	1	256	102	3.08983
1536	3072	1	318	86	2.92839
1536	3072	1	284	492	3.41989
1024	3584	1	374	80	2.63875
1024	3584	1	454	236	5.86299
1024	3584	1	348	218	0.00000
1024	3584	1	148	194	1.72074
1024	3072	1	52	486	3.95545
1536	3584	1	82	104	5.12924
1536	3584	1	140	298	4.20410
1536	3072	2	492	270	0.00000
1536	3584	2	372	76	0.00000
1536	3584	2	466	102	0.00000
1024	3072	2	472	226	0.00000
1024	3072	1	434	368	0.90378
1536	3072	1	384	452	4.27263
1536	3072	1	480	476	3.28095
1536	3072	1	426	284	0.79958
1536	3072	1	506	50	0.68181
1536	3584	1	270	202	3.53892
1536	3584	1	356	178	4.23298
1536	3584	1	156	176	3.58260
1536	3584	1	62	194	3.48152
1536	3584	1	186	446	0.02127
1536	3584	1	316	444	6.00265
1536	3584	1	448	426	0.26625
1536	3584	1	374	312	4.44390
1024	3584	1	292	344	5.81738
1024	3584	1	140	292	4.29069
1024	3584	1	130	434	0.34556
1024	3584	1	394	440	2.44137
1536	3072	2	320	174	0.00000
1536	3584	2	286	66	0.00000
1024	3584	1	408	322	0.00000
1536	3584	1	10	468	1.74299
1536	3584	1	10	332	0.00000
1024	3584	2	498	180	0.00000
1536	3584	1	246	492	0.00000
2048	2048	1	468	154	0.00000
2560	2048	1	88	348	5.75717
2560	2048	1	132	248	5.69518
2048	2048	1	156	304	2.54046
2048	2048	1	88	512	1.20807
2048	2048	1	460	376	5.78641
2048	2048	1	262	310	0.00000
2048	2048	2	24	284	0.00000
2048	2560	2	400	66	0.00000
2048	2560	2	348	54	0.00000
2560	2560	2	20	170	0.00000
2048	2560	2	336	220	0.00000
2048	2560	2	180	158	0.00000
2048	2560	2	242	158	0.00000
2048	2560	2	210	410	0.00000
2048	2560	2	174	370	0.00000
2048	2560	2	326	434	0.00000
2048	2560	2	440	338	0.00000
2048	2560	2	510	330	0.00000
2560	2560	2	466	338	0.00000
2560	2560	2	316	490	0.00000
2048	2048	1	210	178	1.67137
2048	2048	2	190	82	0.00000
2048	2048	1	304	36	0.36933
2048	2048	2	486	64	0.00000
2560	2048	1	80	108	3.33899
2560	2048	1	218	114	0.00000
2560	2048	1	318	96	0.00000
2560	2048	1	418	78	0.00000
2560	2048	1	302	238	3.83633
2560	2048	1	390	326	4.12147
2560	2048	1	236	394	0.00000
2560	2048	1	360	418	1.54449
2048	2048	1	380	470	1.25910
2048	2560	1	272	90	4.81788
2048	2560	1	122	154	3.63619
2048	2560	1	76	100	3.73326
2560	2048	1	236	510	1.37340
2560	2560	1	246	78	4.65689
2560	2560	1	90	232	2.76335
2560	2560	1	188	216	3.70926
2560	2560	1	454	28	2.66590
2560	2560	1	452	146	5.25061
2560	2560	1	390	198	4.63935
2048	2048	1	238	494	4.34441
2048	2560	1	104	284	4.71239
2560	2560	1	314	266	2.21901
2560	2560	1	252	322	1.96852
2048	2560	1	320	340	3.98249
2048	2560	1	90	356	4.19888
2048	2560	1	114	458	5.74277
2048	2048	1	14	374	5.51205
2048	2048	1	14	472	4.58899
2560	2048	1	512	426	3.40027
2560	2560	1	364	394	3.94453
2048	2560	1	494	448	1.06593
2048	2560	1	370	484	0.75253
2560	2560	1	208	392	2.49809
2560	2560	1	138	466	2.89168
2560	2560	1	512	386	3.70689
2560	2560	1	404	512	4.62173
3072	2560	1	252	456	0.00000
3072	2560	1	170	412	0.00000
3072	2560	1	92	458	3.92216
3584	2560	1	222	320	0.00000
3072	2560	1	56	342	3.88627
3584	2560	1	214	512	5.82455
3584	2560	1	192	254	4.07049
3584	2560	1	118	292	3.58206
3072	2560	1	496	462	4.00637
3584	2560	1	328	512	3.82769
3584	2560	1	486	368	4.52588
3072	2560	1	224	246	5.36388
3584	2560	1	12	268	2.93451
3072	2560	1	298	372	4.14549
3072	2560	1	340	462	0.90058
3072	2560	1	330	238	2.97545
3584	2560	1	298	322	3.66648
3584	2560	1	106	170	5.14983
3584	2560	1	444	448	2.48929
3584	2560	1	414	326	3.54333
3584	2560	1	340	392	3.32343
3072	2560	1	442	264	3.19954
3584	2560	1	112	444	2.54919
3584	2560	1	202	108	1.88959
3072	2560	1	360	68	0.48511
3584	2560	1	156	354	2.70558
3584	2560	1	504	244	4.23868
3584	2560	1	416	162	5.99363
3072	2560	1	494	382	1.49181
3072	2560	1	130	176	3.44581
3072	2560	1	280	142	4.45873
3584	2560	1	270	188	2.08305
3072	2560	1	86	68	2.83671
3584	2560	2	368	434	0.00000
3584	2560	2	262	472	0.00000
3584	2560	2	384	224	0.00000
3072	2560	2	470	178	0.00000
3072	2560	2	434	134	0.00000
3072	2560	1	470	86	2.09894
3072	2560	2	300	20	0.00000
3072	2560	2	260	12	0.00000
3072	2560	2	164	86	0.00000
3072	2560	1	200	38	2.29271
3072	2048	1	142	450	0.67535
3072	2048	1	6	432	3.90866
3584	2048	1	336	480	4.89496
3584	2560	1	120	30	3.62286
3584	2048	1	82	476	4.04853
3072	2048	1	488	444	3.92104
3072	2048	1	358	410	1.73907
3584	2048	1	172	394	5.93998
3584	2048	1	298	324	4.60340
3584	2048	1	72	328	3.60256
3584	2048	1	24	260	0.00000
3072	2048	1	474	204	0.00000
3072	2048	1	370	300	4.97589
3072	2048	1	218	332	2.06108
3072	2048	1	48	320	2.55559
3072	2048	1	100	260	1.65770
3072	2048	1	208	222	5.49173
3072	2048	1	296	226	3.14421
3584	2048	1	332	232	5.75084
3584	2048	1	512	122	0.00000
3584	2048	1	472	58	0.00000
3584	2048	1	376	70	0.00000
3584	2048	1	370	174	5.26637
3584	2048	1	252	130	3.49584
3584	2048	1	254	0	0.00000
3584	2048	1	136	106	0.00000
3072	2048	1	512	88	4.92472
3584	2048	1	74	6	5.68905
3072	2048	1	432	70	3.59694
3072	2048	1	310	126	0.78275
3072	2048	1	198	42	1.25077
3072	2048	1	226	98	0.00000
3072	2048	1	46	188	4.54156
3072	2048	1	64	0	0.00000
3072	3072	1	402	84	0.00000
3072	3072	1	214	24	0.40158
3072	3072	1	86	82	0.81909
3072	3072	1	86	162	1.45183
3072	3072	1	202	124	2.68031
3584	3072	1	6	142	0.18929
3584	3072	1	126	56	4.62580
3584	3072	1	220	16	5.71987
3584	3072	1	472	48	3.84120
3584	3072	1	352	16	1.93424
3072	3072	1	24	242	4.16622
3072	3072	1	242	248	0.47694
3072	3072	1	378	198	4.84662
3072	3072	1	478	256	4.18999
3584	3072	1	68	294	0.74594
3584	3072	1	126	164	0.37725
3584	3072	1	304	186	4.18483
3584	3072	1	278	92	4.52761
3584	3072	2	230	156	0.00000
3072	3072	1	128	264	3.43580
3072	3072	1	38	322	4.07052
3072	3072	1	166	406	4.71962
3072	3072	1	310	368	4.94539
3584	3072	1	190	254	6.06765
3584	3072	1	140	324	2.03071
3584	3072	1	370	300	5.87123
3584	3072	1	424	192	0.18535
3584	3072	2	512	148	0.00000
3072	3072	2	246	448	0.00000
3072	3072	1	34	452	2.76826
3072	3584	1	104	30	3.77562
3072	3584	1	182	38	3.77360
3072	3072	1	264	506	1.62126
3072	3072	1	452	394	3.40069
3584	3072	1	50	376	1.49651
3584	3072	1	266	330	3.17729
3584	3072	1	488	410	2.77390
3584	3072	1	42	482	0.00000
3584	3584	1	134	34	5.58614
3584	3072	1	202	402	4.21420
3584	3072	1	306	424	0.25279
3584	3072	2	348	486	0.00000
3584	3584	1	280	146	3.75878
3584	3072	1	226	494	2.29017
3584	3072	1	140	482	5.45483
3072	3072	1	424	492	1.58028
3072	3072	1	348	304	4.97751
3072	3584	1	226	86	0.68471
3072	3584	1	144	166	5.50336
3072	3584	1	80	228	5.87677
3072	3584	1	74	352	3.97983
3072	3584	1	4	266	0.00000
3072	3584	1	354	166	1.92833
3072	3584	1	380	56	4.13412
3072	3584	1	474	76	1.00748
3584	3584	1	438	18	3.17426
3584	3584	1	484	82	2.60981
3584	3584	1	96	166	3.00212
3072	3584	1	318	276	0.37650
3072	3584	1	224	286	0.95208
3072	3584	1	184	376	1.27194
3584	3584	1	4	190	3.13446
3584	3584	1	408	214	2.75310
3584	3584	1	482	200	2.68867
3584	3584	1	190	264	2.52134
3584	3584	1	274	400	5.70475
3584	3584	1	304	230	3.73494
3584	3584	1	170	132	2.58781
3584	3584	1	218	484	5.26363
3584	3584	1	94	410	5.73666
3584	3584	1	366	282	5.33264
3072	3584	1	136	490	1.10374
3584	3072	1	496	262	3.69504
3584	3072	2	396	410	0.00000
3584	3584	1	492	330	3.71711
3584	3584	1	116	314	2.13229
3584	3584	1	324	364	5.72192
2560	3584	1	284	476	4.19733
2048	3584	1	234	304	1.46226
2048	3584	1	2	346	5.64867
2560	3584	1	10	512	3.27397
2560	3584	1	440	460	0.61332
2048	3584	1	64	250	4.91661
2560	3584	1	290	256	6.05124
2048	3584	1	112	122	3.57225
2560	3584	1	208	280	3.33191
2048	3584	1	248	210	5.40591
2560	3584	1	488	140	4.15613
2560	3584	1	362	232	2.65057
2560	3584	1	216	72	5.01500
2560	3072	1	480	448	5.38166
2048	3584	1	180	212	3.01367
2560	3584	1	410	350	0.59728
2048	3584	1	196	124	4.62515
2560	3584	1	412	220	2.49878
2560	3584	1	220	156	4.19320
2560	3584	1	332	358	1.13415
2560	3584	1	386	78	3.22456
2560	3072	1	200	440	0.00000
2560	3584	1	42	398	0.00000
2560	3584	1	64	184	0.00000
2560	3072	1	380	352	4.58382
2048	3584	1	378	320	1.65621
2048	3584	1	30	60	3.68437
2048	3584	1	480	74	1.61532
2560	3584	1	98	340	5.55978
2560	3584	1	142	252	2.85177
2048	3584	1	482	432	2.28886
2560	3072	1	434	508	2.73830
2560	3072	1	512	378	5.88890
2048	3584	1	388	448	0.00000
2560	3584	1	140	102	1.64162
2048	3584	1	326	468	0.00000
2048	3584	1	150	482	0.00000
2048	3584	1	410	202	0.00000
2048	3584	1	60	492	0.00000
2048	3584	1	498	232	3.56171
2560	3072	1	290	438	0.00000
2560	3072	1	76	508	4.73719
2048	3584	1	390	2	2.08276
2048	3072	1	460	434	4.83869
2560	3072	1	512	286	4.12804
2560	3072	1	512	76	3.18705
2560	3072	1	436	246	0.75346
2560	3072	2	352	242	0.00000
2560	3072	1	424	48	5.40224
2560	3072	1	402	116	2.10810
2560	3072	2	218	138	0.00000
2560	3072	1	236	64	2.03306
2560	3072	1	248	202	4.28335
2560	3072	1	256	316	1.20912
2560	3072	1	112	394	5.03345
2560	3072	1	110	320	0.76322
2560	3072	2	94	218	0.00000
2560	3072	2	20	168	0.00000
2048	3072	2	154	474	0.00000
2048	3072	1	14	416	3.13955
2048	3072	1	90	394	3.48315
2560	3072	2	154	66	0.00000
2560	3072	2	118	22	0.00000
2048	3072	1	424	360	4.62229
2048	3072	1	412	278	1.24713
2048	3072	1	336	410	2.11975
2048	3072	1	194	394	4.99012
2048	3072	2	200	328	0.00000
2048	3072	1	352	240	1.47658
2048	3072	1	390	148	5.84022
2560	3072	1	108	130	4.49808
2560	3072	1	28	90	4.14384
2048	3072	1	470	34	0.82009
2048	3072	1	358	0	0.00000
2048	3072	1	314	88	6.01675
2048	3072	1	150	164	0.98634
2048	3072	1	32	166	3.91714
2048	3072	1	208	0	0.00000
2048	3072	1	54	44	1.21573
