1024	2048	1	278	98	0.00000
1024	2048	2	198	104	0.00000
1024	2048	1	216	198	5.07578
1024	2048	1	180	268	1.77220
1024	2048	1	214	374	0.55676
1024	2048	1	320	406	5.39850
1024	2560	1	290	8	1.36592
1024	2560	1	108	186	3.46334
1024	2560	1	396	190	1.29250
1024	2048	1	486	346	0.00000
1536	2048	1	164	160	0.00000
1536	2048	2	236	142	0.00000
1536	2048	2	278	110	0.00000
1536	2048	2	490	62	0.00000
1536	2048	2	512	130	0.00000
1536	2048	1	348	106	0.00000
1024	2048	2	508	62	0.00000
1024	2048	2	382	52	0.00000
1536	2048	1	80	230	3.66594
1536	2048	1	128	310	4.28756
1536	2048	1	88	438	2.29744
1536	2048	2	236	390	0.00000
1536	2048	1	378	296	4.15379
1536	2048	2	454	338	0.00000
1536	2048	1	372	394	1.05841
1536	2048	1	248	444	4.43155
1536	2560	1	46	46	0.00000
1536	2560	1	270	24	1.42073
1536	2048	2	466	482	0.00000
1536	2560	1	158	92	1.51544
1536	2560	1	264	118	1.51821
1536	2560	1	356	200	2.52440
1536	2560	2	486	168	0.00000
1536	2560	2	412	188	0.00000
1536	2560	1	78	246	3.52847
1024	2560	1	244	352	0.00000
1024	2560	2	198	297	0.00000
1024	2560	1	318	364	0.00000
1024	2560	1	404	348	0.00000
1024	2560	1	496	304	3.01819
1536	2560	1	194	254	0.70645
1536	2560	1	328	254	5.33264
1536	2560	1	464	262	0.63376
1024	2560	1	52	360	4.02170
1024	2560	1	266	460	0.35299
1024	2560	1	400	472	0.00000
1024	2560	1	172	464	2.72441
1536	2560	1	176	350	5.10113
1024	2560	1	504	406	4.14281
1536	2560	1	44	476	1.04222
1536	2560	2	198	499	0.00000
1536	2560	2	390	397	0.00000
1536	2560	2	422	512	0.00000
1536	2560	1	498	74	3.74644
1536	2560	1	492	458	3.79079
1536	2560	1	328	498	4.94783
1536	2048	1	130	48	3.93451
1536	2048	2	302	30	0.00000
1024	3072	1	50	56	3.70266
1024	3072	1	58	204	3.44009
1024	3072	1	134	172	2.83078
1024	3072	1	196	138	5.64720
1024	3072	1	238	54	0.84415
1024	3072	2	316	168	0.00000
1024	3072	1	314	276	3.95138
1024	3072	1	218	218	1.02871
1024	3072	1	146	282	1.81901
1024	3072	1	88	356	2.19423
1024	3072	1	240	388	0.57542
1024	3584	1	280	12	5.65502
1024	3584	1	410	38	1.25805
1024	3584	1	462	132	0.00000
1024	3584	1	344	164	0.52952
1024	3584	1	254	258	0.00000
1024	3584	1	408	286	1.07052
1024	3584	1	438	410	0.00000
1536	3584	1	50	346	0.00000
1536	3584	1	68	134	4.30418
1536	3584	1	150	240	3.29794
1536	3584	1	272	216	4.54986
1024	3072	1	490	166	2.63999
1536	3072	1	60	104	0.12970
1536	3072	1	86	222	0.77889
1536	3072	1	196	250	4.88180
1536	3072	1	278	118	3.75982
1536	3072	1	330	232	1.89509
1536	3072	1	486	210	2.97324
1536	3072	2	404	122	0.00000
1536	3072	1	214	56	2.81339
1536	3072	2	118	316	0.00000
1536	3072	1	296	356	5.85656
1536	3072	2	376	338	0.00000
1536	3072	1	444	322	0.00000
1536	3072	1	308	484	0.00000
1536	3072	1	184	510	3.03825
1536	3072	1	124	446	3.56555
1536	3072	1	58	458	3.87468
1536	3584	2	374	132	0.00000
1536	3584	2	452	112	0.00000
1536	3072	1	512	434	4.30069
1536	3584	1	446	198	5.16354
1536	3584	1	438	250	2.27129
1536	3584	1	424	338	5.65898
1536	3584	1	316	316	3.27161
1536	3584	1	292	478	0.00000
1536	3584	1	486	458	0.00000
1536	3584	1	366	440	0.00000
1536	3584	1	170	476	0.55431
1536	3584	1	50	498	0.47601
1536	3584	1	182	320	0.53581
1024	3584	1	102	478	5.90095
1024	3584	1	70	162	2.67795
1024	3072	1	26	400	5.31244
1024	3072	2	36	178	0.00000
1024	3072	2	376	86	0.00000
1024	3072	2	414	24	0.00000
1536	3072	2	502	112	0.00000
2560	2560	1	150	426	0.00000
2560	2560	1	262	304	4.21323
2560	2560	1	460	424	3.74892
2048	2560	1	38	306	4.33662
2560	2560	1	512	478	1.76771
2048	2560	1	12	226	0.87062
2560	2560	1	242	506	3.45843
2048	2560	1	20	406	4.12053
2560	2560	1	258	408	3.90972
2560	2560	1	100	208	0.50483
2560	2560	1	334	512	3.32446
2560	2560	1	78	388	3.15208
2560	2560	1	178	262	3.99272
2048	2560	1	366	240	5.23880
2048	2560	1	328	496	4.29961
2048	2560	1	252	186	4.26824
2048	2560	1	398	152	5.94819
2048	2560	1	338	304	5.26689
2560	2560	1	4	270	2.93580
2560	2560	1	512	254	0.93816
2048	2560	1	272	366	4.72593
2048	2560	1	78	454	3.29714
2048	2560	1	158	472	0.00000
2560	2560	1	378	288	3.59044
2048	2560	2	453	485	0.00000
2048	2560	2	447	307	0.00000
2048	2560	2	197	415	0.00000
2560	2560	2	13	483	0.00000
2560	2560	2	463	339	0.00000
2048	2560	2	168	359	0.00000
2048	2560	1	56	146	3.81901
2048	2560	1	22	46	4.10458
2048	2560	1	136	92	3.20017
2048	2560	1	80	4	3.62195
2048	2048	1	36	442	3.46463
2048	2560	1	480	118	2.99175
2048	2560	2	412	55	0.00000
2048	2048	1	174	508	4.81316
2048	2048	2	260	501	0.00000
2048	2560	1	294	42	3.90227
2048	2048	1	374	438	5.09043
2048	2048	1	500	510	4.85879
2560	2560	1	94	50	1.06311
2560	2560	1	214	56	1.32719
2560	2560	1	252	130	3.97868
2560	2560	1	372	152	4.18602
2560	2560	1	512	46	1.27630
2560	2560	1	398	8	4.00143
2560	2560	2	294	11	0.00000
2560	2048	1	228	460	3.89580
2560	2048	2	296	395	0.00000
2560	2048	1	406	340	2.79050
2560	2048	1	512	310	0.00000
2560	2048	1	62	392	2.71434
2560	2048	1	242	324	3.91727
2048	2048	1	68	286	5.95289
2048	2048	1	40	350	1.02349
2048	2048	1	206	280	0.06838
2048	2048	1	110	234	5.83377
2048	2048	1	40	94	0.73749
2048	2048	1	138	32	2.52942
2048	2048	1	102	94	6.05741
2048	2048	1	250	82	4.35121
2048	2048	1	354	114	1.52286
2560	2048	1	18	120	4.81649
2048	2048	1	446	258	2.52076
2560	2048	1	86	238	2.76966
2560	2048	1	164	212	6.03633
2560	2048	1	252	184	6.04067
2560	2048	1	504	130	0.41762
2560	2048	1	430	54	0.00000
2560	2048	1	376	150	1.83880
2560	2048	1	298	96	0.00000
2560	2048	1	358	56	6.03242
2560	2048	1	180	48	2.58873
3072	2048	1	460	98	5.73626
3072	2048	1	368	108	4.78125
3072	2048	1	296	182	6.00078
3072	2048	1	134	96	2.27489
3072	2048	1	194	58	2.52134
3072	2048	1	68	182	1.21516
3072	2048	1	238	264	3.08284
3072	2048	1	112	316	4.93919
3584	2048	1	136	122	0.00000
3584	2048	1	262	100	3.81633
3584	2048	1	216	18	0.00000
3584	2048	1	378	70	5.57602
3584	2048	1	488	44	5.85470
3584	2048	1	386	216	5.37970
3584	2048	1	214	222	4.35362
3584	2048	1	330	292	4.64108
3584	2048	1	82	296	2.88990
3584	2048	1	18	350	2.80139
3072	2048	1	434	322	0.00000
3072	2048	1	362	264	3.06744
3072	2048	1	304	372	1.87885
3072	2048	1	182	430	4.53254
3072	2048	1	154	510	1.34248
3072	2048	1	374	460	4.74999
3072	2560	1	444	16	3.74239
3584	2048	1	48	480	5.02476
3584	2048	1	134	444	5.48697
3584	2048	1	196	410	5.30417
3584	2048	1	446	458	3.27349
3584	2048	1	512	448	5.57541
3584	2560	1	294	10	4.31722
3072	2560	1	58	480	1.95767
3072	2560	1	188	512	0.00000
3072	2560	1	306	320	0.00000
3072	2560	1	388	494	0.00000
3072	2560	1	278	476	3.01724
3072	2560	1	144	352	3.17861
3072	2560	1	42	252	0.83270
3072	2560	1	132	148	2.41595
3072	2560	1	292	184	1.52735
3072	2560	1	52	52	1.50485
3072	2560	1	384	86	0.00000
3072	2560	1	264	68	0.00000
3072	2560	2	162	74	0.00000
3072	2560	2	314	24	0.00000
3072	2560	2	472	182	0.00000
3072	2560	2	448	124	0.00000
3584	2560	1	42	90	2.44293
3584	2560	1	122	88	2.86980
3584	2560	1	204	102	3.02097
3584	2560	1	294	158	2.78596
3584	2560	1	394	108	0.00000
3584	2560	1	486	160	3.58397
3584	2560	1	512	70	5.24915
3072	2560	1	470	298	0.00000
3584	2560	1	106	308	5.85387
3584	2560	1	48	332	5.62455
3072	2560	1	404	298	3.09430
3072	2560	1	452	512	5.75961
3072	2560	1	508	508	5.78924
3584	2560	1	52	202	5.45811
3584	2560	1	184	246	3.90125
3584	2560	1	242	308	3.95716
3584	2560	1	412	386	1.42890
3584	2560	1	496	324	0.00000
3584	2560	1	372	290	5.80704
3584	2560	1	248	450	0.00000
3072	2560	1	484	424	2.21182
3584	2560	1	114	466	2.04814
3584	2560	1	174	398	1.03546
3584	2560	1	438	512	5.78541
3584	2560	1	512	454	4.94509
3584	2560	2	330	442	0.00000
3072	3072	1	172	42	0.88455
3072	3072	1	90	148	3.35558
3072	3072	1	206	154	3.26441
3072	3072	1	318	116	4.70169
3072	3072	1	390	0	6.28234
3072	3072	1	490	48	5.86366
3584	3072	1	52	30	5.86343
3584	3072	1	156	84	2.54434
3584	3072	1	228	68	2.14068
3584	3072	1	292	96	2.41697
3584	3072	1	450	32	5.61633
3584	3072	1	512	160	2.37294
3584	3072	1	456	210	2.99908
3584	3072	1	378	164	6.24916
3584	3072	1	274	284	3.02505
3584	3072	1	422	284	2.57465
3584	3072	1	512	268	0.23097
3584	3072	1	98	176	3.30686
3072	3072	1	488	160	3.60893
3072	3072	1	414	122	3.76391
3072	3072	1	502	276	0.41249
3072	3072	1	106	266	3.87537
3072	3072	1	8	232	5.93814
3072	3072	1	306	290	2.27561
3072	3072	1	352	246	5.74967
3584	3072	1	116	310	1.02827
3584	3072	1	142	418	2.68039
3072	3072	1	422	362	2.78076
3072	3072	1	358	390	5.32865
3072	3072	1	286	440	3.99330
3072	3072	1	208	306	4.64037
3072	3072	1	186	424	0.29237
3072	3072	1	90	398	0.28589
3072	3072	1	34	348	0.00000
3072	3072	1	496	358	2.09298
3584	3072	1	288	448	5.72575
3584	3072	1	214	204	6.07025
3584	3072	1	374	446	2.47503
3584	3072	1	442	426	2.47466
3584	3072	1	74	458	3.73390
3584	3584	1	118	26	2.74851
3584	3072	1	236	506	2.79777
3584	3584	1	474	42	3.13666
3584	3584	1	392	34	5.07799
3584	3584	1	382	116	2.02439
3072	3584	1	412	28	0.77040
3072	3072	1	352	498	4.33260
3072	3584	1	88	4	0.49159
3072	3584	1	148	32	3.73823
3072	3584	1	218	74	3.92758
3584	3584	1	10	76	2.06286
3584	3584	1	186	146	2.27857
3072	3584	1	510	140	1.75388
3072	3584	1	348	86	2.43971
3072	3584	1	286	150	4.41379
3584	3584	1	170	294	6.11792
3584	3584	1	394	266	4.02421
3584	3584	1	454	294	0.49848
3072	3584	1	142	178	2.85686
3072	3584	1	22	86	1.67710
3072	3584	1	52	238	0.33008
3072	3584	1	234	260	3.81764
3072	3584	1	460	260	0.71726
3072	3584	1	298	254	0.69608
3072	3584	1	378	266	0.33410
3584	3584	1	342	380	5.74155
3584	3584	1	58	288	1.69049
3584	3584	1	504	154	4.40017
3584	3584	1	512	304	1.40787
3072	3584	1	116	314	5.98972
3072	3584	1	50	354	0.50349
3072	3584	1	482	350	1.19389
3072	3584	1	54	486	4.88973
3072	3584	1	176	474	1.02133
3072	3584	1	270	368	0.97651
3072	3584	1	480	466	1.11944
3072	3584	1	334	442	4.01269
3584	3584	1	100	390	1.83483
3584	3584	1	246	390	0.83645
3584	3584	1	486	424	1.95405
3584	3584	1	454	492	5.43818
2560	3584	1	366	472	5.66445
2560	3584	1	20	396	0.00000
2048	3584	1	334	492	0.07040
2048	3584	1	202	466	0.00000
2048	3584	1	444	454	0.17342
2560	3584	1	136	478	1.97880
2560	3584	1	512	462	2.03602
2560	3584	1	250	498	6.10459
2560	3584	1	376	386	5.32033
2048	3584	1	50	284	5.94585
2048	3584	1	426	300	0.97968
2048	3584	1	414	224	0.00000
2560	3584	1	86	212	0.62600
2048	3584	1	136	210	0.63509
2048	3584	1	42	442	0.83820
2560	3584	1	152	344	0.96548
2048	3584	1	232	214	2.70864
2048	3584	1	90	500	4.12500
2048	3584	2	188	288	0.00000
2048	3584	2	244	330	0.00000
2560	3584	2	276	256	0.00000
2560	3584	2	266	350	0.00000
2048	3584	2	132	118	0.00000
2048	3584	1	20	148	1.20494
2048	3584	1	56	8	2.13857
2048	3072	1	0	432	4.48304
2048	3072	1	30	238	0.33304
2048	3072	1	90	294	0.76118
2048	3072	1	136	438	4.29531
2048	3072	1	172	508	3.44891
2048	3584	1	280	44	2.68570
2048	3072	1	336	508	6.04634
2048	3584	1	416	30	3.04693
2048	3072	1	464	484	5.82729
2560	3072	1	38	502	3.04488
2560	3072	2	88	454	0.00000
2560	3072	2	92	232	0.00000
2560	3072	2	144	72	0.00000
2560	3072	2	330	236	0.00000
2048	3584	2	302	184	0.00000
2560	3584	1	164	250	1.09453
2560	3584	1	234	172	1.31392
2560	3584	1	266	110	4.97864
2560	3584	1	376	184	0.49744
2560	3584	1	470	182	5.75511
2560	3584	1	510	68	2.00320
2560	3584	1	378	36	5.02521
2560	3584	1	112	24	3.70453
2560	3584	1	178	44	1.05097
2560	3072	1	276	448	0.88452
2560	3072	2	192	472	0.00000
2560	3072	1	202	388	1.23744
2560	3072	1	376	388	0.00000
2560	3072	1	478	404	5.79629
2560	3072	1	436	236	2.44293
2560	3072	1	512	222	5.84810
2560	3072	1	482	98	4.62682
2560	3072	1	320	24	3.61383
2560	3072	1	234	14	3.41945
2560	3072	1	292	254	2.86311
2560	3072	1	204	210	5.66406
2560	3072	1	184	310	4.91880
2560	3072	1	34	364	4.01734
2048	3072	1	456	250	0.31100
2048	3072	1	438	80	5.92546
2560	3072	1	68	156	1.26644
2048	3072	1	374	284	5.50560
2048	3072	1	376	378	4.67556
2048	3072	1	204	152	3.52417
2048	3072	1	16	114	4.79420
2048	3072	1	142	8	0.00000
2048	3072	1	294	142	5.87306
2048	3072	1	282	0	3.99116
2560	3072	2	218	138	0.00000
2048	3072	2	222	282	0.00000
2048	3072	2	284	276	0.00000
