1024	2048	1	48	162	2.80202
1024	2048	1	158	142	2.77346
1024	2048	1	112	286	3.67918
1024	2048	1	222	396	0.53903
1024	2560	1	312	42	0.90602
1536	2048	1	236	286	0.00000
1024	2560	1	418	364	2.64517
1024	2560	1	68	378	0.00000
1024	2560	1	120	442	0.51067
1024	2560	1	204	506	4.23996
1024	2560	1	328	508	4.17866
1024	2560	1	256	418	4.63477
1536	2560	1	56	446	4.91288
1536	2560	1	180	456	0.63232
1536	2560	1	330	510	5.16014
1536	2560	1	448	506	3.13422
1024	2560	1	298	296	3.97898
1024	2560	1	130	324	1.95938
1024	2560	1	66	240	4.23962
1024	2560	1	24	174	4.34775
1024	2560	2	200	280	0.00000
1024	2560	1	254	208	4.28736
1536	2560	1	58	272	2.28141
1536	2560	1	294	414	3.96210
1536	2560	1	448	380	4.05810
1536	2560	1	396	316	3.68034
1536	2560	1	318	262	5.51331
1536	2560	1	210	330	4.08784
1536	2560	1	134	250	5.70251
1536	2560	1	56	166	0.95613
1536	2560	1	182	184	2.40545
1536	2560	1	282	142	2.59043
1536	2560	1	494	236	5.79944
1536	2560	1	392	132	2.60978
1536	2560	1	454	4	3.13314
1024	2560	1	478	112	1.16456
1536	2560	1	96	32	0.00000
1024	2560	1	480	34	4.09591
1024	2048	1	436	444	1.23103
1536	2048	1	278	506	1.10245
1536	2048	1	398	394	6.14129
1536	2048	1	392	268	2.10450
1536	2048	1	234	384	5.60501
1536	2048	1	170	460	2.90540
1536	2048	1	108	312	2.22695
1024	2048	1	442	160	1.25842
1024	2048	2	212	84	0.00000
1024	2048	2	262	22	0.00000
1024	2048	2	354	34	0.00000
1024	2048	2	456	18	0.00000
1536	2048	1	4	20	0.00000
1024	2048	1	504	244	3.33844
1536	2048	1	92	216	5.49779
1536	2048	1	64	56	3.49673
1536	2048	2	226	174	0.00000
1536	2048	2	296	92	0.00000
1536	2048	1	136	30	2.78987
1536	2048	1	226	20	0.14981
1536	2048	1	394	10	3.59172
1536	2048	2	484	58	0.00000
1536	3584	1	508	446	1.18461
1536	3584	1	450	276	2.79963
1536	3584	1	428	350	5.75366
1536	3584	1	320	366	1.50703
1536	3584	1	512	362	5.70724
1536	3584	1	348	492	5.55059
1536	3584	1	182	470	0.56405
1024	3584	1	106	476	5.78763
1536	3584	1	68	472	0.23218
1536	3584	1	6	414	0.00000
1024	3584	1	462	510	2.03543
1024	3584	1	268	348	4.96902
1024	3584	1	18	494	5.78741
1024	3584	1	380	304	0.00000
1536	3584	1	360	238	0.00000
1536	3584	1	62	318	1.71873
1024	3584	1	92	332	1.60168
1024	3584	1	480	202	2.35429
1536	3584	1	100	244	2.12463
1536	3584	1	74	176	4.40221
1536	3584	1	180	188	0.35278
1536	3584	1	260	238	2.55330
1536	3584	1	338	186	2.38406
1536	3584	1	422	180	5.34413
1536	3584	1	406	124	3.25368
1536	3584	2	478	108	0.00000
1536	3072	1	512	504	1.57450
1536	3072	2	368	460	0.00000
1536	3072	1	484	402	5.58491
1536	3072	1	512	284	0.66539
1536	3584	1	234	4	0.00000
1536	3584	1	146	44	4.13225
1536	3584	1	28	88	4.10480
1024	3584	1	338	164	1.61097
1024	3584	1	164	166	1.43961
1024	3584	1	98	100	0.00000
1024	3584	1	0	206	4.56364
1024	3584	1	248	62	1.39200
1024	3072	1	148	488	0.62772
1024	3072	1	266	414	5.66609
1536	3072	1	102	456	3.16039
1536	3072	1	10	358	0.75811
1536	3072	1	172	404	0.00000
1536	3072	1	290	356	5.53407
1536	3072	1	276	252	5.68601
1536	3072	1	382	176	0.00000
1536	3072	1	482	164	0.00000
1536	3072	1	356	4	5.38267
1536	3072	1	324	100	0.68853
1536	3072	1	192	100	5.75578
1536	3072	1	184	220	2.58149
1536	3072	1	88	184	0.00000
1536	3072	1	20	180	5.98553
1024	3072	1	462	214	0.00000
1536	3072	1	118	324	3.90653
1024	3072	1	412	120	5.81779
1024	3072	1	298	102	5.51571
1024	3072	1	352	258	0.00000
1024	3072	1	296	244	3.91355
1024	3072	1	230	236	0.57767
1024	3072	1	160	336	3.43233
1024	3072	1	76	332	3.21027
1024	3072	1	156	192	0.53207
1024	3072	1	24	218	3.02224
1024	3072	1	150	86	1.20410
1024	3072	1	182	4	1.00910
1536	3584	2	364	70	0.00000
1024	3072	1	20	68	0.00000
1024	3072	2	478	26	0.00000
2560	2560	1	448	440	3.08720
2560	2560	2	305	469	0.00000
2560	2560	1	234	424	0.68157
2048	2560	1	186	472	5.17463
2560	2560	1	266	292	5.68858
2560	2560	1	64	414	0.67111
2560	2560	1	498	244	1.40866
2048	2560	1	28	450	0.00000
2560	2560	1	342	318	5.69242
2560	2560	2	444	326	0.00000
2560	2560	1	504	166	1.27814
2560	2560	1	150	290	1.20957
2048	2560	2	116	446	0.00000
2048	2560	2	86	512	0.00000
2048	2560	2	320	414	0.00000
2048	2560	2	474	479	0.00000
2560	2560	2	18	496	0.00000
2560	2048	2	501	467	0.00000
2048	2560	1	342	344	5.08911
2048	2560	1	148	260	2.75414
2560	2560	1	64	204	0.29257
2048	2560	1	66	256	0.00000
2048	2560	1	346	238	1.67344
2048	2560	2	190	422	0.00000
2048	2560	2	168	372	0.00000
2560	2560	1	190	138	2.76541
2560	2048	1	330	510	1.24254
2560	2560	1	302	172	5.63797
2560	2560	1	444	52	0.49057
2048	2560	1	458	234	2.69734
2048	2560	1	478	102	6.13274
2048	2560	1	292	98	5.21969
2560	2560	1	78	6	1.73960
2048	2560	2	242	140	0.00000
2048	2560	2	439	318	0.00000
2048	2560	2	177	151	0.00000
2048	2560	2	382	104	0.00000
2048	2560	2	420	56	0.00000
2048	2560	1	68	114	1.34716
2048	2048	1	38	454	4.10767
2048	2560	1	54	28	4.36146
2048	2048	2	216	506	0.00000
2048	2048	2	261	503	0.00000
2560	2560	2	40	164	0.00000
2560	2048	1	432	290	1.52066
2560	2048	1	394	400	4.75432
2560	2048	1	452	360	1.45326
2560	2048	1	198	448	0.83693
2560	2048	1	512	156	1.07021
2560	2048	1	394	170	3.96312
2560	2048	1	424	42	5.51222
2560	2048	1	330	68	0.00000
2560	2048	1	278	192	2.79591
2560	2048	1	180	136	0.00000
2560	2048	1	224	18	3.19379
2560	2048	1	100	84	5.63413
2560	2048	1	44	22	0.88448
2048	2048	1	472	106	5.14111
2560	2048	1	78	192	5.62624
2048	2048	1	490	222	0.00000
2560	2048	2	293	402	0.00000
2560	2048	2	232	386	0.00000
2560	2048	1	206	266	5.65318
2560	2048	1	26	334	3.96081
2048	2048	1	486	446	3.82283
2048	2560	1	340	28	4.17365
2048	2048	1	344	438	4.10319
2048	2048	1	406	342	2.30132
2048	2048	1	150	404	2.62696
2048	2048	1	274	290	5.99746
2048	2048	1	166	250	5.47703
2048	2048	1	66	212	0.27004
2048	2048	1	120	56	0.35752
2048	2048	2	60	112	0.00000
2048	2048	2	187	75	0.00000
3584	2560	1	274	508	5.38654
3584	2560	1	382	300	0.85988
3072	2560	1	156	406	3.29514
3072	2560	1	246	328	3.36026
3072	2560	1	270	444	3.92904
3072	2560	1	342	280	3.20707
3072	2560	1	312	178	0.38367
3584	2560	1	176	472	2.66461
3584	2560	1	120	160	5.61889
3584	2560	1	176	124	5.67764
3072	2560	1	384	478	0.00000
3584	2560	1	76	500	1.84496
3072	2560	1	134	218	3.13303
3072	2560	1	476	488	3.66717
3072	2560	1	210	182	0.00000
3584	2560	1	298	144	3.76561
3584	2560	1	458	512	1.43527
3072	2560	1	438	284	4.62925
3072	2560	1	506	368	2.38321
3584	2560	1	106	382	3.21329
3584	2560	1	434	340	0.71770
3584	2560	1	232	368	3.86953
3584	2560	1	156	272	5.93768
3584	2560	1	68	256	3.21470
3584	2560	1	334	224	4.25423
3584	2560	1	14	174	3.88157
3072	2560	1	510	90	0.69045
3584	2560	1	422	136	2.57880
3584	2560	1	510	226	1.48034
3584	2560	1	512	358	4.55679
3584	2560	1	512	430	4.74363
3072	2048	1	468	328	4.27904
3584	2048	1	384	460	2.97029
3072	2048	1	416	426	1.72740
3584	2560	1	264	70	0.73684
3584	2560	1	512	42	3.34115
3072	2560	1	244	46	2.30898
3072	2048	1	270	454	1.37559
3584	2560	1	108	4	4.48375
3584	2048	1	218	490	3.49458
3072	2048	1	200	372	4.79222
3584	2048	1	72	456	4.79079
3584	2048	1	72	382	4.59916
3072	2048	1	442	498	1.74639
3072	2560	1	348	56	0.00000
3584	2048	1	466	58	0.00000
3584	2048	1	512	112	0.22200
3584	2048	1	398	210	5.35177
3584	2048	1	400	80	0.00000
3584	2048	1	252	88	3.53055
3584	2048	1	212	248	5.02962
3584	2048	1	164	114	0.00000
3584	2048	1	34	148	2.49223
3072	2048	1	366	326	0.00000
3072	2048	1	278	238	3.27374
3072	2048	1	212	34	4.79390
3072	2048	1	396	188	5.13524
3072	2048	1	408	66	0.36823
3072	2048	1	246	102	4.86423
3072	2048	1	88	50	0.00000
3072	2048	1	108	264	1.67949
3072	2048	1	46	426	4.00376
3584	2048	1	62	292	5.88839
3584	2560	2	260	438	0.00000
3584	2560	2	332	446	0.00000
3072	2560	2	464	182	0.00000
3072	2560	2	426	126	0.00000
3072	2560	2	164	76	0.00000
3072	3072	1	64	146	2.04392
3072	3072	1	148	120	2.50484
3072	3072	1	194	52	5.29984
3072	3072	1	80	286	1.08302
3072	3072	1	244	226	1.43389
3072	3072	1	208	316	3.71046
3072	3072	1	150	442	3.33871
3072	3584	1	110	64	5.66489
3072	3072	1	278	362	4.15141
3072	3072	1	334	412	4.10859
3072	3072	1	210	512	3.69955
3072	3584	1	268	38	4.01798
3072	3584	1	418	374	4.72000
3072	3584	1	190	350	0.58509
3072	3584	1	132	460	3.12652
3072	3584	1	54	278	1.87792
3072	3584	1	48	134	2.06777
3584	3584	1	48	326	1.99066
3072	3584	2	120	360	0.00000
3584	3584	2	282	508	0.00000
3584	3584	1	312	256	3.88935
3584	3584	1	194	308	2.91040
3584	3584	1	248	236	0.41635
3584	3584	1	296	416	5.73574
3584	3584	1	346	308	3.98575
3584	3584	1	128	332	2.90435
3584	3584	1	436	452	0.38580
3584	3584	1	60	472	5.62214
3584	3584	1	444	288	2.18638
3584	3584	1	14	242	0.81171
3072	3584	1	422	270	2.59569
3072	3584	1	376	180	1.97918
3072	3584	1	336	306	0.14249
3072	3584	1	290	202	2.00793
3072	3584	1	272	332	3.19136
3584	3584	1	146	218	1.06624
3584	3584	1	482	194	0.00000
3584	3584	1	464	28	0.54428
3584	3584	1	406	170	3.19358
3584	3584	1	338	100	3.61265
3584	3584	1	286	88	1.30482
3584	3584	1	166	146	4.74559
3584	3584	1	18	150	4.01136
3072	3584	1	348	88	2.71792
3072	3584	1	440	62	0.22827
3072	3072	1	410	486	0.60949
3072	3584	1	508	14	5.89412
3584	3584	1	126	46	3.51146
3584	3584	1	212	36	0.53435
3584	3584	1	310	6	0.69790
3584	3072	1	418	500	0.84669
3584	3072	1	14	438	2.36702
3072	3072	2	438	262	0.00000
3584	3072	2	8	204	0.00000
3584	3072	1	12	348	2.27641
3584	3072	1	118	398	3.24126
3584	3072	1	216	432	4.44939
3584	3072	1	330	436	1.21624
3584	3072	1	310	362	0.29377
3584	3072	1	220	358	5.18417
3584	3072	2	276	272	0.00000
3584	3072	1	436	354	3.45024
3072	3072	1	334	180	5.65949
3072	3072	1	420	170	0.36006
3584	3072	1	22	122	4.75804
3584	3072	1	42	54	2.01337
3584	3072	1	118	144	3.58641
3584	3072	2	192	81	0.00000
3584	3072	2	232	137	0.00000
3584	3072	1	190	234	4.01013
3584	3072	2	438	233	0.00000
3584	3072	1	378	240	2.74508
3584	3072	2	308	169	0.00000
3584	3072	2	354	109	0.00000
3584	3072	1	422	58	2.12629
3072	3072	2	382	52	0.00000
2048	3072	1	242	394	0.50443
2048	3072	1	54	298	1.19516
2048	3072	1	94	122	0.18822
2048	3072	1	208	190	4.28390
2048	3072	1	354	330	3.21956
2048	3072	1	508	258	3.63280
2560	3584	1	10	90	0.43241
2560	3072	1	16	340	0.69288
2048	3072	1	434	104	3.23114
2560	3072	1	48	110	5.99676
2560	3072	1	192	78	3.02327
2560	3072	1	416	486	6.02019
2048	3072	1	468	204	0.66861
2560	3072	1	110	320	0.71639
2560	3072	1	158	188	2.59411
2560	3072	1	288	56	3.91281
2560	3072	1	412	74	4.30201
2560	3072	1	292	172	4.48778
2560	3072	1	182	368	0.43424
2560	3072	1	274	282	3.16895
2560	3072	1	416	182	5.69018
2560	3072	1	380	316	4.38244
2560	3072	1	296	418	5.12501
2048	3072	1	456	388	1.42761
2048	3584	1	424	174	0.63494
2048	3584	1	432	18	3.04468
2048	3072	1	310	484	1.56866
2048	3584	1	228	50	2.20865
2048	3584	1	32	2	1.30016
2048	3584	1	84	98	3.85813
2048	3584	1	178	174	1.95757
2048	3584	1	98	224	1.99499
2560	3072	1	220	474	0.00000
2560	3584	1	458	92	3.57993
2560	3584	1	322	36	1.68352
2560	3584	1	338	102	1.87621
2560	3584	1	186	82	4.09606
2560	3584	1	44	178	0.75208
2560	3584	1	266	146	4.92075
2560	3584	1	482	226	1.38132
2560	3584	1	170	226	3.02578
2048	3584	1	308	154	0.02174
2048	3584	1	78	310	0.99523
2560	3072	2	98	438	0.00000
2560	3072	2	98	232	0.00000
2048	3072	2	224	270	0.00000
2048	3072	2	286	272	0.00000
2048	3072	2	46	372	0.00000
2048	3072	2	162	480	0.00000
2560	3072	2	42	390	0.00000
2560	3072	2	348	234	0.00000
2048	3072	1	370	132	5.77609
2048	3584	1	278	318	0.00000
2048	3584	1	404	286	4.00595
2560	3584	1	112	306	2.41719
2560	3584	1	328	260	0.65625
2560	3584	1	422	334	5.99476
2560	3584	1	466	420	0.55375
2048	3584	1	478	344	0.00000
2560	3584	1	272	356	5.51503
2560	3584	1	68	358	5.32869
2560	3584	1	144	456	1.72728
2048	3584	1	188	250	0.00000
2048	3584	1	330	470	6.01693
2048	3584	1	206	418	5.38306
2048	3584	1	122	508	2.92292
2560	3584	1	330	500	0.00000
2560	3584	1	14	502	6.00141
2560	3072	1	512	422	0.64283
2048	3072	2	194	16	0.00000
2048	3072	2	76	20	0.00000
2560	3072	2	512	110	0.00000
