1536	2560	1	60	480	1.27532
1536	2560	1	484	366	5.68687
1536	2560	1	506	210	3.12507
1536	2560	1	220	376	0.85921
1536	2560	1	500	96	1.57080
1536	2560	1	312	250	5.57090
1024	2560	1	424	410	5.34683
1536	2560	1	346	512	4.65799
1024	2560	1	310	504	0.00000
1536	2048	1	454	390	0.41433
1536	2560	1	414	440	0.00000
1536	2560	1	402	308	0.84003
1536	2560	1	138	316	0.64843
1536	2560	1	412	56	1.48930
1536	2560	1	208	232	5.76551
1536	2560	1	346	2	0.42419
1536	2560	1	34	360	4.46741
1024	2560	1	244	326	0.55860
1024	2560	1	234	412	3.99153
1024	2560	1	276	502	1.10715
1024	2560	1	460	260	1.66254
1024	2560	1	316	292	3.29266
1024	2560	1	76	404	3.92826
1024	2560	1	114	492	3.26147
1024	2560	2	190	286	0.00000
1536	2560	1	70	224	2.09838
1536	2560	1	250	136	1.72072
1536	2048	1	346	406	0.70863
1536	2560	1	184	64	3.93944
1024	2560	1	152	282	0.99438
1024	2560	1	420	122	3.77842
1024	2560	1	196	202	4.87940
1536	2048	1	388	268	2.50783
1024	2560	1	34	154	5.14384
1536	2048	1	14	512	5.40857
1536	2048	1	244	462	2.11034
1536	2048	1	298	222	5.93154
1536	2048	1	92	428	1.68720
1536	2048	2	238	382	0.00000
1536	2048	1	32	336	2.83354
1024	2048	1	464	370	3.80839
1536	2048	1	92	248	5.40233
1536	2048	1	150	328	1.63736
1024	2560	1	324	38	0.97079
1024	2560	1	200	60	0.77530
1024	2560	1	46	12	1.68941
1024	2048	1	224	380	0.24179
1024	2048	1	88	238	1.19600
1024	2048	1	24	166	2.70824
1536	2048	2	474	48	0.00000
1536	2048	1	224	18	0.58800
1536	2048	1	206	152	0.00000
1536	2048	1	266	84	4.87754
1536	2048	1	290	0	3.32415
1536	2048	1	20	18	0.00000
1024	2048	2	438	14	0.00000
1024	2048	2	356	26	0.00000
1024	2048	2	288	0	0.00000
1024	2048	2	214	80	0.00000
1024	2048	1	358	182	2.01754
1024	2048	1	124	68	0.58341
1536	2560	1	378	174	0.01467
1536	2560	2	512	28	0.00000
1536	3584	1	188	460	0.00000
1536	3584	1	40	398	0.36057
1536	3584	1	496	462	6.25553
1536	3584	1	412	352	0.00000
1024	3584	1	84	466	5.37325
1024	3584	1	4	480	5.46554
1024	3584	1	452	394	0.75327
1024	3584	1	376	310	5.50984
1536	3584	1	86	462	0.50602
1536	3584	1	330	340	0.00000
1536	3584	1	340	516	5.84656
1536	3584	1	488	220	0.00000
1536	3584	1	158	286	6.27460
1536	3584	1	328	118	1.62378
1536	3584	1	72	254	0.67223
1536	3584	1	224	162	0.00000
1024	3584	1	70	340	5.90631
1536	3584	1	136	116	3.15280
1536	3072	1	512	444	4.83673
1024	3584	1	102	140	0.65108
1024	3584	1	42	30	0.96307
1024	3584	1	476	94	5.35589
1024	3584	1	168	250	1.62802
1536	3584	1	416	80	0.00000
1024	3584	1	450	232	5.07493
1536	3584	1	512	20	0.84983
1536	3072	1	406	394	1.79938
1536	3584	2	478	122	0.00000
1536	3072	2	436	474	0.00000
1536	3072	2	374	472	0.00000
1536	3072	2	418	318	0.00000
1536	3584	1	294	28	0.82927
1536	3072	1	270	456	0.96923
1536	3072	1	174	434	3.50657
1536	3072	1	110	498	3.57822
1024	3072	1	494	470	2.16110
1024	3584	1	294	166	5.47578
1024	3584	1	180	122	0.69782
1024	3584	1	344	46	4.03322
1024	3072	1	304	488	0.63275
1024	3072	1	218	454	0.89146
1024	3072	1	86	436	4.66040
1024	3072	1	270	368	5.50316
1024	3072	1	136	348	4.80447
1024	3072	1	68	286	3.99356
1536	3072	1	26	310	0.74855
1536	3072	1	196	306	5.40141
1536	3072	1	292	258	0.00000
1536	3072	1	464	238	4.81727
1536	3072	1	458	138	4.95076
1536	3072	1	378	160	3.09368
1536	3072	1	384	4	4.62438
1536	3072	1	256	72	4.84249
1024	3072	1	486	220	4.87414
1536	3072	1	16	132	5.25281
1536	3072	1	94	30	0.83892
1536	3072	1	6	8	4.14206
1024	3072	1	334	250	0.00000
1024	3072	1	276	236	0.00000
1024	3072	1	158	254	5.92755
1024	3072	1	10	18	0.80380
1024	3072	1	62	90	1.38102
1024	3072	2	122	30	0.00000
1024	3072	1	182	140	0.00000
1024	3072	1	238	8	0.88093
1024	3072	1	290	32	1.37677
1024	3072	1	318	134	4.56311
2560	2560	1	512	306	0.57907
2560	2560	1	322	304	4.12757
2048	2560	1	354	510	6.21353
2048	2560	1	384	382	4.84843
2048	2560	1	312	310	4.08869
2048	2560	1	278	342	4.07680
2048	2560	1	82	236	0.43824
2048	2560	1	286	458	3.44864
2560	2560	1	36	272	0.00000
2560	2560	1	230	288	3.00053
2048	2560	1	0	374	5.71169
2560	2560	1	318	438	2.11805
2048	2560	1	138	492	0.00000
2048	2560	1	504	396	2.45205
2048	2560	1	448	334	3.11204
2560	2560	1	126	410	5.46077
2048	2560	1	410	258	4.58014
2048	2560	1	92	512	1.66091
2048	2560	1	170	276	0.75456
2560	2560	1	466	402	4.86798
2560	2560	1	462	508	1.97457
2560	2560	1	404	114	0.14190
2560	2560	1	512	164	0.62289
2048	2048	1	176	510	4.60058
2560	2560	1	496	20	0.18597
2048	2048	1	140	424	4.42093
2560	2560	1	136	192	3.11162
2560	2560	1	246	184	2.22623
2048	2048	1	218	456	3.88903
2048	2560	1	190	62	4.24083
2048	2048	1	44	444	5.88426
2560	2560	1	254	498	1.22777
2048	2560	2	194	508	0.00000
2048	2560	2	466	476	0.00000
2560	2560	2	14	476	0.00000
2560	2560	2	454	326	0.00000
2048	2560	2	170	154	0.00000
2048	2560	2	170	364	0.00000
2048	2560	2	190	422	0.00000
2048	2560	1	54	138	4.11321
2048	2560	1	70	28	1.96199
2048	2560	2	228	166	0.00000
2048	2048	1	58	338	5.54166
2048	2560	1	314	124	5.51214
2048	2560	2	318	208	0.00000
2560	2560	2	22	172	0.00000
2048	2560	2	416	38	0.00000
2048	2560	2	382	88	0.00000
2048	2560	1	452	72	3.68789
2560	2560	1	40	52	2.71925
2560	2560	1	216	70	1.27489
2560	2048	1	398	492	0.34862
2560	2048	1	150	504	4.29349
2560	2560	1	266	16	4.81206
2560	2048	1	330	428	3.72488
2560	2048	1	490	170	1.05795
2560	2048	1	448	276	1.53269
2560	2048	1	166	418	4.90663
2560	2048	1	132	332	1.86734
2560	2048	1	192	278	2.14318
2560	2048	1	482	342	1.39907
2560	2048	1	334	234	4.39706
2048	2048	1	338	424	4.05926
2048	2048	1	420	482	3.99427
2048	2048	1	252	286	6.07977
2048	2048	1	130	276	5.93019
2048	2048	1	68	12	4.32743
2048	2048	1	54	98	1.80480
2048	2048	1	140	38	5.82847
2048	2048	1	200	156	4.31387
2048	2048	1	232	40	2.54859
2048	2048	1	300	14	2.60718
2048	2048	1	368	100	1.05327
2048	2048	2	494	60	0.00000
2048	2048	1	470	166	0.76971
2560	2048	1	110	80	4.08840
2560	2048	1	190	158	6.08579
2560	2048	1	232	40	3.04726
2560	2048	1	314	112	0.00000
2560	2048	1	362	66	0.00000
2560	2048	1	432	48	0.00000
2560	2048	1	502	18	3.14159
3584	2048	1	254	482	4.08865
3584	2048	1	12	236	5.54625
3584	2048	1	144	94	0.14840
3072	2048	1	78	62	0.23269
3072	2048	1	212	122	4.12995
3072	2048	1	172	60	3.99585
3072	2048	1	60	252	2.61590
3072	2048	1	56	480	2.75104
3072	2048	1	154	458	2.48178
3072	2048	1	168	368	5.11682
3072	2560	1	44	122	0.24546
3072	2048	1	406	102	2.86301
3584	2048	1	2	64	5.81558
3584	2048	1	260	90	3.82334
3584	2048	1	388	84	0.00000
3584	2048	1	468	66	0.11014
3584	2048	1	368	218	5.39748
3584	2048	1	458	356	1.73868
3584	2048	1	418	458	2.45393
3584	2560	1	374	4	2.42717
3584	2048	1	182	290	4.31051
3584	2048	1	282	364	4.21867
3072	2048	1	276	208	1.66601
3072	2048	1	306	136	2.08181
3072	2048	1	416	210	5.07296
3072	2048	1	440	304	5.24182
3072	2048	1	312	354	1.89881
3072	2048	1	318	434	4.90026
3072	2560	1	210	112	0.17988
3072	2560	1	272	144	3.82421
3584	2048	1	88	358	5.05373
3072	2048	1	502	418	3.59590
3072	2048	1	428	396	2.98585
3072	2048	1	290	502	1.86068
3072	2560	1	420	42	0.44661
3584	2560	1	300	66	5.34746
3584	2560	1	248	106	5.39177
3584	2560	1	478	136	1.05230
3584	2560	1	354	168	4.23143
3584	2560	1	262	210	5.11862
3584	2048	1	46	462	3.36404
3584	2560	1	126	4	0.00000
3584	2560	1	4	74	1.48594
3584	2048	1	226	38	0.00000
3584	2560	1	26	150	4.17439
3072	2560	1	134	298	3.92787
3072	2560	1	32	264	0.46386
3072	2560	1	336	122	0.00000
3072	2560	1	380	250	3.77041
3072	2560	1	246	282	3.89756
3584	2560	1	80	216	0.59230
3072	2560	1	470	346	4.64940
3072	2560	1	302	380	3.53361
3072	2560	1	114	512	3.53858
3072	2560	1	192	512	0.57881
3072	2560	1	376	484	0.00000
3072	2560	1	510	450	4.89735
3584	2560	1	106	328	0.54548
3584	2560	1	242	280	1.60052
3584	2560	1	282	370	1.44074
3584	2560	1	168	390	1.11277
3584	2560	1	380	322	3.08708
3584	2560	1	316	458	5.65417
3584	2560	1	466	390	1.90431
3584	2560	1	486	324	5.49622
3584	2560	1	404	456	3.49475
3584	2560	1	508	474	5.57324
3584	2560	1	186	484	2.95023
3072	2560	2	440	128	0.00000
3072	2560	2	470	182	0.00000
3072	3072	1	104	14	3.86279
3072	3072	1	0	132	0.19944
3072	3072	1	80	176	5.63706
3072	3072	1	160	136	2.42819
3072	3072	1	200	48	0.00000
3072	3072	1	282	136	0.00000
3072	3072	1	370	0	6.08641
3072	3072	1	386	108	3.96982
3584	3072	1	42	56	2.06418
3584	3072	1	280	72	6.07275
3584	3072	2	202	56	0.00000
3584	3072	2	216	156	0.00000
3584	3072	1	160	128	6.18555
3584	3072	1	76	168	2.42595
3584	3072	2	326	120	0.00000
3584	3072	1	304	184	5.25920
3584	3072	2	322	0	0.00000
3584	3072	1	390	12	0.23514
3584	3072	1	474	42	6.00512
3584	3072	1	456	150	1.87532
3072	3072	1	188	298	6.01490
3072	3072	1	258	256	2.94705
3072	3072	1	408	178	4.19767
3072	3072	2	426	260	0.00000
3072	3072	1	500	218	1.36558
3072	3072	1	348	310	2.72142
3072	3072	1	124	346	6.00294
3072	3072	1	34	370	3.13067
3072	3072	1	46	484	2.17943
3072	3072	2	250	460	0.00000
3072	3072	1	160	480	3.42486
3072	3072	1	490	324	4.47532
3584	3072	1	240	264	4.67837
3584	3072	1	450	294	2.82441
3584	3072	2	372	324	0.00000
3584	3584	1	512	58	4.19352
3584	3584	1	442	440	0.92944
3584	3584	1	512	446	2.85358
3584	3584	1	438	10	3.38042
3584	3584	1	512	222	4.99871
3584	3584	1	492	152	1.26372
3584	3584	1	434	242	2.56507
3584	3072	1	512	436	5.38179
3584	3072	1	320	506	2.00575
3584	3072	1	262	346	0.95231
3584	3072	2	424	428	0.00000
3584	3072	1	354	404	1.13930
3584	3072	2	240	430	0.00000
3072	3584	2	128	158	0.00000
3584	3584	1	234	474	2.31188
3584	3584	1	290	364	0.00000
3584	3584	1	346	204	5.49032
3584	3584	1	138	492	2.97581
3584	3584	1	394	316	2.25306
3584	3584	1	354	362	2.35605
3072	3584	1	0	192	0.84457
3072	3584	1	128	244	1.95105
3072	3584	1	92	428	3.26776
3072	3584	1	12	380	2.98310
3072	3584	1	54	296	1.98255
3072	3584	1	160	496	0.47964
3072	3584	1	28	58	2.75032
3072	3584	1	410	442	0.00000
3584	3072	1	128	382	2.22347
3584	3584	1	66	434	6.00887
3584	3584	1	18	468	6.09442
3072	3584	1	248	224	3.75734
3072	3584	1	288	456	2.38902
3072	3584	1	266	302	0.80294
3072	3584	1	210	146	4.21555
3072	3584	1	300	386	2.00961
3584	3584	2	350	512	0.00000
3072	3584	1	442	376	5.82593
3072	3584	1	362	294	0.09760
3072	3584	1	248	62	1.66064
3072	3584	1	326	148	3.21618
3072	3584	1	328	18	5.50404
3072	3072	1	404	430	1.44061
3584	3072	1	8	434	3.66424
3584	3584	1	64	356	4.41781
3584	3584	1	36	314	1.04537
3072	3584	1	490	280	0.49749
3584	3584	1	266	302	0.26937
3584	3584	1	240	226	0.73244
3584	3584	1	186	340	2.31616
3584	3584	1	118	216	2.01720
3072	3584	1	472	192	1.65330
3072	3584	1	496	106	2.30320
3584	3584	1	90	92	3.18159
3584	3584	1	190	122	3.87539
3584	3072	1	170	488	3.88151
3584	3584	1	246	44	4.95275
2048	3072	1	434	76	6.03536
2048	3072	1	152	20	6.22475
2048	3072	2	78	22	0.00000
2048	3072	2	252	22	0.00000
2048	3072	2	280	278	0.00000
2048	3072	2	230	272	0.00000
2048	3072	2	202	230	0.00000
2048	3072	2	460	280	0.00000
2048	3072	2	512	386	0.00000
2560	3072	2	100	442	0.00000
2560	3072	2	100	232	0.00000
2560	3072	2	144	76	0.00000
2560	3072	2	224	132	0.00000
2560	3072	2	348	242	0.00000
2048	3072	2	166	490	0.00000
2048	3072	2	46	380	0.00000
2048	3072	1	360	4	0.00000
2560	3072	1	386	98	4.14096
2560	3072	1	400	208	5.54543
2560	3072	1	496	136	0.00000
2560	3072	1	270	104	5.99068
2048	3072	1	510	180	6.08720
2048	3072	1	370	134	5.67823
2048	3072	1	248	174	4.91029
2048	3072	1	80	136	0.93644
2048	3072	2	10	134	0.00000
2048	3072	1	68	278	0.55796
2048	3072	1	136	426	3.84577
2560	3584	1	172	474	6.03347
2048	3072	1	348	436	3.50290
2560	3072	1	142	188	2.98423
2560	3072	1	250	6	1.29224
2560	3072	1	490	0	1.52232
2048	3072	1	428	432	0.27371
2560	3072	1	64	324	4.76543
2560	3072	1	160	360	0.15155
2560	3072	1	258	322	0.12466
2560	3072	1	362	418	4.52176
2560	3072	1	210	464	0.00000
2560	3584	1	512	26	2.30674
2560	3584	1	360	410	5.06471
2048	3584	1	454	38	3.43155
2560	3584	1	220	50	1.35805
2560	3584	1	2	92	0.17606
2560	3584	1	246	328	6.14085
2560	3584	1	286	138	1.17433
2560	3584	1	32	178	0.76848
2560	3584	1	136	128	5.82578
2560	3584	1	510	510	1.85085
2560	3584	1	248	466	5.84268
2560	3584	1	316	508	0.35775
2560	3584	1	506	214	0.47651
2560	3584	1	436	150	0.85709
2560	3584	1	444	28	5.64163
2560	3584	1	350	28	5.53874
2560	3584	1	128	226	2.22161
2560	3584	1	350	274	0.70846
2560	3584	1	114	298	0.00000
2048	3072	1	30	506	0.42654
2048	3584	1	326	130	1.09848
2048	3584	1	70	154	2.61974
2048	3584	1	420	208	0.00000
2560	3584	1	38	408	5.24453
2560	3584	1	62	306	4.54361
2048	3584	1	362	244	5.70991
2048	3584	1	178	44	0.75050
2048	3584	1	298	32	0.23950
2048	3584	1	220	192	5.57470
2048	3584	1	144	302	1.01758
2560	3584	1	512	378	3.06283
2048	3584	1	324	480	0.00000
2048	3584	1	510	508	5.97903
2048	3584	1	358	362	5.92984
2048	3584	1	436	354	0.89613
2048	3584	1	184	238	6.07446
2048	3584	1	264	332	0.00000
2048	3584	1	128	468	6.07250
2048	3584	1	202	440	5.78445
2048	3584	1	90	248	1.03398
2048	3584	2	424	414	0.00000
