1024	2048	1	116	64	0.34053
1024	2048	1	190	162	0.99277
1024	2048	2	194	86	0.00000
1024	2048	2	244	34	0.00000
1024	2048	2	328	32	0.00000
1536	2048	2	14	44	0.00000
1536	2048	2	282	96	0.00000
1536	2048	1	390	42	6.04458
1536	2048	2	486	62	0.00000
1024	2048	1	372	164	3.10703
1024	2048	1	484	280	5.69518
1536	2048	1	118	176	0.00000
1536	2048	2	226	164	0.00000
1536	2048	2	310	170	0.00000
1536	2048	1	434	200	1.64018
1024	2048	1	168	258	1.53104
1024	2048	1	214	380	0.34142
1536	2048	2	260	338	0.00000
1536	2048	1	322	298	2.96600
1536	2048	1	466	336	3.30523
1024	2048	1	452	372	4.01091
1024	2048	1	500	434	0.97324
1536	2048	1	388	432	5.96781
1536	2048	2	504	490	0.00000
1024	2560	1	302	18	1.13937
1536	2560	1	102	32	3.22833
1536	2560	1	12	14	5.94633
1024	2560	1	404	72	3.34792
1536	2048	1	234	512	0.48421
1536	2560	1	332	54	2.84736
1536	2560	2	482	50	0.00000
1024	2560	1	60	150	1.86595
1024	2560	1	352	214	1.10089
1024	2560	2	268	166	0.00000
1024	2560	1	492	108	5.27571
1536	2560	1	258	134	0.55860
1536	2560	1	120	208	1.61701
1536	2560	1	480	158	0.67196
1536	2560	1	362	212	2.42950
1536	2560	1	38	310	2.70369
1024	2560	1	62	418	0.00000
1024	2560	1	174	422	3.53702
1024	2560	1	126	254	3.57279
1024	2560	1	256	356	6.14766
1024	2560	2	174	288	0.00000
1024	2560	1	318	330	3.45186
1024	2560	1	476	384	5.62087
1536	2560	1	302	252	5.33319
1536	2560	1	240	446	1.20970
1536	2560	1	48	488	0.84056
1536	2560	1	152	342	0.46365
1536	2560	1	312	340	5.17338
1536	2560	1	430	456	4.84194
1536	2560	1	354	512	4.69245
1024	2560	1	446	486	3.96734
1024	2560	2	378	418	0.00000
1536	2560	2	442	392	0.00000
1024	3072	1	14	104	4.39139
1024	3072	1	6	38	4.30207
1024	3072	1	148	90	5.84094
1024	3072	1	94	182	3.22237
1024	3072	1	246	32	1.24919
1024	3072	1	378	84	2.30035
1536	3072	1	18	14	0.74718
1024	3072	2	466	50	0.00000
1024	3072	2	406	24	0.00000
1536	3072	1	46	118	0.00000
1536	3072	1	192	56	1.61310
1536	3072	1	420	66	4.35102
1536	3072	1	346	12	4.58715
1024	3072	1	332	162	5.76027
1024	3072	1	170	240	0.35789
1024	3072	1	2	210	2.30533
1024	3072	1	40	418	5.71496
1024	3072	1	18	316	1.69618
1024	3072	1	100	338	2.58345
1024	3072	1	234	348	5.39013
1024	3072	1	294	322	5.91788
1024	3072	1	286	218	5.55496
1024	3072	1	420	368	0.88427
1024	3072	2	482	296	0.00000
1536	3072	1	40	314	0.97077
1536	3072	1	242	224	4.34898
1536	3072	1	374	168	2.02903
1536	3072	1	478	200	5.76092
1536	3072	1	180	306	5.30573
1536	3072	1	302	312	0.06356
1536	3072	1	368	292	0.00000
1536	3072	1	452	304	3.08825
1536	3072	1	504	372	0.16488
1536	3072	1	180	428	2.59220
1536	3072	1	96	506	3.50934
1536	3072	1	26	446	0.60183
1024	3072	1	192	480	1.93541
1024	3584	1	350	2	1.97203
1024	3584	1	44	4	1.68177
1024	3584	1	68	44	1.13920
1536	3072	1	374	440	3.06726
1536	3072	1	276	476	0.27695
1024	3584	1	88	156	5.82699
1024	3584	1	188	88	4.73948
1024	3584	1	368	132	2.30453
1024	3584	1	470	126	5.11333
1536	3584	1	216	118	1.53655
1536	3584	1	386	176	1.70048
1536	3584	2	414	96	0.00000
1536	3584	2	474	102	0.00000
1536	3584	2	22	50	0.00000
1536	3584	2	366	72	0.00000
1024	3584	1	16	204	0.00000
1024	3584	1	110	294	5.94187
1024	3584	1	470	226	4.82483
1024	3584	1	332	296	6.01292
1536	3584	1	512	54	5.34793
1536	3584	1	376	254	1.17097
1536	3584	1	482	264	0.79551
1024	3584	1	426	362	0.00000
1024	3584	1	100	460	5.79202
1024	3584	2	28	516	0.00000
1536	3584	1	84	228	0.35965
1536	3584	1	68	368	0.94819
1536	3584	1	226	218	1.47512
1536	3584	1	74	474	0.61358
1536	3584	1	178	466	6.26993
1536	3584	1	238	342	1.30905
1536	3584	1	414	358	0.00000
1536	3584	1	480	436	0.00000
1536	3584	1	336	480	5.63059
1536	3584	2	256	510	0.00000
2048	2560	1	38	28	4.26559
2560	2560	1	20	256	3.85502
2048	2560	1	344	448	2.84219
2048	2560	1	140	238	1.34500
2560	2560	1	120	144	0.31241
2048	2560	1	380	256	1.42890
2048	2560	1	254	366	3.41907
2048	2560	1	22	306	4.96058
2560	2560	1	382	106	5.40609
2560	2560	1	298	182	6.13430
2560	2560	1	478	478	5.47606
2560	2560	1	28	444	5.34531
2560	2560	1	262	364	4.56970
2560	2560	1	404	362	5.22880
2560	2560	1	128	406	5.39055
2560	2560	1	396	224	2.85317
2560	2560	1	214	262	3.44179
2560	2560	1	116	276	3.87648
2560	2560	1	478	220	0.19779
2048	2560	1	294	490	2.93337
2560	2560	1	220	88	0.98693
2560	2048	1	104	264	3.81891
2048	2560	1	38	406	5.54096
2048	2560	1	150	106	3.55672
2048	2560	1	74	120	4.00682
2048	2560	1	150	488	5.94336
2048	2048	1	64	294	6.02268
2048	2560	1	414	170	3.92352
2560	2048	1	350	468	3.33847
2560	2048	1	420	390	1.96559
2048	2560	1	258	102	5.55740
2560	2048	1	512	172	0.53997
2048	2048	1	140	360	3.76568
2048	2048	1	174	448	3.99159
2048	2048	1	480	484	3.47027
2048	2048	1	486	196	0.49116
2048	2560	1	318	14	3.63824
2048	2048	1	386	100	5.36426
2560	2560	1	430	2	3.14661
2560	2560	1	42	68	4.21665
2048	2048	1	250	304	0.00000
2048	2048	1	352	398	4.53404
2560	2560	1	324	452	1.73419
2560	2048	1	158	494	2.45478
2560	2048	1	52	382	2.82784
2560	2048	1	510	306	0.81230
2048	2560	2	198	412	0.00000
2048	2560	2	378	96	0.00000
2048	2560	2	166	358	0.00000
2048	2560	2	434	312	0.00000
2048	2560	2	222	466	0.00000
2048	2560	2	466	472	0.00000
2048	2560	2	320	204	0.00000
2560	2560	2	22	482	0.00000
2048	2560	2	406	50	0.00000
2560	2560	2	24	164	0.00000
2048	2560	2	460	50	0.00000
2048	2560	2	230	156	0.00000
2560	2560	2	294	8	0.00000
2560	2048	2	294	390	0.00000
2560	2560	2	458	342	0.00000
2048	2048	2	214	512	0.00000
2560	2048	2	256	448	0.00000
2048	2048	2	248	438	0.00000
2048	2048	2	260	506	0.00000
2048	2048	1	140	226	0.31036
2048	2048	1	44	120	3.05959
2560	2048	1	180	158	5.95356
2048	2048	1	88	18	5.83611
2560	2048	1	4	98	2.74469
2560	2048	1	92	132	1.96657
2560	2048	1	132	54	2.85468
2560	2048	1	210	56	3.12895
2560	2048	1	336	224	4.40434
2560	2048	1	302	74	0.04824
2560	2048	1	376	44	6.15308
2560	2048	1	492	102	3.64159
2560	2048	1	432	46	0.02250
2560	2048	1	228	354	3.43531
2048	2048	1	158	32	6.06195
2048	2048	2	416	12	0.00000
2560	2560	1	508	74	4.46621
2560	2560	2	512	12	0.00000
3072	2048	1	230	296	2.44207
3072	2048	1	108	234	0.00000
3072	2048	1	238	172	1.41806
3072	2048	1	252	102	4.76235
3072	2048	1	414	128	1.87953
3072	2048	1	510	78	4.19955
3584	2048	1	156	116	0.00000
3584	2048	1	264	90	3.67382
3584	2048	1	394	88	6.02507
3584	2048	1	474	60	0.17219
3584	2048	2	224	24	0.00000
3072	2048	1	82	62	0.34877
3072	2048	1	370	30	5.57456
3072	2048	1	202	22	2.19582
3072	2048	1	34	160	1.02514
3072	2048	1	2	300	1.00337
3072	2048	1	180	370	5.58554
3072	2048	1	296	242	3.19712
3072	2048	1	402	212	4.75584
3584	2048	1	8	192	3.76292
3072	2048	1	362	326	3.75626
3072	2048	1	466	290	1.54818
3584	2048	1	94	286	3.33364
3584	2048	1	210	234	4.54020
3584	2048	1	392	214	5.33134
3584	2048	2	294	318	0.00000
3584	2048	1	170	396	5.79029
3584	2048	1	34	392	5.38834
3072	2048	1	430	438	3.31341
3072	2048	1	314	448	3.98249
3072	2560	1	220	32	2.46293
3072	2560	2	160	72	0.00000
3072	2560	1	356	72	1.10996
3584	2048	1	96	494	5.44167
3584	2560	1	40	28	2.40162
3072	2560	1	470	74	1.53906
3072	2560	2	434	132	0.00000
3072	2560	2	470	190	0.00000
3584	2048	1	270	482	4.64679
3584	2048	1	368	456	2.44052
3584	2048	1	446	436	2.28681
3584	2560	1	184	56	1.98927
3584	2560	1	356	94	4.62754
3584	2560	1	450	94	0.28133
3584	2560	1	512	140	2.84019
3584	2560	1	464	234	3.50005
3584	2560	2	404	242	0.00000
3584	2560	1	512	350	2.10364
3584	2560	1	298	154	5.06576
3584	2560	1	178	150	2.31498
3072	2560	1	100	144	3.71702
3072	2560	1	162	180	0.62592
3072	2560	1	318	148	1.14112
3072	2560	1	204	312	2.50590
3072	2560	1	282	286	5.87829
3072	2560	1	366	224	3.38916
3584	2560	1	342	254	3.07222
3584	2560	1	274	258	3.07133
3584	2560	1	154	250	1.88555
3584	2560	1	12	278	2.14213
3072	2560	1	426	302	3.34450
3584	2560	1	76	356	1.37340
3584	2560	1	274	360	5.04906
3072	2560	1	244	432	1.22033
3072	2560	1	374	458	0.00000
3072	2560	1	450	410	0.29850
3584	2560	1	48	482	2.14173
3584	2560	1	136	402	1.27012
3584	2560	2	180	478	0.00000
3584	2560	2	358	434	0.00000
3584	2560	1	424	412	5.24950
3584	2560	1	306	450	5.24012
3584	2560	1	248	490	5.60574
3072	2560	1	116	512	3.38657
3072	3584	1	66	482	1.13127
3072	3584	2	118	372	0.00000
3072	3584	1	190	512	0.84928
3072	3584	1	214	444	5.37343
3072	3584	1	48	306	2.00041
3072	3584	1	344	474	1.00522
3072	3584	1	440	500	0.44040
3584	3584	1	36	492	5.90353
3072	3584	1	466	404	1.69665
3584	3584	1	200	468	0.19374
3584	3584	1	336	492	1.50582
3584	3584	1	480	492	4.35940
3584	3584	1	500	436	1.70050
3584	3584	1	156	400	6.05660
3584	3584	2	98	448	0.00000
3072	3584	1	214	306	3.23460
3072	3584	1	366	380	0.66104
3072	3584	1	330	304	5.21523
3584	3584	1	60	366	0.69382
3584	3584	1	26	298	1.17150
3584	3584	1	340	420	0.00000
3584	3584	1	280	394	0.00000
3584	3584	1	206	304	5.85078
3584	3584	1	512	366	2.14848
3584	3584	1	502	276	3.73903
3584	3584	1	380	342	5.46409
3584	3584	1	264	242	5.36138
3584	3584	1	432	214	0.00000
3584	3584	1	374	220	0.00000
3584	3584	1	502	134	2.25080
3584	3584	1	82	178	0.64834
3072	3584	1	450	206	5.82950
3072	3584	1	330	190	1.22329
3072	3584	1	166	212	1.19899
3072	3584	1	16	194	0.61759
3072	3584	1	100	82	0.85052
3072	3584	1	206	132	4.71278
3072	3584	1	356	104	4.69437
3072	3584	1	464	68	1.78613
3072	3072	1	442	490	2.34432
3584	3072	1	12	438	3.94800
3584	3072	1	148	458	2.17114
3584	3584	1	148	46	3.20617
3584	3584	1	232	86	3.55419
3584	3584	1	316	72	0.60651
3584	3584	1	352	122	0.80102
3072	3584	1	24	28	2.96587
3072	3584	1	202	34	2.34541
3072	3584	1	292	2	4.97994
3072	3072	1	150	452	4.45207
3072	3072	1	162	382	1.37863
3072	3072	1	100	300	0.43241
3072	3072	1	38	396	2.93703
3072	3072	1	374	314	2.32435
3072	3072	1	402	186	5.36587
3072	3072	2	430	252	0.00000
3072	3072	1	260	284	2.84453
3072	3072	1	202	226	0.00000
3072	3072	1	54	142	5.40621
3072	3072	1	10	6	2.38641
3072	3072	1	108	50	3.34870
3072	3072	1	180	92	3.77039
3072	3072	1	278	164	5.86359
3072	3072	1	354	88	5.03460
3072	3072	1	374	0	0.00000
3584	3072	1	82	164	1.76692
3072	3072	1	484	164	6.13903
3584	3072	1	98	240	2.31389
3584	3072	1	190	370	6.18671
3584	3072	1	346	464	4.72761
3584	3584	1	420	60	0.00000
3584	3072	1	460	508	2.75009
3584	3072	1	512	450	1.95739
3584	3072	1	492	328	2.88855
3584	3072	1	442	334	2.86417
3584	3072	1	378	366	2.55609
3584	3072	1	312	400	4.88851
3584	3072	1	348	278	0.79086
3584	3072	1	476	222	4.67118
3584	3072	1	512	130	3.60754
3584	3072	1	254	260	4.52296
3584	3072	1	244	200	4.33018
3584	3072	1	228	136	3.70351
3584	3072	1	340	48	0.86920
3584	3072	2	340	120	0.00000
3584	3072	1	366	164	4.08104
3584	3072	1	460	120	0.46469
3584	3072	1	454	30	0.41026
3584	3072	2	252	0	0.00000
3584	3072	2	178	38	0.00000
3584	3072	1	102	0	3.12211
3072	3584	2	14	408	0.00000
2560	3584	1	396	500	5.78450
2560	3584	1	314	504	0.16477
2048	3072	2	142	114	0.00000
2048	3072	2	230	276	0.00000
2048	3072	2	280	274	0.00000
2048	3072	2	160	474	0.00000
2048	3072	2	48	372	0.00000
2048	3072	2	454	286	0.00000
2560	3072	2	96	232	0.00000
2560	3072	2	346	246	0.00000
2560	3072	2	146	76	0.00000
2560	3072	2	224	122	0.00000
2048	3072	2	488	454	0.00000
2560	3072	2	92	444	0.00000
2560	3584	2	274	352	0.00000
2560	3584	2	214	356	0.00000
2560	3584	1	512	386	3.14742
2560	3584	2	510	488	0.00000
2560	3584	1	502	214	0.50067
2560	3584	1	352	384	5.49779
2048	3584	1	92	412	5.81954
2048	3584	1	46	510	0.86694
2048	3584	1	156	412	5.68329
2048	3584	1	204	374	5.27049
2048	3584	2	140	284	0.00000
2048	3584	2	190	266	0.00000
2048	3584	1	26	82	2.37532
2048	3072	1	50	472	6.06224
2048	3072	1	26	346	0.14190
2048	3072	2	0	235	0.00000
2048	3072	1	56	188	6.18823
2048	3072	2	66	23	0.00000
2048	3072	1	152	14	6.14876
2048	3072	1	180	222	0.36664
2048	3072	1	194	372	1.56661
2048	3072	1	304	0	3.03851
2048	3072	1	234	116	4.85608
2048	3072	1	368	122	5.48924
2048	3072	1	362	242	4.44825
2048	3072	1	362	342	0.27398
2048	3072	2	312	437	0.00000
2048	3072	1	256	466	0.00000
2048	3584	1	170	50	0.44237
2048	3584	1	176	180	1.66852
2048	3584	2	32	235	0.00000
2048	3584	1	248	260	0.00000
2048	3584	2	316	191	0.00000
2048	3584	1	266	110	3.86272
2048	3584	1	324	310	5.78182
2048	3584	1	344	482	0.00000
2048	3584	1	492	430	3.91060
2048	3584	1	436	372	0.62923
2048	3584	1	384	250	5.61747
2048	3072	1	486	84	0.77788
2560	3072	1	234	32	4.95786
2560	3072	1	424	74	6.09605
2560	3072	1	342	144	5.48680
2560	3072	1	202	180	1.61530
2560	3072	1	38	156	3.13740
2048	3072	1	500	232	2.91421
2560	3072	1	40	322	4.70648
2560	3072	1	32	390	1.49328
2560	3072	1	212	280	0.00000
2560	3072	1	158	348	6.10533
2560	3072	1	428	360	6.19645
2560	3072	1	318	400	5.52577
2560	3072	1	222	468	0.00000
2048	3072	1	380	486	0.00135
2048	3584	1	442	38	3.65914
2560	3584	1	104	4	5.39471
2560	3584	1	76	68	5.83506
2048	3584	1	496	84	0.40581
2048	3584	1	428	172	6.19252
2560	3584	1	20	190	0.33929
2560	3584	1	136	162	1.13479
2560	3584	1	52	310	4.62145
2560	3584	1	190	476	5.87778
2560	3584	1	44	512	0.42748
2560	3584	1	142	512	0.00000
2560	3584	1	284	8	3.70491
2560	3584	1	420	56	0.94531
2560	3584	1	512	46	3.00295
2560	3584	1	244	172	0.31803
2560	3584	1	156	276	5.94016
2560	3584	1	408	240	0.45360
2560	3584	1	446	136	1.58326
