1024	2560	2	358	446	0.00000
1536	2560	2	474	410	0.00000
1024	2048	1	180	206	4.06956
1024	2048	1	478	236	2.66571
1024	2048	1	198	60	0.55598
1024	2048	1	16	370	4.40912
1024	2048	1	162	372	0.91253
1024	2048	1	236	362	0.51306
1024	2048	1	442	508	0.24085
1536	2048	1	4	502	3.39118
1024	2560	1	258	26	1.35438
1024	2560	1	60	4	4.26676
1024	2560	1	116	118	4.66530
1536	2560	1	90	98	0.90465
1536	2048	1	66	100	5.23593
1536	2048	1	148	220	1.41648
1536	2048	1	186	32	0.38688
1536	2048	1	308	186	6.15883
1536	2048	1	262	296	2.02075
1536	2048	1	204	438	4.07609
1024	2560	1	374	150	2.90952
1536	2048	1	326	462	4.08038
1536	2048	1	414	326	3.29530
1536	2048	1	490	242	5.99905
1536	2048	1	506	416	2.86964
1536	2560	1	506	82	0.07946
1536	2560	1	230	148	1.24829
1536	2560	1	198	54	2.77226
1536	2560	1	434	210	1.65092
1024	2560	1	258	246	5.01690
1024	2560	1	234	330	1.64296
1024	2560	1	184	428	2.92238
1024	2560	1	58	468	2.39132
1536	2560	1	74	300	0.71802
1536	2560	1	60	432	5.20135
1024	2560	1	282	446	3.84652
1024	2560	1	478	460	2.60764
1024	2560	1	390	494	2.99970
1536	2560	1	424	352	4.59458
1536	2560	1	266	480	2.45647
1536	2048	1	442	18	4.52223
1536	2048	2	492	74	0.00000
1536	2048	1	222	136	0.00000
1536	2048	2	224	354	0.00000
1536	2560	1	258	228	6.14129
1536	2560	1	346	292	3.65066
1536	2560	1	360	476	2.04082
1536	2560	1	402	418	2.10661
1024	2560	1	82	174	0.00000
1536	2048	2	260	78	0.00000
1536	3584	1	198	398	0.09812
1024	3584	1	164	264	2.05281
1024	3584	1	272	374	5.31723
1024	3584	1	158	434	0.00000
1536	3584	1	212	74	6.04439
1024	3584	1	414	274	5.97105
1024	3584	1	490	220	5.58260
1536	3584	1	164	198	0.00000
1536	3584	1	434	412	5.92527
1024	3584	1	340	196	3.09066
1536	3584	1	422	242	2.88730
1536	3584	1	298	194	2.73932
1024	3584	1	260	36	0.51174
1536	3584	2	401	118	0.00000
1024	3584	2	176	32	0.00000
1024	3584	1	122	92	5.60152
1024	3584	1	44	112	5.86120
1536	3584	1	96	82	1.22159
1536	3584	1	48	166	1.77220
1024	3072	1	308	300	0.10210
1024	3072	1	260	394	5.73092
1024	3584	1	354	80	2.79024
1024	3584	1	464	72	3.42933
1536	3072	1	188	436	5.20220
1536	3072	1	288	506	3.57928
1536	3072	1	340	406	4.90273
1536	3072	1	34	492	6.02185
1024	3072	1	88	444	0.00000
1024	3072	1	40	362	0.00000
1024	3072	1	110	282	2.02311
1024	3072	1	170	224	1.71304
1024	3072	1	222	156	5.66494
1024	3072	1	90	158	0.43839
1024	3072	1	140	36	4.83143
1024	3072	1	318	138	4.82654
1024	3072	1	424	260	0.28858
1024	3072	1	362	462	2.45308
1536	3072	1	12	346	3.93792
1536	3072	1	102	256	0.96746
1536	3072	1	364	306	0.95211
1536	3072	1	276	292	3.97513
1536	3072	1	204	226	5.98033
1024	3072	1	472	80	3.86655
1536	3072	1	38	146	2.57381
1536	3072	1	122	90	3.23333
1536	3072	1	178	80	0.35199
1536	3072	1	406	66	5.17787
1536	3072	1	386	200	4.01213
1536	3072	1	258	102	3.23045
1536	3584	1	104	348	1.00089
1024	3584	1	254	476	0.32391
1024	3072	2	194	480	0.00000
1024	3072	2	142	372	0.00000
1536	3584	2	495	175	0.00000
1536	3584	2	464	108	0.00000
1536	3072	2	498	264	0.00000
1536	3072	1	110	460	2.41220
1536	3072	1	320	164	3.44995
1536	3072	2	494	476	0.00000
1536	3072	2	512	122	0.00000
1536	3072	1	62	56	3.47820
2048	2048	1	406	460	1.48766
2048	2560	2	234	150	0.00000
2048	2560	2	320	424	0.00000
2048	2560	2	438	320	0.00000
2048	2560	2	508	318	0.00000
2560	2560	2	314	488	0.00000
2560	2560	2	462	334	0.00000
2560	2048	2	352	400	0.00000
2560	2048	2	294	400	0.00000
2048	2560	2	316	204	0.00000
2048	2560	2	176	150	0.00000
2560	2048	1	94	220	5.81954
2048	2048	1	138	230	2.10019
2560	2048	1	218	98	0.10308
2560	2048	1	386	236	2.15304
2560	2048	1	84	378	5.97477
2560	2048	1	422	380	2.15880
2048	2048	1	174	460	2.66917
2048	2048	1	90	478	2.80782
2048	2048	1	478	178	2.46573
2048	2048	1	134	122	5.47058
2560	2560	1	416	20	2.39991
2560	2048	1	72	84	3.34389
2560	2048	1	422	68	0.98013
2048	2048	1	330	46	0.16515
2048	2048	1	432	38	0.77374
2048	2048	1	240	288	0.00000
2048	2048	1	476	316	0.00000
2560	2048	1	488	284	0.00000
2048	2560	1	468	92	0.10363
2560	2560	1	142	92	1.92301
2560	2560	1	308	114	3.42664
2560	2560	1	388	198	5.75590
2560	2560	1	244	324	5.81106
2560	2560	1	148	200	5.89542
2560	2560	1	70	188	2.69760
2560	2560	1	8	256	2.24824
2048	2560	1	370	230	3.76184
2048	2560	1	144	234	2.95590
2048	2560	1	316	70	5.22051
2048	2560	1	66	288	5.74277
2048	2560	1	212	368	5.34355
2560	2560	1	454	156	5.66614
2048	2560	1	116	476	4.64875
2560	2560	1	90	378	6.03821
2560	2560	1	294	236	1.98939
2560	2560	1	462	440	6.10851
2560	2560	1	346	376	3.36839
2048	2560	1	410	494	0.13801
2560	2560	1	156	468	3.66938
2048	2560	1	64	126	3.60589
2048	2560	1	256	314	5.26277
2560	2048	1	308	74	0.00000
2560	2560	2	272	6	0.00000
2560	2048	1	512	444	3.57699
2048	2048	1	90	4	2.62324
2048	2048	2	498	52	0.00000
2560	2048	1	512	134	1.41741
2048	2560	1	184	74	4.58912
2048	2560	2	336	486	0.00000
2048	2048	1	186	44	3.39714
3584	2560	1	392	422	3.14607
3584	2560	1	282	512	1.48769
3584	2560	1	512	512	1.58153
3072	2560	1	402	452	0.00000
3584	2560	1	252	402	3.53707
3584	2560	1	512	330	5.50934
3584	2560	1	40	512	2.79293
3072	2560	1	312	454	2.49978
3584	2560	1	172	404	1.93138
3072	2560	1	220	436	3.19049
3584	2560	1	496	424	5.47751
3072	2560	1	70	500	3.60905
3072	2560	1	164	342	0.58832
3072	2560	1	150	242	3.72520
3584	2560	1	180	150	5.50579
3072	2560	1	52	322	3.60795
3072	2560	1	312	242	3.09920
3072	2560	1	462	296	3.65001
3072	2560	1	412	232	3.57966
3584	2560	1	28	362	1.88185
3584	2560	1	62	310	1.89225
3584	2560	1	240	356	4.01339
3584	2560	1	240	274	0.87215
3584	2560	1	34	190	5.37867
3584	2560	1	204	16	2.98920
3584	2560	1	150	258	5.00393
3584	2560	1	380	64	4.47849
3584	2560	1	388	302	4.32318
3072	2560	1	272	122	0.00000
3072	2560	1	352	154	0.00000
3584	2560	1	416	160	0.00000
3584	2560	1	512	18	3.34438
3584	2048	1	332	496	3.65336
3584	2560	1	326	208	5.99625
3584	2560	1	80	88	3.57287
3072	2560	1	442	90	4.76987
3584	2560	2	322	424	0.00000
3072	2560	2	164	504	0.00000
3072	2560	1	488	22	5.16081
3072	2560	1	132	22	0.29457
3072	2560	1	68	126	1.01894
3072	2048	1	398	512	3.95078
3072	2048	1	288	498	1.00622
3072	2048	1	104	426	0.00000
3072	2560	1	40	24	3.58277
3072	2560	2	164	80	0.00000
3072	2048	1	14	424	3.81105
3584	2048	1	96	500	5.05702
3584	2048	1	130	414	5.38990
3584	2048	1	324	344	4.72662
3584	2048	1	94	270	3.51851
3584	2048	1	16	346	5.39748
3072	2048	1	464	386	5.43173
3072	2048	1	272	380	5.51993
3072	2048	1	198	386	2.70624
3072	2048	1	140	288	0.49882
3072	2048	1	422	282	3.39404
3072	2048	1	30	214	2.48174
3584	2048	1	374	228	5.66841
3584	2048	1	380	156	5.65311
3584	2048	1	478	74	0.00000
3584	2048	1	256	88	3.71363
3584	2048	1	234	0	0.00000
3584	2048	1	132	70	0.00000
3584	2048	1	44	10	0.25712
3072	2048	1	504	114	5.38012
3072	2048	1	318	262	2.49139
3072	2048	1	410	158	4.32969
3072	2048	1	360	72	4.45325
3072	2048	1	238	170	4.52365
3072	2048	1	134	178	3.30280
3072	2048	1	242	30	3.35568
3072	2048	1	104	22	1.58855
3072	2048	1	34	128	2.00204
3072	3072	2	512	204	0.00000
3072	3072	1	58	54	3.50597
3072	3072	1	142	58	0.00000
3072	3072	1	228	58	0.62792
3072	3072	1	174	198	3.53333
3072	3072	1	86	234	1.06306
3072	3072	2	36	154	0.00000
3072	3072	1	408	86	5.74428
3072	3072	1	444	174	4.41383
3072	3072	2	426	250	0.00000
3584	3072	1	84	68	5.20777
3584	3072	1	302	88	0.00000
3584	3072	1	62	170	6.27220
3072	3072	1	224	320	2.31196
3072	3072	1	114	340	2.22402
3072	3072	1	68	392	5.13669
3072	3072	1	216	502	1.26274
3072	3072	1	370	334	3.27021
3072	3072	1	284	232	0.00000
3072	3072	1	466	298	3.83236
3584	3072	1	56	304	5.45184
3584	3072	1	112	262	0.00000
3584	3072	1	184	242	2.54489
3584	3072	1	198	122	5.40561
3584	3072	1	298	200	4.39543
3584	3072	1	408	114	1.64757
3584	3072	1	418	50	4.54849
3584	3072	1	482	176	4.53388
3584	3072	1	368	242	4.78254
3584	3072	1	272	314	3.12283
3584	3072	1	496	292	2.79695
3584	3072	2	388	338	0.00000
3584	3072	1	324	408	1.98902
3584	3584	1	366	30	1.87951
3584	3072	1	464	466	2.65919
3072	3072	1	460	420	3.74939
3072	3072	1	362	460	2.06405
3072	3584	1	290	18	4.45263
3072	3584	1	116	12	3.22234
3072	3072	1	60	506	6.13511
3072	3584	1	100	120	1.74299
3072	3584	1	222	74	1.83559
3072	3584	1	156	172	1.53082
3072	3584	1	128	242	5.04172
3072	3584	1	180	312	4.84494
3072	3584	1	172	418	2.70482
3072	3584	1	296	192	3.95282
3072	3584	1	314	252	1.70120
3072	3584	1	364	100	5.57083
3072	3584	1	438	48	1.80403
3584	3072	1	2	476	1.44139
3584	3584	1	84	18	1.96140
3584	3584	1	30	94	4.59813
3584	3072	1	136	508	2.37388
3584	3072	1	110	416	5.00172
3584	3072	1	210	402	6.11804
3584	3584	1	258	102	2.37532
3584	3584	1	190	118	2.22960
3584	3584	1	380	178	4.34852
3584	3584	1	512	108	3.64445
3584	3584	1	106	194	0.89965
3584	3584	1	138	264	2.12843
3584	3584	1	232	222	2.29527
3072	3584	1	434	298	2.91296
3072	3584	1	494	234	6.06086
3584	3584	1	256	408	5.89487
3584	3584	1	392	398	5.23154
3072	3584	1	390	424	0.41818
3584	3584	1	28	484	2.94420
3584	3584	1	88	326	0.63153
3072	3584	1	330	342	5.03041
3584	3072	1	242	502	4.57506
3584	3584	1	310	286	2.68499
3584	3584	2	334	504	0.00000
3584	3584	1	134	416	0.30158
3584	3584	2	472	196	0.00000
3584	3584	1	506	342	6.01122
3584	3584	1	410	54	2.20175
2560	3072	2	144	80	0.00000
2560	3072	2	12	178	0.00000
2048	3072	2	434	232	0.00000
2560	3072	2	100	224	0.00000
2560	3072	2	224	124	0.00000
2560	3072	2	344	238	0.00000
2048	3072	2	200	322	0.00000
2048	3072	2	72	414	0.00000
2048	3072	2	160	476	0.00000
2560	3072	2	344	440	0.00000
2048	3072	2	194	222	0.00000
2560	3584	2	268	358	0.00000
2048	3072	1	42	30	1.85704
2048	3072	1	164	98	6.02977
2048	3072	1	54	138	5.35297
2048	3072	1	12	224	3.77119
2048	3072	1	74	296	0.61912
2048	3072	1	290	122	5.99713
2048	3072	2	322	34	0.00000
2048	3072	1	410	22	0.00000
2560	3072	1	236	26	3.01873
2560	3072	1	248	170	0.39306
2560	3072	1	388	200	2.86827
2560	3072	1	480	112	0.85985
2560	3072	1	500	204	3.84518
2560	3072	1	484	324	3.64621
2048	3072	1	376	144	5.52281
2048	3072	1	298	274	2.72830
2048	3072	1	216	406	5.28262
2560	3072	1	28	278	1.86720
2560	3072	1	30	352	4.43806
2560	3072	1	224	278	1.90457
2560	3072	1	356	320	1.94860
2560	3072	1	208	348	1.87799
2560	3072	1	374	400	2.19369
2560	3072	2	196	498	0.00000
2560	3072	1	68	438	0.64785
2560	3072	1	256	454	2.71185
2048	3072	2	314	430	0.00000
2048	3072	1	446	458	3.14579
2560	3584	1	362	12	4.26554
2560	3584	1	502	60	2.09342
2048	3072	1	16	490	1.85717
2560	3584	1	486	142	5.31938
2048	3584	1	92	94	0.66874
2048	3584	1	42	182	1.68190
2048	3584	1	172	98	4.10049
2048	3584	1	166	200	4.33312
2048	3584	1	376	80	2.78833
2048	3584	1	316	136	6.04336
2048	3584	1	496	64	4.31699
2560	3584	1	238	66	2.32146
2560	3584	1	346	108	0.91337
2560	3584	1	356	178	1.44948
2560	3584	1	510	232	0.85986
2560	3584	1	374	232	1.56032
2560	3584	1	150	98	5.20635
2560	3584	1	188	174	4.01604
2560	3584	1	82	158	6.04573
2048	3584	1	468	176	1.22463
2048	3584	1	464	246	4.17931
2560	3584	1	46	294	0.10137
2560	3584	1	178	284	2.36355
2560	3584	1	270	270	5.55894
2560	3584	1	354	344	2.84939
2560	3584	1	474	368	0.00000
2560	3584	1	402	472	3.17861
2560	3584	1	264	486	6.01307
2560	3584	1	162	436	5.95908
2560	3584	1	72	428	0.19740
2048	3584	1	484	454	0.54383
2048	3584	1	458	344	0.82709
2048	3584	1	272	252	0.37189
2048	3584	1	336	326	0.00000
2048	3584	1	194	322	2.14917
2048	3584	2	266	378	0.00000
2048	3584	1	124	398	1.77940
2048	3584	1	66	484	0.00000
2048	3584	1	166	490	0.00000
