1024	2048	1	104	134	0.01333
1024	2048	1	358	2	0.09564
1024	2048	2	196	100	0.00000
1024	2048	1	252	178	4.35494
1024	2048	1	198	262	1.47690
1024	2048	1	408	170	2.72734
1536	2048	1	224	132	0.00000
1536	2048	2	290	96	0.00000
1024	2048	1	310	446	4.54448
1024	2048	1	212	372	0.41748
1536	2048	1	386	374	0.55062
1536	2048	1	234	302	4.80860
1024	2048	1	482	324	0.00000
1536	2048	1	96	488	3.24245
1536	2560	1	24	22	5.84282
1024	2560	1	412	22	0.27633
1024	2560	1	308	16	1.25252
1024	2560	1	156	102	4.29552
1536	2048	1	372	118	3.16790
1536	2048	1	412	242	1.94144
1536	2048	1	496	386	5.93513
1536	2048	1	44	144	0.05481
1536	2048	1	354	510	0.74363
1536	2560	1	214	8	0.91521
1536	2048	1	172	388	2.71104
1536	2048	2	244	398	0.00000
1024	2560	1	182	228	4.31595
1024	2560	1	278	386	2.57662
1024	2560	1	156	346	2.21167
1024	2560	1	114	190	1.15147
1024	2560	1	366	206	2.04082
1536	2560	1	50	148	1.13485
1536	2560	1	196	138	1.63749
1536	2560	1	362	136	3.19775
1024	2560	1	378	358	0.95032
1536	2560	1	86	254	0.70243
1024	2560	1	82	398	5.04945
1536	2560	1	188	272	0.24707
1024	2560	1	468	426	0.50016
1536	2560	1	316	260	5.53963
1536	2560	1	442	316	2.19249
1536	2560	1	492	40	2.39668
1536	2560	1	464	168	2.85720
1536	2560	1	124	374	5.70168
1536	2560	1	258	420	0.84194
1536	2560	1	244	326	0.32440
1024	2560	1	386	512	3.53873
1024	2560	1	122	506	5.72783
1536	2560	1	54	470	0.80322
1536	2560	1	396	446	4.19324
1536	2560	1	346	512	4.78115
1536	2560	1	156	512	5.37002
1536	2560	2	500	496	0.00000
1024	2560	1	296	512	0.00000
1536	2048	1	110	34	4.34064
1024	2048	2	508	38	0.00000
1536	2048	1	296	14	1.15851
1536	2048	1	416	6	3.62134
1536	2048	2	490	68	0.00000
1024	2048	2	260	12	0.00000
1024	3072	1	100	146	2.92571
1024	3072	1	30	216	2.99752
1024	3072	1	188	82	0.98824
1024	3072	1	298	178	5.50481
1024	3072	1	294	62	0.00000
1024	3072	1	416	102	5.27323
1536	3072	1	74	124	0.43149
1536	3072	1	246	112	0.23464
1536	3072	1	340	144	3.18289
1536	3072	1	430	92	2.37483
1024	3072	1	240	310	0.81726
1024	3072	1	166	228	0.56350
1024	3072	1	68	342	4.44451
1024	3072	1	174	418	1.76080
1024	3072	1	304	396	0.00000
1024	3072	1	448	368	0.75054
1536	3072	1	56	286	2.14115
1536	3072	1	216	228	1.05525
1536	3072	1	268	322	0.61842
1536	3072	1	364	274	3.56822
1536	3072	1	436	302	0.25100
1536	3072	1	496	310	3.33852
1536	3072	1	40	446	3.14958
1536	3072	1	96	502	3.42471
1536	3072	1	160	466	3.23770
1536	3072	1	244	482	6.16714
1536	3072	1	336	442	5.11074
1024	3072	1	206	506	5.17561
1024	3072	1	48	474	0.43148
1024	3584	1	454	68	1.70335
1024	3584	1	314	66	1.00341
1024	3584	1	392	138	2.09235
1536	3584	1	98	158	5.24528
1536	3584	1	306	140	2.05164
1536	3584	2	404	116	0.00000
1536	3584	2	464	122	0.00000
1536	3584	1	484	76	5.68478
1024	3584	1	78	120	3.36780
1024	3584	1	180	164	0.68466
1024	3584	1	264	210	0.13472
1024	3584	1	354	272	0.17512
1024	3584	1	424	348	0.03097
1024	3584	1	510	258	6.12170
1536	3584	1	118	266	0.33780
1024	3072	2	352	336	0.00000
1536	3584	1	244	226	4.80216
1536	3584	1	336	268	3.42100
1536	3584	1	398	352	0.00000
1536	3584	1	482	258	0.32028
1024	3072	2	472	36	0.00000
1024	3072	2	388	176	0.00000
1536	3584	2	372	62	0.00000
1536	3584	1	186	346	0.88164
1024	3584	1	92	466	5.87404
1536	3584	1	64	476	1.00464
1536	3584	1	170	468	0.00000
1536	3584	1	318	482	5.81515
1536	3584	1	498	436	6.10622
2560	2048	1	412	60	0.00000
2560	2560	1	360	430	2.39397
2560	2560	1	512	434	3.05643
2560	2048	1	146	92	3.98499
2560	2048	1	30	112	5.59583
2048	2560	1	304	410	5.98460
2048	2560	1	22	428	3.81363
2560	2560	1	450	454	0.00000
2560	2560	1	264	512	3.09742
2560	2048	1	46	214	1.23027
2560	2560	1	24	92	3.98277
2048	2560	1	356	294	6.01541
2048	2560	1	232	442	3.14796
2560	2560	1	166	316	5.80106
2048	2048	1	364	124	0.98508
2048	2560	1	378	454	2.58225
2560	2560	1	72	436	0.00000
2048	2560	1	74	312	4.20617
2560	2560	1	20	290	5.02546
2560	2560	1	18	204	1.21573
2048	2560	1	380	96	4.74920
2560	2560	1	270	202	1.26275
2560	2560	1	408	298	0.00000
2560	2560	1	512	220	1.39891
2560	2560	1	300	312	3.91257
2560	2560	1	288	122	1.81577
2560	2560	1	402	124	2.68354
2560	2560	1	500	54	3.42100
2560	2048	1	386	486	0.00000
2560	2048	1	270	454	3.97943
2048	2048	1	432	202	3.37082
2560	2560	1	220	56	1.12842
2560	2560	1	124	42	0.76056
2560	2048	1	8	512	4.80858
2048	2048	1	400	328	5.18317
2560	2048	1	436	328	3.13922
2560	2048	1	512	326	0.34302
2560	2048	1	50	340	4.39293
2560	2048	1	502	134	4.39859
2560	2048	1	426	228	0.96353
2560	2048	1	302	102	0.00000
2560	2048	1	178	198	5.71700
2048	2560	1	80	102	0.68806
2048	2560	1	330	14	3.95256
2048	2560	1	154	110	3.92139
2048	2560	1	122	22	1.64757
2048	2048	1	92	394	3.67084
2048	2048	1	116	78	0.00000
2048	2048	1	328	396	3.93372
2048	2048	1	184	28	3.89843
2560	2048	1	340	44	0.00000
2560	2048	1	512	214	0.60215
2048	2048	1	62	288	5.94755
2048	2048	1	130	256	0.00000
2048	2048	1	0	408	5.94765
2048	2048	1	230	236	0.00000
2048	2048	1	60	40	0.74709
2048	2048	2	206	508	0.00000
2048	2048	2	260	508	0.00000
2560	2560	2	294	4	0.00000
2560	2048	2	298	384	0.00000
2048	2560	2	170	154	0.00000
2048	2560	2	234	158	0.00000
2048	2560	2	316	212	0.00000
2048	2560	2	160	364	0.00000
2048	2560	2	192	418	0.00000
2560	2560	2	466	330	0.00000
2048	2048	2	446	512	0.00000
2048	2560	2	420	50	0.00000
2048	2560	2	350	58	0.00000
2048	2560	2	468	488	0.00000
2560	2560	2	20	486	0.00000
3584	2048	1	152	112	0.00000
3584	2048	1	234	230	4.42645
3072	2048	1	422	126	3.91909
3584	2048	1	390	92	5.62815
3584	2048	1	270	88	3.71735
3584	2048	1	464	66	0.00000
3072	2048	1	462	386	2.63464
3072	2048	1	220	120	5.10716
3584	2048	1	62	292	2.34697
3584	2048	1	468	330	5.07722
3584	2048	1	50	414	3.45058
3072	2048	1	356	130	0.00000
3584	2048	1	222	0	0.00000
3584	2048	1	210	434	3.48486
3072	2048	1	310	30	0.52832
3072	2048	1	376	270	3.94904
3584	2048	1	472	454	3.04215
3584	2560	1	490	178	3.39965
3584	2048	1	386	216	5.48853
3584	2048	1	298	508	3.43023
3584	2048	1	382	480	3.12533
3584	2560	1	312	120	3.58224
3584	2560	1	362	196	3.75445
3584	2560	1	432	102	6.09504
3584	2560	1	308	300	4.23277
3584	2560	1	184	312	3.86933
3584	2560	1	212	208	2.07279
3584	2560	1	202	26	3.66414
3584	2560	1	118	456	2.10413
3584	2560	1	50	78	1.84519
3584	2560	1	414	364	1.97955
3584	2560	1	492	336	6.13114
3584	2560	1	282	398	1.02130
3584	2560	1	206	124	1.18303
3584	2560	1	404	470	2.95507
3072	2560	1	190	338	2.72192
3072	2560	1	286	88	5.87887
3584	2560	1	74	156	2.04837
3072	2048	1	422	504	4.78193
3072	2560	1	430	240	5.84632
3584	2560	1	72	234	4.79404
3072	2048	1	500	196	4.58867
3584	2560	2	402	245	0.00000
3072	2560	2	162	77	0.00000
3584	2048	2	384	339	0.00000
3072	2560	2	320	19	0.00000
3072	2560	1	200	130	3.09154
3072	2048	1	274	430	3.75538
3072	2560	1	288	220	1.94815
3072	2560	1	324	310	4.39476
3072	2560	1	418	74	5.21890
3072	2560	1	460	440	2.71475
3072	2048	1	358	420	4.12088
3072	2048	1	226	368	3.46422
3584	2560	1	264	490	2.66003
3072	2560	1	62	224	1.53476
3072	2560	1	324	408	0.98727
3072	2560	1	62	110	4.02368
3072	2560	1	120	430	3.00339
3072	2560	1	370	482	0.00000
3584	2560	1	34	476	5.77890
3072	2560	1	64	328	4.34966
3072	2560	1	20	464	2.93485
3072	2048	1	48	192	0.63440
3584	2560	1	78	326	0.82384
3584	2560	1	344	484	5.98669
3072	2048	1	158	208	4.32580
3072	2048	1	280	216	4.65611
3072	2048	1	116	364	4.65489
3072	2048	1	46	466	2.65047
3072	2048	1	82	48	0.54427
3072	3584	1	496	440	2.43684
3584	3584	1	424	442	0.28439
3072	3584	1	448	502	1.59071
3072	3584	1	362	454	0.36599
3072	3584	1	454	312	2.69088
3072	3584	1	26	414	2.40025
3584	3584	1	228	458	1.46530
3072	3584	1	290	396	3.19537
3072	3584	1	292	270	0.59667
3584	3584	1	110	318	0.54029
3584	3584	1	258	372	1.34930
3072	3584	1	114	308	0.34128
3072	3584	1	196	264	3.44894
3072	3584	1	186	490	4.02216
3072	3584	1	360	300	0.43527
3072	3584	1	140	416	0.51088
3584	3584	2	505	471	0.00000
3072	3584	1	388	160	0.88770
3072	3584	1	288	160	0.42426
3072	3584	1	482	200	0.28723
3072	3584	1	42	96	2.61778
3584	3584	1	502	326	3.60599
3584	3584	1	368	328	0.21476
3584	3584	1	334	262	0.00000
3072	3584	2	26	221	0.00000
3072	3584	1	184	8	3.56925
3072	3584	1	280	52	0.90544
3072	3584	1	116	12	0.24341
3072	3584	1	160	150	3.78900
3072	3584	1	392	60	0.94168
3584	3584	1	30	76	1.02082
3584	3584	1	42	190	0.93662
3584	3584	1	164	2	3.34386
3584	3072	1	34	484	3.79127
3584	3584	1	228	110	0.00000
3584	3584	2	286	153	0.00000
3584	3072	1	328	460	4.66888
3584	3584	1	310	52	5.65245
3584	3072	1	480	512	5.63990
3584	3584	1	424	90	4.20771
3584	3584	1	476	140	4.68212
3584	3584	1	456	222	5.12936
3584	3072	1	508	384	3.28711
3584	3072	1	430	368	3.38724
3584	3072	1	450	218	0.00000
3072	3072	1	344	454	5.89751
3072	3072	2	256	461	0.00000
3072	3072	2	32	385	0.00000
3072	3072	1	94	344	0.00000
3072	3072	1	234	336	4.97155
3072	3072	1	334	290	2.27602
3072	3072	2	436	251	0.00000
3072	3072	1	422	406	3.14159
3584	3072	1	62	286	3.16188
3584	3072	1	166	340	2.95668
3584	3072	1	298	356	2.86939
3584	3072	1	268	268	4.85171
3072	3072	1	18	258	6.02343
3072	3072	1	22	128	5.39659
3072	3072	1	110	66	3.11281
3072	3072	1	200	62	3.45547
3072	3072	1	158	196	3.67015
3072	3072	1	288	194	5.21322
3072	3072	1	344	116	5.66778
3072	3072	2	382	31	0.00000
3072	3072	1	454	118	4.75982
3584	3072	1	62	178	1.50037
3584	3072	1	100	86	1.22321
3584	3072	2	56	21	0.00000
3584	3072	1	176	170	3.14725
3584	3072	1	360	178	1.38988
3584	3072	1	330	106	1.45218
3584	3072	2	512	127	0.00000
3584	3072	2	470	45	0.00000
3584	3072	2	378	35	0.00000
3584	3072	2	306	33	0.00000
3584	3072	2	176	47	0.00000
3584	3072	2	232	33	0.00000
3584	3072	2	244	133	0.00000
2560	3584	1	506	382	2.41466
2048	3584	1	198	460	5.71633
2048	3584	1	76	436	0.00000
2560	3584	1	354	176	2.39231
2048	3584	1	40	224	0.00000
2560	3584	1	14	258	0.79557
2048	3584	1	12	430	5.59714
2048	3584	1	120	310	5.43101
2048	3584	1	352	118	0.00000
2560	3584	1	100	208	2.07441
2048	3584	1	504	132	0.00000
2048	3584	1	430	30	3.36591
2560	3584	1	480	168	5.34555
2048	3584	1	282	22	3.50260
2048	3584	1	94	10	3.71751
2560	3584	1	512	42	2.51689
2048	3072	1	22	492	0.00000
2560	3584	1	384	504	4.85215
2048	3584	1	184	230	0.00000
2560	3584	1	482	286	1.64521
2560	3584	1	208	440	5.77408
2048	3584	1	0	78	0.00000
2560	3584	1	220	140	2.44981
2560	3584	1	156	14	5.43230
2560	3584	1	90	502	0.00000
2560	3584	1	96	350	2.66554
2048	3584	1	390	344	0.49096
2560	3584	1	320	238	6.07660
2560	3584	1	30	412	0.00000
2048	3584	1	130	110	3.37328
2560	3584	1	366	372	5.05362
2048	3584	1	248	248	2.59765
2048	3584	1	130	224	2.09399
2560	3584	1	30	14	3.91934
2048	3584	1	334	226	2.55283
2048	3584	1	414	202	0.00000
2048	3584	1	442	398	0.00000
2048	3584	1	344	474	0.00000
2560	3584	2	268	350	0.00000
2560	3584	2	222	348	0.00000
2048	3584	2	246	334	0.00000
2560	3584	1	94	82	5.84645
2560	3584	1	370	70	4.30171
2560	3584	1	286	4	3.94122
2560	3072	1	202	446	0.00000
2560	3072	2	108	440	0.00000
2048	3072	2	168	464	0.00000
2048	3072	2	44	370	0.00000
2048	3072	1	200	360	2.66539
2048	3072	1	342	372	5.37896
2048	3072	2	300	428	0.00000
2048	3072	1	466	414	2.55318
2560	3072	1	34	366	2.86492
2560	3072	1	98	350	5.68870
2560	3072	1	158	308	5.48749
2560	3072	2	96	228	0.00000
2560	3072	2	352	236	0.00000
2560	3072	1	350	402	0.00000
2560	3072	1	478	422	0.00000
2560	3072	1	418	224	2.47806
2560	3072	1	508	216	5.81562
2560	3072	1	506	104	4.73004
2560	3072	1	370	80	2.07055
2560	3072	2	228	126	0.00000
2560	3072	2	140	66	0.00000
2560	3072	1	278	190	2.56674
2560	3072	1	226	258	5.97257
2560	3072	1	90	126	2.19168
2048	3072	1	458	88	0.00000
2560	3072	1	16	260	0.00000
2048	3072	1	480	308	2.52459
2048	3072	1	372	264	0.00000
2048	3072	2	290	286	0.00000
2048	3072	2	234	266	0.00000
2048	3072	1	138	364	5.88996
2048	3072	1	60	250	0.00000
2048	3072	1	302	154	0.00000
2048	3072	1	390	134	5.77728
2048	3072	1	352	38	5.65068
2048	3072	1	244	110	0.00000
2048	3072	1	158	16	0.00000
2048	3072	1	66	48	0.00000
2048	3072	2	134	110	0.00000
2560	3072	1	230	18	3.45030
