1024	2048	1	204	74	0.00000
1536	2048	2	494	68	0.00000
1024	2048	1	230	378	0.22574
1024	2048	1	108	264	2.60747
1024	2048	1	28	106	0.00000
1024	2048	1	118	76	2.78478
1024	2048	1	444	130	1.71158
1024	2048	1	248	0	0.00000
1536	2048	1	22	0	0.00000
1536	2048	2	220	138	0.00000
1536	2048	2	278	94	0.00000
1536	2048	1	316	180	5.19117
1536	2048	1	94	208	5.92477
1536	2048	1	354	266	1.95092
1024	2048	1	500	238	3.52018
1024	2560	1	294	60	0.84563
1024	2048	1	426	456	1.24858
1536	2048	1	18	322	4.16985
1536	2048	1	104	378	3.92361
1536	2048	1	172	440	3.63524
1536	2048	1	230	326	5.33686
1536	2048	1	388	408	5.93615
1536	2048	1	472	444	3.35622
1536	2048	1	164	40	4.08038
1536	2048	1	258	410	5.88680
1024	2560	1	500	98	0.27188
1536	2560	1	60	112	5.89139
1024	2560	1	80	150	3.40242
1536	2560	1	212	34	1.29869
1536	2560	1	106	6	2.28989
1536	2560	1	364	72	1.43714
1536	2560	1	442	142	3.99279
1024	2560	1	382	232	0.00000
1536	2560	1	154	232	6.07871
1536	2560	1	324	270	5.54677
1536	2560	1	220	142	3.32923
1024	2560	1	138	234	4.13879
1024	2560	1	298	318	4.61093
1024	2560	1	122	334	2.17725
1024	2560	1	508	310	5.48160
1536	2560	1	44	234	1.63351
1536	2560	1	360	176	5.82348
1536	2560	1	466	246	0.00000
1536	2560	1	214	376	2.12230
1024	2560	2	356	450	0.00000
1536	2560	2	470	414	0.00000
1024	2560	1	160	498	1.64882
1024	2560	1	98	436	1.10800
1024	2560	1	44	376	1.41708
1024	2560	1	264	414	5.16668
1024	2560	1	450	426	2.61861
1536	2560	1	68	450	5.02548
1536	2560	1	408	434	5.51495
1536	2560	1	348	512	5.45300
1536	2560	1	168	490	0.37830
1536	2560	1	510	476	0.75685
1024	2560	2	188	284	0.00000
1536	3584	1	512	104	2.17756
1536	3584	1	42	242	2.22851
1536	3584	1	348	206	1.54131
1536	3584	1	280	516	6.19461
1536	3584	1	492	414	1.58284
1536	3584	1	486	328	5.75941
1536	3072	1	498	478	2.37569
1024	3584	1	506	308	1.82598
1024	3584	1	102	350	0.22884
1536	3584	1	426	118	4.37224
1536	3584	1	338	516	5.69178
1536	3584	1	176	496	0.31597
1024	3584	1	238	340	5.55654
1536	3584	1	80	472	0.47872
1024	3584	1	276	272	1.68459
1536	3584	1	256	196	2.46584
1024	3584	1	146	460	5.67963
1536	3584	1	360	318	4.46303
1024	3584	1	30	504	5.22414
1024	3584	1	492	422	0.32175
1024	3584	1	382	290	0.19343
1536	3584	2	254	352	0.00000
1536	3584	2	264	266	0.00000
1024	3584	1	40	48	3.89977
1024	3584	1	406	54	3.12528
1024	3584	1	156	190	1.14084
1536	3072	1	376	336	0.74418
1536	3072	1	500	80	5.54995
1024	3584	1	260	62	1.33867
1536	3584	1	10	114	5.41485
1536	3072	1	398	242	3.89989
1536	3072	1	390	4	5.59745
1024	3584	1	92	112	1.14596
1024	3584	1	340	168	0.00000
1536	3584	1	120	322	2.85570
1536	3584	1	182	230	5.95541
1536	3072	1	486	326	3.64219
1536	3072	1	224	24	0.89965
1536	3584	1	252	8	5.81954
1536	3072	1	312	452	5.77034
1536	3584	1	92	78	4.04301
1536	3584	1	200	46	5.84656
1536	3072	2	136	18	0.00000
1536	3072	1	220	174	3.90458
1536	3072	1	50	190	5.89631
1536	3072	1	310	144	5.49838
1536	3072	1	218	382	1.24329
1536	3072	1	174	326	3.77613
1536	3072	1	104	472	3.44413
1536	3072	1	112	252	0.39676
1536	3072	1	396	104	0.00000
1024	3072	1	52	146	1.65332
1024	3072	1	104	336	5.68943
1024	3072	1	434	148	6.11900
1024	3072	1	460	354	1.91737
1024	3072	1	154	452	0.82925
1024	3072	1	288	420	0.00000
1024	3072	1	354	264	0.05070
1024	3072	1	184	284	0.52668
1024	3072	1	288	278	3.37989
1024	3072	1	348	56	5.02418
1024	3072	1	322	90	5.38242
1024	3072	1	180	160	1.14760
1024	3072	1	150	48	1.26695
2048	2560	1	266	470	4.46168
2048	2560	1	366	352	0.00000
2048	2560	1	326	266	0.76837
2048	2560	1	428	174	3.63553
2048	2560	1	310	142	4.86019
2048	2560	2	232	156	0.00000
2048	2560	2	178	162	0.00000
2048	2560	1	148	254	1.99482
2048	2560	1	22	140	2.62629
2048	2560	1	122	64	1.36577
2048	2048	1	106	452	2.18504
2048	2048	1	150	352	2.74723
2048	2048	1	156	242	5.47735
2048	2048	1	68	208	0.33169
2048	2048	1	108	62	6.00794
2560	2048	1	34	188	5.71099
2048	2048	1	486	120	0.86994
2560	2048	1	46	112	2.81364
2560	2048	1	116	98	2.71687
2560	2048	1	196	38	2.49643
2560	2048	1	282	250	4.51590
2560	2048	1	92	278	0.26597
2048	2048	1	496	326	4.90200
2048	2048	1	438	368	2.11837
2048	2048	1	286	304	0.00000
2048	2048	1	370	432	4.94850
2048	2560	1	332	10	0.86989
2048	2048	1	510	442	4.54064
2560	2048	1	350	312	1.63292
2560	2048	1	406	226	5.35232
2560	2048	1	472	174	4.20201
2560	2048	1	362	396	5.59167
2560	2048	1	468	338	1.29403
2560	2560	1	442	42	0.65532
2560	2048	1	196	488	0.43113
2560	2048	1	322	474	5.32521
2560	2560	1	58	16	2.11472
2560	2560	1	100	156	4.14739
2560	2560	1	186	192	4.28587
2560	2560	1	314	222	5.65968
2560	2560	1	416	204	2.64947
2560	2560	1	512	138	2.50990
2560	2560	1	432	420	3.18560
2560	2560	1	332	378	0.71181
2560	2560	1	240	296	0.00000
2560	2560	1	138	304	0.52705
2560	2560	1	54	416	0.32683
2048	2560	1	466	398	0.00000
2048	2560	1	482	238	6.01971
2560	2560	1	48	228	1.41042
2048	2560	2	210	4	0.00000
2048	2048	2	260	506	0.00000
2048	2560	2	424	50	0.00000
2048	2560	2	386	94	0.00000
2560	2048	1	186	196	0.79868
2560	2048	1	276	122	2.87227
2560	2048	1	342	56	3.11886
2560	2048	1	402	118	4.22016
2560	2560	2	482	330	0.00000
2048	2560	1	58	294	0.20232
2048	2560	2	202	426	0.00000
2048	2560	2	172	362	0.00000
2048	2560	2	84	512	0.00000
2560	2560	2	308	488	0.00000
2048	2048	1	186	102	5.28035
2048	2048	2	24	22	0.00000
2560	2048	2	506	474	0.00000
2048	2560	1	14	416	0.49504
3584	2048	1	134	128	0.00000
3584	2048	1	384	84	0.00000
3072	2560	2	466	184	0.00000
3584	2048	1	220	278	5.16559
3584	2048	1	372	224	5.45964
3584	2048	1	372	468	3.13816
3584	2048	1	20	146	3.04084
3072	2048	1	398	88	5.01388
3072	2048	1	244	116	4.89829
3072	2048	1	88	46	0.02174
3072	2048	1	224	30	4.70113
3072	2048	1	76	268	3.48063
3072	2048	1	204	370	4.75525
3072	2048	1	318	340	2.18333
3072	2048	1	312	228	2.99416
3072	2048	1	434	244	4.09640
3072	2560	1	90	110	3.14159
3072	2560	2	166	76	0.00000
3584	2048	1	268	82	3.65587
3584	2048	1	468	68	0.00000
3072	2048	1	462	446	2.44522
3072	2048	1	474	290	3.85303
3584	2048	1	58	302	0.00000
3584	2048	1	66	404	3.82245
3584	2048	1	108	468	4.04919
3072	2048	1	238	450	1.59564
3072	2048	1	48	406	4.21845
3072	2560	1	228	22	2.07756
3072	2560	2	320	26	0.00000
3072	2048	1	402	492	2.39413
3584	2048	1	248	476	3.36852
3072	2560	1	24	174	3.12139
3072	2560	1	100	252	3.71251
3072	2560	1	218	190	0.32812
3072	2560	1	492	94	5.50789
3072	2560	1	364	120	0.86217
3584	2560	1	236	76	1.45291
3584	2560	1	98	72	4.54245
3584	2560	1	420	60	3.89604
3584	2560	1	306	128	4.01412
3584	2560	1	220	194	5.69141
3584	2560	1	140	218	6.12135
3072	2560	1	98	430	1.67699
3584	2560	1	410	168	4.04113
3072	2560	1	502	298	5.59185
3072	2560	1	278	224	0.30805
3072	2560	1	326	268	3.82990
3072	2560	1	314	392	3.30789
3072	2560	1	228	356	3.35377
3584	2560	1	512	34	3.82364
3584	2560	1	382	306	1.19553
3584	2560	1	292	326	2.81828
3072	2560	1	450	340	1.98321
3584	2560	1	86	410	3.01231
3584	2560	1	8	470	3.11550
3584	2560	1	442	360	1.10715
3584	2560	1	180	498	2.30070
3072	2560	1	376	478	0.00000
3072	2560	1	230	512	5.75394
3584	2560	1	510	202	0.25600
3584	2560	1	504	470	1.99991
3584	2560	1	372	476	2.54987
3584	2560	1	242	408	0.57367
3584	3584	1	428	344	0.77854
3584	3584	1	450	412	4.08863
3072	3584	1	272	482	0.00000
3072	3584	1	226	392	0.00000
3072	3584	1	430	262	2.15002
3072	3584	1	132	452	3.32675
3584	3584	1	2	452	0.00000
3072	3584	1	32	322	5.86523
3072	3584	1	140	272	5.35599
3072	3584	1	362	182	0.00000
3072	3584	1	52	144	0.91707
3584	3584	1	56	460	0.00000
3584	3584	1	108	338	4.94244
3072	3584	1	258	128	0.68535
3584	3584	1	342	182	3.35826
3584	3584	1	512	418	1.92715
3584	3584	1	74	296	2.14805
3584	3584	1	128	232	5.81297
3584	3584	1	192	406	0.00000
3584	3584	1	512	480	2.02806
3584	3584	1	256	260	0.00000
3584	3584	1	410	510	0.00000
3584	3584	1	512	282	2.31846
3584	3584	1	230	252	3.18090
3072	3584	1	472	378	0.86075
3584	3584	1	382	244	4.02088
3072	3584	1	406	380	0.00000
3584	3584	1	296	420	5.95768
3584	3584	1	488	196	4.84059
3072	3584	1	328	428	3.20423
3072	3584	1	328	302	2.29127
3072	3584	2	122	354	0.00000
3072	3584	2	216	310	0.00000
3584	3584	1	466	100	5.60536
3584	3584	1	340	74	3.29980
3584	3584	1	288	86	0.20124
3584	3584	1	164	96	0.00000
3584	3584	1	114	74	0.00000
3584	3584	1	24	154	0.00000
3072	3584	1	460	144	0.00000
3072	3584	1	190	78	0.39696
3072	3584	1	384	72	1.89311
3584	3584	1	52	18	0.00000
3584	3072	1	478	442	0.00000
3584	3072	1	372	502	1.73593
3584	3072	1	302	472	1.24519
3584	3072	1	188	500	2.67945
3584	3072	1	244	408	0.00000
3584	3072	1	90	386	6.10344
3584	3072	1	298	406	4.45160
3584	3072	2	354	324	0.00000
3584	3072	1	424	344	3.21127
3584	3072	1	512	334	0.67840
3584	3072	1	452	246	4.62227
3584	3072	1	492	178	4.80445
3584	3072	1	512	112	4.13016
3584	3072	1	512	22	5.04727
3584	3072	1	396	48	5.68011
3584	3072	1	392	206	0.65638
3584	3072	1	262	288	5.42385
3584	3072	1	178	350	4.90507
3584	3072	1	138	284	2.36017
3584	3072	1	294	196	0.79364
3584	3072	1	342	112	4.78197
3584	3072	1	228	32	0.83030
3584	3072	1	288	102	0.60213
3584	3072	1	96	34	1.84564
3584	3072	1	202	194	1.59160
3584	3072	1	118	148	4.14385
3584	3072	1	30	122	0.00000
3584	3072	1	6	274	3.50743
3072	3072	1	472	432	1.48817
3072	3072	1	446	508	2.10901
3072	3072	1	342	438	3.29260
3072	3072	1	248	448	3.36933
3072	3072	1	130	498	3.70555
3072	3072	1	10	438	0.00000
3072	3072	1	98	374	0.00000
3072	3072	1	202	376	3.76931
3072	3072	1	412	332	3.57527
3072	3072	1	368	278	4.03084
3072	3072	1	438	154	0.00000
3584	3072	1	8	2	3.01271
3072	3072	1	384	10	0.00000
3072	3072	1	236	198	2.53407
3072	3072	1	252	48	0.00000
3072	3072	1	70	66	2.89107
3072	3072	1	168	246	1.51283
3072	3072	1	48	212	4.80003
2048	3072	1	322	42	0.65428
2048	3072	1	416	84	6.11047
2048	3072	1	486	78	5.95460
2560	3072	1	100	138	2.21873
2560	3072	1	268	232	3.52370
2560	3072	1	382	166	4.85094
2560	3072	1	338	50	0.49361
2048	3072	1	414	330	3.57752
2048	3072	1	364	224	4.50908
2048	3072	1	208	178	4.64609
2048	3072	1	98	104	0.56712
2048	3072	1	176	364	1.60081
2048	3072	2	314	426	0.00000
2048	3072	2	166	470	0.00000
2560	3072	2	90	236	0.00000
2560	3072	2	222	128	0.00000
2560	3072	2	138	72	0.00000
2560	3072	2	348	240	0.00000
2560	3584	2	396	52	0.00000
2048	3584	2	378	14	0.00000
2560	3072	2	82	438	0.00000
2560	3584	2	126	296	0.00000
2048	3584	2	20	402	0.00000
2048	3072	2	188	18	0.00000
2048	3072	2	70	26	0.00000
2048	3072	2	10	98	0.00000
2048	3072	1	88	298	1.04655
2048	3072	2	278	278	0.00000
2048	3072	2	218	270	0.00000
2560	3072	1	104	352	4.28077
2048	3072	2	156	268	0.00000
2560	3072	1	96	284	4.74587
2560	3072	1	474	82	2.75915
2560	3072	1	382	296	4.18500
2560	3072	1	512	202	4.42405
2560	3072	1	494	356	0.36785
2560	3072	1	512	452	0.18610
2560	3584	1	448	50	5.70231
2560	3584	1	512	146	1.08736
2560	3584	1	394	228	0.00000
2560	3584	1	330	240	0.00000
2560	3584	1	266	138	4.52769
2560	3072	1	300	420	5.17972
2560	3072	1	230	458	0.00000
2560	3072	1	142	444	0.00000
2560	3072	1	2	418	6.17951
2048	3072	1	62	458	4.85285
2048	3584	1	208	38	5.47952
2048	3072	1	0	508	2.36479
2048	3584	1	178	192	1.42148
2048	3584	1	136	94	2.25363
2048	3584	1	288	140	0.34085
2048	3584	1	408	148	2.95691
2048	3584	1	358	248	5.91814
2048	3584	1	76	302	2.08477
2048	3584	1	188	254	0.00000
2048	3584	1	512	108	0.17313
2048	3584	1	310	320	5.92784
2048	3584	1	234	444	4.56733
2048	3584	1	328	478	5.97369
2048	3584	1	498	364	3.93228
2560	3584	1	146	384	5.36202
2560	3584	1	264	454	0.37722
2560	3584	1	398	458	4.40333
2560	3584	1	356	370	6.15185
2560	3584	1	430	358	2.71115
2560	3584	1	512	338	2.68126
2048	3584	1	40	202	5.27658
2048	3584	1	62	122	2.11600
2048	3072	1	314	330	0.34489
2048	3072	1	346	480	3.68113
2560	3584	1	112	30	1.52821
2560	3584	1	292	58	2.66512
2560	3584	1	186	98	4.21918
2560	3584	1	32	182	0.66821
2560	3584	1	88	428	2.03885
2560	3584	1	224	322	1.89645
2048	3584	1	148	452	0.00000
2560	3584	1	80	260	3.54931
2560	3584	1	188	208	5.78262
2560	3584	2	448	500	0.00000
2048	3072	2	38	378	0.00000
