1024	2048	2	202	74	0.00000
1536	2048	2	244	358	0.00000
1536	2048	2	498	74	0.00000
1024	2560	2	86	184	0.00000
1024	2560	2	200	288	0.00000
1536	2048	1	64	102	5.14902
1536	2048	1	176	46	0.18362
1536	2048	1	268	60	6.01693
1536	2048	1	396	46	3.94179
1024	2048	1	282	0	0.47178
1024	2048	1	170	234	4.77114
1024	2048	1	464	214	2.67028
1024	2048	1	482	260	0.02272
1536	2048	1	218	134	6.14129
1536	2048	1	326	232	6.23463
1536	2048	1	494	262	6.14678
1536	2048	1	430	288	2.96798
1536	2048	1	132	228	1.80335
1024	2048	1	240	376	0.39195
1024	2048	1	128	370	1.07512
1024	2048	1	0	404	3.91329
1024	2560	1	76	4	4.51086
1024	2560	2	26	32	0.00000
1024	2560	1	22	152	3.99324
1024	2560	1	256	48	0.93159
1024	2048	1	414	508	2.35381
1024	2560	1	378	134	3.57400
1536	2560	1	22	60	4.07407
1536	2048	1	154	436	4.80734
1536	2048	1	348	368	1.99645
1536	2048	1	478	414	3.57222
1536	2048	1	360	458	4.07964
1536	2560	1	68	126	0.68761
1536	2560	1	190	88	2.93487
1536	2560	1	328	90	0.84762
1536	2560	1	500	58	6.01768
1024	2560	1	232	218	5.33641
1024	2560	1	300	292	1.32810
1024	2560	1	64	382	2.35102
1024	2560	1	172	364	1.92206
1024	2560	1	222	420	4.46070
1024	2560	1	170	512	4.06403
1024	2560	1	404	490	3.08541
1024	2560	1	486	446	2.47284
1536	2560	1	56	314	0.91795
1536	2560	1	72	436	5.09157
1536	2560	1	76	512	3.52670
1536	2560	1	272	248	6.07698
1536	2560	1	350	252	3.30648
1536	2560	1	450	210	1.48425
1536	2560	1	324	368	4.48333
1536	2560	1	236	468	2.38706
1536	2560	1	400	428	1.99726
1536	2560	1	428	512	2.22805
1536	3584	1	148	322	0.72897
1024	3584	1	20	482	5.43537
1536	3584	1	422	408	5.96943
1536	3584	1	418	260	3.18239
1536	3584	1	164	166	0.27261
1024	3584	1	296	378	5.74383
1024	3584	1	414	282	5.81019
1536	3584	1	198	70	6.11434
1024	3584	1	292	510	0.95455
1024	3584	1	476	236	5.36226
1024	3584	1	160	422	0.00000
1024	3584	1	172	250	1.81294
1536	3584	1	74	152	0.82885
1536	3584	1	204	416	0.00000
1536	3584	1	294	198	3.18267
1536	3584	2	460	100	0.00000
1536	3584	2	392	118	0.00000
1536	3584	2	506	162	0.00000
1536	3584	2	256	250	0.00000
1536	3584	2	252	368	0.00000
1536	3072	1	342	418	5.58472
1536	3072	1	512	482	1.59261
1536	3072	1	512	242	3.60772
1536	3584	1	86	58	0.99253
1024	3584	1	326	180	3.50414
1024	3584	1	18	108	5.86496
1024	3584	1	96	64	5.56586
1024	3584	1	358	66	2.65711
1024	3584	1	452	78	2.12354
1536	3072	1	6	478	5.74327
1536	3072	1	108	450	2.30170
1536	3072	1	174	420	5.52861
1536	3072	1	308	482	3.51783
1536	3072	1	394	296	0.92635
1536	3072	1	416	196	1.28971
1536	3072	1	374	78	6.02903
1536	3072	1	258	96	3.38901
1536	3072	1	198	66	0.34856
1536	3072	1	202	230	5.71613
1536	3072	1	304	320	3.71662
1536	3072	1	100	280	0.00000
1536	3072	1	12	186	4.03036
1024	3072	1	510	364	5.03949
1024	3072	1	56	244	0.84327
1024	3072	1	192	100	0.85211
1024	3072	1	206	234	1.22777
1024	3072	1	234	328	6.07209
1024	3072	1	306	296	0.00000
1024	3072	1	326	106	5.69091
1024	3072	1	462	92	4.50130
1024	3072	1	358	470	2.30751
1024	3584	1	286	20	0.00000
1024	3072	1	184	484	3.72467
1024	3072	1	68	410	0.00000
1024	3072	1	148	322	2.09887
1536	3072	1	64	68	3.97700
1536	3072	1	100	112	3.76922
1024	3072	1	432	276	0.00000
1024	3072	1	30	146	0.65042
1536	3072	1	300	190	3.54317
1536	3072	1	434	4	2.26999
2048	2048	1	108	32	2.73338
2048	2048	1	54	122	4.85914
2048	2048	1	196	92	4.09703
2048	2048	1	304	66	0.27595
2048	2048	1	398	46	0.63356
2048	2048	2	480	58	0.00000
2048	2048	1	472	170	1.75328
2560	2048	1	74	114	3.36627
2560	2048	1	206	116	0.00000
2560	2048	1	296	102	0.03833
2560	2048	1	402	46	1.14112
2048	2048	1	94	266	2.47790
2048	2048	1	242	308	0.00000
2560	2048	1	110	264	5.69159
2048	2048	1	466	360	6.00817
2560	2048	1	66	394	5.77862
2560	2048	1	358	228	3.07599
2560	2048	1	488	276	0.39234
2560	2048	1	512	114	1.06791
2048	2048	1	62	434	3.16784
2048	2048	1	168	432	2.68877
2048	2048	1	366	474	1.50103
2560	2048	1	226	408	0.00000
2560	2048	2	286	388	0.00000
2560	2048	2	340	396	0.00000
2560	2048	1	424	358	2.48345
2048	2560	1	48	112	3.77696
2560	2048	1	512	412	3.31060
2560	2560	1	422	16	2.50059
2560	2048	1	156	480	2.67040
2560	2560	1	258	8	1.16060
2560	2560	1	312	72	3.84025
2560	2560	1	478	192	5.96466
2560	2560	1	308	216	2.70880
2560	2560	1	412	202	5.89631
2560	2560	1	198	146	0.12062
2560	2560	1	96	164	2.87578
2560	2560	1	430	386	6.20315
2048	2560	1	446	108	6.05815
2560	2560	1	354	378	3.04319
2560	2560	1	382	512	3.48699
2048	2560	1	54	306	4.71239
2048	2560	1	96	466	5.07044
2048	2560	1	252	428	2.90771
2560	2560	1	28	366	0.00000
2560	2560	1	90	412	5.98004
2560	2560	1	256	346	6.03821
2560	2560	2	20	158	0.00000
2048	2560	2	356	60	0.00000
2560	2560	2	322	488	0.00000
2560	2560	2	456	322	0.00000
2048	2560	1	168	48	4.17743
2048	2560	1	138	230	2.75712
2560	2560	1	150	350	2.53290
2048	2560	1	290	108	4.34719
2048	2560	1	388	476	0.32175
2048	2560	1	296	354	5.22522
2560	2560	1	234	512	3.54012
2048	2560	2	228	160	0.00000
2048	2560	2	324	438	0.00000
2048	2560	2	436	326	0.00000
2560	2560	2	14	320	0.00000
2048	2560	1	390	242	2.44531
2048	2560	1	504	240	2.38009
3072	2048	1	190	284	1.11744
3584	2560	1	148	296	1.38988
3584	2560	1	96	436	2.50300
3072	2560	1	402	254	3.64116
3072	2560	1	88	140	1.41147
3072	2560	1	138	342	2.78041
3072	2560	1	88	512	3.10629
3072	2560	1	160	512	0.48557
3072	2560	1	36	338	3.57859
3072	2560	1	228	250	0.70323
3072	2560	1	326	436	2.26223
3072	2560	1	256	486	2.28121
3584	2560	1	26	494	2.22121
3072	2560	1	434	322	3.80003
3072	2560	1	306	300	3.06200
3072	2560	1	356	142	0.00000
3072	2560	1	242	82	5.93779
3072	2560	1	434	454	0.33984
3584	2560	2	349	457	0.00000
3584	2560	2	234	331	0.00000
3072	2560	2	166	83	0.00000
3584	2560	1	150	386	5.04045
3584	2560	1	286	512	3.00772
3584	2560	1	404	412	2.87791
3584	2560	1	342	324	3.85350
3584	2560	1	512	434	5.54080
3584	2560	1	490	512	5.35050
3584	2560	1	512	312	5.18760
3584	2560	1	438	196	5.33671
3584	2560	1	398	72	5.67651
3584	2560	1	148	72	5.47638
3584	2560	1	126	136	2.27579
3584	2560	1	138	224	4.53147
3584	2560	1	200	464	3.80074
3584	2560	1	512	28	2.64113
3584	2560	1	240	200	0.42902
3584	2560	1	306	234	0.25202
3584	2560	1	222	30	3.14231
3584	2048	1	318	492	4.65199
3584	2048	1	316	350	4.44476
3584	2048	1	362	226	5.68977
3584	2048	1	124	480	5.05885
3072	2560	1	476	118	5.91244
3072	2560	2	254	6	0.00000
3072	2560	2	306	24	0.00000
3584	2048	1	126	370	0.00000
3584	2560	2	340	130	0.00000
3072	2560	2	430	116	0.00000
3072	2560	2	472	192	0.00000
3584	2560	1	24	86	2.75275
3072	2048	1	492	506	4.63357
3072	2048	1	386	500	3.77059
3072	2560	1	150	26	0.65291
3072	2560	1	54	14	3.53091
3072	2048	1	0	420	4.09964
3072	2048	1	58	238	3.08106
3072	2048	1	194	380	2.96267
3072	2048	1	100	414	6.16599
3072	2048	1	360	346	5.76657
3072	2048	1	270	384	5.96565
3072	2048	1	482	428	5.06630
3072	2048	1	512	372	5.31560
3584	2048	1	66	276	3.71964
3072	2048	1	460	278	4.80504
3072	2048	1	454	204	4.31852
3584	2048	1	252	94	3.74213
3584	2048	1	388	98	0.21881
3584	2048	1	470	58	0.00000
3584	2048	1	118	80	0.11322
3584	2048	1	36	0	0.00000
3584	2048	1	222	0	0.00000
3072	2048	1	486	96	4.74500
3072	2048	1	400	0	4.76706
3072	2048	1	340	60	4.69317
3072	2048	1	142	48	2.05188
3072	2048	1	40	116	1.04118
3072	2048	1	256	144	4.43413
3072	2048	2	148	204	0.00000
3072	2048	1	332	218	0.27742
3072	3072	1	408	74	5.84826
3072	3072	1	224	84	0.51337
3072	3072	1	150	64	0.37709
3072	3072	1	72	58	3.30634
3072	3072	1	150	218	3.87855
3072	3072	1	70	202	0.48510
3072	3072	1	52	352	3.53491
3072	3072	1	156	376	2.51609
3072	3072	1	226	326	2.54481
3072	3072	1	294	248	0.45367
3072	3072	1	348	340	3.89192
3072	3072	1	420	192	4.27381
3584	3072	1	84	86	5.36003
3584	3072	1	202	88	1.46642
3584	3072	1	52	172	0.00000
3072	3072	2	426	260	0.00000
3584	3072	2	6	198	0.00000
3072	3072	1	104	464	1.94621
3072	3584	1	78	54	3.76537
3072	3072	1	480	338	2.22067
3584	3072	1	66	316	5.50589
3584	3072	1	122	228	0.00000
3584	3072	1	216	192	5.18245
3584	3072	1	306	132	4.48300
3584	3072	1	434	198	4.99778
3584	3072	1	374	262	5.40011
3584	3072	1	290	338	3.15026
3072	3072	1	378	494	2.19379
3072	3072	1	444	420	5.44515
3584	3072	1	108	476	1.82565
3584	3072	1	364	440	2.30206
3584	3072	1	486	390	5.46652
3584	3584	1	10	10	2.40947
3072	3584	1	380	94	5.59102
3072	3584	1	502	108	4.97547
3072	3584	1	192	98	5.19338
3072	3584	1	252	46	1.90671
3072	3584	1	120	140	2.09154
3584	3584	1	282	76	2.37063
3584	3584	1	188	28	3.54897
3584	3584	1	108	50	3.26555
3072	3584	1	62	264	4.37465
3072	3584	1	396	258	2.75763
3072	3584	1	270	258	3.19370
3072	3584	1	276	412	5.65521
3584	3584	1	196	138	1.75240
3584	3072	1	322	508	1.64726
3584	3584	1	476	16	1.60787
3584	3584	1	474	106	2.95896
3584	3584	1	406	122	3.12893
3584	3584	1	314	206	3.80290
3584	3584	1	176	222	2.24565
3584	3584	1	82	214	0.63458
3072	3584	1	170	394	2.68483
3584	3584	1	282	408	5.87798
3584	3584	1	348	318	5.15535
3584	3584	1	428	284	5.64642
3072	3584	1	68	382	1.41638
3072	3584	1	512	326	0.46849
3584	3584	1	130	336	1.87513
3584	3584	1	66	452	0.95685
3584	3072	1	184	362	5.48388
2048	3072	1	164	134	0.00000
2048	3072	1	300	116	5.83708
2048	3072	1	96	34	1.23514
2560	3072	1	70	298	1.79501
2560	3072	1	398	180	2.11041
2560	3072	1	86	46	4.04896
2048	3072	1	448	44	0.74195
2560	3072	1	276	142	0.18764
2560	3072	1	360	32	3.51458
2560	3072	1	466	48	2.23576
2560	3072	2	12	180	0.00000
2560	3072	2	92	232	0.00000
2560	3072	2	138	76	0.00000
2560	3072	2	346	238	0.00000
2560	3072	1	228	36	3.60524
2048	3072	1	48	110	5.49779
2048	3072	2	436	232	0.00000
2048	3072	2	310	436	0.00000
2048	3072	2	196	316	0.00000
2048	3584	2	364	22	0.00000
2048	3072	2	166	480	0.00000
2560	3584	2	272	350	0.00000
2048	3072	1	68	298	1.03170
2048	3072	1	298	276	2.74024
2048	3072	1	62	432	3.75989
2560	3072	1	488	354	2.89424
2560	3072	1	410	340	2.59304
2560	3072	1	270	296	2.17761
2560	3072	1	216	342	1.93867
2560	3072	1	388	444	2.37374
2560	3072	1	2	356	4.53347
2048	3072	1	208	392	5.18417
2560	3072	1	72	444	0.57430
2560	3072	1	270	440	2.14870
2048	3584	1	236	112	0.59756
2048	3584	1	104	42	1.10715
2048	3584	1	110	114	4.34306
2048	3584	1	206	192	1.27656
2048	3584	1	324	128	4.44614
2560	3584	1	40	178	0.45943
2560	3584	1	156	38	6.08187
2560	3072	1	212	484	0.00000
2560	3584	1	382	72	1.16447
2560	3584	1	194	158	3.99758
2560	3584	1	282	242	5.58845
2560	3584	1	310	30	4.49372
2560	3584	1	284	120	1.88062
2048	3072	1	426	496	0.00000
2560	3584	1	20	22	4.88798
2560	3584	1	184	274	2.43648
2560	3584	1	398	186	1.42323
2048	3584	1	406	208	1.31824
2048	3584	1	334	324	0.45830
2048	3584	1	198	304	1.91009
2048	3584	1	282	276	0.00000
2048	3072	1	26	490	1.58449
2560	3072	1	504	222	0.00000
2560	3584	1	458	128	4.52987
2048	3584	1	482	342	0.40489
2560	3584	1	68	276	0.51095
2560	3584	1	458	370	0.00000
2560	3584	1	78	416	0.00000
2560	3584	1	164	432	5.88973
2048	3584	1	490	444	0.33746
2560	3584	1	358	396	2.33865
2048	3584	1	130	394	1.52678
2048	3584	1	68	462	5.99807
2048	3072	1	378	146	5.59894
2560	3584	1	512	194	0.72059
2048	3584	1	400	352	3.62080
2560	3584	1	492	480	0.00000
2048	3584	1	34	184	2.43684
