1536	2048	1	374	490	0.00000
1536	2560	1	102	90	0.31911
1024	2560	1	84	104	0.00000
1536	2560	1	294	104	0.00000
1536	2560	1	454	236	0.00000
1536	2048	1	94	146	0.00000
1536	2048	1	474	378	0.00000
1024	2048	1	244	366	0.32830
1536	2048	1	52	300	3.28775
1536	2048	1	356	372	0.90173
1536	2048	1	434	96	5.49861
1024	2560	1	330	28	1.31265
1024	2560	1	190	216	5.12424
1024	2560	1	364	354	0.49671
1536	2560	1	220	240	5.98627
1024	2560	1	472	84	1.46911
1536	2560	1	488	274	3.49832
1024	2048	1	110	244	0.96277
1024	2560	1	206	474	4.23121
1024	2560	1	496	308	1.97863
1024	2560	2	32	502	0.00000
1024	2560	2	114	512	0.00000
1024	2560	1	356	494	1.06001
1536	2560	1	162	370	3.32996
1536	2560	1	302	254	5.67172
1536	2560	1	206	66	0.49768
1024	2048	1	466	464	3.35047
1536	2048	1	64	486	3.37277
1536	2048	1	174	464	1.68737
1024	2048	1	498	216	3.49063
1536	2048	1	122	298	3.22694
1536	2048	1	310	200	4.82261
1024	2048	1	58	0	2.64045
1536	2048	1	300	88	5.29690
1024	2048	1	52	102	0.00000
1024	2048	1	194	60	0.26861
1024	2048	1	320	42	3.66396
1536	2048	1	446	212	2.74744
1536	2048	2	36	38	0.00000
1024	2048	2	430	12	0.00000
1024	2048	2	256	12	0.00000
1536	2048	2	498	58	0.00000
1536	2048	1	276	278	5.68224
1536	2048	2	224	156	0.00000
1536	2048	1	184	28	5.57042
1536	2560	1	44	424	5.22648
1536	2560	2	512	504	0.00000
1536	2560	1	414	166	3.80966
1536	2560	2	46	206	0.00000
1024	2560	1	126	342	2.97460
1024	2560	1	48	270	1.08910
1024	2560	1	434	404	3.03666
1536	2560	1	416	318	2.31258
1536	2560	1	394	422	1.98972
1536	2560	1	210	512	5.29641
1536	3072	1	36	134	0.23500
1536	3584	1	388	332	5.62530
1536	3584	1	320	448	5.91749
1536	3584	1	340	516	3.81716
1536	3584	1	184	484	0.64515
1024	3584	1	488	470	0.30671
1536	3584	1	56	506	0.51208
1024	3584	1	394	368	1.59027
1536	3584	1	174	394	0.85989
1024	3584	1	254	400	0.52324
1024	3584	1	102	460	0.50517
1536	3584	1	298	232	0.17528
1536	3584	1	136	332	1.12775
1024	3584	1	314	222	5.48025
1024	3584	1	108	310	2.36746
1024	3584	1	30	294	2.84505
1536	3584	1	164	236	1.30947
1536	3584	1	34	210	2.94255
1536	3584	1	390	112	1.58044
1536	3584	2	466	114	0.00000
1536	3072	2	376	462	0.00000
1024	3584	1	348	136	2.54084
1024	3584	1	76	96	0.83491
1024	3584	1	230	82	0.34500
1024	3072	1	88	440	5.97285
1024	3072	1	6	442	5.66294
1024	3584	1	472	42	3.31083
1024	3072	1	432	446	0.36575
1024	3584	1	388	62	2.75948
1536	3072	1	30	362	3.04512
1536	3072	1	146	492	5.48703
1536	3072	1	182	350	4.41351
1536	3072	1	240	418	0.72932
1536	3584	1	136	80	1.05165
1536	3584	1	212	136	5.34749
1536	3072	1	252	512	3.53953
1536	3584	1	470	58	1.55196
1536	3072	1	352	412	0.73997
1536	3072	1	504	512	2.60505
1536	3072	1	490	390	5.79705
1536	3072	1	376	286	4.95002
1536	3072	1	280	216	3.88334
1536	3072	1	218	178	3.66609
1536	3072	1	126	166	3.71398
1536	3072	1	418	80	2.27614
1536	3072	1	512	4	0.00000
1536	3072	1	272	34	1.91770
1536	3072	1	146	4	0.51915
1024	3072	1	300	96	5.53724
1024	3072	1	336	4	0.58924
1024	3072	1	456	196	2.68028
1024	3072	1	316	262	6.18711
1024	3072	1	224	382	5.88674
1024	3072	1	110	312	2.77887
1024	3072	1	234	190	3.58544
1024	3072	1	144	202	0.19128
1024	3072	1	132	86	0.95713
1024	3072	1	72	52	4.15943
1024	3072	1	0	124	5.80186
1024	3584	1	0	486	5.01858
2560	2048	1	432	58	0.00000
2560	2048	1	220	132	6.04634
2048	2048	1	130	230	0.00000
2560	2048	1	118	250	5.86648
2048	2048	1	512	228	0.59842
2048	2048	1	380	286	0.00000
2048	2048	1	314	320	0.00000
2048	2048	1	400	476	5.27912
2560	2048	1	240	332	0.00000
2560	2048	1	446	346	1.04874
2560	2048	1	366	256	3.27980
2560	2048	2	512	230	0.00000
2048	2048	2	66	362	0.00000
2048	2048	2	90	478	0.00000
2048	2560	1	130	54	1.65063
2048	2560	2	238	20	0.00000
2048	2560	1	306	74	0.83572
2048	2560	2	218	156	0.00000
2048	2560	2	176	138	0.00000
2048	2560	2	374	130	0.00000
2048	2560	2	318	208	0.00000
2560	2560	2	20	152	0.00000
2048	2560	2	322	428	0.00000
2560	2560	2	14	472	0.00000
2560	2560	2	312	482	0.00000
2048	2560	2	78	484	0.00000
2048	2560	2	196	416	0.00000
2560	2048	2	306	510	0.00000
2560	2048	2	286	404	0.00000
2048	2048	2	162	74	0.00000
2048	2048	1	322	192	0.00000
2048	2048	1	424	160	2.46168
2048	2048	1	308	82	4.24874
2048	2048	1	44	212	0.00000
2560	2560	1	214	54	2.68552
2560	2560	1	422	18	4.02449
2560	2560	1	452	120	3.89355
2048	2048	1	512	444	3.65714
2048	2048	1	188	394	2.94047
2560	2560	1	144	164	3.82593
2560	2048	1	114	418	4.09480
2560	2560	1	134	302	5.33069
2048	2560	2	56	170	0.00000
2560	2048	1	314	96	0.00000
2048	2048	2	494	52	0.00000
2048	2560	1	314	318	1.87182
2560	2560	1	240	202	0.00000
2560	2560	1	362	244	0.00000
2048	2560	1	466	80	3.85127
2048	2560	2	408	56	0.00000
2560	2560	1	314	82	5.36208
2560	2560	1	452	380	5.59574
2048	2560	1	100	270	1.32582
2048	2560	1	504	240	1.36447
2560	2560	1	276	280	0.00000
2048	2560	2	254	416	0.00000
2048	2560	1	398	482	0.42804
2560	2560	1	82	30	1.34138
2048	2560	1	180	338	1.86052
2560	2048	1	68	108	2.93183
2048	2048	2	412	16	0.00000
2048	2560	1	58	376	4.67467
2560	2560	1	494	220	4.80949
2560	2560	1	180	446	0.00000
2560	2560	1	354	394	5.02862
2560	2560	1	70	440	0.00000
2560	2560	1	4	342	3.90592
2048	2560	2	438	322	0.00000
2560	2048	2	134	24	0.00000
2560	2560	1	396	494	5.41688
2048	2560	1	154	510	0.87534
3072	2560	2	174	402	0.00000
3072	2560	1	36	512	2.84781
3072	2560	1	376	470	0.00000
3072	2560	1	494	460	3.08585
3584	2560	1	80	468	5.81601
3584	2560	1	294	402	3.21542
3584	2560	1	178	512	2.57381
3584	2560	1	230	456	2.88224
3584	2560	2	340	449	0.00000
3584	2560	1	396	512	3.14620
3584	2560	1	448	354	0.00000
3584	2560	1	498	512	3.14115
3584	2560	1	512	360	3.11599
3584	2560	1	468	212	2.48113
3584	2560	1	358	346	2.61683
3584	2560	1	342	228	5.48134
3584	2560	1	258	296	3.46164
3584	2560	1	180	330	0.48776
3584	2560	1	82	310	1.16873
3072	2560	1	252	308	2.47519
3072	2560	1	118	186	0.99223
3072	2560	1	0	200	5.15476
3072	2560	1	478	262	3.44667
3584	2560	1	42	224	5.74211
3584	2560	1	126	204	2.55637
3584	2560	1	162	144	2.97569
3584	2560	1	226	134	5.94465
3584	2560	1	310	22	4.80315
3584	2560	1	458	78	4.12943
3584	2048	1	368	448	2.66894
3584	2048	1	454	470	2.62507
3584	2048	1	512	390	2.70763
3072	2560	1	358	252	3.04864
3072	2560	1	232	168	2.78290
3072	2560	2	456	169	0.00000
3072	2560	2	416	123	0.00000
3584	2560	1	58	102	1.40283
3584	2048	1	108	510	4.39753
3584	2048	1	62	420	4.08858
3584	2048	1	278	296	5.13365
3584	2048	1	394	212	5.05127
3584	2048	1	390	92	5.99305
3584	2048	1	466	50	0.00000
3072	2560	1	82	68	3.53230
3072	2048	1	88	398	2.09131
3072	2560	1	206	40	4.99658
3072	2048	1	298	458	1.50990
3072	2048	1	412	412	2.94125
3072	2048	1	480	326	6.00779
3072	2560	1	360	50	0.59930
3072	2560	1	470	12	3.73602
3584	2048	1	164	128	0.00000
3072	2048	1	506	124	0.00000
3584	2048	1	86	64	0.71645
3584	2048	1	218	0	0.00000
3584	2048	1	264	76	3.85876
3072	2048	1	306	362	4.06079
3072	2048	1	354	262	2.12401
3072	2048	1	372	200	2.00344
3072	2048	1	412	162	2.00338
3072	2048	1	376	28	4.05248
3072	2048	1	224	26	4.06715
3072	2048	1	258	94	3.92045
3072	2048	1	94	14	0.00000
3072	2048	1	204	282	2.94922
3072	2048	1	30	178	3.79450
3072	2048	1	132	242	0.00000
3584	3584	1	444	470	0.57105
3584	3584	1	346	470	0.86750
3584	3584	1	344	406	0.90296
3584	3584	1	488	360	0.80865
3584	3584	1	428	324	4.58063
3584	3584	1	320	384	0.00000
3584	3584	1	420	256	4.27151
3584	3584	1	316	272	0.60005
3584	3584	1	380	182	1.79760
3584	3584	1	484	124	6.15734
3584	3584	1	232	386	0.00000
3584	3584	1	170	466	3.40699
3584	3584	1	90	460	5.94960
3072	3584	1	508	448	5.80933
3072	3584	1	464	448	5.64989
3072	3584	1	386	460	2.46345
3072	3584	1	286	458	0.00000
3072	3584	1	60	454	4.85428
3072	3584	1	178	470	1.76709
3072	3584	1	184	390	0.88105
3072	3584	1	90	334	1.71489
3072	3584	1	20	278	0.69641
3072	3584	1	132	272	2.47997
3072	3584	1	310	318	0.29030
3072	3584	1	254	268	0.27763
3584	3584	1	100	336	5.16127
3584	3584	1	18	332	3.21708
3072	3584	1	478	298	0.00000
3072	3584	1	402	286	0.32175
3584	3584	1	186	272	1.66997
3584	3584	1	210	202	1.81236
3584	3584	1	206	100	4.94871
3584	3584	1	382	90	2.74295
3584	3584	1	318	80	2.89302
3584	3584	1	98	222	3.47817
3584	3584	1	22	188	6.07472
3072	3584	1	354	188	4.94819
3072	3584	1	212	192	1.12638
3072	3584	1	68	34	1.56869
3072	3584	1	118	110	1.71414
3072	3072	1	30	396	0.00000
3072	3584	1	278	98	5.53003
3584	3584	1	94	92	3.80356
3072	3584	1	394	68	5.56890
3072	3584	1	464	30	5.34119
3072	3072	1	204	504	0.19502
3072	3584	1	302	10	4.44572
3072	3072	1	40	272	2.78707
3072	3072	1	140	386	2.37510
3072	3072	1	150	286	5.57057
3072	3072	1	426	438	1.85977
3072	3072	1	298	384	4.22300
3584	3072	1	46	464	0.00000
3584	3584	1	158	2	1.87157
3584	3072	1	232	478	1.90035
3584	3072	1	240	380	1.11949
3584	3072	1	472	372	0.18062
3584	3584	1	512	34	1.88179
3584	3072	1	394	396	3.63802
3584	3072	1	272	252	5.88042
3584	3072	2	344	318	0.00000
3584	3072	1	412	214	5.65941
3584	3072	1	100	410	2.62357
3072	3072	1	54	16	3.15216
3072	3072	1	136	78	3.72927
3072	3072	1	0	80	2.00056
3072	3072	1	230	110	5.76404
3072	3072	1	202	246	2.60094
3072	3072	1	280	242	3.32470
3072	3072	1	336	260	3.40784
3072	3072	1	382	0	0.00000
3072	3072	1	458	80	1.07191
3072	3072	1	490	0	2.94788
3584	3072	1	94	114	3.10176
3584	3072	1	22	136	0.40489
3072	3072	1	398	186	5.89077
3072	3072	1	492	232	2.68978
3072	3072	1	446	328	3.95051
3072	3072	1	510	380	3.65048
3584	3072	1	78	238	3.88157
3584	3072	1	142	348	2.48702
3584	3072	1	176	280	1.59782
3584	3072	1	232	158	3.68417
3584	3072	1	198	98	3.87895
3584	3072	1	320	200	5.70528
3584	3072	1	334	54	5.57229
3584	3072	1	464	144	3.80953
3584	3072	1	434	76	3.44266
3584	3072	2	340	132	0.00000
3584	3072	2	498	24	0.00000
2560	3584	1	482	468	5.88569
2560	3584	1	494	308	1.24905
2560	3584	1	428	380	0.92745
2560	3584	1	322	390	0.00000
2560	3584	2	424	504	0.00000
2560	3584	2	348	502	0.00000
2560	3584	1	258	464	5.31446
2560	3584	1	184	472	5.95280
2560	3584	1	92	432	0.00000
2560	3584	1	468	220	4.71938
2560	3584	1	458	166	1.46391
2560	3584	1	470	94	5.23225
2560	3584	1	394	302	5.17604
2560	3584	1	356	210	5.69675
2560	3072	1	484	492	3.90625
2560	3072	1	410	288	3.99735
2560	3072	1	374	438	4.60479
2560	3072	1	312	490	5.19869
2560	3584	1	288	46	5.51445
2560	3584	1	236	216	1.46986
2560	3584	2	250	326	0.00000
2048	3584	2	508	498	0.00000
2560	3584	1	178	304	2.98769
2560	3584	1	22	414	0.00000
2560	3584	1	206	146	1.77829
2560	3584	1	168	42	5.45781
2560	3072	1	208	478	3.44227
2560	3072	1	152	316	0.00000
2560	3072	2	340	242	0.00000
2560	3072	1	340	176	5.07028
2048	3584	1	454	432	0.14816
2048	3584	1	332	362	0.34034
2048	3584	2	406	510	0.00000
2048	3584	1	330	474	6.16898
2048	3584	1	236	472	0.00000
2048	3584	1	48	394	0.00000
2560	3584	1	98	224	3.59305
2048	3584	2	454	184	0.00000
2048	3584	2	214	388	0.00000
2048	3584	1	468	292	2.07014
2560	3584	1	32	206	1.03960
2560	3584	1	58	104	1.15983
2048	3584	1	390	166	3.48089
2048	3584	1	292	268	3.21086
2048	3584	1	228	260	0.00000
2048	3584	2	162	272	0.00000
2048	3584	2	128	222	0.00000
2048	3584	2	172	450	0.00000
2048	3584	1	74	110	0.47008
2048	3584	1	238	128	5.19128
2048	3584	1	222	36	2.41261
2048	3072	1	328	510	1.08497
2048	3072	1	456	456	5.45644
2560	3072	1	48	350	0.69739
2560	3072	2	98	232	0.00000
2048	3072	1	368	384	0.29897
2048	3072	1	152	382	0.86227
2048	3072	2	22	428	0.00000
2048	3584	2	32	62	0.00000
2048	3072	2	154	478	0.00000
2048	3072	1	262	410	3.53381
2048	3072	1	304	234	5.38971
2048	3072	1	62	276	1.67298
2560	3072	1	432	108	4.61573
2560	3072	1	416	40	5.40974
2560	3072	1	310	54	4.16542
2560	3072	2	232	124	0.00000
2560	3072	2	136	86	0.00000
2560	3072	2	90	444	0.00000
2048	3584	2	374	34	0.00000
2048	3072	1	496	326	0.80263
2560	3072	1	28	198	3.74197
2560	3072	1	14	102	0.59658
2048	3072	1	428	250	0.85415
2048	3072	1	164	190	4.01153
2048	3072	2	226	276	0.00000
2048	3072	1	450	56	1.18045
2048	3072	2	370	32	0.00000
2048	3072	1	232	98	4.84827
2048	3072	1	372	142	5.02771
2048	3072	1	130	32	0.75510
2048	3072	1	60	160	5.23154
2048	3072	2	194	28	0.00000
2048	3072	2	28	34	0.00000
2048	3584	2	364	242	0.00000
2560	3072	2	512	230	0.00000
2560	3072	2	230	332	0.00000
2048	3584	2	126	32	0.00000
2048	3584	2	94	494	0.00000
