1024	2048	1	68	148	4.03787
1024	2048	1	228	144	0.75356
1024	2048	2	208	72	0.00000
1536	2048	2	2	20	0.00000
1536	2048	2	92	18	0.00000
1536	2048	1	196	24	5.65257
1536	2048	1	124	142	0.83112
1536	2048	1	388	78	5.33872
1536	2048	2	492	72	0.00000
1536	2048	2	226	144	0.00000
1536	2048	1	264	232	1.46277
1024	2048	2	480	280	0.00000
1024	2048	1	238	368	0.44568
1024	2048	1	78	402	0.63603
1536	2048	2	244	360	0.00000
1536	2048	1	194	462	4.39157
1536	2048	1	402	342	3.64882
1536	2048	1	496	372	0.78813
1536	2048	2	512	276	0.00000
1536	2048	1	458	502	3.70276
1536	2560	1	372	134	5.75590
1536	2560	1	484	130	5.29351
1536	2560	1	88	118	0.53921
1536	2048	1	284	496	3.59269
1024	2560	1	406	26	2.51979
1024	2560	1	254	42	1.15599
1024	2560	1	512	212	2.86848
1536	2560	1	272	254	5.81250
1536	2560	1	420	348	4.94793
1536	2560	1	404	432	1.91365
1536	2560	1	276	414	2.68953
1536	2560	1	158	344	2.77442
1536	2560	2	504	492	0.00000
1024	2560	2	86	192	0.00000
1024	2560	2	192	286	0.00000
1024	2560	2	380	380	0.00000
1024	2560	1	344	158	4.05915
1024	2560	1	196	206	4.55093
1024	2560	1	0	276	2.14262
1024	2560	1	36	390	0.94723
1024	2560	1	118	306	2.61852
1024	2560	1	238	332	3.74714
1024	2560	1	280	388	3.49195
1024	2560	1	96	452	1.32734
1024	2560	1	398	256	1.88471
1536	2560	1	92	272	0.27065
1024	2560	2	206	512	0.00000
1024	2560	1	478	330	1.53680
1536	2560	1	60	438	5.20502
1024	2560	1	426	492	4.28033
1536	2560	1	200	512	0.00000
1024	3072	1	316	294	0.44079
1024	3072	1	222	316	5.56347
1536	3584	2	36	204	0.00000
1024	3072	1	106	70	6.04843
1024	3072	1	46	162	0.21886
1024	3072	1	52	270	2.00194
1024	3072	1	144	196	0.35204
1024	3072	1	234	22	2.10215
1024	3072	1	218	86	4.96854
1024	3072	1	306	160	4.20911
1024	3072	1	384	86	1.92947
1024	3072	1	416	154	1.65261
1536	3072	1	54	74	4.18824
1536	3072	1	108	136	1.16976
1536	3072	1	192	30	0.00000
1536	3072	1	248	112	3.39030
1536	3072	1	364	44	0.29549
1536	3072	1	442	66	1.58792
1536	3072	1	200	236	0.31476
1536	3072	1	60	266	0.12225
1536	3072	1	334	198	5.84539
1536	3072	1	276	344	5.82773
1536	3072	2	382	430	0.00000
1536	3072	1	500	324	5.47548
1536	3072	1	440	444	0.13169
1536	3072	1	380	506	5.33973
1536	3584	1	394	130	0.37509
1536	3584	2	458	114	0.00000
1536	3584	2	512	38	0.00000
1536	3584	1	298	12	2.30896
1536	3072	1	182	442	5.48203
1024	3072	1	460	366	1.77466
1536	3072	1	32	410	0.82441
1536	3072	1	46	486	0.95097
1024	3072	1	374	402	2.13977
1024	3072	1	270	438	2.13186
1024	3072	1	236	500	2.06029
1024	3072	1	110	424	2.57402
1024	3584	1	44	22	0.63135
1024	3072	1	418	512	2.48982
1024	3584	1	230	88	5.57506
1024	3584	1	342	118	2.17049
1024	3584	1	124	180	0.00000
1024	3584	1	52	256	0.84032
1024	3584	1	254	278	1.17275
1024	3584	1	112	330	1.29462
1024	3584	1	464	154	2.49227
1536	3584	1	128	54	3.59468
1536	3584	1	298	110	5.45563
1536	3584	1	186	126	5.04503
1536	3584	1	116	174	1.87267
1536	3584	1	134	266	2.58151
1536	3584	1	260	290	0.32108
1536	3584	1	446	232	4.87158
1536	3584	1	390	300	3.90689
1024	3584	1	416	362	0.00000
1536	3584	1	478	436	0.00000
1536	3584	1	300	516	6.16704
1536	3584	1	208	498	0.43663
1536	3584	1	412	516	0.00000
1536	3584	1	156	450	0.01445
1536	3584	1	94	462	3.32559
1536	3584	1	30	464	0.00000
1024	3584	1	462	458	0.21946
1024	3584	1	270	428	0.19697
1024	3584	1	108	454	0.44084
1024	3584	1	22	502	1.94046
2048	2048	1	52	86	3.79049
2048	2048	1	182	76	3.68556
2048	2048	1	280	40	0.71642
2048	2048	1	384	114	5.86545
2560	2048	1	114	252	5.83455
2048	2048	2	488	74	0.00000
2560	2560	2	466	340	0.00000
2048	2048	1	210	148	1.59824
2048	2048	1	34	230	0.56023
2560	2048	1	54	108	3.42962
2048	2048	1	486	186	0.43232
2560	2048	1	198	96	0.19416
2560	2048	1	322	84	0.00000
2560	2048	1	432	78	2.64795
2560	2048	1	324	238	5.25561
2560	2048	1	210	240	3.75714
2048	2048	1	318	318	5.06539
2048	2048	1	200	312	3.18472
2048	2048	1	68	398	0.53317
2048	2048	1	10	382	0.51198
2048	2048	1	462	382	5.79912
2560	2048	1	68	362	5.19557
2560	2048	1	242	348	0.12103
2560	2048	2	298	402	0.00000
2560	2048	1	510	262	1.40947
2048	2560	1	134	50	3.47088
2048	2048	1	288	506	3.05118
2048	2048	1	378	452	6.11721
2560	2560	1	96	16	4.49670
2048	2560	2	172	142	0.00000
2048	2560	2	228	154	0.00000
2048	2560	2	416	48	0.00000
2048	2560	2	354	52	0.00000
2048	2560	1	328	128	1.63972
2560	2560	1	236	36	2.39471
2560	2048	1	380	454	4.08516
2560	2560	1	362	52	0.40508
2560	2048	1	506	462	3.49399
2048	2560	1	126	242	2.02086
2048	2560	1	76	104	3.75639
2560	2560	1	66	140	6.02788
2560	2560	1	320	182	4.14113
2560	2560	1	180	146	4.56778
2560	2560	1	490	168	4.99869
2560	2560	1	34	320	4.97402
2560	2560	1	376	230	0.91087
2048	2560	1	330	366	2.08068
2560	2560	1	196	248	0.58275
2048	2560	1	36	330	4.12686
2048	2560	1	444	452	1.05347
2048	2560	1	102	452	5.69825
2048	2560	2	158	374	0.00000
2048	2560	2	204	424	0.00000
2048	2560	2	326	424	0.00000
2560	2560	1	248	350	5.95307
2560	2560	1	376	384	3.47405
2560	2560	1	416	476	3.98548
2560	2560	1	232	468	5.76771
2560	2560	1	92	510	3.32361
2560	2560	2	16	476	0.00000
2560	2560	2	314	486	0.00000
2048	2560	1	22	512	1.77566
3072	2048	1	182	162	0.15694
3072	2048	1	62	176	3.72340
3072	2048	1	482	224	4.16826
3072	2048	2	36	80	0.00000
3072	2048	1	258	112	2.76513
3072	2048	1	350	138	2.84459
3072	2048	1	424	130	3.16332
3584	2048	1	142	96	0.00000
3584	2048	1	236	88	4.23826
3584	2048	1	364	232	5.44688
3584	2048	1	240	296	5.13829
3072	2048	1	510	350	4.89634
3584	2048	1	82	212	4.03692
3584	2048	1	470	82	0.00000
3072	2048	1	246	420	4.65177
3072	2048	1	258	330	4.60206
3072	2048	1	386	324	2.95362
3072	2048	1	132	294	0.00000
3072	2560	1	218	38	2.42752
3072	2560	1	482	2	3.26449
3584	2048	1	88	468	4.26106
3072	2560	1	224	168	4.17928
3072	2560	1	68	64	1.19754
3072	2560	1	94	146	1.24139
3072	2560	1	406	132	4.14381
3072	2560	1	354	34	1.18450
3072	2048	1	372	450	0.00000
3584	2048	1	336	470	4.81880
3584	2560	1	242	84	2.17857
3584	2560	1	142	28	3.69686
3584	2560	1	378	74	2.37006
3584	2560	1	348	322	3.04650
3072	2048	1	268	232	1.45691
3584	2560	1	66	166	1.48370
3072	2560	1	182	266	4.96845
3584	2560	1	90	304	1.42031
3072	2560	1	486	278	2.99722
3072	2560	1	366	248	5.51828
3072	2560	1	288	334	2.87030
3072	2560	1	242	412	2.52085
3072	2560	1	36	380	3.02564
3072	2560	1	120	348	3.66532
3072	2560	2	164	412	0.00000
3584	2560	1	258	228	2.18490
3072	2560	1	354	470	1.05343
3072	2560	1	428	384	1.39887
3584	2560	1	260	384	4.23466
3584	2560	1	428	342	3.83655
3584	2560	1	486	400	3.82627
3584	2560	2	432	162	0.00000
3584	2560	1	114	388	1.65987
3584	3584	1	60	442	1.64559
3584	3584	1	168	420	0.01414
3072	3584	1	422	406	1.51778
3584	3584	1	58	402	1.67592
3072	3584	1	418	264	0.45999
3072	3584	1	318	184	4.93389
3072	3584	1	374	14	2.05444
3072	3584	1	486	156	1.97093
3072	3584	1	512	290	0.37531
3584	3584	1	212	322	0.00000
3584	3584	1	350	178	1.62566
3584	3584	1	330	436	1.12396
3584	3584	1	362	96	2.29454
3072	3072	1	450	440	3.99499
3584	3584	1	366	512	0.87764
3584	3072	1	310	336	0.37204
3584	3072	1	410	474	1.80308
3584	3584	1	420	32	4.34747
3584	3584	1	392	242	4.26541
3072	3584	1	340	278	6.02940
3072	3584	1	44	268	0.54954
3584	3584	1	476	78	3.30028
3584	3584	1	482	332	2.28227
3072	3584	1	216	284	0.00000
3584	3584	1	426	290	4.10247
3072	3584	1	148	392	6.09958
3072	3584	1	260	432	1.19735
3072	3584	1	288	360	1.72990
3072	3584	1	64	434	1.58838
3072	3584	1	154	164	0.66473
3072	3584	1	106	316	3.72536
3584	3072	2	406	380	0.00000
3072	3584	1	272	38	3.07664
3072	3584	1	148	46	1.27639
3072	3584	1	38	54	0.41768
3584	3584	1	66	148	3.03783
3072	3584	1	6	184	1.11495
3584	3584	1	102	292	2.67625
3584	3584	1	192	58	3.11055
3584	3584	1	16	4	4.80828
3584	3072	1	72	414	0.75630
3584	3072	1	136	468	0.23314
3584	3072	1	98	326	1.79071
3584	3072	1	80	260	1.98593
3584	3072	1	324	196	5.94615
3584	3072	1	206	268	6.07776
3584	3072	1	210	436	0.45634
3584	3072	1	378	182	3.54092
3584	3072	1	512	306	5.72060
3584	3072	1	56	188	1.67577
3584	3072	1	278	446	4.18862
3584	3584	1	282	68	3.20552
3072	3072	1	398	78	5.77041
3584	3072	1	496	154	3.62214
3072	3072	1	470	332	2.16310
3072	3072	2	446	262	0.00000
3072	3072	1	306	416	3.59611
3072	3072	1	208	428	2.83030
3072	3072	1	100	476	1.97815
3072	3072	1	58	394	4.90793
3072	3072	1	150	330	4.31011
3072	3072	1	146	254	1.50939
3072	3072	1	66	200	4.33233
3072	3072	1	60	64	2.56950
3072	3072	1	154	38	0.00000
3072	3072	1	244	26	5.89176
3072	3072	1	240	156	4.19318
3072	3072	1	356	204	1.36455
3072	3072	1	502	146	0.96660
3584	3072	1	122	56	3.82508
3584	3072	1	162	130	0.59327
3584	3072	1	302	28	3.66874
3584	3072	2	232	158	0.00000
3584	3072	1	262	292	3.70358
3584	3072	1	450	38	3.28080
3072	3072	1	476	0	3.13287
3584	3072	1	36	0	3.28603
3584	3584	1	294	352	0.72487
3072	3072	1	0	274	2.30288
2560	3072	2	232	130	0.00000
2560	3072	2	140	68	0.00000
2560	3072	2	98	226	0.00000
2560	3072	2	354	242	0.00000
2048	3072	2	160	464	0.00000
2048	3072	1	152	116	4.89224
2048	3072	1	38	162	4.95319
2048	3072	1	14	240	4.97864
2048	3072	1	8	318	5.59746
2048	3072	1	20	414	5.36524
2048	3072	1	294	230	0.00000
2048	3072	1	290	84	0.00000
2048	3072	1	476	110	0.53974
2048	3072	1	426	40	0.86217
2048	3072	1	248	316	1.75311
2048	3072	1	198	406	5.46849
2048	3072	1	408	326	0.00000
2048	3072	1	462	398	3.37755
2048	3072	1	330	352	3.63350
2048	3072	1	340	468	4.05135
2048	3584	1	234	34	5.30671
2560	3072	1	80	154	5.66624
2560	3072	1	6	236	4.80758
2560	3072	1	4	316	2.20449
2560	3584	2	276	264	0.00000
2560	3072	1	240	254	4.05301
2560	3072	1	338	84	4.39830
2560	3072	1	496	70	0.00000
2560	3072	1	412	254	2.88710
2560	3072	1	512	296	2.43005
2560	3072	1	480	410	2.77193
2560	3072	1	428	454	2.69325
2560	3072	1	78	392	3.65322
2560	3072	1	342	386	0.00000
2560	3072	1	298	346	0.00000
2560	3584	1	182	450	2.92507
2560	3584	1	22	386	0.39538
2048	3584	1	282	296	0.00000
2048	3584	1	354	294	0.00000
2048	3584	1	316	458	0.00000
2048	3584	1	412	452	1.25246
2048	3584	1	82	480	0.00000
2048	3584	1	54	384	4.30750
2048	3584	1	178	276	4.02557
2048	3584	1	88	148	2.07987
2048	3584	1	150	110	2.19795
2048	3584	1	226	170	1.47674
2048	3584	1	46	28	1.23193
2048	3584	1	368	98	1.41136
2048	3584	1	426	208	0.00000
2048	3584	1	506	276	1.52084
2560	3584	1	172	290	2.32651
2048	3072	1	460	512	1.36967
2560	3584	1	32	82	4.08101
2560	3584	1	58	168	3.36839
2560	3584	1	160	190	5.88196
2560	3072	1	188	352	1.48478
2560	3072	1	112	510	1.44715
2560	3072	1	228	498	2.93231
2560	3584	1	218	132	1.92284
2560	3584	1	308	350	1.04839
2560	3584	1	392	410	0.00000
2560	3584	1	252	34	3.50877
2560	3584	1	362	26	2.90614
2560	3584	1	496	40	0.77069
2560	3584	1	352	120	2.43710
2560	3584	1	314	204	2.02006
2560	3584	1	442	278	1.34732
2560	3584	1	512	190	1.47648
2560	3072	2	146	438	0.00000
