1024	2048	1	244	360	0.50160
1024	2048	1	196	196	0.42153
1536	2048	1	268	238	1.68247
1024	2560	1	406	24	4.01849
1024	2560	1	244	46	1.14895
1024	2048	1	72	140	5.23755
1024	2048	2	190	98	0.00000
1536	2048	1	44	220	5.72248
1024	2048	1	466	220	2.87065
1536	2048	1	60	88	5.33419
1536	2048	1	376	120	3.28290
1024	2048	1	74	450	0.17467
1024	2560	1	508	58	4.19172
1536	2048	1	252	474	3.98286
1536	2048	1	368	492	0.21920
1536	2048	1	322	350	3.51376
1536	2048	1	448	336	2.94570
1536	2048	2	490	64	0.00000
1024	2560	1	288	210	4.41811
1024	2560	1	320	486	4.70368
1536	2560	1	84	136	0.59371
1024	2560	1	424	136	1.42209
1536	2560	1	272	246	5.93890
1024	2560	1	130	270	3.76291
1536	2560	1	378	162	5.41173
1536	2560	1	56	274	0.36549
1024	2560	1	448	230	1.26530
1024	2560	2	86	186	0.00000
1536	2560	1	280	436	3.17344
1536	2560	1	186	400	3.51176
1536	2560	1	118	326	3.50459
1536	2560	1	66	438	5.09451
1024	2560	1	414	336	2.03230
1024	2560	1	162	378	3.32998
1024	2560	1	28	256	0.47899
1024	2560	1	76	436	0.00000
1024	2560	1	284	360	4.96930
1024	2048	1	416	358	0.00000
1536	2048	1	448	498	3.64978
1536	2560	1	396	426	1.88697
1024	2560	2	188	512	0.00000
1024	2560	1	464	462	5.48537
1536	2560	1	476	150	0.46877
1536	2560	1	462	304	4.41802
1536	2048	2	252	74	0.00000
1536	2048	2	236	352	0.00000
1024	3584	1	194	282	1.70720
1024	3584	1	288	174	4.30715
1024	3584	1	358	234	5.12414
1024	3584	1	76	266	4.95113
1536	3584	1	208	196	3.00850
1024	3584	1	248	376	4.53243
1536	3584	1	340	346	5.87829
1536	3584	1	56	450	6.24169
1024	3584	1	346	396	0.45134
1024	3584	1	148	472	0.00000
1536	3584	1	402	250	4.86899
1536	3584	1	168	430	0.63402
1024	3584	1	128	20	1.15171
1536	3584	1	226	476	0.63559
1024	3584	1	474	432	5.88611
1024	3584	1	466	98	0.00000
1536	3584	1	512	218	5.20881
1536	3072	1	472	492	3.98566
1536	3584	1	336	156	1.45499
1536	3584	1	30	136	2.84552
1024	3584	1	390	30	0.48675
1024	3584	1	230	106	2.55359
1536	3072	1	398	458	4.10218
1024	3072	1	78	438	4.86985
1536	3584	1	210	102	1.59275
1536	3584	1	288	8	2.80809
1536	3584	1	120	212	2.93927
1536	3072	1	166	424	5.50579
1024	3584	1	412	156	5.62356
1536	3072	1	114	468	5.89206
1536	3072	1	30	490	0.51361
1024	3584	1	240	16	0.98279
1024	3584	1	506	276	5.20213
1536	3584	1	462	420	0.00000
1024	3072	1	382	484	3.87657
1024	3072	1	462	358	1.60109
1024	3072	1	74	236	0.00000
1536	3072	1	384	278	2.45543
1536	3584	2	464	92	0.00000
1536	3072	1	148	260	0.91327
1536	3072	1	296	320	1.91151
1536	3072	1	292	396	4.84209
1024	3072	2	498	296	0.00000
1024	3072	1	320	396	1.64266
1024	3072	1	212	398	3.09401
1024	3072	1	86	356	2.06363
1024	3072	1	326	292	0.60375
1024	3072	1	234	268	0.00000
1024	3072	1	184	200	0.00000
1024	3072	1	362	154	3.78548
1536	3072	1	196	42	0.46780
1536	3072	1	360	30	0.64239
1536	3072	1	480	84	1.67135
1536	3072	1	86	48	0.97008
1024	3072	1	268	154	5.73034
1024	3072	1	296	34	5.03676
1024	3072	1	202	8	0.00000
1024	3072	1	104	170	0.60375
1024	3072	1	64	68	0.94491
1024	3072	1	424	116	3.82398
1024	3072	2	472	32	0.00000
1024	3584	2	32	12	0.00000
1536	3072	1	258	106	3.23263
2048	2048	1	64	110	1.21465
2048	2048	2	192	52	0.00000
2048	2048	1	294	52	0.27469
2048	2048	1	418	158	5.68555
2560	2048	1	66	134	3.55982
2048	2048	1	188	308	2.83497
2048	2048	1	32	256	0.34500
2048	2048	1	58	384	5.36138
2048	2048	1	314	326	5.68884
2048	2048	1	362	234	2.24654
2048	2048	1	258	412	2.41456
2560	2048	1	214	128	0.00000
2560	2048	1	114	258	5.69636
2560	2048	1	316	94	0.00000
2560	2048	1	400	76	0.00000
2560	2048	1	422	224	4.05669
2048	2048	2	498	74	0.00000
2048	2048	2	412	28	0.00000
2560	2048	2	130	26	0.00000
2560	2048	1	478	28	4.51159
2560	2048	1	224	254	3.89367
2560	2048	2	506	176	0.00000
2560	2048	2	512	282	0.00000
2560	2048	1	56	358	5.35240
2048	2048	1	474	374	6.13980
2048	2048	1	390	478	0.65108
2048	2560	2	412	50	0.00000
2048	2560	2	356	62	0.00000
2560	2560	2	18	172	0.00000
2048	2048	1	194	504	4.27333
2048	2560	1	70	128	3.65697
2048	2560	1	130	264	3.08643
2048	2560	2	164	156	0.00000
2048	2560	2	218	150	0.00000
2048	2560	1	278	66	3.30025
2048	2560	2	320	210	0.00000
2048	2560	2	444	328	0.00000
2048	2560	2	508	324	0.00000
2560	2560	2	464	328	0.00000
2560	2560	2	314	476	0.00000
2560	2560	2	16	476	0.00000
2048	2560	2	196	434	0.00000
2048	2560	2	324	432	0.00000
2048	2560	2	166	368	0.00000
2560	2560	2	512	14	0.00000
2560	2048	1	236	376	1.07619
2560	2048	1	296	418	3.95296
2560	2560	1	228	30	1.17056
2560	2048	1	494	446	3.29424
2560	2048	1	390	470	2.75180
2560	2560	1	118	94	4.76128
2560	2560	1	244	154	4.00627
2560	2560	1	388	132	5.27060
2560	2560	1	488	92	2.20013
2560	2560	1	116	308	0.45303
2048	2560	2	200	512	0.00000
2048	2560	1	316	352	4.45296
2048	2560	1	44	372	4.49326
2560	2560	1	364	244	1.90404
2560	2560	1	288	384	3.71012
2560	2560	1	162	418	3.88005
2560	2560	1	392	388	3.71171
2560	2560	1	472	466	5.06116
2560	2560	1	496	372	4.20702
2048	2560	1	430	456	1.31217
2048	2560	1	126	452	5.61643
2048	2560	1	38	512	5.05693
2560	2560	2	270	512	0.00000
3584	2048	1	512	98	0.00000
3584	2048	1	456	70	0.00000
3584	2048	1	368	68	0.76879
3584	2048	1	378	236	5.62976
3584	2048	1	250	94	4.17857
3584	2048	1	294	180	5.14379
3584	2048	1	280	290	5.15357
3584	2048	1	186	136	0.11100
3584	2048	1	126	122	0.00000
3072	2048	1	486	130	5.30593
3072	2048	1	446	160	5.49779
3072	2048	1	438	38	2.08289
3072	2048	1	180	82	1.64839
3072	2048	1	268	0	2.46473
3072	2048	1	296	128	1.19553
3072	2048	1	50	174	1.81909
3072	2048	1	206	198	5.48661
3072	2048	1	42	28	4.77861
3072	2048	1	66	290	2.25132
3072	2048	1	210	292	1.63865
3072	2048	1	402	236	2.74630
3072	2048	1	344	342	4.34209
3072	2048	1	502	278	5.31938
3072	2048	1	486	374	5.00712
3072	2048	1	332	432	2.52435
3584	2048	1	356	468	4.27576
3584	2560	1	256	4	2.45100
3584	2048	1	84	466	3.95285
3584	2560	1	128	26	3.89474
3072	2560	1	458	80	1.34548
3072	2048	1	454	492	3.97957
3072	2048	1	226	398	2.97871
3072	2560	1	224	76	2.75204
3072	2560	2	308	6	0.00000
3072	2048	2	218	464	0.00000
3072	2048	2	148	408	0.00000
3072	2560	2	258	6	0.00000
3584	2560	1	410	136	5.68582
3584	2560	1	224	76	1.84131
3072	2560	1	100	48	2.83226
3072	2048	1	66	438	0.84415
3072	2560	1	58	232	4.00779
3072	2560	1	192	226	3.23460
3072	2560	1	338	60	0.58557
3072	2560	1	292	200	2.80528
3072	2560	1	20	348	4.35144
3072	2560	1	248	368	3.74786
3072	2560	1	428	204	3.58435
3584	2560	1	102	140	4.64288
3584	2560	1	14	256	3.82235
3072	2560	1	332	330	3.62245
3072	2560	2	162	426	0.00000
3072	2560	1	332	454	0.83904
3072	2560	1	452	350	5.29719
3072	2560	1	474	448	3.67265
3584	2560	1	34	330	3.79729
3584	2560	1	90	346	3.77734
3584	2560	1	512	204	3.46672
3584	2560	2	414	256	0.00000
3584	2560	1	172	506	5.54056
3584	2560	1	164	352	0.00000
3584	2560	1	238	410	3.93670
3584	2560	2	360	458	0.00000
3584	2560	1	194	242	1.37340
3584	2560	1	320	210	2.93673
3584	2560	1	224	338	3.87208
3584	2560	1	418	462	2.80614
3584	2560	1	484	402	3.14159
3584	2560	1	350	362	3.68142
3584	2560	1	466	324	3.80931
3072	3072	1	190	214	2.43729
3072	3072	1	262	176	5.68996
3072	3072	1	144	82	1.68032
3072	3072	1	390	200	5.24633
3072	3072	1	398	76	5.85206
3072	3072	1	112	244	5.55792
3072	3072	1	64	320	0.00000
3072	3072	1	248	336	4.82727
3072	3072	1	158	380	5.05631
3584	3072	1	2	156	0.50772
3584	3072	1	84	168	0.66775
3072	3072	1	484	282	0.83095
3072	3072	1	236	10	0.00000
3072	3072	1	96	28	1.28847
3072	3072	1	124	510	3.67084
3072	3584	1	28	6	3.83189
3072	3072	1	272	448	3.91277
3072	3072	1	376	492	3.01028
3072	3584	1	296	52	3.05093
3072	3584	1	242	94	0.00000
3072	3584	1	156	110	4.38163
3072	3584	1	72	190	5.75471
3584	3072	1	190	260	0.00000
3584	3072	1	126	238	0.00000
3584	3072	1	470	100	3.10935
3584	3072	1	340	366	2.90626
3584	3072	1	282	460	3.14882
3584	3072	1	230	348	0.68903
3584	3072	1	330	142	0.96875
3584	3072	1	368	30	5.38216
3584	3072	1	278	76	1.19101
3584	3072	1	86	446	3.34391
3584	3072	1	40	348	0.93456
3072	3072	1	452	406	3.80264
3584	3072	1	268	252	3.95744
3584	3072	1	410	208	5.58845
3584	3072	1	366	494	0.71953
3584	3072	1	414	388	5.34514
3584	3072	1	512	466	2.81944
3584	3584	1	426	12	3.41347
3584	3584	1	476	92	0.46563
3584	3584	1	276	64	2.49269
3584	3584	1	208	104	2.51054
3584	3072	1	204	480	0.65140
3584	3584	1	138	20	6.20569
3584	3584	1	6	60	1.26605
3072	3072	1	450	488	0.28331
3584	3072	1	86	104	5.48604
3584	3072	2	156	50	0.00000
3072	3584	1	372	220	2.84377
3584	3584	1	132	166	1.81541
3584	3584	1	94	100	4.55396
3072	3584	1	482	184	5.20235
3584	3584	1	368	150	3.25115
3584	3584	1	288	226	2.69572
3584	3584	1	390	268	3.62111
3584	3584	1	476	226	2.46584
3584	3584	1	476	338	2.72174
3584	3584	1	314	360	5.19074
3584	3584	1	216	258	5.09028
3072	3584	1	270	242	2.12004
3072	3584	1	154	224	3.83898
3584	3584	1	132	300	2.61770
3584	3584	1	40	390	0.30181
3072	3584	1	186	344	0.53485
3584	3584	1	408	462	4.11442
3584	3584	1	120	432	5.59999
3584	3584	1	198	364	0.40562
3072	3584	1	480	392	0.61439
3072	3584	1	436	312	0.36216
3072	3584	1	338	410	1.88019
3072	3584	1	232	470	3.06907
3072	3584	1	130	356	2.61387
3072	3584	1	48	402	3.21165
3584	3072	1	486	326	3.61886
3584	3072	1	512	176	0.77765
3584	3584	1	240	466	0.00000
3584	3072	1	268	138	1.14908
2048	3072	1	170	102	1.99427
2048	3072	2	68	14	0.00000
2048	3072	2	194	10	0.00000
2048	3072	1	38	140	5.39578
2048	3072	1	214	176	2.41495
2048	3072	1	294	112	6.02069
2048	3072	1	384	38	1.14904
2048	3072	1	482	104	3.48321
2048	3072	1	408	154	5.30039
2048	3072	1	388	264	3.57400
2048	3072	1	136	322	3.71501
2048	3072	2	28	208	0.00000
2048	3072	2	38	326	0.00000
2048	3072	1	278	322	2.64193
2048	3072	2	208	324	0.00000
2048	3072	1	204	398	5.30458
2048	3072	1	446	334	4.25079
2560	3072	1	14	322	2.29166
2560	3072	1	110	134	5.27194
2560	3072	1	194	194	0.70220
2560	3072	2	14	186	0.00000
2560	3072	2	106	232	0.00000
2560	3072	2	142	74	0.00000
2560	3072	2	228	54	0.00000
2560	3072	2	152	16	0.00000
2560	3072	1	280	48	2.93410
2560	3072	1	368	76	3.46627
2560	3072	1	448	126	6.21709
2560	3072	1	510	122	3.24951
2560	3072	1	234	252	4.30867
2560	3072	1	270	308	0.58800
2560	3072	1	336	324	3.40809
2560	3072	1	408	238	2.24096
2560	3072	1	410	364	2.48403
2560	3072	2	512	248	0.00000
2560	3072	1	512	426	3.03042
2560	3072	1	164	370	0.00000
2560	3072	1	290	458	5.77521
2560	3584	1	148	22	0.00000
2560	3072	1	210	502	3.18684
2560	3072	1	386	456	4.19002
2560	3584	1	422	12	1.00187
2560	3584	1	212	106	2.05216
2560	3584	1	316	50	2.38844
2560	3584	1	80	190	5.48572
2560	3584	1	152	162	5.73574
2560	3584	1	238	248	6.14969
2560	3584	1	308	214	3.31236
2560	3584	1	376	146	3.54747
2560	3584	1	466	128	2.17513
2560	3584	1	512	32	3.66074
2048	3072	1	378	420	4.58580
2048	3072	1	370	486	1.88050
2048	3072	1	482	472	4.67357
2560	3584	1	40	32	0.69702
2048	3584	1	104	16	2.67627
2048	3584	1	20	86	3.04907
2048	3584	1	112	128	2.24229
2048	3072	2	170	470	0.00000
2560	3072	2	512	316	0.00000
2048	3584	1	248	90	4.85429
2048	3584	1	248	180	1.32358
2048	3584	1	32	310	1.67959
2048	3584	1	188	248	3.52847
2048	3584	1	290	344	0.54608
2048	3584	1	506	260	1.32481
2048	3584	1	420	210	0.44916
2048	3584	1	382	364	0.73782
2560	3584	1	188	286	2.33151
2560	3584	1	342	300	0.62880
2560	3584	1	402	318	0.82190
2560	3584	1	468	256	1.44644
2560	3584	1	480	348	1.00153
2560	3584	1	492	458	0.82995
2048	3584	2	272	488	0.00000
2048	3584	2	124	230	0.00000
2048	3584	1	254	242	0.00000
2048	3584	1	170	448	5.85041
2048	3584	1	50	474	0.00000
2048	3584	1	394	490	0.37539
2560	3584	1	26	446	0.00000
2560	3584	1	102	434	2.09765
2048	3584	2	462	512	0.00000
2048	3584	2	38	230	0.00000
2560	3584	1	262	390	5.11292
2560	3584	2	292	476	0.00000
2048	3584	2	322	430	0.00000
2048	3584	2	214	332	0.00000
2048	3584	2	162	330	0.00000
2048	3584	2	98	330	0.00000
2048	3584	2	48	180	0.00000
2560	3584	2	200	412	0.00000
2560	3584	2	486	414	0.00000
2560	3072	2	270	408	0.00000
2560	3072	2	474	342	0.00000
