1024	2048	1	216	204	2.84770
1024	2048	1	104	156	2.88661
1024	2048	1	96	448	0.00000
1024	2048	1	234	368	0.41115
1024	2048	1	436	212	3.40997
1024	2048	1	372	452	4.42338
1024	2048	1	504	498	3.88496
1024	2560	1	264	44	1.15417
1024	2560	1	96	128	1.88178
1536	2048	1	142	178	1.99676
1536	2048	1	42	104	4.38376
1536	2048	1	296	154	2.31651
1536	2048	1	198	286	1.47814
1536	2048	1	336	324	0.62262
1536	2048	1	218	402	0.56910
1536	2560	1	170	18	2.09666
1536	2560	1	66	120	6.07484
1024	2560	1	406	72	1.54830
1536	2048	1	458	432	3.57260
1536	2048	1	322	478	3.34617
1536	2048	1	424	118	0.16267
1536	2048	1	486	242	5.81402
1536	2048	1	152	64	5.27847
1536	2560	1	420	104	4.80776
1024	2560	1	482	130	0.57598
1536	2048	1	364	86	0.00000
1024	2048	2	190	97	0.00000
1536	2048	2	24	42	0.00000
1024	2560	1	218	192	2.53735
1536	2560	1	272	244	5.92503
1536	2560	1	100	254	4.66995
1024	2560	1	474	224	4.12079
1024	2560	2	90	212	0.00000
1024	2560	2	202	284	0.00000
1024	2048	2	256	24	0.00000
1024	2048	2	74	24	0.00000
1536	2560	2	348	312	0.00000
1536	2560	1	512	14	4.21832
1536	2560	1	492	272	0.77052
1024	2560	1	112	282	0.83074
1024	2560	1	440	352	2.77421
1536	2560	1	72	436	5.12210
1024	2560	1	196	344	4.53618
1024	2560	2	352	438	0.00000
1536	2560	1	238	438	3.01888
1536	2560	1	84	350	4.64458
1536	2560	1	296	434	0.00000
1024	2560	1	108	438	2.67410
1024	2560	1	206	428	3.35889
1024	2560	1	8	454	3.19420
1536	2560	1	170	394	0.22510
1536	2560	1	374	418	2.07813
1536	2560	1	54	512	1.75992
1536	3584	1	296	76	4.34258
1024	3584	1	452	276	1.92710
1536	3584	1	422	388	5.53319
1024	3584	1	42	428	2.40767
1024	3584	1	322	428	0.00000
1024	3584	1	234	390	0.00000
1024	3584	1	138	516	0.53692
1024	3584	1	506	230	2.55261
1536	3584	1	234	230	2.42636
1536	3584	1	150	244	2.41381
1024	3584	1	86	160	2.61913
1536	3584	1	236	150	2.27570
1024	3584	1	90	360	0.00000
1536	3584	1	368	516	3.04091
1536	3584	1	60	138	1.53233
1536	3584	1	196	406	0.00000
1536	3584	1	86	360	0.00000
1024	3584	1	188	152	0.50525
1024	3584	1	236	230	0.72311
1536	3584	1	110	30	5.90544
1536	3072	1	22	472	1.48028
1024	3072	1	44	322	1.92004
1024	3584	1	312	14	3.91748
1024	3584	1	200	20	5.87461
1024	3072	1	258	426	1.68648
1536	3072	1	298	476	3.71766
1024	3584	1	124	86	5.94588
1024	3584	1	30	48	0.46128
1536	3072	1	412	180	3.43342
1536	3072	1	484	218	0.49686
1536	3072	1	332	398	1.83866
1536	3072	1	310	192	3.75340
1536	3072	1	472	364	2.78999
1536	3072	1	512	264	0.71717
1536	3072	1	378	310	2.00174
1536	3072	1	242	304	5.29122
1536	3072	1	192	452	5.57340
1024	3072	1	278	330	0.50053
1536	3072	1	98	126	1.01654
1536	3072	1	382	46	3.15744
1536	3072	1	172	86	0.00000
1536	3072	1	74	270	1.57439
1536	3072	1	10	88	2.58130
1536	3072	1	256	86	3.31828
1024	3072	1	312	154	4.31474
1024	3072	1	210	282	0.86180
1536	3072	1	4	210	4.22607
1024	3072	1	452	134	3.73858
1024	3072	1	142	246	3.85766
1024	3072	1	98	190	0.57867
1024	3584	1	376	68	2.81069
1024	3584	1	340	206	3.02191
1024	3072	2	254	68	0.00000
1536	3072	2	36	344	0.00000
1024	3072	1	408	332	5.60228
1024	3072	1	132	50	3.90876
2048	2048	1	366	414	2.26650
2048	2048	1	504	296	1.62562
2048	2048	1	482	424	5.93645
2560	2560	1	158	6	1.55385
2048	2048	1	120	126	1.52925
2048	2048	1	106	228	0.14034
2048	2048	1	24	170	5.32384
2048	2048	1	64	304	2.62141
2048	2048	2	16	288	0.00000
2048	2048	1	36	398	2.46763
2048	2048	1	48	500	4.33009
2048	2560	1	66	128	3.76965
2048	2048	1	76	60	0.93667
2048	2048	1	204	62	6.00922
2048	2048	1	274	32	5.93333
2560	2048	1	44	196	2.74096
2560	2048	1	244	118	0.00000
2560	2048	1	380	254	6.18352
2048	2048	2	490	60	0.00000
2560	2048	1	506	158	1.23469
2560	2048	2	502	14	0.00000
2048	2048	1	174	462	1.24313
2048	2048	1	176	396	1.32987
2048	2048	1	166	278	3.51326
2048	2048	1	248	256	0.00000
2048	2048	1	328	482	4.98230
2048	2560	1	240	42	1.99708
2560	2048	1	272	296	2.00631
2560	2048	1	70	384	5.08181
2560	2048	1	358	484	3.79559
2560	2560	1	256	50	1.74597
2560	2560	1	138	88	1.94463
2560	2560	1	92	170	1.07804
2048	2560	1	270	252	1.80747
2048	2560	1	336	158	5.62298
2560	2560	1	172	246	2.46388
2560	2560	1	416	60	0.22201
2560	2560	1	352	292	1.36696
2560	2560	1	292	164	2.66695
2048	2560	1	410	230	3.49638
2560	2560	1	400	384	1.73470
2048	2560	1	136	262	3.45215
2560	2560	1	32	406	0.90154
2560	2560	1	124	442	0.63680
2048	2560	2	166	146	0.00000
2048	2560	2	230	162	0.00000
2560	2560	2	12	162	0.00000
2560	2048	2	356	396	0.00000
2560	2048	2	296	408	0.00000
2048	2560	2	444	324	0.00000
2048	2560	2	512	322	0.00000
2048	2560	1	42	438	3.83832
2048	2560	1	390	372	0.00000
2048	2560	1	260	364	1.46281
2048	2560	2	324	436	0.00000
2048	2560	2	196	414	0.00000
2560	2560	1	72	296	5.28983
2048	2560	2	348	56	0.00000
2560	2560	2	470	336	0.00000
2560	2560	2	308	480	0.00000
2560	2560	1	240	396	1.70459
2048	2560	1	298	512	3.92839
2560	2560	2	220	512	0.00000
2048	2560	2	404	512	0.00000
2560	2048	1	46	38	0.00000
2560	2048	2	432	32	0.00000
2560	2048	1	172	154	3.12119
2560	2048	1	312	86	0.00000
2560	2560	1	480	174	5.19929
2560	2560	2	508	86	0.00000
2560	2048	1	236	408	0.00000
2048	2560	1	36	356	0.80315
2048	2048	2	404	20	0.00000
3584	2560	1	322	446	2.66645
3584	2560	1	50	270	1.99810
3072	2560	1	108	184	0.22388
3584	2560	1	490	88	4.87732
3584	2560	1	10	60	0.00000
3072	2560	1	320	252	2.59480
3072	2560	1	500	490	4.84806
3584	2560	1	186	512	1.93278
3072	2560	1	150	512	0.00000
3584	2560	1	142	184	4.28934
3072	2560	1	436	262	2.42298
3072	2560	1	438	52	2.85959
3072	2560	1	368	8	3.67989
3584	2560	1	494	476	5.82706
3584	2560	1	242	282	4.99293
3584	2560	1	512	288	0.69264
3072	2560	1	218	88	0.00000
3584	2048	1	374	468	5.70042
3584	2048	1	438	382	4.79881
3584	2560	1	162	52	4.25981
3584	2560	1	350	40	6.06288
3072	2560	1	26	396	6.00715
3072	2560	1	128	370	0.30101
3072	2560	1	502	382	3.43845
3072	2560	1	210	288	2.70682
3584	2560	1	124	386	3.06680
3584	2560	1	338	224	5.20669
3584	2048	1	124	214	4.83106
3584	2560	1	62	128	3.30502
3072	2560	1	242	512	2.27155
3584	2560	1	360	400	5.67038
3072	2560	1	302	114	3.27494
3072	2048	1	450	214	5.42475
3584	2048	1	360	230	5.35589
3584	2560	1	416	274	0.79321
3072	2560	1	282	378	0.42663
3584	2048	1	490	494	5.79475
3584	2048	1	350	344	0.83579
3584	2560	1	248	136	3.30302
3584	2048	1	512	310	1.26662
3072	2560	1	388	420	0.30970
3072	2560	1	356	150	0.00000
3584	2048	1	404	148	5.58545
3584	2560	1	240	430	0.59620
3584	2560	1	462	362	4.64796
3584	2048	1	116	114	5.66478
3584	2048	1	40	146	1.67288
3584	2048	1	232	92	3.95467
3584	2048	1	28	430	2.95326
3584	2048	1	150	468	4.40801
3584	2048	1	150	414	4.53787
3584	2560	1	278	40	5.96143
3584	2048	1	210	342	5.08743
3072	2048	1	280	394	5.11728
3584	2048	1	468	84	0.00000
3072	2048	1	174	412	3.33364
3072	2048	1	430	386	2.76330
3072	2048	1	106	40	2.95575
3584	2560	2	432	498	0.00000
3584	2560	2	228	348	0.00000
3584	2560	2	162	262	0.00000
3072	2560	2	464	182	0.00000
3072	2560	2	434	130	0.00000
3584	2560	2	324	140	0.00000
3584	2048	2	88	306	0.00000
3072	2048	1	30	456	3.49966
3072	2048	1	308	222	3.72796
3584	2048	1	66	0	0.79975
3072	2048	1	412	32	4.80923
3072	2048	1	202	16	6.00596
3072	2048	1	204	116	0.99063
3072	2048	1	44	154	1.48919
3072	2048	1	180	222	5.03019
3072	2048	1	110	492	3.22645
3072	2560	1	30	70	1.39632
3072	2560	1	4	170	5.31443
3584	2048	1	238	0	0.00000
3072	3072	1	150	56	0.02267
3072	3072	1	12	152	3.95080
3072	3072	1	284	10	2.00406
3072	3072	1	404	72	5.93337
3584	3072	1	124	76	4.42662
3584	3072	1	392	44	5.81090
3584	3072	1	308	72	3.18954
3584	3072	1	464	108	0.21867
3584	3072	1	62	170	2.71676
3584	3072	1	154	174	0.20376
3584	3072	1	276	196	5.26277
3072	3072	1	74	268	3.33515
3072	3072	1	150	242	3.38536
3072	3072	1	436	206	4.76141
3584	3072	1	366	174	6.12996
3584	3072	1	512	128	0.26486
3072	3072	1	326	256	0.92434
3072	3072	1	236	326	3.47799
3072	3072	1	168	352	3.46971
3584	3072	1	512	382	2.52899
3584	3072	1	434	338	3.77817
3584	3072	1	322	262	4.26112
3072	3072	1	510	268	4.34501
3072	3584	1	26	376	2.48480
3072	3584	1	178	390	1.81209
3072	3584	1	492	458	4.87754
3072	3584	1	122	312	0.86203
3072	3584	1	308	460	0.80667
3584	3584	1	120	480	1.90042
3584	3584	1	40	230	0.00000
3584	3584	1	506	338	1.79192
3072	3584	1	482	268	0.28379
3584	3584	1	96	356	4.55769
3072	3584	1	504	344	4.58284
3584	3584	1	200	386	1.18178
3072	3584	1	360	328	5.74967
3072	3584	1	406	264	5.72760
3072	3584	1	292	254	3.36490
3584	3072	2	366	334	0.00000
3584	3072	1	194	304	2.84367
3584	3072	1	304	348	5.79839
3584	3072	1	78	340	6.06810
3072	3072	1	318	396	3.45521
3584	3584	1	338	432	0.36294
3072	3072	1	420	384	3.09036
3584	3072	1	8	394	0.00000
3584	3072	1	174	452	1.55422
3584	3072	1	40	486	1.50310
3584	3584	1	404	2	5.83761
3584	3072	1	268	500	0.74065
3584	3584	1	342	102	3.65979
3584	3584	1	388	126	3.39812
3584	3584	1	486	148	0.00000
3584	3584	1	264	98	0.48018
3584	3584	1	302	206	1.84944
3584	3584	1	224	254	5.92941
3584	3584	1	172	118	0.32175
3584	3584	1	120	64	3.18339
3584	3584	1	2	60	5.32116
3584	3584	1	436	414	1.52735
3072	3584	1	196	494	1.34003
3072	3584	1	44	508	0.96908
3072	3584	1	148	428	1.51842
3072	3072	1	406	502	4.28358
3072	3584	1	354	76	4.91471
3072	3072	1	258	506	6.14545
3072	3584	1	484	140	5.59224
3072	3584	1	406	164	5.52481
3072	3584	1	282	124	5.11695
3072	3584	1	110	114	4.93792
3072	3584	1	184	174	1.80189
3072	3584	1	74	190	2.25633
3072	3072	1	66	424	5.24447
3072	3584	1	140	16	2.17455
3072	3584	1	22	256	1.31456
3584	3584	1	480	16	0.54584
2560	3072	1	42	322	5.32412
2048	3072	1	484	370	5.22912
2048	3072	1	330	370	2.09354
2048	3072	1	412	282	1.76422
2560	3072	1	148	242	2.78721
2048	3072	1	276	142	1.62145
2048	3072	1	130	270	0.68698
2048	3072	1	510	196	2.52278
2048	3072	1	132	80	0.00000
2560	3072	1	268	166	0.64900
2560	3072	1	490	72	0.00000
2048	3072	1	102	366	1.51013
2048	3584	1	96	106	0.83421
2048	3072	1	230	496	0.00000
2048	3584	1	308	32	0.71098
2048	3072	1	456	494	1.37717
2560	3072	1	66	462	0.67705
2048	3584	1	376	102	1.90256
2560	3584	1	28	166	0.53784
2560	3584	1	134	20	1.83228
2560	3584	1	218	118	1.92767
2560	3584	1	398	30	0.78540
2560	3584	1	326	168	0.55270
2560	3584	1	206	182	1.76688
2560	3584	1	468	158	1.98321
2560	3072	1	258	278	0.29850
2560	3072	1	374	296	0.53610
2560	3072	1	466	308	1.10894
2560	3072	1	412	404	1.47226
2560	3072	1	396	46	6.00620
2560	3072	1	250	48	5.70604
2048	3072	1	48	68	0.00000
2048	3072	1	52	244	0.62831
2048	3584	1	270	242	0.49589
2048	3072	1	430	52	5.83446
2560	3072	2	146	76	0.00000
2048	3072	2	204	318	0.00000
2048	3072	2	74	434	0.00000
2048	3584	1	382	266	0.35400
2048	3584	1	196	186	0.91088
2048	3072	2	162	480	0.00000
2560	3072	2	258	484	0.00000
2560	3072	2	336	450	0.00000
2560	3072	2	342	228	0.00000
2048	3072	2	198	222	0.00000
2048	3584	1	450	334	0.00000
2048	3584	1	30	258	0.87817
2048	3584	1	44	414	0.78540
2048	3584	1	190	330	2.08426
2048	3584	1	358	408	0.00000
2560	3584	1	46	306	0.00000
2048	3584	1	462	458	0.42057
2560	3584	1	26	478	3.77120
2560	3584	1	480	426	2.48108
2560	3584	1	152	258	2.15880
2560	3584	1	348	306	5.42415
2560	3584	1	136	466	0.00000
2560	3584	1	322	436	0.28360
2048	3584	1	482	88	0.28950
2560	3584	1	466	266	1.46358
2560	3584	1	392	234	0.00000
2560	3584	1	236	404	0.67442
2048	3584	1	122	138	0.00000
2048	3072	1	288	214	1.71198
2048	3584	1	108	466	0.00000
2560	3072	1	498	196	3.97613
2560	3072	2	218	132	0.00000
2048	3072	1	260	22	4.20778
2048	3072	2	308	438	0.00000
2048	3584	1	308	482	0.00000
2048	3584	2	302	340	0.00000
