1024	2048	1	68	132	4.03749
1024	2048	1	244	366	0.34550
1024	2048	1	154	450	2.35105
1024	2048	2	202	82	0.00000
1024	2048	1	506	222	3.69166
1536	2048	1	328	286	2.71851
1536	2048	2	226	152	0.00000
1024	2048	1	420	52	2.70689
1536	2048	1	364	130	5.09988
1536	2048	1	490	194	3.80295
1536	2048	1	80	444	5.74456
1536	2048	1	334	482	3.95741
1536	2048	2	262	344	0.00000
1024	2560	1	256	44	1.01356
1024	2560	1	470	54	2.17369
1536	2560	1	88	110	0.40567
1536	2560	1	200	28	3.75736
1536	2560	1	302	116	4.48505
1536	2048	1	438	498	3.14317
1024	2560	1	222	142	4.33087
1024	2560	1	428	238	2.61250
1024	2560	1	300	296	4.62671
1024	2560	1	218	212	1.61299
1536	2560	1	408	432	1.77778
1024	2560	1	94	318	2.05721
1024	2560	1	228	382	1.55379
1536	2560	1	34	354	2.13979
1536	2560	1	62	440	5.06631
1536	2560	1	184	456	2.57409
1536	2560	1	136	196	6.25845
1536	2560	1	186	308	3.26917
1536	2560	1	286	374	1.16079
1536	2560	1	272	250	5.89599
1536	2560	1	342	258	0.00000
1536	2560	1	438	234	4.06246
1024	2560	1	470	438	2.58316
1024	2560	1	92	198	5.72232
1536	2560	1	40	202	2.15212
1024	2560	1	380	498	4.34827
1536	2048	1	146	54	0.00000
1024	3072	1	102	112	5.94851
1024	3072	2	18	54	0.00000
1024	3072	2	140	34	0.00000
1024	3072	1	198	80	3.49003
1024	3072	1	276	60	2.83179
1536	3072	1	58	82	1.07591
1024	3072	2	470	34	0.00000
1024	3072	1	316	300	0.14376
1024	3072	1	270	214	0.47842
1024	3072	1	182	202	3.52926
1024	3072	1	34	204	0.00000
1024	3072	1	102	254	3.20192
1024	3072	1	458	240	0.00000
1536	3072	1	270	132	3.16484
1536	3072	1	186	104	2.85370
1536	3072	1	92	146	1.10777
1536	3072	1	496	68	5.09904
1536	3072	1	390	120	4.83733
1536	3072	2	512	162	0.00000
1536	3072	2	508	270	0.00000
1536	3072	1	418	234	5.59426
1536	3072	1	294	260	0.58800
1536	3072	1	174	212	4.95418
1024	3072	1	184	342	1.36426
1536	3072	1	36	288	0.88544
1536	3072	1	160	310	4.38369
1536	3072	1	422	378	2.10907
1024	3072	1	474	368	1.16004
1024	3072	1	240	430	3.65282
1024	3072	2	386	188	0.00000
1024	3072	1	48	498	6.26774
1024	3072	1	110	458	6.22443
1024	3072	1	292	498	0.49981
1024	3072	1	452	438	1.88923
1024	3072	1	390	490	2.19628
1536	3072	1	62	446	6.15063
1536	3072	1	152	438	5.27151
1536	3072	1	286	410	5.81954
1536	3072	2	370	458	0.00000
1536	3584	1	308	4	1.90474
1536	3584	1	440	18	3.22473
1024	3584	1	484	60	3.53721
1536	3584	1	44	90	3.64621
1536	3584	1	126	216	5.48782
1024	3584	1	90	220	6.00150
1024	3584	1	44	282	2.74001
1024	3584	1	218	118	4.74751
1024	3584	1	330	120	1.42324
1024	3584	1	208	222	5.16633
1024	3584	1	318	206	4.87704
1024	3584	1	414	278	1.40718
1536	3584	1	218	144	1.01145
1536	3584	1	400	148	5.09212
1536	3584	2	470	98	0.00000
1536	3584	1	252	272	2.58640
1024	3584	1	510	350	1.09510
1024	3584	1	126	378	1.34732
1024	3584	1	284	428	0.37299
1536	3584	1	474	260	4.04846
1536	3584	1	400	332	2.18312
1536	3584	1	136	432	0.00000
1536	3584	1	70	442	0.00000
1024	3584	1	464	474	6.15800
1024	3584	1	10	474	5.57869
1536	3584	1	228	424	0.76786
1536	3584	1	300	486	0.07480
1536	3584	1	364	396	5.37903
1536	3584	1	512	410	5.56153
1536	3584	2	44	204	0.00000
2048	2048	1	50	54	2.29154
2048	2048	1	186	76	4.33034
2048	2048	1	312	68	0.55994
2048	2048	1	496	40	5.20477
2048	2048	1	400	104	1.50093
2048	2048	2	328	150	0.00000
2048	2048	2	316	250	0.00000
2048	2048	1	40	240	0.00000
2048	2048	1	230	324	2.38388
2048	2048	1	314	318	0.00000
2560	2048	1	198	100	0.00000
2560	2048	1	120	250	5.71378
2560	2048	1	30	252	2.11801
2048	2048	1	482	402	5.32585
2048	2048	1	480	336	5.22036
2560	2048	1	102	380	5.46409
2048	2048	1	378	456	4.40492
2048	2560	2	358	46	0.00000
2048	2560	2	422	48	0.00000
2048	2560	1	40	82	2.72017
2048	2048	1	56	438	1.62596
2048	2560	1	134	36	3.27455
2048	2560	1	366	56	4.95022
2048	2560	2	232	158	0.00000
2048	2560	2	164	156	0.00000
2048	2560	1	398	252	0.76045
2560	2560	2	28	166	0.00000
2560	2048	1	324	438	0.60415
2560	2048	1	390	506	3.62227
2560	2560	1	286	84	4.04591
2560	2048	1	184	512	2.72312
2560	2560	1	44	22	4.00058
2560	2560	1	194	170	1.68341
2560	2560	1	416	156	1.04842
2560	2560	1	352	268	1.78644
2048	2560	1	316	114	4.93106
2048	2560	1	448	132	0.84056
2560	2048	1	250	382	0.32175
2560	2048	1	360	250	3.77974
2560	2048	1	200	208	0.00000
2560	2048	1	418	102	5.11504
2560	2048	1	322	106	0.00000
2560	2048	1	448	288	0.00000
2560	2048	1	468	496	3.43563
2560	2560	1	456	76	4.68258
2560	2560	1	486	182	2.54805
2560	2560	1	32	324	5.49779
2048	2560	2	442	324	0.00000
2048	2560	2	168	376	0.00000
2048	2560	2	192	410	0.00000
2048	2560	2	324	432	0.00000
2560	2560	2	18	482	0.00000
2560	2560	2	304	484	0.00000
2560	2560	2	464	336	0.00000
2048	2560	1	146	296	4.49156
2048	2560	1	48	428	1.15759
2048	2560	1	32	322	0.38051
2048	2560	1	430	456	1.10502
2048	2560	1	254	356	3.39287
2048	2560	1	176	510	0.67290
2560	2560	1	222	348	5.17504
2560	2560	1	176	436	5.12623
2560	2560	1	334	400	4.33712
2560	2560	1	448	458	3.39157
2048	2560	1	122	354	0.90231
3072	2048	1	274	120	4.44182
3072	2048	1	234	240	5.56339
3072	2048	1	112	324	3.65714
3072	2048	1	28	96	5.83581
3072	2048	1	420	358	2.16243
3072	2048	1	358	186	3.14841
3072	2048	1	482	136	5.34890
3072	2048	1	508	304	1.95130
3584	2048	1	102	270	2.11122
3584	2048	1	218	234	3.49604
3584	2048	1	356	218	5.72311
3584	2048	1	56	96	2.43013
3072	2048	1	202	464	1.75242
3072	2560	1	76	10	1.91073
3072	2048	1	376	456	3.04017
3072	2560	1	350	106	0.11492
3072	2560	1	208	140	0.51114
3072	2560	1	62	124	1.56145
3072	2560	2	164	78	0.00000
3072	2560	2	256	22	0.00000
3072	2560	2	318	30	0.00000
3072	2048	1	222	342	5.94673
3072	2048	1	196	48	3.70019
3584	2048	1	234	90	3.95996
3584	2048	1	78	378	1.08632
3584	2048	1	26	464	4.95857
3584	2560	1	114	30	0.41156
3584	2048	1	220	494	1.32438
3584	2048	1	276	350	1.94704
3584	2048	1	368	480	2.88020
3584	2048	1	390	102	0.00000
3584	2048	1	456	68	0.00000
3072	2560	2	470	186	0.00000
3072	2048	1	124	182	3.25327
3072	2560	1	278	206	2.55359
3072	2560	1	166	284	2.71455
3072	2560	1	98	352	0.00000
3072	2560	1	36	220	2.00836
3072	2560	1	454	76	2.29876
3584	2560	1	54	214	5.73402
3584	2560	1	132	200	5.39534
3584	2560	1	192	104	3.08089
3584	2560	1	282	146	1.19900
3584	2560	1	454	104	2.82711
3584	2048	2	512	464	0.00000
3584	2560	1	286	262	2.69143
3072	2560	1	400	206	3.92485
3072	2560	2	430	128	0.00000
3584	2560	1	102	374	5.30725
3072	2560	1	466	288	1.94455
3072	2560	1	372	370	2.51702
3072	2560	1	242	360	3.48671
3584	2560	1	454	368	3.14911
3584	2560	1	364	384	2.42043
3584	2560	1	228	392	5.13178
3072	2560	1	312	456	5.62293
3072	2560	1	456	406	0.00000
3584	2560	1	18	492	0.88195
3584	2560	1	198	490	5.32829
3584	2560	1	362	512	1.82570
3072	2560	2	140	26	0.00000
3584	2048	1	126	110	0.00000
3584	2560	2	406	244	0.00000
3584	2560	1	354	240	5.91974
3072	2560	1	220	506	1.14323
3072	2048	1	382	16	1.75380
3072	3072	1	218	200	0.00000
3072	3072	1	408	88	5.93428
3072	3072	1	216	336	2.06911
3072	3072	1	196	414	2.04105
3072	3072	1	110	500	2.34676
3072	3584	1	66	48	2.26888
3072	3584	1	50	140	1.64431
3072	3584	1	68	194	1.39357
3072	3584	1	374	50	2.29817
3584	3584	1	464	242	4.07573
3072	3072	1	126	186	4.08883
3072	3072	1	344	204	1.31370
3072	3072	1	332	282	1.48573
3072	3072	1	330	412	3.76708
3072	3072	1	480	186	1.03710
3584	3072	1	108	72	3.87262
3584	3072	1	170	138	1.22339
3584	3072	1	326	70	4.83391
3584	3072	1	344	182	5.57353
3584	3072	1	440	90	3.74410
3584	3072	1	420	236	3.63464
3584	3072	1	50	236	1.62075
3072	3072	1	454	388	3.17237
3584	3072	1	14	376	6.15056
3072	3072	1	498	512	4.22802
3072	3584	1	190	106	3.06576
3584	3072	1	286	316	3.15257
3584	3072	1	180	400	2.20915
3584	3072	1	170	338	2.03444
3584	3584	1	94	46	1.27945
3584	3072	1	164	474	5.31543
3584	3072	1	76	436	2.88544
3072	3584	1	300	104	4.44199
3072	3584	1	280	216	1.56173
3584	3584	1	26	208	1.01374
3584	3584	1	8	124	1.75156
3584	3584	1	158	86	0.90975
3584	3072	1	300	448	2.13013
3584	3584	1	270	32	6.18482
3584	3072	1	396	510	1.83821
3584	3584	1	210	198	4.61080
3584	3072	1	470	448	1.89255
3584	3072	1	334	348	6.12658
3584	3584	1	122	262	2.58994
3584	3584	1	306	108	4.11922
3584	3584	1	458	82	2.22045
3584	3584	1	434	176	4.16014
3072	3584	1	328	314	2.89054
3072	3584	1	434	362	1.25153
3072	3584	1	208	424	0.69739
3072	3584	1	224	316	4.04488
3584	3584	1	144	414	5.50685
3584	3584	1	394	352	1.61068
3584	3584	1	194	360	1.80833
3584	3584	1	328	188	0.67874
3584	3584	1	324	470	2.14342
3072	3584	1	130	284	6.13054
3072	3584	1	94	464	1.31567
3072	3072	1	278	70	4.59703
3072	3072	1	70	100	3.57656
3072	3072	1	56	352	0.22516
3584	3072	1	188	222	4.03787
3584	3584	1	268	300	2.14758
3072	3584	1	280	462	0.44806
3584	3584	1	14	428	1.27986
3072	3072	2	434	258	0.00000
3584	3072	2	412	356	0.00000
3584	3584	1	178	478	1.05738
3072	3584	1	122	382	5.58256
3584	3584	1	428	472	5.41956
3584	3072	1	508	338	2.55418
2048	3584	1	328	168	3.63151
2048	3584	1	502	102	1.39140
2560	3584	1	108	152	2.27575
2560	3584	1	78	6	1.30150
2048	3584	1	392	34	1.92536
2048	3584	1	212	240	6.24782
2560	3584	1	276	212	0.00000
2560	3584	1	430	102	2.75117
2560	3584	1	116	256	1.52922
2560	3584	1	30	200	1.54745
2560	3584	1	276	36	3.61432
2560	3584	1	338	106	5.68553
2048	3584	1	66	112	0.71956
2048	3584	1	262	254	0.00000
2048	3072	2	158	474	0.00000
2560	3584	1	422	234	2.30030
2560	3584	1	196	106	3.07634
2560	3072	2	356	448	0.00000
2048	3584	1	198	100	5.23168
2048	3584	1	406	204	0.78452
2560	3072	1	186	68	3.19994
2048	3072	1	142	32	0.39804
2560	3072	1	302	166	1.08911
2560	3072	1	356	70	5.35239
2560	3072	1	258	50	5.50340
2048	3072	1	0	66	5.28811
2560	3072	1	30	78	4.57379
2560	3072	2	102	224	0.00000
2560	3072	2	134	70	0.00000
2560	3072	2	216	128	0.00000
2048	3072	1	290	88	5.98286
2048	3072	1	424	52	0.92730
2048	3072	1	176	102	0.58714
2048	3072	1	54	134	1.00491
2048	3072	1	232	208	5.16294
2048	3072	1	34	250	4.17814
2048	3072	1	74	334	3.54532
2048	3072	1	370	246	5.80816
2048	3072	1	386	154	5.53078
2048	3072	1	488	216	2.37568
2560	3072	1	122	174	5.52235
2560	3072	1	356	194	0.95549
2560	3072	1	396	288	0.12378
2560	3072	1	476	240	0.00000
2560	3072	1	236	338	1.08126
2560	3072	1	512	22	3.85568
2560	3072	1	408	0	3.16263
2048	3072	1	220	366	4.10362
2048	3072	1	40	478	3.70096
2048	3072	1	304	388	3.50417
2048	3072	1	356	424	0.39932
2048	3072	1	436	464	2.66575
2048	3072	1	464	400	5.77957
2560	3072	1	38	378	2.99242
2560	3072	2	112	428	0.00000
2560	3072	1	226	480	0.00000
2560	3072	1	468	390	4.00859
2560	3584	1	486	52	3.19322
2048	3584	1	88	216	3.53384
2560	3584	1	430	454	4.16151
2048	3584	1	510	394	0.73180
2048	3584	1	356	338	0.73680
2560	3584	1	188	340	3.77845
2560	3584	1	312	292	0.84004
2048	3584	1	488	294	5.49176
2560	3584	1	486	398	1.93691
2560	3584	1	380	332	4.53054
2048	3584	1	218	458	0.00000
2048	3584	1	138	432	0.68191
2048	3584	1	122	248	5.79428
2560	3584	2	512	190	0.00000
2048	3584	1	410	406	0.20050
2560	3584	1	236	460	0.00000
2560	3584	2	336	410	0.00000
2560	3584	2	160	512	0.00000
2560	3584	1	92	512	0.00000
2048	3584	1	322	464	0.00000
2048	3584	1	494	488	0.89865
2560	3584	2	124	306	0.00000
2560	3584	2	262	356	0.00000
