1536	2048	1	10	238	5.59746
1024	2048	2	188	108	0.00000
1024	2048	1	246	366	0.34518
1024	2048	1	72	386	0.38051
1024	2048	1	74	160	4.81912
1536	2048	1	326	160	0.00000
1536	2048	1	142	232	1.94144
1536	2048	2	250	182	0.00000
1536	2048	1	60	100	5.81954
1024	2560	1	244	48	0.94825
1536	2048	1	250	426	4.52851
1536	2048	1	380	298	0.29350
1024	2560	1	494	56	4.66467
1536	2560	1	320	82	0.88035
1024	2560	1	358	120	0.47497
1536	2560	1	68	120	0.87579
1536	2048	1	392	456	5.61302
1536	2048	1	494	242	5.52775
1536	2048	1	448	112	4.79784
1024	2560	1	140	248	0.44733
1024	2560	2	88	206	0.00000
1024	2560	2	26	42	0.00000
1024	2048	1	512	432	4.76732
1536	2560	1	500	98	0.00000
1536	2560	1	58	274	0.60776
1024	2560	1	234	440	5.55654
1024	2560	1	106	384	2.29687
1024	2560	1	334	342	0.26962
1024	2560	1	286	196	1.36484
1024	2560	1	344	266	1.12469
1024	2560	1	208	332	1.16037
1536	2560	1	192	162	0.00000
1536	2560	1	352	276	0.00000
1536	2560	1	472	258	5.59038
1536	2560	1	426	114	0.00000
1536	2560	1	194	312	0.97311
1024	2560	1	420	420	0.64169
1536	2560	1	272	268	0.00000
1536	2560	1	366	418	4.95328
1536	2560	1	226	476	0.41451
1536	2048	2	210	334	0.00000
1024	2560	1	494	474	5.24734
1536	2048	1	198	84	5.79539
1536	2048	1	366	26	4.53717
1024	3072	1	84	134	0.42377
1024	3584	1	50	208	0.42415
1024	3072	1	50	20	1.58697
1024	3072	1	230	68	2.46870
1024	3072	1	386	90	5.45389
1024	3072	1	492	120	2.88287
1536	3072	1	72	78	5.40763
1536	3072	1	220	4	0.20436
1536	3072	1	244	96	3.23013
1536	3072	1	430	104	1.80651
1536	3072	1	320	112	3.36059
1024	3072	1	62	248	1.74088
1024	3072	1	206	160	0.00000
1024	3072	1	152	302	0.76989
1024	3072	1	270	298	6.06126
1024	3072	1	468	222	5.29925
1536	3072	1	60	246	3.42670
1536	3072	1	246	230	5.74582
1536	3072	1	402	224	0.41285
1024	3072	1	328	284	0.46341
1536	3072	1	134	182	6.01182
1024	3072	1	78	472	4.08083
1024	3584	1	122	72	5.96004
1024	3584	1	244	10	5.70842
1024	3072	1	186	392	3.43485
1024	3072	1	334	444	2.44274
1024	3072	1	418	358	0.77585
1024	3072	1	506	400	3.86956
1024	3584	1	406	40	0.52054
1536	3072	1	106	348	3.09908
1536	3072	1	288	398	4.36389
1536	3072	1	412	414	1.78350
1536	3072	1	208	456	5.32178
1536	3072	1	170	498	2.15408
1536	3072	1	30	476	0.46680
1024	3584	2	229	131	0.00000
1536	3584	1	68	54	0.42668
1024	3584	1	176	264	2.97109
1024	3584	1	344	210	2.93953
1536	3584	1	440	14	5.06076
1536	3072	1	292	504	3.57159
1536	3072	1	414	22	1.26601
1536	3072	1	512	200	1.40921
1536	3072	1	512	382	2.97122
1536	3072	1	512	498	1.87110
1024	3072	2	88	368	0.00000
1536	3584	2	368	58	0.00000
1536	3584	2	388	130	0.00000
1024	3584	2	306	86	0.00000
1024	3072	2	468	32	0.00000
1536	3584	2	474	100	0.00000
1024	3584	1	12	488	5.64867
1024	3584	1	456	496	0.62305
1536	3584	1	442	426	0.17625
1536	3584	1	188	438	0.36289
1536	3584	1	118	326	0.00000
1024	3584	1	130	426	0.00000
1024	3072	1	284	438	0.00000
1024	3584	1	286	368	5.77254
1024	3584	1	368	440	1.23380
1024	3584	1	412	316	0.03472
1024	3584	1	474	224	5.72882
1536	3584	1	252	270	4.01160
1024	3584	1	492	110	5.43188
1536	3584	1	150	98	4.64311
1536	3584	1	140	156	4.25034
1536	3584	1	306	154	2.35366
1536	3584	1	450	182	4.49117
1536	3584	1	388	262	1.06778
1536	3584	1	512	252	1.45579
1536	3584	1	232	516	0.58758
1536	3584	1	322	516	0.50299
1536	3584	1	500	516	0.00000
1536	3584	1	414	516	0.00000
2560	2560	1	492	512	2.30911
2560	2560	2	317	479	0.00000
2560	2560	2	469	333	0.00000
2560	2560	1	176	454	1.23330
2560	2560	1	42	462	1.26316
2048	2560	1	326	484	1.86952
2048	2560	1	112	450	5.68241
2048	2560	1	274	356	5.02721
2048	2560	2	183	355	0.00000
2048	2560	2	204	420	0.00000
2048	2560	1	84	346	3.97474
2560	2560	1	406	364	4.88178
2560	2560	1	304	272	3.53299
2048	2560	1	378	300	3.18949
2560	2560	1	192	248	3.19373
2560	2560	1	110	336	2.06735
2048	2560	1	70	120	3.78325
2048	2560	2	449	331	0.00000
2560	2560	2	10	326	0.00000
2048	2560	2	331	423	0.00000
2560	2560	1	502	170	5.47396
2560	2560	2	8	152	0.00000
2560	2560	1	402	230	5.74598
2560	2560	1	116	144	1.25493
2560	2560	1	242	146	2.85414
2560	2560	1	312	80	5.22801
2560	2560	1	426	38	2.40621
2560	2048	1	512	426	3.73620
2560	2048	2	468	468	0.00000
2560	2048	1	392	418	0.79818
2560	2048	2	276	512	0.00000
2560	2048	2	286	390	0.00000
2560	2048	2	364	384	0.00000
2048	2560	2	236	156	0.00000
2048	2560	2	176	156	0.00000
2048	2560	1	274	80	5.06710
2048	2560	2	352	52	0.00000
2048	2560	2	408	52	0.00000
2048	2560	1	6	52	0.69392
2048	2048	1	64	448	3.46900
2048	2560	1	162	74	3.52381
2048	2048	2	208	468	0.00000
2048	2048	1	12	382	4.10364
2048	2048	1	378	478	1.33343
2048	2048	1	474	364	0.00000
2560	2048	1	54	348	5.35335
2560	2048	1	238	376	0.49902
2560	2048	1	126	232	5.50644
2560	2048	1	352	204	3.20685
2560	2048	1	476	170	0.63563
2560	2048	1	446	42	1.13759
2560	2048	1	314	82	0.51232
2560	2048	1	218	98	0.44040
2048	2048	1	252	316	0.00000
2048	2048	1	30	264	3.24961
2048	2048	1	138	284	2.12819
2560	2048	1	62	108	3.27023
2048	2048	1	456	166	5.76512
2048	2048	2	490	68	0.00000
2048	2048	1	460	18	0.79504
2048	2048	1	300	70	0.37037
2048	2048	1	200	64	4.31716
2048	2048	1	104	50	3.07913
2560	2560	2	512	10	0.00000
2560	2048	2	512	276	0.00000
3072	2048	1	392	184	0.00000
3072	2048	1	502	184	0.00000
3072	2048	1	156	170	3.08350
3072	2048	1	318	104	0.87306
3584	2048	1	110	252	6.00489
3584	2048	1	320	338	4.99489
3072	2048	1	384	312	0.84433
3072	2048	1	266	280	5.36034
3584	2048	1	234	98	3.98675
3584	2560	1	160	16	4.01675
3584	2048	1	330	482	4.37610
3072	2048	1	246	348	1.57591
3072	2048	1	368	442	2.74692
3584	2048	1	80	370	3.12917
3072	2048	1	486	380	5.35242
3584	2560	1	34	84	3.63553
3072	2048	1	204	48	4.83139
3584	2048	1	470	70	0.00000
3584	2048	1	366	242	5.75400
3072	2048	1	116	232	2.54989
3072	2048	1	54	284	2.30981
3584	2560	1	190	118	1.66062
3584	2560	1	288	234	3.97393
3584	2048	1	122	88	6.17215
3584	2048	1	356	86	0.22656
3584	2048	1	22	54	5.17638
3072	2048	2	426	50	0.00000
3072	2048	2	304	20	0.00000
3072	2048	2	228	158	0.00000
3584	2048	1	92	476	4.68202
3072	2048	1	54	40	2.09498
3072	2048	1	476	452	5.48084
3072	2560	1	458	88	3.33675
3072	2560	1	338	80	1.00602
3072	2048	1	216	484	2.99719
3072	2048	1	82	416	0.83298
3072	2560	1	204	128	4.02057
3072	2560	1	68	46	3.03478
3584	2560	1	282	74	5.37662
3072	2560	1	432	258	2.63365
3072	2560	2	366	190	0.00000
3072	2560	1	318	276	2.61610
3072	2560	1	192	240	0.60554
3072	2560	2	32	226	0.00000
3584	2560	1	22	224	3.05515
3584	2560	1	112	182	6.13546
3584	2560	1	238	194	1.17803
3584	2560	1	420	450	1.99874
3584	2560	1	430	164	5.86234
3584	2560	1	472	294	4.33831
3584	2560	1	102	308	0.72258
3584	2560	2	398	248	0.00000
3584	2560	1	308	374	4.06131
3584	2560	1	162	390	1.83525
3584	2560	1	242	454	4.84864
3072	2560	1	260	398	4.71034
3584	2560	2	222	334	0.00000
3072	2560	1	408	406	0.96942
3072	2560	1	484	446	3.84079
3584	2560	1	44	478	2.13648
3584	2560	2	494	422	0.00000
3584	2560	2	342	440	0.00000
3072	2560	1	158	380	1.84021
3072	2560	1	26	358	3.89207
3072	2560	1	92	454	0.00000
3072	2560	1	202	484	3.82866
3072	2560	2	300	512	0.00000
3584	2560	2	504	504	0.00000
3584	3584	1	168	330	2.48420
3072	3584	1	292	472	5.87650
3072	3584	1	350	330	3.44964
3584	3584	1	482	512	1.71166
3584	3584	1	312	438	0.00000
3584	3584	1	72	274	6.19749
3584	3584	1	128	480	5.40979
3072	3584	1	48	378	0.00000
3072	3584	1	404	394	1.35207
3584	3584	1	444	300	3.80470
3072	3584	1	284	340	0.68639
3584	3584	1	328	338	5.50213
3072	3584	1	174	406	2.99500
3584	3584	1	356	4	1.26280
3072	3584	1	424	254	2.07773
3584	3584	1	34	366	5.57936
3072	3584	1	412	468	0.88374
3072	3584	1	160	176	1.99539
3584	3584	1	254	478	0.57828
3072	3584	1	254	268	0.00000
3072	3584	1	22	186	0.00000
3072	3584	1	300	158	1.01578
3072	3584	1	510	192	3.33872
3584	3584	1	480	386	0.45635
3584	3584	1	448	214	5.79670
3584	3072	1	512	504	0.39364
3584	3584	1	396	452	5.85289
3072	3584	1	96	304	5.34809
3584	3584	1	184	240	2.13772
3072	3584	1	436	148	0.00000
3584	3584	1	86	172	6.05844
3584	3584	1	246	218	3.01296
3584	3584	1	294	160	0.00000
3072	3584	1	488	468	0.41879
3584	3584	1	374	84	2.18182
3584	3584	1	512	114	2.97022
3072	3584	1	162	240	5.27035
3584	3072	1	496	378	3.04784
3584	3072	1	438	450	2.45816
3584	3584	1	278	392	5.79509
3584	3584	1	196	144	4.69349
3584	3584	1	208	56	0.72643
3584	3584	1	38	76	4.47659
3072	3584	1	414	66	4.49001
3072	3584	1	196	92	1.70767
3072	3584	1	72	74	4.32788
3072	3072	1	324	506	0.74631
3072	3072	2	266	444	0.00000
3584	3584	1	180	6	4.66054
3584	3072	1	280	482	0.69745
3584	3072	1	356	368	0.85709
3584	3072	1	406	306	5.46513
3584	3072	1	304	322	3.49933
3584	3072	1	494	254	3.01021
3584	3072	1	380	216	5.56493
3584	3072	1	470	118	1.82688
3584	3072	1	508	20	3.86916
3584	3072	1	380	0	1.74742
3584	3072	1	332	68	4.90833
3584	3072	1	358	146	4.91847
3584	3072	1	234	0	0.21085
3584	3072	1	268	162	2.53891
3584	3072	1	220	152	1.75427
3584	3072	1	136	74	4.60821
3584	3072	1	214	400	0.00000
3584	3072	1	206	280	0.00000
3584	3072	1	140	244	0.00000
3584	3072	1	74	150	3.77570
3584	3072	1	2	190	0.00000
3584	3072	1	108	462	0.31479
3584	3072	1	90	428	3.93437
3072	3072	1	440	492	0.48415
3584	3072	1	38	360	0.69547
3072	3072	1	508	320	4.14119
3072	3072	1	384	382	5.17293
3072	3072	1	398	206	3.31624
3072	3072	2	432	262	0.00000
3072	3072	1	410	82	0.00000
3072	3072	1	160	500	2.40840
3072	3584	1	36	26	2.13758
3072	3072	1	26	442	5.16258
3072	3072	1	152	420	4.58191
3072	3072	1	216	350	1.58069
3072	3072	1	236	284	2.51161
3072	3072	1	278	180	5.21715
3072	3072	1	298	22	1.22139
3072	3072	1	202	0	0.00000
3072	3072	1	198	104	1.51781
3072	3072	1	136	298	3.51874
3072	3072	1	44	388	3.15318
3072	3072	1	78	250	3.84179
3072	3072	1	80	56	0.00000
3072	3072	1	58	128	0.00000
3072	3584	1	180	506	0.00000
2560	3072	1	98	174	4.31336
2560	3072	2	138	74	0.00000
2560	3072	2	100	230	0.00000
2560	3072	2	12	176	0.00000
2048	3072	2	158	478	0.00000
2048	3584	2	372	20	0.00000
2560	3584	2	272	352	0.00000
2560	3584	1	60	390	6.19387
2048	3072	2	312	434	0.00000
2048	3072	2	194	326	0.00000
2560	3584	2	204	348	0.00000
2048	3072	2	190	222	0.00000
2560	3072	2	352	240	0.00000
2560	3072	2	218	138	0.00000
2048	3072	2	190	16	0.00000
2560	3072	1	392	72	6.23560
2048	3072	1	294	84	6.19253
2560	3072	1	320	84	3.14159
2560	3072	1	248	84	2.93890
2048	3072	1	418	46	0.96525
2048	3072	1	488	100	4.32178
2048	3072	1	64	108	4.94308
2048	3072	1	242	172	2.03444
2048	3072	1	328	240	1.21164
2048	3072	1	62	192	1.49611
2560	3072	1	472	198	1.44809
2560	3072	1	164	280	1.21203
2560	3072	1	288	210	5.77411
2560	3072	1	408	280	1.34200
2048	3072	1	424	282	1.75750
2048	3072	1	354	352	2.23388
2048	3072	1	462	388	3.66074
2560	3072	1	134	420	6.19431
2560	3072	1	316	410	4.55513
2560	3072	1	486	338	4.19988
2048	3072	1	194	388	5.23154
2048	3072	1	18	392	3.09163
2048	3072	1	78	420	3.70477
2048	3072	1	34	512	2.25399
2048	3584	1	98	98	3.76266
2048	3072	1	354	472	1.27230
2560	3072	1	8	484	4.52053
2560	3072	1	210	466	0.00000
2560	3584	1	74	94	0.41705
2560	3584	1	274	220	5.98093
2560	3584	1	284	114	4.37310
2560	3072	1	416	486	2.73147
2560	3584	1	482	156	3.13838
2560	3584	1	368	208	2.39720
2560	3072	1	486	498	5.30039
2560	3584	1	168	42	5.10300
2560	3584	1	298	2	3.04169
2560	3072	1	498	112	1.72588
2048	3584	1	460	98	2.03444
2048	3584	1	302	176	5.20781
2048	3584	1	182	190	2.30903
2048	3584	1	70	208	5.77609
2048	3584	1	0	234	5.30859
2048	3584	1	396	316	0.02924
2048	3584	1	482	314	5.85498
2560	3584	1	98	260	0.00000
2048	3584	1	488	210	2.07789
2560	3584	1	182	148	3.40717
2560	3584	1	198	254	3.22234
2560	3584	1	436	354	0.75669
2048	3584	1	62	472	6.13551
2048	3584	1	174	402	5.09290
2048	3584	1	220	322	1.19781
2560	3584	1	458	442	0.86217
2560	3584	1	146	404	0.73782
2048	3584	1	316	490	0.00000
2560	3584	1	8	448	1.89738
2560	3584	1	196	464	4.50678
2560	3584	1	342	328	3.65782
2048	3584	1	320	296	0.39306
2560	3584	1	292	502	0.26811
