1024	2048	2	194	96	0.00000
1024	2048	2	454	0	0.00000
1536	2048	2	232	168	0.00000
1536	2048	2	288	98	0.00000
1536	2048	2	494	64	0.00000
1536	2048	1	98	30	3.82137
1536	2048	1	180	58	0.79224
1536	2048	1	348	0	3.21671
1536	2048	1	426	236	0.39204
1536	2048	1	48	216	0.00000
1024	2048	1	312	176	3.96902
1024	2048	1	92	230	0.45384
1024	2048	1	184	262	1.85319
1024	2048	1	206	390	0.38748
1024	2048	1	330	426	4.97013
1024	2048	1	472	344	0.00000
1024	2048	1	428	168	2.22919
1536	2048	1	154	256	3.78089
1024	2048	1	364	8	0.00000
1024	2048	2	270	0	0.00000
1536	2048	1	8	0	0.00000
1024	2560	1	292	24	1.27434
1536	2048	1	264	294	4.67501
1536	2048	2	250	406	0.00000
1536	2048	1	354	398	1.08798
1536	2048	1	512	172	0.00000
1536	2560	1	30	38	5.76308
1536	2048	1	110	454	3.48908
1536	2048	1	170	510	0.98743
1024	2560	1	390	98	1.38653
1536	2560	1	326	18	0.48026
1536	2560	1	452	48	2.69254
1536	2048	1	512	466	4.53586
1024	2560	1	146	154	4.78245
1024	2560	1	40	252	0.21362
1024	2560	1	314	216	0.83454
1024	2560	1	180	228	4.62822
1024	2560	2	180	294	0.00000
1024	2560	1	500	162	1.47627
1536	2560	1	146	146	1.64254
1536	2560	1	362	112	3.55775
1536	2560	1	478	174	2.30205
1536	2560	1	414	252	1.58035
1536	2560	1	180	302	0.34372
1536	2560	1	58	258	2.31319
1536	2560	1	312	270	5.66801
1536	2560	1	254	334	5.65807
1536	2560	2	358	404	0.00000
1024	2560	1	116	302	2.34335
1024	2560	1	150	408	4.45125
1024	2560	2	356	440	0.00000
1024	2560	1	276	358	2.81932
1024	2560	1	364	354	1.25360
1024	2560	1	500	424	0.00000
1024	2560	1	298	512	0.00000
1024	2560	1	206	512	5.47880
1024	2560	1	384	494	4.00618
1536	2560	1	44	488	0.61849
1536	2560	1	148	408	5.41662
1536	2560	1	114	512	1.12129
1536	2560	1	352	512	4.74195
1536	2560	1	512	404	3.24415
1536	2560	2	478	422	0.00000
1536	2560	1	414	410	3.82462
1024	3072	1	18	176	3.07488
1024	3072	1	100	98	3.31626
1024	3072	1	192	118	1.46442
1024	3072	1	212	8	5.48529
1024	3072	1	308	92	6.03847
1024	3072	1	390	4	0.69284
1536	3072	1	40	4	0.77461
1024	3072	2	462	34	0.00000
1536	3072	1	118	4	1.18355
1536	3072	1	230	56	4.74642
1536	3072	1	342	4	4.82279
1536	3072	1	408	74	1.59831
1536	3072	1	54	124	0.58052
1024	3072	1	424	136	5.53396
1536	3072	1	288	138	2.21496
1536	3072	1	390	226	3.57741
1536	3072	1	498	238	3.47126
1024	3072	1	130	226	1.07345
1024	3072	1	312	210	5.35683
1536	3072	1	26	238	1.31604
1536	3072	1	130	256	1.24447
1536	3072	1	236	224	5.93473
1536	3072	1	252	344	1.17672
1536	3072	1	426	360	5.10379
1024	3072	1	40	352	3.74344
1024	3072	1	246	314	0.72922
1024	3072	1	142	406	2.82611
1024	3072	1	58	510	1.67070
1024	3072	1	296	464	0.76941
1024	3584	2	174	32	0.00000
1024	3072	1	434	370	0.86630
1024	3072	1	430	446	0.85971
1024	3072	1	492	498	3.99273
1024	3584	1	368	46	5.81954
1024	3584	1	264	72	1.12113
1024	3584	1	136	104	5.25155
1536	3072	1	102	480	3.40580
1536	3072	1	174	454	3.07793
1536	3072	1	238	478	6.18633
1536	3072	1	360	436	6.15774
1536	3584	2	374	66	0.00000
1536	3584	2	402	122	0.00000
1536	3584	2	460	112	0.00000
1536	3584	1	190	104	2.08912
1536	3584	1	94	106	5.32915
1536	3584	2	16	48	0.00000
1024	3584	1	60	186	1.08084
1024	3584	1	10	102	0.00000
1024	3584	1	200	220	0.98964
1024	3584	1	488	234	6.07011
1536	3584	2	42	204	0.00000
1536	3584	1	114	254	6.08889
1536	3584	1	258	214	4.63836
1536	3584	1	342	262	0.00000
1536	3584	1	464	268	0.06115
1536	3584	1	512	132	2.80827
1024	3584	1	306	310	0.00000
1536	3072	2	512	420	0.00000
1536	3584	2	512	14	0.00000
1536	3584	2	258	264	0.00000
1536	3584	1	386	348	0.23256
1536	3584	1	128	366	1.16757
1024	3584	1	430	364	0.00000
1024	3584	1	96	494	5.63509
1024	3584	1	12	476	5.62315
1536	3584	1	64	488	1.03362
1536	3584	1	180	464	0.20203
1536	3584	1	316	490	5.76628
1536	3584	1	446	492	0.17835
1536	3584	1	496	452	5.78924
1536	3584	2	312	368	0.00000
1024	3584	1	290	516	2.30361
1024	3584	1	354	516	3.11887
2048	2048	1	246	266	6.09328
2048	2048	1	142	236	0.00000
2048	2048	1	198	140	6.07255
2048	2048	1	178	30	4.47651
2048	2048	1	392	128	5.47397
2048	2048	1	36	146	0.69281
2048	2048	1	66	16	1.08975
2048	2048	2	116	108	0.00000
2048	2048	1	68	274	0.08695
2048	2048	1	116	382	3.48905
2560	2048	1	28	214	1.79765
2560	2048	1	38	124	5.63587
2048	2048	1	478	52	3.48693
2560	2048	1	176	178	5.45961
2560	2048	1	138	84	3.92831
2560	2048	1	298	110	0.06589
2560	2048	1	428	238	2.82476
2560	2048	1	320	262	0.35711
2560	2048	1	318	178	1.28401
2560	2048	1	502	124	3.98307
2560	2048	1	426	74	0.00000
2560	2048	1	352	62	0.00000
2560	2048	1	256	62	3.39848
2560	2048	2	498	232	0.00000
2560	2048	2	498	340	0.00000
2048	2048	1	342	412	4.06895
2560	2048	1	14	356	4.57947
2560	2048	1	18	444	4.49793
2560	2048	2	290	392	0.00000
2048	2560	1	112	22	1.71016
2048	2048	2	30	476	0.00000
2048	2048	2	210	506	0.00000
2048	2048	2	162	456	0.00000
2048	2048	2	264	504	0.00000
2560	2560	2	14	477	0.00000
2048	2048	2	444	504	0.00000
2048	2560	1	334	42	3.21622
2048	2560	2	194	407	0.00000
2048	2560	2	466	467	0.00000
2048	2560	1	72	118	3.76148
2048	2560	1	222	78	1.67745
2560	2048	1	240	468	4.25107
2560	2048	1	4	502	4.73548
2560	2560	1	370	50	2.23560
2560	2048	1	436	496	3.10623
2560	2560	1	218	84	0.37120
2560	2560	1	284	142	1.55979
2560	2560	1	424	136	3.49994
2048	2560	1	436	220	1.26329
2048	2560	1	352	496	4.11773
2048	2560	1	276	342	2.26272
2560	2560	1	20	278	5.01505
2048	2560	1	266	456	3.35926
2048	2560	1	158	454	0.00000
2048	2560	1	22	386	4.04967
2048	2560	2	174	351	0.00000
2048	2560	1	74	276	4.25947
2048	2560	2	162	145	0.00000
2048	2560	2	226	151	0.00000
2048	2560	2	314	207	0.00000
2048	2560	1	378	348	5.88702
2048	2560	2	446	317	0.00000
2560	2560	2	468	327	0.00000
2560	2560	1	74	454	5.82233
2560	2560	1	440	496	5.64412
2560	2560	1	332	420	2.18010
2560	2560	1	414	322	0.00000
2560	2560	1	512	226	1.58831
2560	2560	1	194	332	5.02739
2560	2560	1	512	458	2.25127
2560	2560	1	224	450	2.34890
2560	2560	1	226	222	1.67896
2560	2560	1	98	66	0.65686
2048	2560	1	504	100	3.66516
2560	2560	1	328	260	3.93466
2048	2560	2	410	49	0.00000
2560	2560	2	24	161	0.00000
2048	2560	1	400	98	4.43829
2048	2560	1	0	190	2.48306
2048	2048	2	408	11	0.00000
2560	2048	1	512	432	2.13233
2560	2560	2	512	5	0.00000
3584	2560	1	392	406	2.87871
3072	2560	1	376	498	0.00000
3072	2560	1	26	238	2.20600
3584	2560	1	174	400	1.31506
3072	2560	1	58	338	4.23927
3072	2560	1	94	438	5.23627
3072	2560	1	192	332	2.95254
3072	2560	1	430	438	2.90812
3072	2560	1	290	434	0.00000
3072	2560	1	302	218	1.99586
3584	2560	1	284	274	4.87275
3072	2560	1	336	304	4.54949
3584	2560	1	66	338	1.65194
3584	2560	1	432	120	0.00000
3584	2560	1	410	324	5.72081
3584	2560	1	266	466	5.94036
3584	2560	1	490	486	2.43196
3584	2560	1	320	396	3.21021
3584	2560	1	490	326	6.04549
3584	2560	1	112	468	2.37889
3584	2560	1	226	340	1.87360
3072	2560	1	486	372	5.38285
3584	2560	1	44	500	5.37669
3584	2560	1	198	96	1.67267
3584	2560	1	494	192	3.57557
3584	2560	1	302	118	4.16807
3584	2048	1	460	472	3.08128
3584	2560	1	156	206	3.36875
3584	2560	1	342	186	3.97485
3072	2560	1	420	104	5.15270
3584	2560	1	54	94	2.40203
3584	2048	1	382	494	3.29354
3584	2560	1	38	198	2.33957
3072	2560	1	300	92	5.52637
3072	2048	1	38	450	2.65009
3072	2048	1	390	498	2.77784
3072	2048	1	300	424	3.54792
3072	2048	1	122	356	4.50812
3584	2048	1	324	444	3.53001
3072	2560	1	164	12	1.74045
3072	2048	1	236	382	3.43939
3072	2560	1	42	106	3.74885
3072	2048	1	432	434	2.58080
3584	2048	1	10	494	3.92267
3584	2560	1	232	16	2.15225
3584	2048	1	130	498	0.00000
3584	2048	1	242	82	3.31406
3584	2048	1	234	458	5.41445
3584	2048	1	488	318	5.29178
3072	2048	1	318	222	4.54991
3072	2048	1	28	300	0.78318
3072	2048	1	500	268	2.03744
3072	2048	1	482	356	2.27100
3072	2048	1	24	196	0.76255
3072	2048	1	150	212	3.68790
3584	2048	1	178	354	4.18082
3584	2048	1	102	234	5.73950
3072	2048	1	348	114	0.00000
3584	2048	1	246	218	4.05309
3584	2048	1	392	212	5.41403
3072	2048	1	484	188	4.11171
3072	2048	1	454	98	4.15101
3584	2048	1	148	98	0.00000
3584	2048	1	478	44	0.00000
3584	2048	1	374	76	5.81305
3072	2048	2	192	115	0.00000
3072	2048	2	154	53	0.00000
3072	2048	2	82	31	0.00000
3072	2560	2	162	77	0.00000
3072	2560	2	452	179	0.00000
3584	2560	1	420	512	5.68360
3072	2560	2	100	512	0.00000
3072	2560	2	482	512	0.00000
3072	2048	2	114	126	0.00000
3072	2048	2	22	82	0.00000
3072	2048	1	278	92	0.00000
3072	2560	2	316	19	0.00000
3072	2048	1	2	4	2.37268
3072	2048	1	424	0	2.61586
3072	3072	1	122	60	2.80660
3072	3072	1	50	136	5.83517
3072	3072	1	250	62	4.88630
3072	3072	1	380	0	6.21468
3584	3072	1	16	46	2.04233
3584	3072	1	82	12	5.32847
3584	3072	1	208	56	1.99529
3584	3072	1	268	54	2.40591
3584	3072	1	332	56	0.00000
3584	3072	1	426	56	5.80119
3584	3072	1	200	98	1.91076
3072	3072	1	468	100	4.96983
3072	3072	1	382	144	5.53355
3072	3072	1	332	190	5.71630
3072	3072	1	182	190	4.97528
3072	3072	1	248	306	3.76771
3072	3072	1	346	302	2.36756
3584	3072	1	36	188	1.21566
3584	3072	1	114	272	2.04904
3584	3072	1	176	182	2.81936
3584	3072	1	346	170	1.10407
3584	3072	1	482	136	0.63452
3072	3072	1	416	438	2.26397
3072	3072	1	98	376	6.25350
3072	3072	1	42	402	3.04297
3072	3072	1	330	476	5.84813
3072	3072	1	214	506	3.47041
3072	3584	1	134	2	6.12580
3584	3072	1	44	434	2.48592
3584	3072	1	192	464	2.09127
3584	3072	1	230	344	3.23866
3584	3072	1	266	256	5.03020
3584	3072	1	434	272	5.19755
3584	3072	1	482	400	2.62212
3584	3072	1	362	404	3.75798
3584	3072	1	408	494	3.93246
3584	3584	1	302	84	4.14002
3584	3584	1	170	46	4.26564
3584	3584	1	48	4	4.46331
3072	3584	1	388	74	0.64435
3584	3584	1	6	102	1.34800
3072	3584	1	214	110	3.43516
3072	3584	1	294	110	0.22946
3584	3584	1	136	188	5.94329
3584	3584	1	52	204	0.34642
3072	3584	1	456	212	2.53243
3072	3584	1	304	224	0.48928
3584	3584	1	200	142	0.36919
3072	3072	1	14	498	5.39333
3072	3584	1	42	86	2.04799
3072	3584	1	26	200	5.51075
3072	3584	1	86	316	0.75682
3072	3584	1	206	236	3.39142
3584	3584	1	98	330	1.68166
3584	3584	1	418	154	5.46825
3584	3584	1	454	76	5.93654
3584	3584	1	512	46	1.81464
3584	3584	1	512	126	1.60232
3584	3584	1	418	280	0.53964
3584	3584	1	512	260	3.83654
3584	3584	1	340	324	0.72082
3584	3584	1	208	366	0.76609
3584	3584	1	252	246	5.14757
3584	3584	1	224	296	1.35453
3072	3072	2	434	256	0.00000
3584	3584	1	6	390	6.04261
3072	3584	1	410	244	5.81564
3072	3584	1	388	300	5.82967
3072	3584	1	190	364	0.71390
3072	3584	1	286	382	5.94270
3072	3584	1	92	450	0.00000
3072	3584	1	218	478	0.57460
3072	3584	1	338	488	0.83231
3072	3584	1	466	436	2.63056
3584	3584	1	72	448	0.39220
3584	3584	1	198	456	0.71834
3584	3584	1	470	462	0.24744
3584	3584	1	294	450	0.59464
3584	3584	1	376	486	0.50848
3584	3584	2	512	318	0.00000
3584	3072	1	508	186	0.22179
3072	3584	1	10	396	5.62780
2048	3072	2	224	274	0.00000
2048	3072	2	278	282	0.00000
2560	3072	2	142	78	0.00000
2560	3072	2	226	130	0.00000
2560	3072	2	350	244	0.00000
2048	3072	2	170	482	0.00000
2048	3072	2	46	364	0.00000
2560	3072	2	100	448	0.00000
2560	3072	2	102	226	0.00000
2048	3584	2	234	334	0.00000
2048	3584	2	130	228	0.00000
2048	3584	2	190	270	0.00000
2560	3584	2	210	356	0.00000
2560	3584	2	272	354	0.00000
2560	3584	2	274	246	0.00000
2560	3584	2	120	298	0.00000
2048	3072	2	136	116	0.00000
2560	3584	1	102	512	0.00000
2560	3584	1	316	246	5.98397
2560	3584	1	200	140	1.80003
2048	3584	1	458	392	0.12478
2048	3584	1	340	408	0.88228
2048	3584	1	168	494	5.01934
2560	3584	1	486	292	1.81365
2560	3584	1	214	460	5.92755
2560	3584	1	46	312	2.52839
2560	3584	1	136	212	5.94806
2560	3584	1	500	196	5.68471
2560	3584	1	360	502	5.74171
2560	3584	1	508	404	2.56789
2560	3584	1	32	426	0.00000
2560	3584	1	360	378	5.34485
2048	3584	1	444	294	1.28103
2048	3584	1	4	464	5.76669
2048	3584	1	52	278	0.21711
2048	3584	1	52	416	5.58239
2560	3584	1	382	148	1.88050
2048	3072	2	310	428	0.00000
2048	3584	1	116	384	4.60729
2048	3584	1	336	512	0.27481
2048	3584	1	368	170	0.00000
2560	3072	1	482	466	5.69518
2048	3584	1	428	190	0.00000
2560	3584	1	384	72	4.60843
2048	3584	1	494	174	6.22125
2048	3584	1	20	124	5.92455
2048	3584	1	198	164	2.99103
2048	3584	1	126	112	3.80677
2048	3584	1	54	30	4.81555
2048	3584	1	296	204	1.64657
2048	3584	1	320	24	4.14917
2560	3584	1	28	16	4.17176
2048	3584	1	436	26	3.46334
2560	3584	1	130	44	0.10135
2560	3072	1	288	496	3.79483
2560	3584	1	48	176	2.72709
2560	3072	1	210	462	0.17913
2560	3072	1	360	394	5.98469
2560	3584	1	512	82	2.21370
2560	3072	1	512	278	0.28550
2560	3072	1	444	24	6.15376
2560	3072	1	328	40	1.44547
2048	3072	1	68	456	2.42966
2048	3072	1	174	392	5.41479
2048	3072	1	230	364	2.20663
2048	3072	1	418	406	5.10751
2048	3072	1	430	312	2.57867
2048	3072	1	346	296	0.25931
2560	3072	1	10	290	0.40574
2560	3072	1	46	400	3.14159
2560	3072	1	128	358	5.77609
2560	3072	1	166	304	5.85218
2560	3072	1	220	270	5.76082
2560	3072	1	278	224	2.64425
2560	3072	1	400	212	2.32538
2048	3072	1	216	128	0.59275
2048	3072	1	302	180	0.00424
2048	3072	1	374	138	5.48966
2048	3072	1	486	162	5.23772
2560	3072	1	112	134	2.37090
2048	3072	1	396	52	4.49966
2048	3072	1	70	68	0.00000
2048	3072	1	162	28	0.00000
2048	3072	1	64	248	0.51590
