1024	2048	1	294	102	4.86899
1024	2048	1	92	240	1.08370
1024	2048	1	234	378	0.47596
1024	2048	1	494	230	3.37191
1536	2048	1	12	0	0.00000
1024	2048	1	444	0	0.00000
1024	2048	1	190	80	0.73367
1024	2048	1	20	122	4.70946
1536	2048	1	100	66	0.00000
1536	2048	1	220	124	0.00000
1536	2048	1	262	32	0.00000
1536	2048	1	366	74	5.96787
1536	2048	2	500	58	0.00000
1536	2048	1	250	256	3.78662
1536	2048	1	462	246	2.80747
1536	2048	1	512	288	0.31288
1536	2048	1	380	336	5.51149
1536	2048	2	246	348	0.00000
1536	2048	1	122	378	5.86061
1536	2048	1	242	462	2.25428
1536	2048	1	394	506	2.29454
1536	2048	1	508	510	2.97907
1536	2560	1	314	66	3.32263
1536	2560	1	110	66	1.07743
1024	2560	1	446	40	2.44190
1024	2560	1	266	26	1.19698
1024	2560	1	72	132	3.05094
1024	2560	1	146	206	3.45264
1536	2560	1	64	174	0.56287
1536	2560	1	160	182	0.21924
1536	2560	1	488	142	0.32262
1536	2560	1	408	162	0.00000
1536	2560	1	344	210	3.56600
1536	2560	1	264	244	6.03767
1536	2560	1	430	304	0.91980
1024	2560	1	466	232	2.18608
1024	2560	1	376	332	0.31885
1024	2560	1	472	326	2.53403
1024	2560	1	294	258	5.03024
1536	2560	1	88	342	2.87869
1536	2560	1	226	332	5.28637
1536	2560	1	404	422	2.16413
1536	2560	1	512	424	0.00000
1536	2560	1	216	448	2.32322
1536	2560	1	372	502	5.49372
1536	2560	1	68	440	5.08080
1536	2560	1	98	508	4.75097
1024	2560	1	214	394	1.67012
1024	2560	1	198	298	5.01264
1024	2560	1	34	290	5.27712
1024	2560	1	80	400	0.85976
1024	2560	1	96	512	0.99118
1024	2560	1	318	512	4.53276
1024	3072	1	198	94	0.64633
1024	3072	1	300	128	6.00337
1024	3072	1	400	112	2.24554
1536	3072	1	58	76	4.09654
1536	3072	1	376	102	5.25632
1536	3072	1	214	214	3.50216
1536	3072	1	90	226	5.41465
1536	3072	1	12	256	5.58644
1024	3072	1	320	290	0.24498
1024	3072	1	146	216	4.09893
1024	3072	1	112	54	4.19954
1024	3072	1	184	328	4.96659
1024	3072	1	110	400	4.00647
1024	3072	1	228	424	1.33105
1024	3072	1	184	496	1.88810
1024	3072	1	398	280	3.64708
1024	3072	1	480	378	0.65909
1024	3072	1	326	478	0.70331
1536	3072	1	58	468	2.61376
1024	3072	1	440	462	1.97440
1024	3584	1	384	20	1.75221
1024	3584	1	482	74	3.81356
1536	3072	1	256	378	0.14190
1536	3072	1	446	250	5.03307
1536	3072	1	436	344	1.94733
1536	3072	1	460	428	1.78615
1536	3584	1	452	24	5.71862
1536	3072	2	366	462	0.00000
1536	3584	1	272	20	2.79482
1536	3072	1	162	450	5.37170
1024	3584	1	92	136	0.52328
1024	3584	1	174	106	3.75480
1024	3584	1	350	138	1.19902
1024	3584	1	466	174	4.21393
1536	3584	1	126	184	5.17604
1536	3584	1	310	180	2.89661
1536	3584	2	304	72	0.00000
1536	3584	2	366	66	0.00000
1536	3584	2	466	110	0.00000
1536	3584	1	396	132	0.00000
1024	3072	1	42	216	6.06844
1536	3072	1	268	66	3.77434
1536	3072	2	210	46	0.00000
1024	3584	1	248	140	0.00000
1024	3584	1	108	232	0.67012
1024	3584	1	340	260	0.14190
1024	3584	1	250	268	2.00056
1024	3584	1	448	312	0.88876
1536	3584	1	112	312	1.48127
1536	3584	1	382	336	2.01742
1536	3584	1	242	398	0.43469
1536	3584	1	144	418	0.41606
1536	3584	1	54	452	0.00000
1024	3584	1	458	440	0.15579
1024	3584	1	310	414	0.00000
1024	3584	1	226	456	0.00000
1024	3584	1	60	380	2.75180
1536	3584	1	288	486	0.32597
1536	3584	1	440	516	6.24501
1536	3584	1	498	286	4.25320
1536	3584	1	410	246	4.00912
1536	3584	2	254	260	0.00000
1536	3584	2	512	176	0.00000
2048	2048	1	34	36	2.94432
2048	2048	1	172	84	3.38153
2048	2048	1	40	126	1.64921
2048	2048	1	38	246	0.29614
2048	2048	1	382	50	5.82018
2048	2048	2	480	66	0.00000
2048	2048	1	486	12	4.63753
2048	2048	1	210	344	3.17164
2048	2048	1	52	384	4.00327
2048	2048	1	326	294	3.88796
2048	2048	1	428	174	1.51719
2560	2048	1	108	242	5.87966
2560	2048	1	58	132	3.57125
2560	2048	1	194	98	6.24973
2560	2048	1	316	92	6.27787
2560	2048	1	442	56	3.13952
2560	2048	1	420	176	1.11037
2560	2048	1	150	146	3.52261
2560	2048	1	210	230	4.11707
2048	2048	1	482	360	5.97348
2560	2048	1	50	370	3.77902
2048	2048	1	366	440	4.78749
2560	2048	1	210	450	1.97013
2560	2560	2	292	4	0.00000
2560	2048	1	348	396	2.65719
2560	2048	2	282	394	0.00000
2560	2048	1	402	340	2.42550
2560	2048	1	444	246	0.46642
2048	2560	1	324	32	4.27355
2048	2560	1	102	24	4.74445
2048	2560	1	238	94	4.97668
2048	2560	1	88	164	6.01868
2048	2560	2	168	154	0.00000
2048	2560	2	230	152	0.00000
2048	2560	2	318	204	0.00000
2048	2560	2	398	170	0.00000
2048	2560	2	410	50	0.00000
2048	2560	1	510	64	3.85832
2560	2560	1	192	80	1.63925
2560	2560	1	292	172	3.51035
2560	2560	1	460	12	3.64023
2560	2048	2	434	456	0.00000
2560	2560	1	416	110	2.19065
2560	2560	1	132	208	0.00000
2560	2560	2	16	158	0.00000
2560	2560	1	14	262	2.67499
2048	2560	2	436	326	0.00000
2048	2560	1	412	262	0.96912
2048	2560	1	168	274	0.76728
2048	2560	1	316	300	5.67498
2048	2560	2	320	424	0.00000
2048	2560	2	190	424	0.00000
2048	2560	2	168	370	0.00000
2048	2560	1	94	394	2.69118
2048	2560	1	18	418	0.00000
2048	2560	1	168	510	0.42053
2048	2560	1	310	512	4.46035
2048	2560	1	438	486	0.91046
2560	2560	1	70	406	4.05337
2560	2560	2	18	482	0.00000
2560	2560	1	170	448	1.31319
2560	2560	1	284	420	0.24792
2560	2560	2	314	488	0.00000
2560	2560	1	404	460	5.22270
2560	2560	2	460	332	0.00000
2560	2560	1	384	242	0.27226
3072	2048	2	18	84	0.00000
3072	2048	1	54	36	2.68587
3072	2048	1	190	34	3.78108
3072	2048	2	288	16	0.00000
3072	2048	1	38	256	0.45881
3072	2048	1	168	202	3.65587
3072	2048	1	186	320	4.89289
3072	2048	1	230	118	0.23805
3072	2048	1	296	128	3.35698
3072	2048	1	380	102	5.29967
3584	2048	1	56	128	2.22812
3584	2048	1	126	118	0.00000
3584	2048	1	248	82	4.09409
3584	2048	1	466	54	0.00000
3584	2048	1	384	114	0.00000
3584	2048	1	512	114	0.00000
3584	2048	1	382	238	5.58137
3584	2048	1	440	372	5.81164
3584	2048	1	308	262	2.67549
3584	2048	1	18	302	0.00000
3072	2048	1	342	226	3.93365
3072	2048	1	426	262	3.96905
3072	2048	1	382	382	4.54171
3072	2048	1	158	406	5.04388
3072	2048	1	34	420	2.78969
3072	2560	2	308	34	0.00000
3072	2560	2	250	22	0.00000
3584	2048	1	240	350	2.37057
3584	2048	1	132	372	2.64979
3584	2048	1	512	468	0.75465
3584	2560	1	512	56	4.94880
3584	2560	1	342	64	1.21071
3584	2048	1	336	448	3.22779
3072	2048	1	488	436	1.03330
3584	2048	1	122	484	2.34415
3584	2560	1	84	4	5.68027
3072	2048	1	214	484	1.62152
3072	2560	2	164	84	0.00000
3072	2560	1	0	78	1.23779
3072	2560	1	90	52	4.45700
3072	2560	1	234	110	6.04773
3072	2560	1	58	168	0.64231
3072	2560	1	184	204	3.84340
3072	2560	1	64	254	0.76670
3072	2560	1	338	86	3.86400
3072	2560	2	430	124	0.00000
3072	2560	2	462	182	0.00000
3072	2560	1	462	68	2.42723
3584	2560	1	36	82	5.58762
3584	2560	1	220	68	3.43794
3584	2560	1	146	88	4.13075
3584	2560	1	512	142	2.11559
3584	2560	1	368	138	3.01675
3584	2560	1	264	182	2.72793
3584	2560	1	378	268	1.61967
3584	2560	1	468	196	2.11491
3584	2560	1	22	226	1.66177
3072	2560	1	346	206	4.23486
3072	2560	2	174	410	0.00000
3072	2560	1	88	340	3.42524
3072	2560	1	192	300	3.85193
3072	2560	1	454	354	5.50408
3584	2560	1	176	252	1.60629
3584	2560	1	172	178	4.47301
3584	2560	1	92	342	0.71413
3584	2560	2	234	330	0.00000
3584	2560	2	240	444	0.00000
3072	2560	1	282	332	2.79983
3072	2560	1	62	452	2.15647
3072	2560	1	218	512	1.11277
3072	2560	1	404	512	0.00000
3072	2560	1	360	458	0.99147
3584	2560	1	48	512	4.51179
3072	2560	1	498	468	1.10225
3584	2560	2	348	440	0.00000
3584	2560	1	326	512	5.63058
3584	2560	1	366	362	1.33727
3584	2560	1	444	512	0.28819
3584	2560	1	484	364	2.74070
3072	3072	1	32	82	2.63601
3072	3072	1	188	0	1.01131
3072	3072	1	234	82	3.36264
3072	3072	1	62	250	3.79522
3072	3072	1	66	356	3.96076
3072	3072	1	188	276	3.09591
3072	3072	1	258	230	2.64660
3072	3072	1	320	180	5.95980
3072	3072	1	398	40	0.00000
3072	3072	1	388	162	3.60647
3584	3072	1	158	64	2.80801
3584	3072	1	6	16	4.17393
3584	3072	1	36	130	0.00000
3072	3072	1	486	196	5.37439
3584	3072	1	232	34	4.67850
3584	3072	1	346	0	5.79961
3584	3072	1	412	4	0.14190
3584	3072	1	508	2	0.56630
3584	3072	1	296	112	0.66597
3584	3072	1	512	134	3.05815
3584	3072	1	446	128	3.03502
3072	3072	1	110	432	1.02355
3072	3072	1	284	350	1.15409
3072	3072	1	494	298	1.55517
3072	3072	2	424	252	0.00000
3584	3072	1	230	214	5.37304
3584	3072	1	352	190	2.29674
3584	3072	2	354	268	0.00000
3584	3072	1	504	282	1.94305
3584	3072	1	510	388	2.51827
3584	3072	2	394	372	0.00000
3584	3072	1	182	334	0.91024
3584	3072	1	296	344	0.76494
3584	3072	2	240	420	0.00000
3072	3584	1	108	8	1.12525
3072	3584	1	12	68	0.32319
3072	3072	1	206	482	3.15767
3072	3072	1	324	468	3.79090
3072	3072	1	418	372	3.78861
3072	3072	1	510	386	4.14860
3584	3072	1	48	418	3.87485
3072	3584	1	444	14	3.16790
3072	3584	1	206	84	1.50165
3072	3584	2	112	140	0.00000
3072	3584	1	34	200	0.58349
3072	3584	1	132	248	2.67368
3072	3584	1	216	188	5.30957
3072	3584	1	388	90	5.34637
3072	3584	1	316	162	2.21619
3584	3072	1	130	476	1.64802
3584	3072	1	314	456	0.42663
3584	3072	1	438	458	1.68459
3584	3584	1	402	96	3.95401
3584	3584	1	434	152	1.48279
3584	3584	1	210	82	5.68191
3584	3584	1	120	100	0.00000
3584	3584	1	54	138	0.00000
3072	3584	1	332	282	2.10320
3072	3584	1	220	312	0.00000
3072	3584	1	72	320	2.12556
3072	3584	1	62	512	1.95331
3072	3584	1	54	384	1.03656
3072	3584	1	106	444	1.62469
3072	3584	1	220	512	0.00000
3072	3584	1	272	424	0.00000
3072	3584	1	350	512	4.81971
3072	3584	1	382	418	2.18029
3072	3584	1	466	380	2.86042
3072	3584	1	476	242	4.54897
3584	3584	1	322	214	3.53415
3584	3584	1	438	270	3.59631
3584	3584	1	512	58	3.84845
3584	3584	1	16	458	0.00000
3584	3584	1	350	454	5.86832
3584	3584	1	184	214	0.59222
3584	3584	1	224	260	0.57621
3584	3584	1	68	360	2.64473
3584	3584	1	126	296	2.78519
3584	3584	1	460	410	3.70467
3584	3584	1	374	330	3.07758
3584	3584	1	230	512	6.12759
3584	3584	1	288	484	3.05873
3584	3584	1	156	420	0.64931
3584	3584	1	490	476	4.54458
3584	3584	1	236	354	3.65690
3584	3584	1	314	344	3.61941
2560	3072	2	138	78	0.00000
2560	3072	2	228	132	0.00000
2560	3072	2	98	232	0.00000
2560	3072	2	348	240	0.00000
2048	3072	2	316	428	0.00000
2048	3072	2	170	480	0.00000
2048	3584	2	370	28	0.00000
2048	3072	2	282	280	0.00000
2560	3072	2	96	448	0.00000
2560	3584	2	288	50	0.00000
2048	3072	2	344	72	0.00000
2560	3584	1	458	382	4.31257
2560	3584	1	390	492	3.66165
2560	3584	1	354	366	6.09026
2560	3584	1	268	512	3.55503
2560	3584	1	64	512	0.74869
2048	3584	1	418	512	3.43429
2560	3584	1	8	474	0.78327
2048	3584	1	508	382	0.94255
2048	3584	1	98	512	0.26860
2048	3584	1	196	52	5.84332
2048	3584	1	114	388	3.79070
2048	3584	1	292	404	2.92289
2048	3584	1	362	372	6.09559
2048	3584	1	204	488	1.86392
2048	3584	1	222	438	6.06851
2560	3584	1	116	396	5.97898
2560	3584	1	272	376	0.40526
2560	3584	1	212	366	3.29853
2560	3584	1	152	292	3.05623
2560	3584	1	476	204	0.56862
2560	3584	1	394	258	3.38061
2560	3584	1	292	214	3.08921
2560	3584	1	226	216	3.59688
2560	3584	1	386	124	0.47328
2560	3584	1	502	60	0.65306
2048	3584	1	324	286	4.69965
2560	3584	1	4	270	2.02304
2560	3584	1	200	512	0.00000
2560	3584	1	512	482	5.48011
2048	3584	1	14	258	4.21623
2048	3584	1	162	236	4.17335
2048	3584	1	422	194	1.55626
2048	3584	1	316	186	0.72421
2048	3584	1	272	116	3.83446
2048	3584	1	6	132	3.76337
2048	3072	1	40	510	2.33921
2560	3584	1	10	136	0.17180
2560	3584	1	86	228	3.06050
2560	3584	1	120	130	2.63447
2048	3072	1	358	396	2.38714
2048	3072	1	68	374	0.00000
2048	3072	1	42	284	3.84886
2048	3072	1	490	378	0.00000
2560	3584	1	198	124	3.08043
2560	3584	1	286	90	4.33210
2048	3584	2	30	178	0.00000
2560	3584	1	132	32	4.17388
2560	3072	1	82	502	0.92912
2560	3072	1	38	370	6.13659
2560	3072	1	296	500	4.81143
2560	3072	1	430	486	2.85115
2560	3072	1	498	416	0.16717
2560	3072	1	452	282	0.87577
2560	3072	1	328	320	2.22392
2560	3072	1	244	380	6.02440
2560	3072	1	162	322	0.36960
2560	3072	2	220	470	0.00000
2048	3072	1	204	358	4.12532
2048	3072	1	386	306	4.85560
2048	3072	1	488	246	1.89314
2560	3072	1	384	180	2.74765
2560	3072	1	512	60	2.61471
2560	3072	1	342	60	5.01317
2560	3072	1	270	96	4.95527
2560	3072	1	142	8	1.29446
2560	3072	1	20	150	1.83336
2048	3072	1	420	0	0.73656
2048	3072	1	466	58	3.71755
2048	3072	1	382	150	5.38067
2048	3072	1	296	126	5.51994
2048	3072	1	250	174	2.43661
2048	3072	1	176	170	5.57588
2048	3072	1	50	188	4.26577
2048	3072	1	38	118	1.38414
2048	3072	1	154	20	0.57063
2048	3072	1	314	0	1.24605
