1536	2560	1	391	429	1.98885
1024	2048	1	174	142	5.30158
1024	2048	1	87	231	0.75536
1024	2048	1	50	110	6.14581
1024	2048	1	511	217	2.74898
1536	2048	1	226	136	6.22730
1536	2048	1	418	176	4.93054
1536	2048	1	504	254	0.48546
1536	2048	1	208	280	3.30787
1536	2048	1	138	398	6.01756
1536	2048	1	288	346	4.21899
1536	2048	1	392	362	2.91409
1536	2560	1	403	11	3.85720
1536	2048	1	258	462	1.74636
1536	2560	1	279	67	4.55991
1024	2048	2	204	72	0.00000
1024	2560	1	262	44	1.00034
1024	2560	1	86	128	3.16761
1024	2560	1	228	228	4.52003
1024	2560	1	457	55	2.44890
1536	2560	1	154	202	0.00000
1536	2048	1	350	46	5.29995
1536	2048	2	484	62	0.00000
1536	2048	1	92	76	6.22797
1536	2048	1	220	42	5.39436
1536	2048	1	10	0	0.00000
1536	2560	1	88	22	1.32141
1024	2560	1	361	301	1.66662
1536	2560	1	463	117	0.69395
1536	2560	1	437	231	0.56125
1536	2560	2	497	367	0.00000
1536	2560	2	507	249	0.00000
1536	2560	1	65	209	1.16131
1024	2560	1	65	211	1.50596
1536	2560	1	267	245	5.80459
1536	2560	1	347	261	6.01679
1536	2560	1	343	489	1.48721
1024	2560	1	345	409	0.95291
1024	2048	1	233	373	0.35723
1536	2560	1	71	347	2.43733
1024	2560	1	329	497	1.34669
1024	2560	1	179	365	3.73448
1536	2560	1	197	441	2.65762
1024	2560	1	485	309	6.25558
1024	2560	1	-1	273	4.92653
1536	2560	1	75	433	5.20616
1024	2560	1	61	499	1.04981
1024	2560	1	41	387	3.54889
1536	2560	1	189	313	1.20019
1536	2560	2	147	77	0.00000
1024	2560	1	249	387	0.97707
1024	3072	2	260	254	0.00000
1536	3072	2	372	462	0.00000
1024	3072	2	492	300	0.00000
1024	3072	2	348	344	0.00000
1024	3584	2	170	30	0.00000
1536	3584	2	32	208	0.00000
1536	3584	2	246	268	0.00000
1536	3072	2	194	352	0.00000
1024	3072	1	186	382	5.81141
1024	3072	1	322	112	6.14494
1024	3072	1	326	294	0.32175
1024	3072	1	448	192	5.78194
1024	3072	1	220	58	5.78729
1024	3072	1	76	98	4.79392
1024	3072	1	70	204	5.28753
1024	3072	1	192	202	0.87382
1024	3072	1	66	280	5.37028
1024	3072	1	412	70	2.31474
1024	3072	2	468	30	0.00000
1536	3072	1	60	16	1.08084
1536	3072	1	30	202	2.92448
1536	3072	1	134	162	1.09835
1536	3072	1	266	82	0.55300
1536	3072	1	432	40	1.38195
1536	3072	1	380	116	4.91409
1536	3072	1	348	186	5.39471
1536	3072	1	314	256	5.72681
1536	3072	1	252	280	2.97813
1536	3072	1	188	250	3.16402
1536	3072	2	120	252	0.00000
1024	3072	1	508	370	0.95841
1024	3072	1	336	428	0.92037
1024	3584	1	34	20	4.02194
1024	3072	1	0	434	5.78908
1024	3584	1	270	8	1.87368
1024	3584	1	378	18	2.64023
1536	3072	1	8	448	1.71033
1024	3072	1	502	504	1.86575
1024	3584	1	486	74	3.63276
1536	3072	1	152	450	5.19551
1536	3072	1	512	230	4.81727
1536	3072	1	486	438	0.00000
1536	3584	1	402	112	0.00000
1536	3584	1	278	26	2.69518
1536	3584	2	466	100	0.00000
1536	3584	1	484	168	4.28263
1536	3584	1	94	74	3.02524
1536	3584	1	138	124	3.45785
1536	3584	1	248	174	4.56811
1536	3584	1	350	248	4.62096
1024	3584	1	0	146	0.44694
1024	3584	1	86	126	0.57924
1024	3584	1	246	82	4.60200
1024	3584	1	316	128	1.32365
1024	3584	1	496	156	3.96706
1024	3584	1	228	208	5.80199
1024	3584	1	68	278	5.88378
1024	3584	1	204	270	2.49444
1024	3584	1	58	390	2.01164
1024	3584	1	320	380	0.08420
1024	3584	1	392	252	0.00000
1536	3584	1	172	274	2.24021
1536	3584	1	42	280	1.26532
1024	3584	1	420	378	0.72611
1536	3584	1	254	368	3.53091
1536	3584	1	368	414	5.85656
1536	3584	1	498	368	5.47818
1024	3584	1	452	434	4.31698
1536	3584	1	94	346	1.26334
1024	3584	1	228	492	0.26182
1024	3584	2	22	516	0.00000
1536	3584	1	482	516	0.00000
1536	3584	1	238	516	0.00000
1024	3584	2	366	516	0.00000
1536	3584	2	362	68	0.00000
1024	3584	1	504	516	0.32516
1024	3072	2	384	194	0.00000
2048	2048	1	154	118	0.68438
2048	2048	1	26	242	0.67939
2048	2048	1	102	324	0.22598
2048	2048	1	246	348	2.62503
2048	2048	1	504	226	1.85341
2048	2048	1	382	128	2.39634
2048	2048	1	478	130	3.93970
2048	2048	1	336	310	3.72928
2560	2048	1	70	134	3.47947
2048	2048	1	66	126	0.83762
2048	2048	1	94	10	5.35853
2560	2048	1	192	118	0.02250
2560	2048	1	118	242	5.59872
2560	2048	1	230	236	2.08620
2560	2048	1	320	78	0.23811
2560	2048	1	426	158	1.64840
2560	2048	1	474	64	2.15627
2560	2048	1	236	10	3.29723
2048	2048	1	468	328	0.28366
2048	2048	1	146	444	3.32924
2048	2560	1	136	48	1.74166
2048	2560	1	242	10	3.86515
2048	2048	1	376	456	5.16100
2560	2048	1	64	430	2.71449
2560	2048	1	184	372	4.25730
2560	2048	1	290	420	0.00000
2560	2560	2	296	8	0.00000
2048	2560	2	171	147	0.00000
2048	2560	2	232	148	0.00000
2560	2048	1	432	250	0.82263
2560	2048	1	454	364	1.53751
2560	2560	1	470	14	3.54734
2560	2560	1	182	70	2.96735
2560	2560	1	296	108	3.72984
2048	2560	1	478	82	3.64407
2560	2560	2	14	166	0.00000
2048	2560	1	422	86	2.71857
2048	2560	1	284	90	5.90201
2560	2560	1	248	212	4.62000
2560	2560	1	114	184	5.94396
2048	2560	2	316	206	0.00000
2048	2560	1	432	134	0.60736
2560	2560	1	4	266	2.65689
2560	2560	1	376	190	5.92262
2560	2560	1	468	182	2.71952
2048	2560	1	78	126	2.05928
2048	2560	1	370	310	5.79739
2048	2560	1	480	430	4.62957
2560	2560	1	220	300	5.45736
2048	2560	1	156	286	0.36803
2560	2560	1	122	484	0.10379
2560	2560	1	228	460	3.62977
2560	2560	1	388	422	5.54783
2560	2560	2	466	331	0.00000
2048	2560	1	42	294	5.61641
2048	2560	1	88	512	3.13696
2048	2560	1	14	410	5.70955
2048	2560	1	316	512	3.81736
2048	2560	2	186	417	0.00000
2048	2560	2	316	419	0.00000
2048	2560	2	172	367	0.00000
2560	2560	1	394	512	5.16350
2560	2048	1	226	452	1.61238
2560	2560	2	10	480	0.00000
2048	2560	1	402	494	6.06573
2048	2560	1	156	512	0.55870
2560	2560	2	316	489	0.00000
2048	2560	2	440	319	0.00000
2048	2048	2	486	53	0.00000
2048	2048	2	414	13	0.00000
3072	2048	1	250	106	1.72930
3072	2048	1	398	124	4.80775
3072	2048	1	384	26	1.89021
3072	2048	2	288	26	0.00000
3072	2048	1	112	72	4.46580
3072	2048	1	40	184	6.04746
3072	2048	1	158	156	1.66316
3072	2048	1	134	286	5.59087
3072	2048	1	206	256	2.27450
3072	2048	1	304	248	3.12092
3072	2048	1	380	252	2.71043
3072	2048	1	472	312	2.72586
3072	2048	1	320	368	4.47172
3072	2048	1	254	438	1.91487
3072	2560	1	78	4	5.63186
3072	2560	1	196	10	5.64516
3072	2560	2	264	20	0.00000
3072	2560	1	342	32	3.77012
3072	2560	1	422	44	3.94758
3584	2048	1	20	492	5.85980
3584	2048	1	88	442	5.66276
3584	2048	1	146	104	0.40147
3584	2048	1	242	200	1.08080
3584	2048	1	252	72	3.85574
3584	2048	1	378	84	0.00000
3584	2048	1	474	60	0.00000
3584	2048	1	308	300	2.99437
3584	2048	1	408	326	5.45639
3584	2048	1	380	210	5.25254
3584	2048	1	332	444	1.51371
3584	2048	1	442	498	2.11019
3072	2560	1	58	150	6.09808
3072	2560	1	236	196	1.55559
3072	2560	1	364	164	1.45137
3072	2560	1	494	124	2.05187
3072	2560	2	468	196	0.00000
3584	2560	1	102	126	5.26479
3584	2560	1	132	58	2.14426
3584	2560	1	206	28	2.89228
3584	2048	1	256	486	2.48179
3584	2560	1	398	70	5.05632
3584	2560	1	284	164	2.65597
3584	2560	1	372	160	2.64373
3072	2560	1	80	372	0.44631
3072	2560	2	170	408	0.00000
3072	2560	1	288	348	2.76807
3072	2560	1	216	374	2.97532
3072	2560	1	334	464	1.14575
3072	2560	1	386	320	4.77172
3072	2560	1	478	344	0.58057
3584	2560	1	82	208	1.48911
3584	2560	1	72	322	4.15286
3584	2560	1	194	244	3.67178
3584	2560	1	314	324	3.36890
3584	2560	1	400	268	1.73972
3072	2560	1	498	480	5.25186
3584	2560	1	70	452	2.71699
3584	2560	1	156	384	3.50402
3584	2560	1	196	448	3.35550
3584	2560	1	404	368	0.85040
3584	2560	1	480	212	2.60121
3072	3072	1	136	288	0.65440
3072	3072	1	92	212	4.70398
3072	3072	1	72	66	0.72664
3072	3072	1	158	102	4.28476
3072	3072	1	274	134	5.26404
3072	3072	1	396	54	0.00000
3584	3072	1	158	50	4.44871
3584	3072	1	40	162	5.86496
3584	3072	1	138	152	2.37286
3584	3072	1	222	122	0.00000
3584	3072	1	486	98	5.13524
3584	3072	1	420	178	0.10077
3584	3072	1	304	380	0.60861
3584	3072	2	500	184	0.00000
3584	3072	2	500	252	0.00000
3584	3072	1	260	288	0.91795
3584	3072	1	140	262	1.16251
3584	3072	1	12	272	1.00076
3072	3072	1	484	390	5.31468
3072	3072	1	294	288	5.25848
3072	3072	1	190	362	0.58475
3072	3072	1	50	472	3.37632
3072	3072	1	40	286	4.46741
3072	3072	1	204	496	2.12245
3072	3072	1	304	446	2.45940
3072	3072	1	380	406	3.62943
3072	3072	1	426	182	1.26028
3584	3072	1	132	374	2.00320
3584	3584	1	260	8	3.14619
3584	3072	2	408	376	0.00000
3584	3072	2	504	382	0.00000
3584	3072	1	138	464	4.13057
3072	3584	1	448	18	5.81820
3072	3584	1	414	78	5.34119
3072	3584	1	334	64	1.30454
3072	3584	1	138	64	5.41910
3072	3584	1	92	112	1.46592
3072	3584	1	198	202	3.61823
3072	3584	1	364	174	1.97104
3072	3584	1	510	204	0.55043
3072	3584	1	346	302	2.95475
3072	3584	1	86	340	2.66982
3072	3584	1	70	242	3.22940
3584	3584	1	102	66	5.34487
3584	3584	1	348	16	2.84053
3584	3072	1	478	502	5.20881
3584	3584	1	302	110	4.18450
3584	3584	1	112	188	5.86846
3584	3584	1	210	200	5.44085
3584	3584	1	322	204	3.72717
3584	3584	1	428	122	0.00000
3584	3584	1	456	314	2.39858
3584	3584	1	106	308	0.44191
3584	3584	1	36	290	0.35400
3072	3584	1	428	280	2.99093
3072	3584	1	426	396	3.91288
3584	3584	1	170	316	0.00000
3584	3584	1	284	346	0.00000
3584	3584	1	376	388	0.00000
3584	3584	2	24	462	0.00000
3072	3584	2	298	432	0.00000
3072	3584	2	216	370	0.00000
3072	3584	2	138	450	0.00000
3072	3584	2	30	468	0.00000
3584	3584	2	296	492	0.00000
3584	3584	2	410	492	0.00000
3584	3584	2	502	422	0.00000
3584	3584	2	474	492	0.00000
3584	3584	1	502	254	5.74555
3584	3584	2	512	110	0.00000
3072	3072	2	228	14	0.00000
3584	3072	1	306	34	0.00000
3584	3072	2	328	140	0.00000
2048	3072	1	150	128	1.22539
2048	3072	1	332	210	4.84705
2048	3072	1	386	138	5.34887
2560	3072	1	94	162	1.50752
2048	3072	1	488	92	2.97518
2560	3072	1	240	78	4.25543
2560	3072	2	136	78	0.00000
2048	3072	1	190	332	3.74286
2048	3072	1	58	292	4.07734
2048	3072	1	86	424	5.64337
2048	3072	1	284	366	4.46312
2048	3072	1	416	336	2.30217
2048	3072	1	496	240	2.34170
2560	3072	1	106	356	2.24433
2048	3584	2	360	18	0.00000
2048	3072	2	312	438	0.00000
2048	3072	2	160	480	0.00000
2048	3584	1	222	38	5.39955
2560	3072	1	430	168	0.79608
2560	3072	1	326	166	0.57072
2560	3072	2	230	140	0.00000
2560	3072	2	96	232	0.00000
2048	3072	2	192	218	0.00000
2048	3072	2	284	274	0.00000
2560	3072	1	170	248	0.76464
2560	3072	1	262	316	5.83705
2560	3072	1	204	362	5.93246
2560	3072	1	430	266	0.75459
2560	3072	1	390	356	1.61801
2560	3072	1	408	458	0.29100
2560	3072	1	496	432	0.31845
2560	3072	1	110	486	0.65042
2560	3072	2	90	424	0.00000
2048	3584	1	494	20	0.22453
2048	3072	1	412	436	5.49913
2048	3584	1	376	116	0.55764
2048	3584	1	116	116	6.25421
2048	3584	1	32	38	3.01159
2560	3072	1	296	484	0.00000
2560	3584	1	206	62	4.47697
2560	3584	1	418	56	4.40804
2560	3584	1	100	194	3.24694
2560	3584	1	50	76	4.79711
2048	3584	1	284	258	5.08082
2048	3584	1	486	200	2.00335
2560	3584	1	164	340	2.14366
2048	3584	1	86	330	2.43206
2048	3584	1	292	356	4.26078
2048	3584	1	406	306	0.00000
2048	3584	1	508	374	1.32570
2560	3584	1	14	480	1.07919
2560	3584	1	170	198	3.16468
2560	3584	1	350	134	1.74387
2560	3584	1	274	178	2.71638
2560	3584	1	428	230	2.55665
2560	3584	1	370	282	0.00000
2560	3584	1	210	474	6.14641
2560	3584	1	278	460	5.88453
2560	3584	1	102	406	5.96730
2560	3584	1	310	344	5.56528
2560	3584	1	444	402	6.14388
2560	3584	1	10	286	1.93903
