1024	2048	1	62	98	0.00000
1024	2048	1	136	0	0.00000
1024	2048	1	106	242	0.88974
1024	2048	1	248	348	0.00000
1024	2048	1	268	0	0.00000
1536	2048	1	26	4	0.00000
1536	2048	1	88	100	0.00000
1536	2048	2	222	148	0.00000
1024	2048	2	204	82	0.00000
1536	2048	1	402	34	0.00000
1536	2048	2	486	78	0.00000
1536	2048	1	358	170	0.80380
1024	2048	1	496	234	3.30412
1024	2560	1	262	44	0.83848
1536	2048	1	34	296	3.69209
1536	2048	1	120	324	3.32195
1536	2048	1	410	324	5.31614
1536	2048	1	272	272	5.49779
1536	2048	1	254	358	2.55918
1024	2560	1	96	132	3.09239
1024	2560	1	180	214	4.85157
1024	2560	1	112	328	2.39851
1024	2560	2	192	290	0.00000
1024	2560	1	50	378	2.35619
1024	2560	1	30	492	3.70832
1024	2560	1	130	490	3.19709
1024	2560	1	216	456	3.96755
1024	2560	1	500	188	0.58938
1024	2560	1	376	364	0.89505
1024	2560	1	452	476	2.11203
1536	2048	1	2	460	3.41197
1024	2560	1	454	70	1.86666
1536	2560	1	76	12	5.88196
1536	2048	1	280	460	4.40506
1536	2048	1	512	430	0.75280
1536	2048	1	150	480	2.80756
1536	2560	1	228	98	5.74456
1536	2560	1	456	18	4.93447
1536	2560	1	16	332	1.65098
1536	2560	1	164	176	0.23685
1536	2560	1	350	188	5.53111
1536	2560	1	72	142	5.76830
1536	2560	1	112	264	2.56539
1536	2560	1	212	356	1.20688
1536	2560	1	58	436	5.21838
1536	2560	1	270	438	2.06208
1536	2560	1	304	248	5.44520
1536	2560	1	512	132	0.85060
1536	2560	1	448	236	0.00000
1536	2560	1	512	292	3.33899
1536	2560	1	416	348	2.32165
1536	2560	1	398	442	2.10433
1536	2560	1	178	512	2.22438
1536	2560	1	302	512	1.95595
1024	3072	1	304	274	0.00000
1536	3584	1	294	440	0.00000
1024	3072	1	294	110	5.39197
1024	3072	1	162	202	0.10161
1024	3072	2	222	204	0.00000
1536	3584	2	466	110	0.00000
1536	3072	1	148	400	5.47454
1536	3072	1	46	204	0.46566
1536	3072	1	226	48	5.29527
1024	3072	1	134	76	0.99046
1024	3072	1	442	128	0.99835
1024	3072	1	228	324	0.34912
1024	3072	1	94	218	0.23580
1536	3072	1	234	108	5.20180
1536	3072	1	146	22	1.97413
1024	3072	1	348	4	0.91486
1536	3072	1	254	318	2.42998
1024	3072	1	510	398	5.81359
1536	3072	1	412	348	5.71022
1536	3072	1	484	222	2.60581
1536	3072	1	404	168	5.94063
1536	3072	1	332	200	3.77785
1024	3584	1	396	26	3.13471
1536	3072	2	152	198	0.00000
1024	3584	1	384	346	1.46704
1536	3072	1	320	464	0.32199
1024	3584	1	338	132	1.54670
1024	3584	1	158	102	3.46702
1024	3072	1	84	508	0.61036
1024	3584	1	74	104	0.67905
1024	3072	2	20	476	0.00000
1024	3584	1	378	200	4.79286
1024	3584	1	488	40	3.27114
1024	3584	1	212	178	0.88479
1024	3584	1	60	240	5.03114
1024	3584	1	220	392	0.00000
1536	3584	1	168	36	3.20603
1536	3072	1	430	512	1.01897
1536	3584	1	58	174	4.52948
1536	3584	2	48	102	0.00000
1024	3584	1	56	410	2.26264
1024	3584	1	478	452	0.57956
1536	3584	1	72	272	0.52912
1024	3584	1	26	502	2.36256
1536	3584	1	246	194	0.05446
1536	3584	1	148	356	1.89041
1536	3584	1	174	264	2.51346
1536	3584	1	204	454	0.87559
1536	3584	1	260	52	2.74803
1536	3584	1	368	110	4.35421
1536	3584	1	372	226	5.14896
1536	3584	1	30	498	0.54161
1536	3584	1	386	318	5.08757
1536	3584	2	410	504	0.00000
1536	3584	1	512	124	0.00000
1536	3584	1	510	430	0.93130
1536	3072	2	382	456	0.00000
1536	3072	1	326	22	0.00000
1536	3072	2	512	68	0.00000
2048	2560	2	316	204	0.00000
2048	2048	1	96	244	0.00000
2048	2048	1	110	98	5.10205
2048	2048	1	266	182	0.71980
2048	2048	1	406	118	2.18586
2048	2048	2	498	66	0.00000
2560	2048	1	76	114	3.62933
2560	2048	1	12	240	2.27826
2048	2048	1	414	282	0.00000
2048	2048	1	320	326	6.25101
2048	2048	1	182	402	3.14572
2048	2048	1	86	494	5.78194
2048	2560	1	130	102	4.44103
2048	2560	1	24	90	0.48745
2048	2048	1	380	474	5.43392
2048	2048	1	482	392	4.98276
2560	2048	1	114	240	5.68220
2560	2048	1	180	88	0.00000
2560	2048	1	282	156	0.38496
2560	2048	1	364	234	3.67924
2560	2048	1	464	236	1.45504
2560	2048	1	450	308	1.42101
2560	2560	1	414	10	4.23409
2560	2560	1	246	56	4.93560
2560	2048	2	298	512	0.00000
2560	2048	2	296	394	0.00000
2560	2048	1	162	420	1.57080
2560	2048	1	204	298	3.87159
2048	2560	1	474	96	4.13258
2560	2560	1	104	50	1.00209
2048	2560	1	278	110	0.74418
2048	2560	1	116	232	5.71591
2048	2560	1	270	324	2.73257
2048	2560	1	484	238	1.50127
2560	2560	1	136	154	3.98575
2560	2560	1	148	282	5.80923
2560	2560	1	244	196	0.26453
2560	2560	1	362	174	5.66200
2560	2560	1	42	322	5.17694
2048	2048	1	210	500	4.53451
2560	2560	1	472	106	4.52704
2048	2560	1	114	358	2.92305
2048	2560	1	456	438	0.87346
2560	2560	1	314	312	0.00000
2560	2560	1	422	370	5.43679
2560	2560	2	462	324	0.00000
2048	2560	2	408	56	0.00000
2560	2560	2	12	162	0.00000
2048	2560	1	252	438	6.04106
2560	2560	1	92	440	5.95841
2560	2560	2	10	486	0.00000
2560	2560	2	310	490	0.00000
2560	2560	1	244	426	0.00000
2048	2560	1	38	382	3.39357
2048	2048	1	26	258	6.05190
2048	2560	1	160	512	0.31505
2048	2560	2	174	148	0.00000
2048	2560	2	190	422	0.00000
2048	2560	2	170	366	0.00000
2048	2560	1	346	490	3.81864
2560	2560	1	512	478	3.69005
2560	2048	1	334	80	6.01213
2560	2048	1	448	46	0.63254
2048	2048	1	18	408	0.97012
2048	2560	2	446	322	0.00000
2048	2560	2	382	130	0.00000
3072	2048	1	254	438	5.84302
3072	2048	1	160	484	0.00000
3072	2560	1	422	68	1.74789
3584	2048	1	290	358	1.24905
3072	2560	1	274	176	0.00000
3072	2048	1	420	438	3.31233
3584	2048	1	66	426	3.90813
3072	2048	1	450	244	5.38993
3584	2048	1	158	150	0.00000
3584	2048	1	122	504	4.42506
3072	2048	1	356	340	4.16141
3072	2048	1	50	438	0.00000
3072	2048	1	138	310	4.52240
3072	2048	1	230	260	2.60643
3584	2048	1	392	430	3.33657
3584	2048	1	402	100	6.10897
3584	2048	1	246	94	3.83904
3072	2560	1	200	104	0.89938
3072	2560	2	320	32	0.00000
3072	2560	2	264	26	0.00000
3072	2048	1	492	174	4.89877
3072	2560	1	126	230	4.14907
3072	2560	1	356	192	3.37649
3072	2560	1	244	288	2.11969
3072	2560	2	168	410	0.00000
3584	2560	2	360	444	0.00000
3584	2560	2	408	248	0.00000
3072	2048	1	92	204	0.00000
3072	2048	1	310	228	2.38155
3072	2048	1	322	126	2.94420
3072	2048	1	248	94	2.94255
3072	2048	1	164	92	5.22216
3584	2048	1	42	102	2.37551
3584	2048	1	6	348	4.54005
3584	2560	1	252	74	1.04752
3584	2560	1	126	140	2.96413
3584	2560	1	10	162	1.91502
3584	2560	2	48	106	0.00000
3584	2560	1	202	180	0.00000
3584	2560	1	268	264	3.64500
3072	2560	1	468	258	3.44462
3072	2560	1	406	298	0.00000
3584	2560	1	122	258	2.77870
3584	2560	1	50	328	5.53455
3584	2048	1	476	60	0.00000
3584	2560	1	444	60	4.32656
3584	2560	1	366	166	6.05009
3584	2560	1	474	220	3.06482
3584	2048	1	470	294	1.89687
3584	2560	1	198	348	3.09478
3584	2560	1	364	304	5.66998
3584	2560	1	284	338	3.85427
3584	2048	1	372	208	5.11417
3072	2048	1	406	96	3.95728
3072	2560	1	302	404	1.28107
3072	2560	1	56	174	0.92730
3072	2560	1	444	398	0.67161
3072	2560	1	510	430	3.35653
3584	2560	1	446	406	0.00000
3584	2560	1	66	438	2.83059
3584	2560	1	278	464	4.82554
3584	2560	1	168	474	2.88544
3072	3072	2	103	491	0.00000
3072	3072	1	210	262	3.17269
3072	3072	1	276	146	5.95316
3072	3072	1	40	116	0.89360
3072	3072	1	72	52	1.04416
3072	3072	1	206	42	4.39769
3072	3072	1	398	54	0.42962
3072	3072	1	480	28	3.98911
3584	3072	1	10	86	3.97191
3072	3072	1	386	154	1.13606
3072	3072	1	442	216	1.50909
3072	3072	1	374	276	4.67846
3072	3072	1	282	336	1.56365
3072	3072	1	56	386	0.38655
3072	3072	1	160	390	3.18904
3072	3072	1	58	240	3.22621
3072	3584	1	136	110	2.16916
3072	3584	1	14	94	2.50248
3072	3584	1	52	214	2.11242
3072	3072	1	426	412	1.39635
3072	3072	1	352	498	5.54385
3072	3072	1	274	470	5.96610
3072	3584	1	238	60	2.79874
3072	3584	1	216	202	4.25851
3072	3584	1	358	130	1.79016
3072	3584	1	466	58	1.56198
3584	3072	1	22	446	0.48528
3072	3072	1	454	336	4.83460
3584	3072	1	14	286	2.50259
3584	3072	1	36	216	5.74045
3584	3072	1	124	158	4.28689
3584	3072	1	80	106	4.18500
3584	3072	1	146	38	4.88600
3584	3072	1	268	36	3.97399
3584	3072	2	479	159	0.00000
3584	3072	2	344	169	0.00000
3584	3072	2	240	135	0.00000
3584	3072	1	484	68	3.70789
3584	3072	1	140	308	2.69020
3584	3072	1	200	258	5.87033
3584	3072	1	308	266	3.41886
3584	3072	1	94	396	3.10517
3584	3072	1	182	402	0.80644
3584	3072	1	308	392	1.34628
3584	3072	2	354	319	0.00000
3584	3072	2	396	427	0.00000
3584	3072	1	486	354	2.93101
3584	3072	1	174	512	0.76467
3584	3584	1	290	8	0.46507
3584	3072	1	400	504	1.14501
3072	3584	1	494	144	3.75002
3584	3584	1	172	128	0.51699
3584	3584	1	278	128	3.95121
3584	3584	1	342	152	0.63671
3584	3584	1	416	154	3.41310
3584	3584	1	510	6	1.65222
3584	3584	2	510	78	0.00000
3584	3584	1	478	182	6.11660
3584	3584	1	156	248	5.47337
3584	3584	1	266	230	4.64234
3072	3584	1	492	282	0.45504
3584	3584	1	72	168	0.48382
3072	3584	1	262	318	5.98263
3072	3584	1	368	210	2.06086
3072	3584	1	338	306	5.55324
3072	3584	1	238	450	5.89379
3072	3584	1	158	370	0.59382
3072	3584	1	86	290	1.53641
3584	3584	1	62	292	2.68414
3584	3584	1	452	380	4.73009
3584	3584	1	326	404	0.43510
3072	3584	1	52	488	0.75633
3072	3584	1	32	388	4.05463
3072	3584	2	152	465	0.00000
3072	3584	1	436	468	6.28309
3584	3584	1	288	302	4.39183
3584	3584	1	126	316	2.73431
3584	3584	1	102	436	5.44812
3072	3584	1	340	464	4.80635
3072	3584	1	506	368	4.23030
3584	3584	2	24	477	0.00000
3584	3584	1	228	368	4.28661
3584	3584	1	232	426	4.33894
3584	3584	1	390	474	0.88001
3584	3584	1	490	302	1.91304
3584	3584	1	384	302	0.52947
2048	3584	1	506	496	5.78489
2560	3584	1	130	512	0.00000
2048	3584	1	208	512	5.61321
2048	3584	1	272	470	2.94420
2560	3584	1	68	348	2.82339
2048	3584	1	294	324	0.00000
2560	3584	1	296	318	3.66074
2560	3584	1	374	382	2.30195
2048	3584	1	44	408	1.08192
2048	3584	1	170	354	1.07437
2560	3584	1	464	384	6.00089
2560	3584	1	182	306	3.41284
2048	3584	1	442	416	4.61099
2560	3584	1	220	438	3.49283
2560	3584	1	324	512	0.22015
2048	3584	1	456	512	5.51906
2560	3584	1	296	454	0.39708
2560	3584	1	44	454	2.42827
2560	3584	1	392	512	3.06989
2560	3584	1	512	190	2.31991
2048	3584	1	366	322	0.00000
2560	3584	1	430	224	2.51348
2560	3584	1	512	106	2.46487
2048	3584	1	366	98	2.14564
2048	3584	1	500	242	0.72353
2560	3584	1	256	226	1.74001
2048	3584	1	22	134	0.00000
2048	3584	1	184	130	1.69219
2048	3584	1	330	194	4.90932
2048	3584	1	112	228	1.55262
2048	3584	1	220	226	4.79720
2048	3584	1	200	20	5.52186
2560	3584	1	104	102	3.62943
2560	3584	1	208	142	1.79957
2560	3584	1	396	132	1.61497
2560	3584	1	210	62	5.28218
2560	3584	1	434	6	4.07788
2048	3584	1	464	62	5.60174
2048	3072	1	76	462	0.37063
2048	3072	1	276	410	4.02252
2048	3072	1	344	486	0.90406
2048	3072	2	40	378	0.00000
2048	3072	1	424	362	5.48782
2048	3584	2	364	16	0.00000
2048	3072	2	166	486	0.00000
2048	3072	2	480	452	0.00000
2560	3072	2	84	414	0.00000
2048	3072	2	272	286	0.00000
2048	3072	2	430	238	0.00000
2560	3072	2	110	216	0.00000
2560	3072	2	232	132	0.00000
2560	3072	2	350	244	0.00000
2560	3584	1	306	16	5.26106
2560	3072	1	132	454	0.77261
2560	3072	1	216	446	0.00000
2560	3072	1	408	390	3.81680
2560	3072	1	440	278	4.67669
2560	3072	1	216	362	5.94549
2048	3072	1	222	318	0.00000
2048	3072	1	496	288	3.05988
2560	3072	1	132	316	0.17364
2560	3072	1	52	264	5.73863
2048	3072	1	66	204	1.21259
2048	3072	1	102	124	1.34709
2048	3072	1	62	0	0.26975
2048	3072	1	152	28	0.42042
2048	3072	1	226	154	2.99224
2048	3072	1	288	170	5.97140
2048	3072	1	368	148	5.53003
2560	3072	1	28	118	1.00251
2048	3072	1	326	8	3.62111
2048	3072	1	450	26	1.96269
2560	3072	2	136	76	0.00000
2560	3072	1	196	30	0.00000
2560	3072	1	248	248	5.84243
2560	3072	1	334	158	1.54435
2560	3072	1	512	148	4.02328
2560	3072	1	434	58	5.29239
2560	3072	1	476	0	3.09617
2048	3072	2	212	20	0.00000
