1024	2048	1	276	90	0.00000
1024	2048	2	186	82	0.00000
1024	2048	1	500	20	0.00000
1024	2048	1	362	0	0.00000
1536	2048	1	164	36	4.26094
1536	2048	1	282	88	5.55920
1536	2048	2	230	146	0.00000
1536	2048	1	382	116	0.32993
1024	2048	1	304	204	4.35683
1024	2048	1	202	274	1.92174
1024	2048	1	212	392	0.48885
1024	2048	1	344	436	5.03141
1024	2560	1	286	24	0.97981
1024	2048	1	488	314	0.00000
1536	2048	1	134	200	2.52648
1536	2048	1	148	320	4.62901
1536	2048	1	286	244	4.93832
1536	2048	1	412	282	3.89607
1536	2048	1	488	388	3.25601
1536	2048	2	220	392	0.00000
1536	2048	1	86	420	1.86874
1536	2560	1	42	44	0.00000
1536	2560	1	198	6	2.26319
1536	2048	1	288	412	4.27423
1536	2048	1	350	444	0.75019
1536	2048	2	436	480	0.00000
1536	2560	1	512	38	3.00698
1536	2560	1	380	148	3.43057
1536	2560	1	278	116	0.80032
1536	2560	1	190	106	1.22195
1024	2560	1	386	182	1.42372
1024	2560	1	110	204	3.41970
1024	2560	2	182	296	0.00000
1024	2560	1	56	340	4.00376
1024	2560	1	156	418	2.63649
1024	2560	1	236	356	5.11728
1024	2560	1	276	472	0.72664
1024	2560	1	366	366	0.76135
1024	2560	1	436	434	0.00000
1024	2560	1	476	280	2.76860
1536	2560	1	66	234	3.47269
1536	2560	1	52	388	4.31137
1536	2560	1	48	486	0.96875
1536	2560	1	198	370	5.07688
1536	2560	1	170	262	0.36345
1536	2560	1	318	266	5.80584
1536	2560	1	452	274	0.00000
1536	2560	1	486	160	5.26843
1536	2560	2	416	364	0.00000
1536	2560	2	206	512	0.00000
1536	2560	1	344	512	4.98285
1024	3072	2	500	306	0.00000
1024	3072	2	358	358	0.00000
1024	3072	2	376	200	0.00000
1536	3584	2	476	120	0.00000
1536	3584	2	452	34	0.00000
1536	3584	2	372	56	0.00000
1536	3584	2	38	210	0.00000
1536	3584	2	16	48	0.00000
1536	3072	2	412	168	0.00000
1024	3072	2	480	44	0.00000
1024	3072	2	372	82	0.00000
1024	3072	1	190	244	0.00000
1024	3072	1	236	506	0.00000
1024	3072	1	68	394	0.53296
1024	3072	1	240	358	0.52405
1024	3072	1	330	142	3.03113
1024	3072	1	50	264	3.50719
1024	3072	2	28	358	0.00000
1024	3072	1	76	498	5.59135
1024	3072	1	398	288	5.08352
1024	3072	1	212	144	5.15584
1024	3072	1	118	192	2.93855
1024	3584	1	424	22	1.15448
1024	3072	1	130	304	2.35619
1536	3072	1	18	230	5.76404
1024	3072	1	226	338	0.00000
1024	3072	1	226	62	1.42019
1536	3072	1	34	438	3.56764
1536	3072	1	116	454	3.57765
1536	3072	1	178	492	3.12789
1536	3072	1	336	398	6.16256
1536	3072	2	246	486	0.00000
1536	3072	1	284	476	0.00000
1536	3072	1	144	304	1.92379
1536	3072	1	56	118	0.00000
1024	3072	1	500	86	3.73031
1536	3072	1	222	60	2.52021
1024	3072	1	434	72	6.03408
1536	3072	1	322	232	2.48162
1536	3072	1	324	144	2.80823
1024	3072	1	458	72	0.00000
1536	3584	1	88	126	3.56465
1024	3584	1	350	160	1.37340
1024	3584	1	446	156	0.00000
1024	3584	1	44	158	2.42434
1024	3584	2	174	32	0.00000
1536	3584	1	464	232	5.44356
1536	3584	1	154	238	2.81754
1536	3584	1	250	216	4.44024
1536	3584	1	348	282	3.29784
1536	3072	1	422	374	0.00000
1536	3072	2	370	338	0.00000
1536	3072	1	478	220	3.62212
1024	3584	1	252	254	0.00000
1024	3584	1	400	256	1.42124
1536	3072	1	250	272	5.02417
1536	3072	1	228	350	3.32902
1536	3584	1	410	240	2.68390
1024	3072	1	104	56	4.22988
1536	3072	1	440	84	3.04753
1536	3584	2	394	118	0.00000
1536	3584	1	46	330	0.00000
1024	3584	1	434	366	0.25825
1024	3584	1	90	474	0.00000
1536	3584	1	72	458	0.28044
1536	3584	1	226	330	0.56673
1536	3584	1	176	468	0.00000
1536	3584	1	404	350	0.00000
1536	3584	1	472	446	0.00000
1536	3584	1	394	442	5.72801
1536	3584	1	312	472	5.86688
2048	2048	1	30	102	3.83861
2048	2048	1	128	32	2.34415
2048	2048	2	112	106	0.00000
2048	2048	1	216	80	4.24397
2048	2048	1	232	236	0.43424
2048	2048	1	64	278	5.80483
2048	2048	1	108	200	5.84081
2048	2048	1	384	126	1.32333
2048	2048	2	410	22	0.00000
2048	2048	2	486	66	0.00000
2048	2048	1	358	428	4.75781
2048	2048	1	446	274	2.43483
2560	2048	1	32	138	4.17197
2560	2048	1	96	248	2.61892
2560	2048	1	52	396	2.80154
2048	2048	1	22	450	3.35229
2048	2048	1	74	510	3.62708
2048	2560	1	74	130	4.00376
2048	2560	1	172	50	2.84988
2048	2048	2	212	504	0.00000
2048	2560	2	164	150	0.00000
2048	2560	2	224	152	0.00000
2048	2048	2	270	490	0.00000
2048	2560	1	286	52	4.03892
2048	2560	1	0	182	5.21146
2048	2560	1	76	308	4.17302
2048	2560	1	10	406	3.97531
2048	2560	1	68	462	3.38955
2048	2560	2	170	372	0.00000
2048	2560	2	186	418	0.00000
2048	2560	1	152	512	0.00000
2048	2560	1	236	500	3.35369
2048	2560	1	348	492	4.16345
2048	2560	2	474	478	0.00000
2560	2560	2	26	488	0.00000
2048	2560	1	264	338	4.90295
2048	2560	1	334	290	5.44601
2048	2560	2	342	198	0.00000
2048	2560	2	426	58	0.00000
2048	2560	1	330	136	4.24937
2048	2560	1	412	196	0.00000
2048	2560	1	478	120	3.15453
2048	2048	1	484	506	4.84194
2560	2560	1	8	288	2.52897
2048	2560	2	434	312	0.00000
2560	2560	2	512	12	0.00000
2560	2048	2	300	506	0.00000
2560	2048	1	168	190	5.74977
2560	2048	1	194	82	0.00000
2560	2048	1	308	102	0.00000
2560	2048	1	352	36	0.00000
2560	2048	1	432	58	0.00000
2560	2048	1	486	180	0.27830
2560	2048	1	264	200	5.45020
2560	2048	1	248	302	4.03033
2560	2048	1	510	296	0.27351
2560	2048	1	414	366	2.10631
2560	2048	1	260	434	3.73082
2560	2048	1	404	484	4.35625
2560	2560	1	380	74	4.69198
2560	2560	1	254	66	2.75099
2560	2560	1	94	54	1.07304
2560	2560	2	30	158	0.00000
2560	2560	1	124	198	5.78274
2560	2560	1	176	120	0.00000
2560	2560	1	314	168	4.58761
2560	2560	1	444	218	4.09636
2560	2560	1	292	272	3.57626
2560	2560	1	182	364	0.00000
2560	2560	1	94	354	3.20900
2560	2560	1	282	400	4.11010
2560	2560	1	256	496	3.92699
2560	2560	1	372	484	3.58953
2560	2560	2	440	326	0.00000
2560	2560	1	492	382	3.70327
2560	2560	1	512	496	1.77232
3072	2560	1	58	498	1.92771
3072	2560	1	212	470	1.59393
3072	2560	1	384	484	0.00000
3584	2560	1	6	496	6.11703
3584	2560	1	250	454	0.99800
3584	2560	1	458	512	0.47482
3584	2560	1	512	438	4.73756
3584	2560	1	418	414	1.75826
3584	2560	1	368	512	3.87441
3584	2560	1	294	346	4.20546
3584	2560	1	402	318	5.52808
3584	2560	1	490	324	5.88788
3584	2560	1	166	400	1.12402
3584	2560	1	96	392	3.64908
3584	2560	1	194	316	5.50762
3072	2560	1	476	290	6.25089
3584	2560	1	52	326	0.79875
3072	2560	1	434	422	2.69600
3072	2560	1	280	384	1.11140
3072	2560	1	110	398	4.26210
3072	2560	1	384	256	2.64721
3072	2560	1	84	260	1.67032
3072	2560	1	162	180	2.63036
3072	2560	1	244	156	2.46727
3072	2560	1	380	84	0.00000
3584	2560	1	132	214	3.82014
3584	2560	1	230	216	4.41815
3584	2560	1	298	264	4.08065
3584	2560	2	398	238	0.00000
3584	2560	1	408	108	5.99267
3584	2560	1	478	170	3.36352
3584	2560	1	512	64	4.85007
3584	2048	1	512	484	5.02447
3584	2048	1	444	446	2.79155
3584	2560	1	342	30	3.76024
3584	2560	1	224	68	4.05744
3584	2048	1	224	418	4.84096
3584	2048	1	342	308	4.70474
3584	2560	1	258	148	1.83013
3584	2560	1	40	168	1.66450
3072	2560	2	462	184	0.00000
3072	2560	2	438	130	0.00000
3072	2560	2	168	78	0.00000
3072	2560	2	136	28	0.00000
3072	2560	2	190	30	0.00000
3072	2560	2	324	30	0.00000
3584	2560	1	74	98	1.63847
3584	2560	1	100	22	4.96728
3584	2048	1	106	460	4.82860
3072	2560	1	488	30	3.25628
3072	2048	1	408	456	5.79792
3072	2560	1	264	34	6.03821
3072	2560	1	50	54	0.84498
3072	2048	1	146	494	1.88179
3072	2048	1	248	428	4.77338
3072	2048	1	456	392	5.45709
3584	2048	1	76	296	2.69419
3072	2048	1	494	328	2.43045
3072	2048	1	114	328	4.74095
3072	2048	1	76	202	1.93927
3072	2048	1	2	110	3.60727
3072	2048	1	158	134	5.84581
3072	2048	2	62	0	0.00000
3072	2048	1	192	64	1.86930
3072	2048	1	268	12	4.94193
3072	2048	2	434	10	0.00000
3072	2048	1	458	120	5.17196
3072	2048	1	296	162	0.05578
3072	2048	1	362	324	3.40630
3072	2048	1	236	334	2.46167
3072	2048	1	274	274	2.41410
3584	2048	1	154	118	0.00000
3584	2048	1	208	0	6.16608
3584	2048	1	390	210	5.26538
3584	2048	1	240	228	4.46741
3584	2048	1	264	86	3.62658
3584	2048	1	376	82	5.83513
3584	2048	1	498	48	5.94730
3072	2048	1	358	124	5.88611
3072	2048	2	8	258	0.00000
3584	2560	2	338	142	0.00000
3584	3072	1	348	394	3.14884
3072	3072	1	168	242	4.20753
3072	3072	2	426	254	0.00000
3584	3072	2	378	330	0.00000
3072	3072	2	250	450	0.00000
3072	3072	1	8	76	5.49086
3072	3072	1	92	148	3.24928
3072	3072	1	218	38	1.22855
3072	3072	1	230	136	2.73622
3072	3072	1	330	108	3.91911
3072	3072	1	392	0	0.00000
3072	3072	1	40	236	5.52266
3072	3072	2	34	384	0.00000
3072	3072	1	96	382	0.53308
3072	3072	1	204	334	3.64406
3072	3072	1	310	300	2.56972
3072	3072	1	354	236	5.59535
3072	3072	1	398	132	3.56764
3584	3072	1	6	96	5.39315
3584	3072	1	18	12	5.78129
3072	3072	1	102	482	0.77279
3072	3584	1	30	84	2.58360
3072	3072	1	210	506	5.94585
3072	3072	1	316	412	5.51036
3072	3072	1	402	370	3.17403
3584	3072	1	6	188	5.56299
3072	3072	1	490	288	0.00000
3072	3072	1	494	388	1.59676
3584	3072	1	130	58	2.56986
3584	3072	2	234	134	0.00000
3584	3072	2	196	50	0.00000
3072	3584	1	0	202	5.36688
3072	3584	1	140	50	3.47768
3072	3584	1	150	172	2.88904
3584	3072	1	266	70	2.86164
3584	3072	1	342	12	3.70406
3584	3072	1	450	10	0.24192
3584	3072	1	378	100	2.34136
3584	3072	1	358	238	0.00000
3584	3072	1	416	250	3.46711
3584	3072	1	114	170	2.85162
3584	3072	1	120	282	2.13932
3584	3072	1	208	212	3.19539
3584	3072	1	278	334	2.86655
3584	3072	1	112	354	1.73595
3584	3072	1	512	64	2.95451
3584	3072	1	478	252	0.00000
3584	3072	1	474	380	1.78107
3584	3072	1	428	458	3.02261
3584	3072	1	236	476	1.05957
3072	3584	1	328	12	5.42102
3072	3072	1	430	470	4.47865
3072	3584	1	446	28	1.16801
3584	3072	1	96	442	1.66941
3584	3584	1	66	6	5.25856
3584	3584	1	304	42	3.40784
3584	3072	1	512	482	2.13952
3584	3584	1	488	70	4.09902
3584	3584	1	366	126	4.14235
3584	3584	1	186	50	1.65844
3584	3584	1	10	68	1.62169
3584	3584	1	30	124	1.04058
3584	3584	1	56	186	0.97534
3584	3584	1	92	244	1.02361
3072	3584	1	342	100	1.83313
3072	3584	1	262	150	5.19577
3072	3584	1	470	196	0.00000
3072	3584	1	396	250	0.00000
3072	3584	1	312	288	6.15236
3072	3584	1	220	258	3.24609
3072	3584	1	112	292	0.00000
3584	3584	1	214	186	2.30565
3584	3584	1	484	204	5.49602
3072	3584	1	206	364	1.52205
3072	3584	2	44	386	0.00000
3584	3584	1	488	416	1.56774
3584	3584	1	496	326	1.59410
3072	3584	1	464	334	0.64752
3584	3584	1	176	312	0.22680
3584	3584	1	286	356	1.54107
3072	3584	1	156	474	1.00903
3584	3584	1	36	366	0.71236
3584	3584	1	380	438	0.00000
3584	3584	1	374	286	5.42207
3072	3584	1	336	428	0.67978
3584	3584	1	122	458	0.00000
3072	3584	1	422	478	0.96851
3584	3584	1	260	490	0.00000
3584	3584	1	190	480	0.00000
3584	3584	1	466	488	2.22545
2048	3072	1	284	158	0.29641
2048	3072	1	46	96	4.31387
2048	3072	1	156	30	0.00000
2048	3072	1	236	12	0.00000
2048	3072	2	150	128	0.00000
2048	3072	2	66	0	0.00000
2048	3072	2	474	38	0.00000
2560	3072	2	140	74	0.00000
2560	3072	2	224	134	0.00000
2560	3072	2	352	240	0.00000
2048	3072	1	44	240	0.32937
2048	3072	1	98	292	0.47817
2048	3072	1	98	404	4.11113
2048	3072	2	24	374	0.00000
2048	3584	1	206	488	0.00000
2048	3584	1	332	492	0.31952
2560	3584	1	220	466	5.83410
2560	3584	1	388	482	5.24446
2560	3584	1	140	500	0.23750
2048	3584	1	430	426	0.16029
2560	3584	1	498	454	2.25002
2560	3584	1	380	394	5.23154
2560	3584	2	272	352	0.00000
2560	3584	1	30	400	0.18948
2048	3584	1	46	440	0.58800
2048	3584	1	98	482	4.54317
2048	3584	1	190	248	6.22803
2048	3584	1	80	334	4.71828
2048	3584	1	90	230	1.64055
2048	3584	1	418	210	0.00000
2560	3584	1	46	208	0.68246
2560	3584	1	160	342	1.08136
2560	3584	1	150	244	1.77829
2560	3584	1	466	326	1.21203
2048	3584	1	324	280	1.65333
2048	3584	2	242	340	0.00000
2560	3584	2	270	248	0.00000
2048	3584	2	266	130	0.00000
2560	3584	1	370	182	0.42020
2560	3584	1	484	184	6.00265
2560	3584	1	512	70	5.63173
2048	3584	1	308	182	4.90978
2048	3584	1	230	196	2.79346
2048	3584	1	178	20	3.41338
2048	3584	1	46	4	2.64592
2048	3584	1	28	132	0.00000
2048	3584	2	130	116	0.00000
2048	3072	1	408	296	6.26399
2048	3584	1	290	32	3.23940
2048	3072	1	224	408	2.83492
2048	3072	1	412	446	4.84060
2048	3072	2	314	432	0.00000
2048	3584	1	494	74	6.13135
2048	3584	1	432	44	3.10360
2048	3584	1	362	50	6.05877
2560	3584	1	152	74	0.53250
2560	3584	1	220	160	1.28474
2560	3584	1	250	78	4.24874
2560	3072	1	24	434	3.30529
2560	3584	1	88	10	4.09580
2048	3072	1	342	236	0.00000
2048	3072	1	484	126	6.12747
2560	3072	1	88	144	1.51930
2560	3072	2	102	228	0.00000
2560	3072	1	412	178	2.95471
2560	3072	1	488	88	5.30396
2560	3072	2	232	26	0.00000
2560	3072	2	350	28	0.00000
2560	3072	1	66	302	2.20225
2048	3072	1	380	150	5.34487
2560	3072	1	474	392	5.45358
2560	3072	1	366	394	6.10768
2560	3072	1	512	212	5.32019
2560	3072	1	268	452	0.43655
2560	3584	1	370	22	5.11461
2560	3072	1	206	304	5.22000
2560	3072	1	152	386	1.40961
2560	3072	2	78	440	0.00000
2560	3072	1	216	232	5.73753
2560	3072	1	282	236	2.71352
2048	3072	2	280	278	0.00000
2048	3072	2	222	270	0.00000
2048	3072	2	466	286	0.00000
2560	3072	1	212	460	0.33832
