1024	2048	1	40	100	0.00000
1024	2048	1	110	56	5.56431
1024	2048	1	204	60	0.54550
1024	2048	2	252	0	0.00000
1024	2048	1	110	238	1.13853
1024	2048	1	246	356	0.42103
1024	2048	1	492	250	3.16438
1536	2048	1	80	76	6.08874
1536	2048	2	14	32	0.00000
1536	2048	1	230	130	0.00000
1536	2048	1	332	196	0.00000
1536	2048	1	372	86	1.87001
1536	2048	2	490	64	0.00000
1536	2048	1	510	186	6.13372
1536	2048	1	40	322	3.53699
1536	2048	1	162	312	4.00580
1536	2048	1	268	350	4.44873
1536	2048	1	424	308	5.21915
1024	2560	1	262	36	1.02228
1024	2048	1	464	442	4.69651
1536	2048	1	114	424	4.77072
1536	2048	1	316	452	2.10281
1536	2048	1	464	446	2.05795
1024	2560	1	72	142	3.14649
1024	2560	1	406	136	1.79330
1024	2560	1	452	58	2.55786
1536	2560	1	28	22	0.95098
1536	2560	1	98	40	1.41814
1536	2560	1	208	146	0.00000
1536	2560	1	92	146	5.72443
1536	2560	1	14	216	2.03735
1536	2560	1	350	70	4.22775
1536	2560	1	346	146	1.58577
1536	2560	1	448	240	0.03360
1536	2560	1	512	180	6.14422
1536	2560	1	304	250	5.69118
1024	2560	1	76	262	5.58800
1024	2560	1	290	302	4.46003
1024	2560	2	190	284	0.00000
1024	2560	1	494	306	2.33453
1024	2560	1	188	466	2.94162
1024	2560	1	22	410	2.98413
1024	2560	1	290	448	5.29091
1024	2560	1	412	390	1.03066
1024	2560	1	496	494	1.73644
1536	2560	1	42	432	5.08198
1536	2560	1	194	472	2.35619
1536	2560	1	348	492	3.84098
1536	2560	1	418	332	2.08491
1536	2560	1	396	424	2.01597
1536	2560	2	506	458	0.00000
1024	3072	1	136	72	1.16306
1024	3072	1	60	26	4.20321
1024	3072	1	88	238	0.64390
1024	3072	1	166	210	0.27676
1024	3072	1	306	98	5.66710
1024	3072	1	366	104	5.46095
1024	3072	1	478	96	2.20258
1536	3072	1	124	60	0.73193
1024	3072	1	308	290	0.06185
1024	3072	1	494	228	0.95587
1024	3072	1	82	354	5.64760
1024	3072	1	200	344	0.51979
1024	3072	1	288	456	1.63522
1024	3584	1	88	138	0.54393
1024	3072	1	16	470	4.40462
1024	3072	1	238	200	0.06997
1536	3072	1	374	74	1.16067
1024	3072	1	506	384	0.53022
1536	3072	1	222	128	0.76816
1536	3072	1	286	212	0.52530
1536	3072	1	216	304	1.70579
1536	3072	1	388	142	1.14938
1536	3072	1	510	74	5.98510
1536	3072	1	500	260	5.86231
1536	3072	1	460	378	5.99409
1536	3072	1	396	406	6.04058
1536	3072	1	388	236	4.42113
1536	3072	1	168	414	4.79924
1536	3584	1	404	12	1.74511
1536	3584	2	482	116	0.00000
1536	3584	1	384	124	4.21911
1536	3584	1	276	214	5.60813
1024	3584	1	474	60	3.59957
1536	3072	1	106	490	2.20751
1536	3072	1	222	468	0.67552
1536	3584	1	268	30	3.02695
1536	3584	1	174	96	2.52993
1536	3584	2	152	166	0.00000
1536	3584	1	114	222	2.48846
1024	3584	1	466	182	4.59147
1024	3584	1	310	34	3.84764
1024	3584	1	214	110	2.73124
1024	3584	1	102	230	0.68429
1024	3584	1	312	132	1.43411
1024	3584	1	444	260	1.94291
1024	3584	1	282	340	1.32845
1536	3584	1	44	386	1.69494
1536	3584	1	164	450	0.40330
1536	3584	1	474	312	0.26524
1536	3584	1	348	474	0.23133
1536	3584	2	436	460	0.00000
1024	3584	1	460	474	0.00000
1536	3584	1	40	496	0.49753
1024	3584	1	180	430	0.00000
1536	3584	1	362	330	5.41176
1536	3584	1	130	322	1.75239
1024	3584	1	70	414	2.48473
1024	3584	1	6	174	4.03741
1024	3584	1	44	516	5.41982
1536	3584	2	56	116	0.00000
2048	2048	1	20	198	0.00000
2048	2048	1	50	278	0.40869
2048	2048	1	98	328	3.72865
2048	2048	1	228	230	2.24459
2048	2048	1	186	332	3.91042
2048	2048	1	318	322	0.00000
2048	2048	1	396	286	0.00000
2048	2048	1	506	196	1.92019
2560	2048	1	118	254	5.77809
2048	2048	2	498	64	0.00000
2048	2048	2	400	18	0.00000
2560	2048	2	146	16	0.00000
2048	2048	2	484	14	0.00000
2048	2560	2	180	152	0.00000
2048	2048	2	220	482	0.00000
2048	2048	2	268	510	0.00000
2048	2560	2	414	56	0.00000
2560	2048	2	296	388	0.00000
2048	2560	2	328	210	0.00000
2048	2560	2	386	128	0.00000
2560	2048	2	320	30	0.00000
2560	2048	2	218	36	0.00000
2560	2048	2	506	26	0.00000
2560	2560	2	496	84	0.00000
2048	2048	2	194	114	0.00000
2048	2048	2	262	56	0.00000
2048	2048	1	324	156	3.65045
2560	2048	1	74	140	3.55886
2560	2048	1	190	112	0.00000
2560	2048	1	316	102	0.00000
2560	2048	1	426	46	0.00000
2560	2048	1	386	182	0.54042
2560	2048	1	334	324	5.63643
2560	2048	1	190	252	2.58165
2048	2048	1	494	282	5.34384
2560	2048	1	12	418	3.51590
2048	2048	1	380	462	5.24046
2560	2560	1	428	14	4.35261
2560	2560	1	316	14	3.82986
2560	2560	1	420	118	5.93944
2560	2560	1	484	270	2.17546
2560	2560	1	512	192	2.38058
2560	2560	1	290	208	4.29318
2560	2560	1	174	136	3.03851
2560	2560	1	78	122	0.00000
2048	2560	1	494	90	3.94200
2048	2560	1	500	246	1.08588
2048	2560	1	308	84	5.71001
2048	2560	1	250	182	0.39035
2048	2560	1	42	32	0.73282
2048	2560	1	96	126	4.04774
2048	2560	1	144	226	5.25851
2560	2560	2	18	466	0.00000
2048	2560	2	170	364	0.00000
2048	2560	2	198	428	0.00000
2048	2560	2	324	428	0.00000
2048	2560	2	450	324	0.00000
2560	2560	2	300	490	0.00000
2560	2560	2	468	332	0.00000
2048	2560	1	266	320	3.47583
2048	2560	1	18	216	0.00000
2048	2560	1	98	312	5.49930
2560	2560	1	226	312	5.26389
2560	2560	1	128	362	4.81555
2560	2560	1	418	352	5.83761
2560	2560	1	362	494	0.00000
2560	2560	1	126	460	5.33264
2048	2560	1	490	440	3.87969
2048	2560	1	404	466	0.00000
2048	2560	1	294	476	0.00000
2048	2560	1	178	512	0.00000
2048	2560	1	18	438	3.75789
2048	2560	1	80	510	3.10646
2560	2560	1	240	490	0.00000
2560	2048	1	428	250	1.03521
2560	2048	1	504	74	3.65444
2560	2560	1	474	512	0.00000
3584	2560	1	172	492	2.21023
3584	2048	1	444	454	5.83230
3584	2048	1	318	506	3.04387
3584	2560	1	236	440	4.24356
3072	2560	1	152	378	5.99393
3072	2560	1	358	448	0.61407
3584	2560	1	78	132	0.00000
3584	2560	1	142	28	5.01598
3584	2560	1	278	188	2.33329
3072	2560	1	234	188	4.43522
3072	2560	1	262	492	2.26738
3072	2560	1	132	276	2.95337
3072	2560	1	482	132	2.26741
3072	2560	1	436	394	3.00787
3072	2560	1	56	356	5.23479
3584	2048	1	104	428	3.54154
3584	2048	1	52	264	5.17534
3584	2560	1	174	136	2.24527
3584	2048	1	2	350	4.32044
3584	2048	1	442	328	1.06120
3584	2048	1	326	322	2.27175
3072	2048	1	184	496	0.10104
3072	2560	1	140	500	1.65700
3584	2048	1	462	54	0.00000
3072	2560	1	510	226	2.04649
3584	2560	1	348	170	5.70947
3584	2048	1	384	202	5.69878
3584	2560	1	60	456	2.28489
3584	2560	1	426	326	5.95251
3584	2560	1	430	474	5.80749
3584	2560	1	316	510	4.60237
3584	2560	1	174	350	3.17384
3072	2560	1	232	346	2.84505
3584	2560	1	68	348	4.20542
3584	2560	1	366	340	2.97130
3584	2560	1	492	466	5.76404
3584	2560	1	504	348	5.94208
3072	2560	1	248	86	0.80675
3584	2560	1	248	270	5.62704
3584	2048	1	386	80	6.13363
3072	2560	1	442	296	2.28195
3072	2048	1	368	512	5.91432
3072	2560	1	44	210	1.85350
3072	2560	1	344	270	6.03063
3072	2560	1	502	492	0.95304
3072	2560	1	272	300	2.62442
3584	2560	1	462	154	0.00000
3584	2560	1	436	60	4.04440
3072	2560	1	44	80	4.75969
3584	2560	2	348	444	0.00000
3584	2560	2	20	92	0.00000
3072	2560	2	158	78	0.00000
3584	2048	1	270	76	3.74388
3584	2048	1	274	200	2.42722
3584	2048	1	146	116	0.00000
3072	2048	1	410	174	0.10188
3072	2048	1	188	124	5.59575
3072	2048	1	394	332	4.07605
3072	2048	1	110	372	1.32582
3072	2048	1	62	472	4.97387
3072	2048	1	210	396	4.83464
3072	2048	1	308	310	3.45829
3072	2048	1	270	238	3.97132
3072	2048	1	482	200	3.94255
3072	2048	1	496	34	6.11341
3072	2048	1	382	72	4.04125
3072	2048	1	266	96	2.75099
3072	2048	1	64	264	5.73753
3072	2048	1	138	230	2.50981
3072	2048	1	10	138	5.82135
3072	2048	1	18	0	0.00000
3072	2560	2	320	34	0.00000
3072	2048	2	296	26	0.00000
3584	2048	1	218	0	0.00000
3072	3072	1	184	138	2.91403
3072	3072	1	92	148	2.75203
3072	3072	1	20	126	6.13164
3072	3072	1	162	30	1.81036
3072	3072	1	388	32	0.00000
3072	3072	1	276	182	6.10641
3072	3072	1	72	270	1.88038
3072	3072	1	210	328	2.19737
3072	3072	1	36	364	3.82192
3072	3072	1	90	436	0.57049
3072	3072	1	116	486	0.76175
3072	3072	1	376	164	1.45823
3072	3072	1	472	40	3.43968
3584	3072	1	36	84	4.24036
3584	3072	1	210	58	4.94700
3584	3072	2	186	140	0.00000
3584	3072	1	132	194	2.99434
3072	3072	1	432	206	1.20146
3584	3072	1	56	188	6.00686
3072	3072	1	496	276	3.20892
3072	3072	1	356	290	6.05639
3584	3072	1	120	338	4.20548
3584	3072	1	256	210	4.39064
3584	3072	2	340	356	0.00000
3584	3072	2	392	370	0.00000
3584	3072	2	386	212	0.00000
3584	3072	2	396	296	0.00000
3584	3072	2	294	284	0.00000
3584	3072	1	388	102	0.38367
3584	3072	1	498	114	4.00581
3584	3072	1	448	0	5.96991
3584	3072	1	492	272	3.64891
3584	3072	1	454	432	5.17069
3072	3072	1	228	494	3.51505
3072	3072	1	342	410	1.08721
3072	3072	1	458	470	4.29518
3584	3584	1	38	14	2.94575
3584	3072	1	198	450	4.47684
3584	3072	1	276	390	0.23882
3584	3072	1	346	484	1.42255
3584	3584	1	108	48	0.00000
3584	3584	1	180	66	0.39736
3584	3584	1	266	72	5.78432
3584	3584	1	386	60	0.86523
3584	3584	1	432	154	2.57026
3584	3584	1	496	88	5.49982
3584	3072	2	34	358	0.00000
3072	3584	1	302	80	5.21269
3072	3584	1	370	24	5.36444
3072	3584	1	452	130	5.19838
3072	3584	1	124	72	1.85147
3072	3584	1	52	120	2.79604
3072	3584	1	124	286	2.48597
3072	3584	1	78	348	2.40473
3072	3584	1	14	412	2.26213
3072	3584	1	232	166	1.46370
3072	3584	1	214	314	6.08206
3072	3584	1	160	418	1.29250
3072	3584	1	402	210	0.48132
3584	3584	1	42	262	2.62245
3072	3584	1	508	406	0.78540
3072	3584	1	304	268	0.67941
3584	3584	1	212	190	0.30530
3584	3584	1	322	196	0.54042
3584	3584	1	204	304	0.64633
3584	3584	1	448	268	2.70202
3584	3584	1	52	144	2.81984
3072	3584	1	450	286	4.65186
3072	3584	1	402	462	0.00000
3072	3584	1	318	398	1.08306
3072	3584	1	244	478	1.73595
3584	3584	1	72	446	0.24910
3584	3584	1	224	454	1.66000
3584	3584	1	266	370	1.38740
3584	3584	1	480	412	5.43109
3584	3584	1	368	316	2.99109
3584	3584	1	354	476	5.85431
3584	3584	1	120	298	3.04161
3584	3584	1	506	252	0.34151
2560	3072	1	18	74	1.02375
2560	3072	1	100	112	1.38361
2048	3072	1	228	88	0.54042
2048	3072	1	260	154	3.82312
2048	3072	1	82	164	1.23150
2048	3072	1	154	42	0.63158
2048	3072	1	18	82	5.52808
2048	3072	1	14	286	0.00000
2048	3072	2	162	486	0.00000
2048	3072	1	308	230	0.71654
2048	3072	1	184	336	0.66477
2048	3072	1	468	224	0.00000
2048	3072	1	452	410	0.13786
2048	3072	1	382	388	2.78226
2048	3072	1	286	354	1.92445
2560	3072	1	150	322	0.00000
2048	3584	1	182	274	3.13130
2048	3584	1	78	398	0.00000
2560	3072	1	296	194	0.76296
2560	3072	1	94	184	4.82880
2048	3584	1	78	56	0.95344
2048	3584	1	222	30	2.16853
2048	3072	1	320	512	0.98605
2560	3584	1	242	78	0.46365
2560	3072	1	26	336	2.04406
2048	3072	2	44	380	0.00000
2560	3072	1	46	480	0.00000
2560	3072	2	108	422	0.00000
2560	3072	1	154	502	1.84967
2560	3072	1	288	328	4.49600
2560	3072	2	222	144	0.00000
2560	3072	2	346	246	0.00000
2560	3072	1	438	184	0.34302
2560	3072	1	470	322	5.22968
2560	3072	1	384	446	4.76789
2560	3072	2	228	458	0.00000
2560	3584	1	392	60	0.76722
2048	3584	1	410	92	3.75543
2048	3584	2	256	198	0.00000
2560	3584	1	26	104	2.08346
2560	3584	1	128	68	1.64166
2560	3584	1	478	92	0.00000
2048	3584	1	438	216	1.91761
2048	3584	1	342	268	1.68896
2048	3584	2	62	222	0.00000
2560	3584	1	90	214	4.61906
2560	3584	1	220	162	2.06928
2560	3584	1	358	144	4.69680
2560	3584	1	342	220	2.06075
2560	3584	1	468	228	2.03365
2560	3584	1	166	272	4.57929
2560	3584	1	14	336	0.89975
2048	3584	1	428	386	0.00000
2048	3584	1	300	382	2.25230
2560	3584	1	200	448	4.60751
2560	3584	1	26	406	3.86108
2560	3584	2	104	424	0.00000
2048	3584	2	470	484	0.00000
2560	3584	2	350	320	0.00000
2560	3584	2	258	346	0.00000
2560	3584	2	244	300	0.00000
2560	3584	1	436	412	2.26925
2560	3072	1	256	2	0.00000
2560	3072	1	360	14	0.00000
2560	3072	1	512	128	0.00000
2048	3584	2	42	488	0.00000
2048	3584	2	206	488	0.00000
2560	3584	2	342	496	0.00000
2560	3584	2	498	376	0.00000
