1024	2048	1	200	80	0.41097
1536	2048	1	28	12	0.00000
1024	2048	1	126	348	3.39328
1024	2048	1	20	428	1.42755
1024	2048	1	300	106	4.44249
1024	2048	1	222	204	3.01736
1024	2048	1	466	248	3.11368
1536	2048	1	164	70	4.51877
1536	2048	1	316	68	0.00000
1536	2048	1	394	98	0.37026
1536	2048	2	492	82	0.00000
1536	2048	1	178	228	1.61718
1536	2048	1	212	490	2.71680
1536	2048	1	230	142	5.87829
1536	2048	1	468	242	6.00922
1536	2048	1	372	248	3.24168
1536	2048	1	248	304	1.70577
1024	2048	1	232	360	0.48479
1024	2048	1	210	488	4.30750
1536	2048	1	406	370	4.42147
1536	2048	1	186	384	1.27536
1536	2560	1	474	144	0.00000
1536	2048	1	458	426	3.97550
1536	2048	1	330	482	3.79345
1024	2560	1	128	260	4.26992
1024	2560	1	202	160	5.15206
1024	2560	1	408	102	2.84615
1024	2560	1	490	124	5.78027
1536	2560	1	80	116	0.89646
1536	2560	1	144	160	0.54158
1536	2560	1	202	204	3.16340
1024	2560	1	250	38	0.99145
1536	2560	1	42	302	0.21769
1536	2560	1	392	434	1.85889
1024	2560	1	436	266	1.44116
1024	2048	1	484	506	4.00728
1536	2560	1	68	44	1.39251
1024	2560	1	56	82	1.14660
1536	2560	1	270	260	5.87011
1536	2560	1	338	334	4.01908
1024	2560	1	356	364	4.92829
1536	2560	1	236	356	1.94013
1024	2560	1	128	362	1.37340
1024	2560	1	34	460	2.59812
1536	2560	1	74	446	5.06746
1024	2560	1	498	464	2.31809
1024	2560	1	242	458	2.85037
1024	2560	1	144	482	6.08774
1536	2560	1	200	430	2.40267
1536	2560	2	486	416	0.00000
1024	2560	2	350	466	0.00000
1024	2560	2	102	208	0.00000
1024	2560	2	194	292	0.00000
1024	3072	1	72	58	2.25132
1024	3072	2	150	28	0.00000
1024	3072	1	268	116	5.77609
1024	3072	1	414	94	3.08016
1024	3072	1	502	112	3.62849
1536	3072	1	96	28	1.18698
1536	3072	1	96	108	3.74977
1536	3072	1	186	106	0.31505
1536	3072	1	148	186	4.30424
1536	3072	1	246	94	3.23263
1536	3072	1	374	110	3.06397
1536	3072	1	446	54	0.33474
1536	3072	1	474	168	2.42211
1536	3072	1	414	266	0.00000
1024	3072	1	106	192	0.64203
1024	3072	1	174	212	0.55368
1024	3072	1	0	266	4.02295
1024	3072	1	240	258	0.32664
1024	3072	1	384	234	4.60751
1536	3072	1	44	274	5.36384
1536	3072	1	166	306	4.28321
1536	3072	1	412	410	0.89708
1024	3072	1	58	314	0.66230
1024	3072	1	72	406	0.45548
1024	3072	2	142	420	0.00000
1024	3072	1	196	382	5.97453
1024	3072	1	276	346	0.00000
1024	3072	1	388	360	6.22483
1536	3072	1	56	364	2.41558
1024	3072	2	490	356	0.00000
1024	3584	1	36	90	0.13880
1024	3584	1	112	68	6.23089
1024	3584	1	196	18	5.83974
1024	3072	1	274	474	5.83599
1024	3072	1	394	478	2.14746
1024	3072	1	466	450	2.74001
1536	3072	1	90	470	1.98361
1536	3072	1	190	430	5.44564
1536	3072	1	288	502	3.57403
1024	3584	1	372	70	2.71238
1024	3584	1	142	272	2.94665
1024	3584	1	194	194	5.31520
1024	3584	1	330	182	3.46869
1024	3584	1	482	210	5.50241
1536	3584	1	80	160	2.44581
1536	3584	1	98	36	5.14479
1536	3584	2	458	100	0.00000
1536	3584	2	392	126	0.00000
1536	3072	2	510	274	0.00000
1536	3584	1	220	78	5.89631
1536	3584	1	412	236	1.25483
1536	3584	2	370	58	0.00000
1536	3584	1	326	156	2.00489
1024	3584	1	260	328	0.25224
1024	3584	1	158	452	0.00000
1024	3584	1	12	488	5.34534
1024	3584	1	312	420	4.06796
1024	3584	1	416	290	5.27040
1536	3584	1	80	324	0.31484
1536	3584	1	176	296	2.44572
1536	3584	2	250	262	0.00000
1536	3584	1	200	410	0.39134
1536	3584	1	420	396	5.96228
1536	3584	1	242	516	0.34302
1536	3584	1	360	516	0.00000
1536	3584	1	446	516	6.12327
2048	2048	1	202	126	5.45199
2048	2048	1	366	106	0.49153
2048	2048	1	276	38	5.25942
2048	2048	1	88	104	5.70909
2048	2048	1	238	294	0.00000
2048	2048	1	66	210	5.29143
2048	2048	1	80	304	4.27622
2048	2048	1	154	390	2.69717
2048	2048	1	486	372	0.00000
2048	2048	1	462	102	0.00000
2560	2048	1	48	202	2.62959
2048	2560	1	138	36	2.54145
2048	2560	1	70	112	3.65101
2048	2048	1	364	494	5.73358
2048	2048	1	254	502	3.72269
2560	2048	1	62	354	5.22794
2560	2560	1	40	32	2.05825
2560	2560	1	178	58	2.31942
2560	2560	1	268	48	3.27984
2560	2048	1	216	126	0.00000
2560	2048	1	312	92	0.00000
2560	2048	1	412	108	4.55927
2560	2048	1	262	230	0.95188
2560	2048	2	296	398	0.00000
2560	2048	2	354	400	0.00000
2560	2048	1	392	228	0.00000
2560	2560	2	308	482	0.00000
2560	2560	2	466	330	0.00000
2048	2560	2	510	318	0.00000
2048	2560	2	432	316	0.00000
2048	2560	2	320	422	0.00000
2048	2560	2	176	152	0.00000
2048	2560	2	324	202	0.00000
2560	2560	1	66	208	2.87011
2560	2560	2	148	296	0.00000
2048	2560	1	486	218	6.10559
2048	2560	1	382	116	4.69810
2048	2560	1	260	88	0.85441
2048	2560	1	262	204	0.64350
2048	2560	1	154	480	4.63426
2048	2560	1	86	316	1.65576
2048	2560	1	226	372	2.44273
2048	2560	1	310	352	5.34082
2048	2560	1	62	394	4.00268
2560	2560	1	78	424	4.95431
2560	2560	1	198	352	3.89877
2560	2560	1	282	370	0.28985
2560	2560	1	196	192	1.60810
2560	2560	1	396	266	6.00086
2560	2560	1	476	170	4.98656
2560	2560	1	372	24	3.87427
2560	2560	1	322	182	3.41557
2560	2048	1	304	318	1.66710
2560	2048	1	472	332	3.91531
2048	2560	1	446	486	0.00000
2560	2560	1	512	382	0.95107
2560	2560	1	396	482	3.56107
2560	2560	1	226	502	2.72199
2048	2560	1	306	500	2.51417
2560	2560	1	494	512	0.00000
2048	2560	2	372	246	0.00000
2560	2560	1	512	42	1.27364
2560	2048	1	172	422	0.00000
2560	2048	1	170	92	3.68507
2560	2048	1	12	40	3.92699
2560	2048	1	512	196	2.11554
2048	2048	1	124	50	3.63566
2560	2048	2	434	466	0.00000
2048	2560	2	346	54	0.00000
2560	2048	1	386	12	2.07064
2560	2048	1	510	432	0.61310
3584	2048	1	134	178	4.95711
3584	2048	1	110	88	5.65328
3584	2048	1	244	92	4.04395
3072	2048	1	106	56	2.46194
3072	2048	1	196	130	4.07266
3072	2048	1	124	264	0.24498
3072	2048	1	278	238	5.19929
3072	2048	1	344	172	4.95737
3072	2048	1	398	46	4.99069
3072	2048	1	438	210	3.72316
3072	2048	1	184	372	2.53015
3072	2048	1	114	446	3.10427
3072	2560	1	72	128	1.41870
3072	2560	1	142	44	0.84415
3072	2048	1	60	224	2.21115
3584	2048	1	28	38	0.33106
3584	2048	1	470	64	0.00000
3584	2048	1	22	212	3.05947
3072	2048	1	270	334	3.02672
3072	2048	1	26	426	4.05785
3584	2048	1	38	322	4.93811
3072	2048	1	396	334	4.86331
3584	2560	2	452	512	0.00000
3072	2048	1	28	324	4.70140
3072	2048	1	210	48	3.28913
3072	2048	2	294	22	0.00000
3072	2048	2	22	78	0.00000
3584	2048	1	380	132	5.12054
3584	2048	1	358	198	5.28627
3584	2048	1	330	276	1.76819
3584	2048	1	458	302	6.00235
3584	2048	1	306	348	4.95737
3584	2048	1	112	446	5.22524
3072	2048	1	482	434	5.72846
3072	2048	1	336	452	0.00000
3584	2048	1	366	494	3.96799
3584	2048	1	500	484	2.30347
3584	2560	1	482	94	6.03463
3584	2560	1	424	178	0.00000
3584	2560	1	306	172	5.71466
3584	2560	1	182	56	4.23640
3584	2560	1	102	6	4.83409
3072	2048	1	402	510	3.46334
3072	2048	1	248	494	2.04188
3072	2560	1	276	104	5.57083
3072	2560	1	198	154	0.12090
3072	2560	1	498	70	0.18468
3072	2560	1	426	58	3.48462
3584	2560	1	30	120	4.08292
3072	2560	1	358	148	0.00000
3072	2560	1	308	224	2.70273
3072	2560	1	422	244	3.05751
3584	2560	1	118	154	4.52294
3584	2560	1	242	224	4.82727
3072	2560	1	494	300	3.35375
3584	2560	1	78	282	2.44468
3584	2560	1	156	272	5.49751
3072	2560	1	128	260	1.53128
3072	2560	1	204	342	4.21174
3584	2560	1	478	300	4.76789
3584	2560	1	314	322	0.45344
3584	2560	2	230	316	0.00000
3584	2560	1	402	398	3.04049
3584	2560	1	266	488	2.08424
3584	2560	2	336	428	0.00000
3584	2560	1	474	458	5.59224
3584	2560	1	162	398	1.71930
3584	2560	1	48	384	2.89941
3584	2560	1	14	456	5.24523
3072	2560	1	398	390	5.13099
3072	2560	1	344	482	0.81396
3072	2560	1	94	466	3.63007
3072	2560	1	58	380	1.01619
3072	3072	1	146	68	0.00000
3072	3072	1	52	0	2.34277
3072	3072	1	222	126	0.00000
3072	3072	1	346	0	0.81781
3072	3072	1	406	72	5.91338
3072	3072	1	486	40	6.02707
3584	3072	1	166	52	2.49363
3584	3072	1	62	62	0.19362
3584	3072	1	348	50	5.37343
3584	3072	2	236	32	0.00000
3584	3072	1	436	62	2.68956
3584	3072	2	350	164	0.00000
3072	3072	2	424	252	0.00000
3072	3072	1	46	164	2.28489
3072	3072	1	0	36	5.55203
3584	3072	1	432	228	3.44682
3584	3072	1	496	74	0.00000
3072	3072	1	456	160	4.23143
3072	3072	1	140	280	2.57401
3072	3072	1	318	184	2.95107
3072	3072	1	242	294	2.84736
3072	3072	1	128	360	5.08026
3072	3072	1	304	368	3.84806
3072	3072	1	486	264	3.63366
3584	3072	1	130	282	5.29053
3584	3072	1	144	198	2.26420
3584	3072	1	266	118	1.96174
3584	3072	1	272	182	4.81051
3584	3072	1	314	248	1.36147
3584	3072	1	456	302	2.94231
3584	3072	2	338	320	0.00000
3584	3584	2	120	344	0.00000
3584	3584	2	496	216	0.00000
3072	3072	1	454	392	2.29505
3584	3072	1	68	326	5.27422
3584	3072	1	62	386	5.29429
3584	3072	1	214	336	1.12082
3584	3072	1	276	382	6.13421
3584	3072	1	378	410	1.28326
3584	3072	1	486	466	0.83837
3072	3072	1	358	456	1.58949
3072	3072	1	80	418	5.11572
3072	3072	1	222	468	5.99368
3072	3584	1	130	22	2.20418
3072	3584	1	6	6	5.83343
3072	3584	1	280	62	3.20266
3584	3072	1	156	470	3.23610
3584	3584	1	434	132	3.67166
3584	3584	1	222	136	3.59521
3584	3072	1	246	490	2.06911
3584	3072	1	362	482	0.86630
3584	3584	1	388	86	3.65945
3584	3584	1	296	132	0.58628
3584	3584	1	224	50	1.74741
3584	3584	1	214	290	2.53320
3584	3584	1	404	304	5.05466
3584	3584	1	270	404	0.00000
3584	3584	1	336	360	0.00000
3584	3584	1	110	450	0.47982
3072	3584	1	462	444	0.00000
3072	3584	1	376	418	0.88580
3072	3584	1	232	466	1.01053
3072	3584	1	84	246	1.73445
3072	3584	1	96	464	5.67966
3072	3584	1	40	384	1.42145
3072	3584	1	52	292	1.93850
3072	3584	1	192	298	1.81422
3072	3584	1	314	310	1.57980
3072	3584	1	172	372	2.57626
3072	3584	1	100	136	3.61457
3072	3584	1	28	114	4.33514
3072	3584	1	314	200	3.43409
3072	3584	1	456	284	0.91569
3584	3584	1	132	198	2.54258
3584	3072	1	64	512	5.74767
3072	3072	1	464	496	0.70226
3072	3584	1	408	100	4.19690
3072	3584	1	468	162	4.74264
3584	3584	1	92	104	4.77510
3072	3584	1	178	218	4.99069
3072	3584	1	210	138	2.18662
2048	3072	2	194	224	0.00000
2048	3072	1	198	394	5.04284
2048	3072	2	198	324	0.00000
2048	3072	2	164	478	0.00000
2048	3072	2	76	414	0.00000
2048	3072	2	324	442	0.00000
2560	3072	2	10	186	0.00000
2560	3072	2	100	238	0.00000
2560	3072	2	146	76	0.00000
2560	3072	2	350	234	0.00000
2048	3584	2	370	14	0.00000
2048	3072	1	70	166	0.21139
2048	3072	1	136	96	1.80581
2048	3072	1	112	230	0.27830
2048	3072	1	38	310	6.25993
2048	3072	1	28	512	5.65169
2048	3584	1	104	100	0.53172
2048	3584	2	132	232	0.00000
2048	3072	1	278	244	6.11245
2048	3072	1	298	126	5.78364
2048	3072	2	328	32	0.00000
2048	3072	2	448	34	0.00000
2048	3072	2	200	22	0.00000
2048	3072	1	388	144	5.43592
2560	3072	2	250	32	0.00000
2048	3584	1	222	144	5.03370
2048	3584	1	292	218	0.34696
2560	3072	1	366	96	4.25240
2560	3072	1	266	108	0.00000
2560	3584	1	186	208	2.08809
2048	3072	1	408	446	2.80014
2048	3072	1	426	298	1.87957
2048	3072	1	512	250	1.92234
2560	3072	1	174	182	1.62016
2560	3072	1	68	354	4.58499
2560	3072	1	466	278	2.44994
2560	3072	1	416	180	1.78486
2560	3072	1	496	54	5.70888
2560	3072	1	174	294	4.81101
2560	3072	1	282	276	3.49052
2560	3072	1	410	382	1.62030
2560	3584	1	428	16	2.62199
2560	3072	2	344	448	0.00000
2560	3072	1	204	424	0.88330
2560	3584	1	72	24	1.05284
2048	3584	1	380	104	0.74076
2048	3072	1	490	442	2.66700
2560	3584	1	24	288	0.67362
2560	3584	1	368	70	5.59026
2560	3072	2	254	476	0.00000
2560	3584	1	142	30	0.95041
2048	3584	1	72	234	0.94089
2560	3584	1	330	152	2.07987
2560	3584	1	266	60	2.30772
2560	3584	1	164	92	0.95159
2048	3584	1	476	130	1.29310
2048	3584	1	440	204	1.75526
2560	3584	1	266	190	5.43489
2560	3072	1	494	478	5.74608
2560	3584	1	416	246	1.25980
2560	3584	1	332	330	2.57805
2560	3584	1	120	218	5.41750
2560	3072	1	66	440	0.00000
2048	3584	1	354	318	0.64656
2048	3584	1	434	338	0.73146
2048	3584	1	198	186	1.41749
2048	3584	1	204	316	2.59726
2048	3584	1	102	468	0.46883
2560	3584	1	248	384	5.55081
2560	3584	1	80	414	0.62534
2048	3584	1	488	432	0.51123
2560	3584	1	158	448	0.28403
2560	3584	2	510	266	0.00000
2560	3584	2	502	382	0.00000
2560	3584	2	408	322	0.00000
2560	3584	2	512	122	0.00000
2048	3584	1	302	482	0.76101
2048	3584	1	190	480	5.00365
2048	3584	1	28	334	4.18001
2560	3584	1	396	492	1.55662
2048	3584	1	266	394	0.00000
