1024	2048	2	204	80	0.00000
1024	2048	2	260	12	0.00000
1024	2048	2	444	8	0.00000
1536	2048	2	494	54	0.00000
1024	2048	1	44	98	0.00000
1024	2048	1	130	76	5.65962
1024	2048	1	86	248	1.01733
1536	2048	1	14	2	0.37527
1536	2048	1	86	126	6.13422
1536	2048	2	232	178	0.00000
1024	2048	1	232	388	0.32085
1024	2048	1	492	216	3.59377
1536	2048	1	304	0	3.43451
1536	2048	1	416	0	3.23737
1536	2048	1	502	212	0.25116
1536	2048	1	394	130	2.83059
1536	2048	1	306	236	0.00000
1536	2048	1	182	284	3.53444
1536	2048	1	38	308	3.64369
1536	2048	1	276	334	4.35253
1536	2048	1	454	322	5.92497
1024	2560	1	252	56	0.92396
1024	2048	1	466	472	2.22946
1536	2048	1	66	416	4.49983
1536	2048	1	318	440	1.63245
1536	2048	1	458	452	2.57740
1536	2560	1	34	40	0.76520
1024	2560	2	84	96	0.00000
1024	2560	2	186	284	0.00000
1024	2560	1	462	82	2.34452
1536	2560	1	128	48	1.15447
1536	2560	1	346	54	4.27190
1536	2560	1	512	170	5.78463
1536	2560	1	360	134	1.18336
1024	2560	1	416	148	1.79073
1536	2560	1	96	160	5.75128
1536	2560	1	196	188	6.07333
1536	2560	1	8	234	1.87521
1024	2560	1	30	298	2.41377
1024	2560	1	104	266	5.45102
1024	2560	1	304	264	4.22836
1024	2560	1	346	340	0.90423
1536	2560	1	324	266	5.60659
1536	2560	1	436	238	0.28524
1024	2560	1	480	298	2.09214
1024	2560	1	176	438	3.05024
1024	2560	1	48	410	3.98953
1024	2560	1	298	448	5.13968
1536	2560	1	78	438	5.01018
1024	2560	1	404	380	1.37883
1536	2560	1	426	338	1.85800
1024	2560	1	470	466	2.24912
1536	2560	1	202	482	2.50061
1024	2560	1	120	512	4.20954
1536	2560	1	318	512	3.91885
1536	2560	1	390	408	2.09531
1536	2560	2	478	412	0.00000
1536	2560	1	512	420	3.53141
1024	3072	1	82	14	4.23150
1024	3072	1	130	74	1.20387
1024	3072	1	120	168	0.28806
1024	3072	1	174	208	0.22613
1024	3072	1	284	88	5.39317
1024	3072	1	372	88	5.78487
1024	3072	1	22	296	5.64286
1024	3072	1	210	342	0.29832
1024	3072	1	314	290	0.29832
1024	3072	2	232	234	0.00000
1536	3072	1	18	222	0.92730
1024	3072	1	484	112	1.66831
1536	3072	1	138	78	1.43843
1024	3072	2	476	42	0.00000
1536	3072	1	216	152	0.74416
1536	3072	1	280	182	0.87427
1536	3072	1	310	20	3.71824
1536	3072	1	212	4	2.41169
1536	3072	1	390	74	1.79736
1536	3072	1	512	70	5.89016
1536	3072	1	424	170	1.45859
1024	3072	1	24	482	5.35589
1024	3072	1	342	454	1.55930
1536	3072	1	12	382	0.74274
1536	3072	1	462	266	0.08178
1536	3072	1	362	244	4.81547
1536	3072	1	190	316	1.83996
1536	3072	1	270	400	0.42285
1536	3072	1	376	370	5.91827
1536	3072	1	446	358	5.69383
1024	3584	1	302	66	4.11096
1024	3584	1	474	64	3.38278
1536	3072	1	148	404	5.01316
1536	3072	1	114	470	2.04257
1024	3584	1	102	112	0.51290
1024	3584	1	216	142	2.53836
1536	3584	1	412	16	1.52935
1536	3584	1	266	44	2.81741
1536	3584	1	360	132	4.19324
1536	3584	2	460	114	0.00000
1536	3584	1	88	106	5.49296
1024	3584	1	340	138	1.29444
1536	3584	1	12	284	1.97686
1024	3584	1	124	216	0.55052
1024	3584	1	412	194	4.55616
1536	3584	1	190	98	2.65865
1536	3584	1	262	190	5.74747
1536	3584	1	134	248	2.58429
1536	3584	2	48	200	0.00000
1024	3584	1	312	330	0.97716
1536	3584	1	466	310	0.71654
1536	3584	1	374	354	5.74476
1536	3584	2	254	266	0.00000
1536	3584	1	56	374	1.88195
1536	3584	1	256	358	1.89255
1536	3584	1	168	458	0.36227
1536	3584	1	340	484	0.00000
1024	3584	1	182	430	0.00000
1024	3584	1	462	434	6.05209
1536	3584	1	38	516	0.39852
1024	3584	1	58	406	2.64014
1536	3584	1	508	484	5.40935
1024	3584	1	52	516	2.10826
1536	3072	2	382	470	0.00000
2048	2048	1	66	250	0.42367
2048	2048	1	178	88	5.14353
2048	2048	1	8	168	0.59592
2560	2560	1	490	492	1.24905
2560	2560	1	372	480	6.01018
2560	2560	1	410	366	5.53654
2048	2560	1	70	508	3.11691
2048	2560	1	156	512	0.30288
2048	2560	1	16	410	3.59766
2048	2560	1	400	448	0.07198
2560	2560	1	244	478	5.93393
2048	2560	1	458	464	3.95671
2048	2560	1	338	490	3.63353
2560	2560	1	126	454	5.54969
2048	2560	1	236	512	0.22566
2048	2560	1	116	320	1.97637
2048	2560	1	270	342	3.40698
2048	2560	1	244	200	0.17074
2560	2560	2	308	480	0.00000
2560	2560	2	38	476	0.00000
2048	2560	2	174	360	0.00000
2048	2560	2	204	420	0.00000
2048	2560	2	324	430	0.00000
2048	2560	2	436	314	0.00000
2048	2560	1	506	244	1.18663
2560	2560	1	116	366	5.73092
2560	2560	1	202	298	5.26914
2560	2560	1	308	194	4.20529
2560	2560	1	164	146	3.00727
2560	2560	1	438	128	5.56865
2560	2560	2	466	328	0.00000
2048	2560	1	144	220	4.66481
2048	2560	1	86	108	3.71235
2048	2560	1	42	20	0.76118
2048	2048	1	208	490	3.91068
2048	2560	1	280	56	5.03857
2048	2560	1	478	82	3.57700
2560	2560	1	70	126	0.26174
2560	2560	1	270	70	3.59154
2560	2560	1	396	10	4.40964
2560	2048	2	434	454	0.00000
2560	2048	2	304	390	0.00000
2048	2048	1	384	458	5.12820
2048	2560	2	430	38	0.00000
2048	2048	1	66	368	3.94069
2048	2048	1	178	342	4.38120
2048	2048	1	308	336	0.00000
2048	2048	1	400	306	0.00000
2560	2048	1	8	408	3.54083
2560	2048	1	6	294	5.18869
2048	2048	1	492	182	1.58177
2048	2048	1	312	158	4.70787
2048	2048	1	192	214	2.64143
2560	2048	1	114	258	6.07209
2560	2048	1	88	122	3.59887
2048	2048	1	268	44	5.52598
2560	2048	1	192	246	2.78217
2560	2048	1	182	116	0.00000
2560	2048	1	316	92	0.00000
2560	2048	1	292	294	5.69224
2560	2048	1	428	38	0.00000
2560	2048	1	230	32	3.08934
2048	2048	2	492	78	0.00000
2048	2048	2	416	18	0.00000
2560	2048	2	172	2	0.00000
2560	2048	1	372	168	0.77990
2560	2048	1	424	276	0.92180
2560	2048	1	512	104	4.56147
2560	2048	1	512	456	4.41695
3072	2048	1	410	170	0.00000
3072	2048	1	492	180	3.58607
3584	2048	1	150	116	0.17131
3072	2048	1	178	122	5.90016
3072	2048	1	250	98	2.74774
3072	2048	1	348	92	3.47484
3072	2048	1	268	234	4.02578
3072	2048	1	142	220	2.50997
3072	2048	1	74	256	5.65173
3072	2048	1	472	50	2.79210
3072	2048	2	112	114	0.00000
3072	2048	2	292	18	0.00000
3584	2048	1	264	88	3.76875
3584	2048	1	230	0	0.00000
3584	2048	1	390	96	6.02573
3584	2048	1	468	64	0.00000
3072	2048	1	112	344	1.16383
3072	2048	1	8	122	5.75034
3072	2048	1	122	0	1.53000
3584	2048	1	312	228	2.27942
3584	2048	1	304	308	2.10521
3584	2048	1	446	298	1.47412
3584	2048	1	444	438	5.44783
3584	2048	1	384	204	5.45699
3584	2048	1	50	284	5.29227
3584	2048	1	94	422	3.83826
3072	2048	1	512	362	4.54151
3072	2048	1	306	320	3.58717
3072	2048	1	380	364	4.08259
3072	2048	1	188	402	4.82133
3072	2048	1	314	492	5.16426
3584	2560	1	338	10	1.57203
3584	2560	1	158	18	5.01199
3072	2560	1	188	2	0.14027
3072	2048	1	66	462	4.78781
3072	2560	1	222	96	0.37499
3072	2560	1	486	144	2.53285
3584	2560	2	30	92	0.00000
3584	2560	2	92	110	0.00000
3072	2560	2	166	406	0.00000
3584	2560	2	400	248	0.00000
3584	2560	2	256	448	0.00000
3584	2560	2	340	450	0.00000
3072	2560	1	42	84	4.09895
3072	2560	1	62	188	1.37171
3584	2560	1	428	64	3.93963
3584	2560	1	458	174	0.13140
3584	2560	1	284	114	5.31591
3584	2560	1	212	152	2.17093
3072	2560	1	250	182	4.22660
3072	2560	1	366	228	0.24172
3072	2560	1	152	272	2.79159
3584	2560	1	206	250	5.23674
3584	2560	1	52	234	1.66727
3072	2560	1	464	242	3.07737
3584	2560	1	314	266	3.37346
3072	2560	1	62	284	1.98446
3072	2560	1	62	382	5.47258
3072	2560	1	292	306	2.82270
3072	2560	1	248	382	2.68573
3072	2560	1	372	400	0.17286
3584	2560	1	30	374	4.35508
3072	2560	1	450	426	2.98122
3584	2560	1	350	356	3.99356
3584	2560	1	196	360	2.85698
3584	2560	2	166	474	0.00000
3584	2560	1	60	462	2.20010
3584	2560	1	414	454	5.81191
3584	2560	1	450	324	0.00000
3584	2560	1	512	354	2.91220
3072	2560	1	144	512	2.07014
3072	2560	1	264	486	2.08039
3584	2560	1	510	476	2.79593
3584	2560	1	286	512	4.31982
3072	2560	1	404	512	0.00000
3072	2560	1	490	512	4.10713
3072	2560	1	6	466	0.67064
3072	2048	2	28	62	0.00000
3584	3072	1	482	112	3.95877
3584	3072	1	158	86	4.29999
3584	3072	1	28	86	4.12680
3072	3072	1	476	36	3.93064
3072	3072	1	386	30	0.00000
3072	3072	1	160	38	2.41391
3584	3072	1	446	216	3.58570
3072	3072	1	188	178	2.81730
3072	3072	1	100	146	2.73563
3072	3072	1	22	94	0.12340
3072	3072	1	262	176	6.02772
3072	3072	1	372	158	1.13207
3072	3072	1	446	212	0.93837
3584	3072	1	56	178	6.15119
3584	3072	1	118	226	3.36220
3584	3072	1	226	196	4.03194
3584	3072	1	392	118	0.00000
3584	3072	1	354	190	5.40226
3584	3072	1	280	8	4.15606
3584	3072	1	252	270	4.72963
3584	3072	1	358	252	5.66665
3584	3072	2	396	364	0.00000
3072	3072	1	144	252	1.58351
3072	3072	1	368	294	5.43447
3072	3072	1	482	274	3.22903
3072	3072	1	44	362	3.60659
3072	3072	1	96	414	0.79968
3072	3072	1	234	352	1.99724
3584	3072	1	278	374	0.24666
3584	3072	2	352	334	0.00000
3072	3072	1	234	492	3.52417
3072	3072	1	312	448	0.70226
3584	3072	1	372	422	4.86779
3584	3072	1	94	338	4.14223
3072	3072	1	468	416	1.80344
3072	3072	1	104	494	1.30305
3072	3584	1	118	58	1.90009
3072	3584	1	58	126	2.62930
3584	3072	1	146	470	2.94420
3072	3584	1	288	100	5.00154
3072	3584	1	244	174	1.55523
3072	3584	1	410	102	5.28681
3072	3584	1	408	6	5.67851
3584	3584	1	40	32	2.73210
3584	3072	1	96	512	5.63122
3584	3072	1	346	484	2.04057
3584	3584	1	388	42	0.75416
3584	3584	1	490	22	6.10122
3584	3584	1	428	140	3.79229
3584	3584	1	50	136	2.29393
3072	3584	1	442	196	1.23910
3584	3584	1	40	258	2.51505
3584	3584	1	214	148	0.00000
3584	3072	1	242	508	0.00000
3584	3584	1	292	76	0.00000
3584	3584	1	300	198	0.85550
3584	3584	1	512	202	0.00000
3584	3584	1	458	256	2.70175
3584	3584	1	504	386	3.14159
3584	3584	1	380	290	2.61469
3584	3584	1	364	422	4.57686
3584	3584	1	232	354	4.32033
3584	3584	2	88	512	0.00000
3584	3584	1	460	504	1.58337
3584	3584	1	328	494	1.57080
3584	3584	1	274	396	0.40489
3584	3584	1	198	290	0.53380
3072	3584	1	504	406	0.70557
3584	3584	1	80	402	0.59541
3584	3584	1	176	454	4.67290
3072	3584	1	104	266	2.58162
3072	3584	1	74	346	2.70785
3072	3584	1	160	410	1.08735
3072	3584	1	204	308	0.00000
3072	3584	1	290	260	0.56468
3072	3584	1	54	480	1.36220
3072	3584	1	30	398	2.72034
3072	3584	1	462	286	4.79262
3072	3584	1	374	370	1.34520
3072	3584	1	388	464	0.00000
3584	3584	1	122	246	0.00000
3072	3584	1	182	506	0.00000
3584	3072	1	512	326	5.26094
3072	3584	1	288	512	0.67920
3584	3584	1	314	314	5.78726
2048	3072	1	294	194	0.13510
2560	3072	2	104	229	0.00000
2560	3072	1	36	404	5.95397
2048	3072	1	462	138	5.79424
2560	3072	1	42	66	0.76499
2560	3072	1	120	134	1.45207
2560	3072	1	166	310	0.00000
2560	3072	1	106	354	2.72835
2560	3072	1	246	364	3.93133
2560	3072	1	418	306	4.84958
2560	3072	1	326	176	0.73247
2560	3072	1	462	92	0.72721
2560	3584	1	122	390	5.49008
2560	3584	1	22	334	0.59851
2048	3584	1	402	404	6.11353
2048	3072	1	178	342	3.54038
2048	3072	1	112	148	2.53307
2048	3072	1	226	212	3.02467
2048	3072	1	288	380	4.65485
2048	3072	1	398	396	2.87919
2048	3072	1	370	252	0.00000
2048	3072	1	396	160	5.58924
2048	3072	1	486	276	3.62269
2048	3072	1	332	458	0.00000
2048	3584	1	406	122	3.35354
2560	3072	1	392	426	4.96481
2560	3072	1	222	452	0.00000
2560	3584	1	36	4	5.11870
2560	3584	1	166	10	2.64402
2048	3072	1	136	48	0.47823
2048	3072	1	16	86	5.74079
2048	3072	1	224	46	0.56457
2048	3072	1	304	56	3.33083
2560	3584	1	250	44	0.11550
2560	3584	1	480	76	6.24442
2560	3584	1	370	74	0.84789
2560	3584	1	348	150	4.49092
2560	3584	1	4	426	1.47942
2560	3584	1	434	402	5.94509
2560	3584	1	126	112	2.23724
2048	3584	1	290	368	5.24746
2560	3584	1	342	512	0.00000
2560	3584	1	500	190	4.99507
2560	3584	1	464	266	5.74277
2560	3584	1	352	248	5.27958
2560	3584	1	220	282	0.57483
2560	3584	1	152	254	3.89882
2560	3584	1	66	192	5.25237
2048	3584	1	494	238	1.78590
2048	3584	1	426	304	1.73756
2048	3584	1	74	358	0.00000
2048	3584	1	168	332	3.14085
2048	3584	1	264	218	3.68617
2048	3584	1	80	230	2.28205
2048	3584	1	78	82	0.56673
2048	3584	1	220	58	2.06891
2048	3072	2	78	320	0.00000
2048	3072	2	46	374	0.00000
2560	3072	2	132	73	0.00000
2560	3072	2	348	241	0.00000
2560	3584	2	108	512	0.00000
2560	3584	2	230	512	0.00000
2048	3072	2	84	459	0.00000
2048	3584	2	350	468	0.00000
2048	3584	1	424	512	5.80483
2048	3584	2	18	450	0.00000
2560	3072	2	366	30	0.00000
2560	3072	2	256	28	0.00000
2560	3072	2	510	166	0.00000
2048	3072	2	160	472	0.00000
2048	3584	2	210	482	0.00000
