1024	2560	1	112	512	1.18784
1024	2560	1	100	424	1.07694
1024	2560	1	222	466	3.14368
1024	2560	1	408	456	3.49120
1024	2560	1	272	354	5.90977
1024	2560	1	318	278	5.65707
1024	2560	1	450	222	2.43866
1024	2560	1	394	320	2.77627
1024	2560	1	190	188	2.76796
1024	2560	2	202	288	0.00000
1024	2560	1	128	298	2.63213
1024	2560	2	91	199	0.00000
1024	2560	1	262	42	1.02825
1024	2560	1	458	50	2.04181
1536	2048	1	86	456	5.95107
1536	2560	1	64	358	1.86215
1024	2048	1	250	366	0.46445
1024	2048	1	224	246	4.11292
1024	2048	1	50	338	5.93189
1024	2048	1	500	234	3.31125
1536	2560	1	218	32	3.42908
1536	2560	1	82	114	0.60760
1536	2560	1	46	222	2.06845
1536	2560	1	132	202	0.25313
1536	2560	1	404	6	4.09064
1536	2048	1	340	430	3.71021
1536	2048	2	242	372	0.00000
1536	2560	1	462	134	2.99135
1536	2560	1	330	108	1.10060
1536	2560	1	272	248	6.01542
1536	2560	1	366	262	0.56180
1536	2560	1	508	348	1.83496
1536	2560	1	178	324	2.92692
1536	2560	1	274	372	5.64866
1536	2560	1	398	422	1.98468
1536	2560	1	66	424	5.30020
1536	2560	1	194	442	1.55827
1536	2560	1	98	512	1.93063
1536	2560	1	378	512	0.67456
1024	2048	1	70	132	3.85527
1536	2048	1	228	130	5.97444
1536	2048	1	316	272	1.99296
1536	2048	1	510	268	0.46230
1536	2048	1	368	116	3.93793
1024	2048	1	210	82	0.55974
1024	2048	1	382	24	2.80931
1536	2048	1	28	0	0.37034
1536	2048	2	496	65	0.00000
1536	2048	1	512	136	3.87445
1536	2048	1	254	34	0.00000
1536	2048	1	176	44	5.93986
1024	3072	1	24	210	0.00000
1024	3072	1	118	232	3.72461
1024	3072	1	226	68	4.11297
1024	3072	1	106	90	3.50892
1024	3072	1	76	330	4.43636
1024	3072	1	200	124	4.71239
1024	3072	1	334	76	0.00000
1024	3072	1	270	194	4.45835
1024	3072	1	232	288	3.56162
1024	3584	1	54	16	0.00000
1024	3584	1	128	10	0.00000
1024	3072	1	322	304	0.73856
1024	3072	1	476	228	0.00000
1536	3072	1	30	98	0.00000
1536	3072	1	110	186	0.00000
1536	3072	1	210	36	0.88694
1536	3072	1	250	116	3.34683
1536	3072	1	336	154	0.00000
1536	3072	1	358	4	0.00000
1536	3072	1	452	44	0.00000
1024	3072	1	466	364	2.35477
1024	3072	1	396	408	2.03444
1536	3072	1	40	398	0.00000
1536	3072	1	110	292	1.68986
1536	3072	1	244	234	1.92643
1536	3072	1	310	342	5.53288
1536	3072	1	404	364	2.24194
1536	3072	1	474	298	5.42720
1024	3584	1	278	18	1.03102
1024	3584	1	402	32	2.74433
1024	3584	1	480	34	3.51884
1024	3584	1	214	144	3.65077
1024	3584	1	342	138	1.84614
1536	3584	1	98	74	3.00260
1024	3584	1	470	168	4.27626
1536	3584	1	156	14	5.25130
1536	3072	1	178	442	5.09601
1536	3072	1	298	434	5.48680
1536	3072	1	284	506	2.25972
1536	3072	2	384	446	0.00000
1536	3072	1	462	474	2.98636
1536	3584	1	426	124	0.00000
1536	3584	2	482	118	0.00000
1536	3584	1	374	394	5.19238
1536	3584	2	466	516	0.00000
1024	3584	2	252	328	0.00000
1024	3584	1	42	262	0.00000
1024	3584	1	124	266	0.00000
1024	3584	1	384	270	1.81185
1536	3584	1	46	210	1.30847
1536	3584	1	154	294	2.88852
1536	3584	1	262	258	2.57735
1536	3584	1	342	208	2.52070
1536	3584	1	466	242	3.85095
1024	3584	1	490	374	1.41512
1536	3584	1	212	440	0.00000
1536	3584	1	64	430	0.00000
1536	3584	1	158	424	0.00000
1536	3584	1	300	452	0.00000
1024	3584	1	450	488	0.77824
1024	3584	1	230	420	3.72416
1024	3584	1	108	422	1.59008
1536	3584	1	512	444	2.83242
1024	3584	2	34	499	0.00000
1536	3072	1	104	22	1.84174
1536	3072	2	510	162	0.00000
2048	2048	1	274	112	0.90807
2048	2048	1	116	126	0.00000
2048	2048	1	16	276	0.69804
2560	2048	1	108	272	5.47215
2048	2048	1	296	264	0.34806
2048	2560	2	416	48	0.00000
2048	2560	2	352	48	0.00000
2048	2560	2	316	418	0.00000
2048	2560	2	162	364	0.00000
2048	2560	2	194	424	0.00000
2560	2560	2	308	490	0.00000
2560	2560	2	470	334	0.00000
2048	2048	1	80	398	1.25875
2048	2048	1	384	460	4.74331
2048	2048	1	434	82	0.00000
2048	2048	2	486	78	0.00000
2560	2048	1	320	94	0.00000
2560	2048	1	182	66	0.49699
2560	2048	2	114	24	0.00000
2048	2048	1	486	394	5.88231
2048	2048	1	212	312	0.15093
2560	2048	1	66	348	5.75839
2560	2048	1	58	508	4.73022
2560	2048	1	240	368	0.00000
2048	2560	2	240	152	0.00000
2048	2560	2	322	200	0.00000
2560	2560	1	26	90	0.23974
2560	2560	1	360	136	0.00000
2560	2560	1	474	136	5.52068
2560	2048	1	490	502	3.23380
2560	2048	1	400	492	3.44761
2560	2048	2	300	398	0.00000
2048	2560	2	152	150	0.00000
2048	2560	1	58	102	3.56680
2048	2560	1	138	72	3.07409
2048	2560	1	238	44	3.31044
2048	2560	1	296	106	3.02839
2048	2560	1	196	240	1.12104
2560	2560	1	218	72	1.47330
2560	2560	1	136	156	2.05388
2048	2048	1	46	100	3.51363
2048	2048	1	174	80	3.85022
2560	2048	1	176	198	5.49779
2560	2048	1	380	234	3.49096
2560	2048	1	416	82	2.50534
2560	2048	1	474	276	0.00000
2560	2048	1	440	384	1.62126
2048	2048	1	510	192	1.99874
2048	2560	1	364	308	0.00000
2560	2560	1	32	302	0.09866
2560	2560	1	276	320	0.00000
2560	2560	1	416	220	0.95408
2560	2560	1	68	488	2.50726
2048	2560	2	450	330	0.00000
2560	2560	1	160	298	0.53371
2560	2560	1	276	164	5.49779
2048	2560	1	124	458	0.00000
2560	2560	1	422	442	1.40883
2560	2560	1	406	320	0.56710
2048	2560	1	466	468	0.98279
3072	2048	1	48	78	4.99515
3072	2048	1	278	142	4.18038
3072	2048	1	424	130	4.33617
3584	2048	1	134	106	0.00000
3584	2048	1	370	226	5.28715
3584	2048	1	390	90	0.00000
3584	2048	1	460	66	0.00000
3584	2048	1	236	92	3.61006
3072	2048	1	200	82	3.26430
3072	2048	1	108	218	3.74686
3072	2048	1	410	44	5.30212
3584	2048	1	12	200	5.33906
3584	2048	1	226	290	5.14117
3584	2048	1	66	328	2.53490
3072	2048	1	376	342	1.72022
3072	2048	1	476	278	3.41181
3072	2048	1	388	218	1.88859
3584	2048	1	204	374	1.37822
3584	2048	1	4	408	1.78022
3072	2048	1	224	350	5.44676
3072	2048	1	96	344	3.85130
3072	2048	1	152	390	5.57256
3584	2048	1	296	456	4.84510
3584	2048	1	48	512	5.72598
3072	2048	1	382	444	3.06128
3072	2048	1	166	482	1.94484
3072	2560	1	434	60	1.68229
3584	2560	1	2	14	2.37415
3072	2560	1	268	62	1.89969
3072	2560	1	94	90	0.29665
3584	2560	1	424	94	3.99770
3584	2560	1	182	102	3.52769
3584	2560	1	296	118	3.85353
3072	2560	1	186	288	3.18830
3072	2560	1	340	168	5.63115
3072	2560	1	274	164	5.69518
3072	2560	1	424	460	1.52637
3584	2560	1	108	312	1.35389
3072	2560	1	294	370	2.95780
3072	2560	1	376	300	3.90422
3072	2560	1	82	350	2.70139
3072	2560	1	458	310	0.00000
3584	2560	1	310	238	3.42027
3072	2560	1	40	470	3.00022
3072	2560	1	148	156	1.09391
3584	2560	1	28	142	4.87016
3584	2560	1	142	474	5.53460
3584	2560	1	422	180	4.78670
3584	2560	1	292	408	2.82318
3584	2560	1	170	392	1.82308
3584	2560	1	448	312	3.41473
3072	2560	1	302	496	1.57080
3584	2560	1	2	412	4.90056
3584	2560	1	502	392	3.29930
3584	2560	1	376	350	6.04468
3584	2560	1	36	512	1.55271
3072	2560	2	424	128	0.00000
3072	2560	2	472	192	0.00000
3072	2560	2	186	436	0.00000
3072	2560	2	14	276	0.00000
3072	2560	2	28	28	0.00000
3072	2048	2	94	24	0.00000
3072	2048	2	296	22	0.00000
3072	2048	2	358	24	0.00000
3072	2560	2	304	28	0.00000
3072	2560	2	164	76	0.00000
3072	2560	2	12	160	0.00000
3584	2560	2	240	322	0.00000
3584	2560	2	186	308	0.00000
3584	2560	2	356	442	0.00000
3584	2560	2	400	254	0.00000
3584	2560	2	512	198	0.00000
3584	2560	2	248	474	0.00000
3584	2560	2	336	508	0.00000
3584	2560	2	242	512	0.00000
3584	2560	2	460	500	0.00000
3584	2560	2	512	238	0.00000
3584	3584	1	168	2	5.35961
3584	3584	1	132	190	1.67766
3584	3584	1	252	70	3.46861
3072	3584	1	442	94	4.09653
3072	3584	1	498	142	1.15583
3584	3072	1	306	352	4.32992
3584	3584	1	164	118	2.19149
3584	3072	1	462	444	1.87005
3584	3072	1	336	492	4.01148
3072	3584	1	504	218	1.00823
3584	3072	1	180	420	1.24867
3584	3072	1	244	296	1.30055
3584	3584	1	298	256	3.48223
3584	3072	1	100	346	1.90990
3584	3584	1	500	18	4.71195
3584	3584	1	460	94	2.27758
3584	3584	1	368	212	2.96672
3584	3072	1	272	458	3.96417
3072	3584	1	186	254	5.50032
3584	3072	1	318	396	1.64278
3072	3584	1	314	342	2.53514
3072	3584	1	270	226	5.64804
3072	3584	1	436	348	2.24379
3072	3584	1	512	298	1.30441
3584	3584	1	128	294	5.40818
3584	3072	2	410	372	0.00000
3584	3584	1	174	444	0.46804
3584	3584	1	122	398	0.50471
3584	3584	1	46	370	0.42130
3584	3584	1	316	426	0.02441
3584	3584	1	384	384	0.12632
3072	3584	1	204	378	0.40878
3072	3584	1	106	332	5.70109
3584	3584	1	448	310	0.00000
3584	3584	1	254	410	0.32213
3584	3584	1	466	468	5.81685
3072	3584	1	252	440	4.41293
3072	3584	1	82	454	1.00160
3072	3584	1	40	408	3.97153
3072	3584	1	456	448	3.07610
3072	3584	1	258	56	3.51523
3584	3072	1	4	296	0.90638
3072	3072	1	444	436	3.82108
3072	3072	1	210	220	1.70629
3072	3584	1	138	154	0.69469
3072	3072	1	242	288	1.64896
3072	3072	1	330	366	3.67915
3072	3072	1	208	444	0.00000
3072	3072	2	504	460	0.00000
3584	3072	1	136	190	1.94379
3584	3072	1	252	230	4.10031
3584	3072	1	198	152	5.47614
3584	3072	1	128	64	3.65194
3584	3072	1	352	196	4.08471
3584	3072	1	436	78	3.23191
3072	3072	1	486	162	0.68777
3584	3072	1	312	38	3.37422
3584	3072	1	232	46	0.00000
3072	3072	1	32	312	4.61777
3072	3072	1	352	198	1.54698
3072	3072	1	408	80	6.10935
3072	3072	2	432	250	0.00000
3584	3072	2	16	202	0.00000
3072	3072	1	52	82	3.42298
3072	3072	1	166	158	4.52703
3072	3072	1	276	50	4.26995
3072	3072	1	6	210	4.65327
3072	3072	1	118	438	1.38267
3072	3584	1	54	62	1.04535
3072	3584	1	30	18	0.98568
3072	3584	1	180	30	0.83658
3072	3584	1	346	66	0.80643
3584	3072	1	462	174	3.67115
3584	3072	1	370	86	3.43507
3584	3072	1	496	252	0.14353
3584	3072	1	452	334	2.65825
3584	3584	1	80	30	6.24932
2048	3584	1	278	262	0.00000
2048	3584	1	346	252	0.00000
2048	3072	2	194	24	0.00000
2560	3072	2	138	72	0.00000
2048	3072	2	198	234	0.00000
2560	3072	2	86	226	0.00000
2560	3072	2	226	138	0.00000
2560	3072	2	354	244	0.00000
2048	3072	2	170	484	0.00000
2560	3072	2	14	170	0.00000
2560	3072	2	44	452	0.00000
2048	3072	1	70	110	5.14504
2048	3072	1	166	90	1.82825
2048	3072	1	296	90	5.94886
2048	3072	1	466	182	5.60419
2048	3072	1	432	48	1.08514
2560	3072	1	50	94	3.83509
2560	3072	1	248	46	5.67271
2560	3072	1	426	82	5.39073
2560	3072	1	360	144	4.98262
2048	3072	1	228	178	4.79917
2048	3072	1	372	242	6.12967
2048	3072	1	488	322	1.13950
2560	3072	1	130	172	4.93346
2560	3072	1	280	228	5.80490
2560	3072	1	176	298	1.06097
2560	3072	1	238	360	1.15294
2560	3072	1	362	340	0.00000
2560	3072	1	496	238	4.76876
2048	3072	1	30	158	0.00000
2048	3072	1	48	416	3.23328
2048	3072	1	210	296	4.13073
2048	3072	1	208	400	5.23032
2048	3072	1	290	364	0.00000
2048	3072	1	388	396	0.00000
2048	3072	1	482	490	0.00000
2560	3072	2	108	428	0.00000
2560	3072	1	232	490	3.42650
2048	3584	1	158	80	4.79370
2048	3072	1	292	506	0.55609
2048	3584	1	402	16	3.85899
2560	3072	1	390	440	4.24554
2560	3072	1	464	458	3.43350
2560	3584	1	510	20	1.12126
2560	3584	1	130	60	3.28320
2560	3584	1	268	60	3.11243
2560	3584	1	386	48	1.88981
2560	3584	1	358	154	2.03944
2560	3584	1	374	222	1.81057
2560	3584	1	268	226	2.76385
2560	3584	1	216	294	2.54533
2048	3584	1	472	110	2.20643
2560	3584	1	86	174	2.62703
2560	3584	1	44	246	2.09795
2048	3584	1	80	176	0.76703
2048	3584	1	206	166	3.32782
2048	3584	1	282	116	4.18893
2048	3584	1	344	124	1.45132
2048	3584	1	106	258	0.56201
2048	3584	1	136	450	0.28693
2048	3584	1	78	388	0.40949
2048	3584	1	256	434	5.76136
2048	3584	1	406	440	1.58140
2560	3584	1	26	394	0.56215
2048	3584	1	416	236	0.83299
2048	3584	1	470	308	0.59122
2560	3584	1	178	430	2.93617
2560	3584	1	338	364	0.38893
2560	3584	1	448	440	4.15430
2560	3584	1	448	348	5.92114
2560	3584	1	488	286	2.72322
2560	3584	1	468	188	5.19739
2560	3584	1	500	124	1.12873
2048	3584	1	198	290	5.37639
2560	3584	1	294	458	3.57289
2560	3584	1	84	470	0.00000
2560	3072	1	500	338	4.89608
