1024	2048	2	190	84	0.00000
1024	2048	1	300	198	2.41923
1024	2048	1	96	116	0.77865
1024	2048	1	80	276	5.83400
1024	2048	1	210	376	0.33065
1536	2048	1	14	218	2.19195
1024	2048	1	466	338	3.90387
1536	2048	1	110	500	0.62873
1536	2560	1	10	16	5.74252
1536	2048	1	340	420	0.32175
1536	2048	1	148	72	1.15818
1536	2048	1	222	134	0.00000
1536	2048	1	296	204	0.41717
1536	2048	1	264	70	5.28904
1536	2048	2	498	54	0.00000
1024	2560	1	302	36	0.89606
1024	2560	1	90	234	0.83712
1024	2560	1	208	354	1.76132
1024	2560	1	224	426	1.51836
1024	2560	1	340	268	3.51918
1024	2560	1	270	200	3.95914
1536	2560	1	122	314	0.35846
1536	2560	1	236	292	6.13553
1536	2560	1	350	10	0.72158
1536	2048	1	484	462	4.47151
1536	2560	1	362	96	0.72804
1536	2560	1	296	248	5.58238
1024	2560	1	368	366	1.07944
1024	2560	1	460	410	0.94932
1024	2560	1	144	496	1.97238
1024	2560	1	48	484	3.15822
1536	2560	1	16	488	4.34395
1536	2560	1	282	430	2.05362
1024	2048	1	0	512	1.61247
1536	2560	1	322	362	2.03963
1536	2560	1	490	108	0.44709
1536	2560	1	454	44	0.44995
1536	2560	1	334	512	1.57362
1536	2560	1	44	240	2.55026
1536	2560	1	160	174	2.66315
1536	2560	1	16	354	2.35619
1536	2048	1	406	296	1.85723
1536	2048	1	126	356	2.43626
1536	2048	2	234	426	0.00000
1024	2560	1	452	100	4.10430
1536	2560	2	468	414	0.00000
1024	2560	1	68	156	2.28389
1536	2048	1	226	498	2.53399
1536	2560	1	378	206	0.00000
1536	2560	1	440	318	0.00000
1024	3072	1	186	120	5.55851
1024	3072	1	272	120	5.66315
1024	3072	1	476	214	5.87583
1536	3072	1	262	102	4.55224
1536	3072	1	78	380	0.00000
1024	3072	2	380	192	0.00000
1536	3584	2	374	64	0.00000
1536	3584	2	248	368	0.00000
1536	3584	2	18	54	0.00000
1536	3072	1	398	266	0.31149
1536	3072	2	376	454	0.00000
1024	3072	1	328	250	6.02024
1536	3584	2	466	112	0.00000
1024	3072	1	62	142	0.85039
1024	3072	2	348	354	0.00000
1024	3072	1	44	58	0.92833
1024	3072	1	182	482	0.38870
1024	3072	2	26	372	0.00000
1024	3072	1	266	396	5.77775
1536	3072	1	38	186	5.79182
1536	3072	1	208	312	5.04346
1024	3584	1	294	24	0.84220
1024	3072	1	250	248	0.00000
1024	3072	1	124	252	5.57940
1024	3072	1	42	242	3.13195
1536	3072	1	74	40	1.14429
1024	3072	1	388	78	1.27877
1536	3072	1	490	112	0.40183
1536	3072	1	448	56	0.00000
1536	3072	1	318	208	2.39907
1024	3072	1	488	464	4.16516
1536	3584	1	256	56	0.50683
1024	3072	1	50	486	3.98320
1024	3072	1	132	356	5.85221
1536	3072	1	30	330	4.09979
1536	3584	1	136	100	3.06731
1536	3072	1	100	468	3.45488
1536	3072	1	184	382	3.16397
1536	3072	1	226	476	0.45593
1024	3584	1	24	84	1.03908
1024	3584	1	92	148	0.20236
1024	3584	1	190	142	1.28970
1024	3584	1	330	184	4.60604
1024	3584	1	362	66	4.14091
1024	3584	1	498	274	5.76697
1536	3584	1	6	136	5.60143
1536	3584	1	264	174	0.56570
1536	3072	1	252	260	1.98445
1536	3072	1	330	360	2.05153
1536	3072	1	356	22	1.56978
1536	3584	1	188	466	0.55356
1536	3072	1	502	480	0.74641
1536	3072	2	440	316	0.00000
1536	3072	2	512	314	0.00000
1536	3584	1	376	168	4.46770
1024	3584	1	138	302	0.75627
1024	3584	1	366	310	5.90635
1536	3584	1	18	406	0.82425
1536	3584	1	182	284	0.00000
1536	3584	1	80	284	1.26799
1536	3584	1	332	362	0.11049
1536	3584	1	404	354	0.00000
1536	3584	1	338	512	5.71038
1536	3584	1	500	448	5.38773
1536	3584	1	484	242	4.79706
1024	3584	1	184	382	4.52555
1024	3584	1	418	398	0.54176
1536	3584	1	66	472	0.44223
1536	3584	1	322	274	0.92730
1024	3584	1	82	480	5.79392
1024	3072	2	476	38	0.00000
1536	3072	2	186	116	0.00000
2048	2048	1	66	66	2.62082
2048	2048	1	152	12	3.80412
2048	2048	2	172	90	0.00000
2048	2048	1	298	40	4.15859
2048	2048	2	406	10	0.00000
2048	2048	2	498	56	0.00000
2048	2048	2	201	501	0.00000
2048	2048	2	270	504	0.00000
2048	2560	2	384	104	0.00000
2048	2560	2	415	53	0.00000
2560	2048	2	294	390	0.00000
2048	2560	2	232	148	0.00000
2048	2560	2	171	148	0.00000
2048	2560	2	320	202	0.00000
2048	2560	2	164	364	0.00000
2048	2560	2	196	416	0.00000
2048	2560	2	190	512	0.00000
2560	2560	2	464	324	0.00000
2048	2560	1	96	512	1.84002
2048	2560	1	54	426	5.55164
2048	2560	1	158	230	4.85477
2048	2560	1	36	260	5.27246
2048	2560	1	62	126	4.15203
2048	2560	1	0	28	1.28126
2048	2560	1	0	106	4.34289
2048	2048	1	70	484	0.00000
2048	2048	1	42	360	4.76861
2048	2048	1	0	448	4.39277
2048	2048	1	172	380	4.18809
2048	2560	1	230	68	5.08063
2048	2048	1	166	276	0.50932
2048	2048	1	268	294	6.10049
2048	2048	1	286	192	2.06132
2048	2048	2	238	440	0.00000
2048	2048	1	356	126	5.87288
2048	2048	1	490	144	0.68741
2560	2048	2	512	68	0.00000
2560	2048	1	112	108	5.04614
2560	2048	1	188	140	6.07064
2560	2048	1	238	68	2.81422
2560	2048	1	316	90	0.13388
2560	2048	1	346	50	5.86698
2560	2048	1	432	64	6.08522
2560	2048	1	484	0	2.92560
2560	2048	1	146	252	1.39614
2560	2048	1	304	224	4.14778
2560	2048	1	480	164	1.08464
2560	2048	1	512	224	1.91364
2560	2048	1	436	272	1.63241
2560	2048	1	496	340	1.36458
2560	2048	1	200	364	5.45169
2560	2048	1	496	446	1.86791
2560	2560	2	512	10	0.00000
2048	2048	1	468	394	3.14355
2048	2048	1	340	434	4.14218
2560	2560	2	20	166	0.00000
2560	2560	2	19	477	0.00000
2048	2560	2	461	481	0.00000
2048	2560	2	439	317	0.00000
2048	2560	1	264	448	4.24821
2048	2560	1	436	244	1.94053
2048	2560	1	334	512	0.38665
2048	2560	1	430	432	4.93578
2560	2560	1	28	410	2.60912
2048	2560	1	290	352	4.78969
2048	2560	1	420	158	4.57536
2048	2560	1	458	20	3.01231
2560	2048	1	24	484	3.31690
2560	2560	1	480	512	2.40271
2560	2560	1	160	436	5.12648
2560	2560	1	116	512	0.44527
2560	2560	1	512	444	4.25100
2560	2560	1	512	156	0.30247
2560	2560	1	460	156	0.07727
2560	2560	1	334	444	3.65431
2560	2560	1	166	360	5.00970
2560	2560	1	304	282	4.21146
2560	2560	1	142	260	1.56803
2560	2560	1	82	194	1.21355
2560	2560	1	90	86	1.65710
2560	2560	1	206	176	2.57429
2560	2560	1	296	150	0.21329
2560	2560	1	252	66	0.23790
2560	2560	2	290	4	0.00000
2560	2048	1	200	478	4.27961
2560	2048	1	368	496	5.26030
2560	2560	1	388	114	6.03736
3584	2560	1	210	282	2.01134
3072	2560	1	366	484	0.00000
3584	2560	1	252	430	5.16594
3584	2560	1	340	296	0.75890
3584	2560	1	480	486	5.77876
3072	2560	1	454	410	1.48444
3584	2560	1	496	336	0.70234
3584	2560	1	10	512	2.66285
3584	2560	1	388	416	5.84481
3584	2560	1	268	366	1.82124
3584	2560	1	512	468	5.79974
3584	2560	1	130	420	0.88014
3584	2560	2	254	500	0.00000
3584	2560	2	158	496	0.00000
3584	2560	2	330	462	0.00000
3584	2560	1	422	322	3.58966
3584	2560	1	98	274	5.27912
3584	2560	1	16	320	4.21684
3584	2560	1	370	172	3.74990
3072	2560	1	68	422	4.06687
3584	2560	1	170	138	4.08869
3584	2560	1	468	174	0.52877
3584	2560	1	300	114	3.19299
3584	2048	1	306	496	0.85844
3072	2560	1	60	256	0.73782
3072	2560	1	374	226	3.98479
3072	2560	1	102	484	3.48462
3072	2560	1	326	378	3.69369
3072	2560	1	210	262	4.08600
3072	2560	1	268	150	2.49733
3072	2560	1	460	74	1.35702
3072	2560	1	32	130	0.36324
3072	2560	1	144	130	5.87590
3072	2560	1	378	84	0.53134
3584	2048	1	400	492	2.48583
3584	2560	1	90	128	1.13839
3072	2560	1	468	166	4.96685
3584	2048	1	212	392	4.46781
3584	2048	1	94	394	5.38112
3584	2048	1	444	356	2.31338
3584	2048	1	42	470	3.30603
3072	2048	1	488	448	4.15108
3584	2560	1	144	16	1.58321
3584	2048	2	512	448	0.00000
3072	2048	1	370	448	3.81450
3072	2560	1	76	16	1.65263
3072	2560	2	312	8	0.00000
3072	2048	1	178	476	2.18515
3072	2560	2	190	78	0.00000
3072	2048	1	164	370	4.96988
3072	2048	1	268	366	2.57899
3072	2048	1	360	320	2.38710
3072	2048	1	470	340	3.97598
3584	2048	1	184	294	4.10257
3584	2048	1	258	88	3.89477
3584	2048	1	44	82	0.72166
3584	2048	1	254	0	0.00000
3584	2048	1	152	98	0.00000
3584	2048	1	384	228	5.21022
3584	2048	1	512	106	0.00000
3584	2048	1	476	50	0.00000
3584	2048	1	398	78	0.00000
3584	2048	1	30	232	5.57312
3072	2048	1	414	202	0.00000
3072	2048	1	382	54	2.50301
3072	2048	2	462	22	0.00000
3072	2048	1	320	132	0.00000
3072	2048	1	248	224	2.74041
3072	2048	1	42	262	2.35813
3072	2048	1	84	46	0.41822
3072	2048	2	22	160	0.00000
3072	2048	1	242	10	4.62207
3072	2048	1	206	110	5.14010
3072	3584	1	156	24	3.21028
3072	3072	1	34	448	2.52440
3072	3072	1	222	74	5.91350
3072	3072	1	134	250	4.96930
3072	3072	1	154	144	2.76345
3072	3072	1	288	200	2.44491
3072	3072	1	318	128	5.90566
3072	3072	1	208	322	0.36209
3072	3072	1	88	338	0.00000
3072	3072	1	20	182	5.84738
3072	3072	1	102	48	3.16790
3072	3072	2	244	460	0.00000
3072	3072	1	374	26	0.00000
3072	3072	1	430	84	4.27001
3584	3072	1	24	46	2.85246
3584	3072	1	138	104	5.66121
3584	3072	1	212	48	1.97866
3584	3072	1	304	42	5.30644
3584	3072	1	436	56	5.50993
3584	3072	1	482	16	5.61841
3072	3072	1	460	146	4.32319
3072	3072	1	474	222	1.25915
3584	3072	1	46	150	1.00407
3072	3072	1	406	342	1.39665
3584	3072	1	82	272	0.68187
3584	3072	1	224	150	3.66095
3584	3072	1	312	206	5.73359
3584	3072	1	348	116	4.50063
3584	3072	1	402	146	1.25997
3584	3072	1	408	226	4.00556
3584	3072	1	276	260	1.92825
3584	3072	1	482	300	4.11049
3072	3072	1	512	420	0.94200
3584	3072	1	150	306	4.11539
3072	3072	1	366	478	1.50194
3072	3584	1	308	38	2.29135
3072	3072	1	498	508	4.44706
3584	3072	1	114	412	0.90410
3584	3072	1	192	466	4.13786
3584	3072	1	284	376	2.73573
3584	3072	1	350	392	2.30180
3584	3072	1	490	428	5.44913
3584	3072	1	510	362	1.60304
3584	3584	1	218	32	4.44706
3584	3584	1	364	84	2.18152
3072	3584	1	220	466	1.15375
3072	3584	1	334	158	2.28487
3072	3584	1	396	116	2.60065
3072	3584	1	480	114	5.98959
3584	3584	1	72	60	4.72326
3584	3584	1	80	136	1.94611
3584	3584	1	184	152	5.88941
3584	3584	1	244	144	0.00000
3584	3584	1	346	186	5.18659
3584	3584	1	448	230	3.25644
3584	3584	1	510	164	2.69365
3072	3584	1	126	246	1.93980
3072	3584	2	6	146	0.00000
3072	3584	2	8	30	0.00000
3072	3584	1	40	304	2.01772
3072	3584	1	262	372	1.67830
3072	3584	1	282	200	3.69305
3072	3584	1	308	284	0.39306
3072	3584	1	382	312	0.00000
3072	3584	1	484	262	5.44855
3584	3584	1	6	196	1.40565
3584	3584	1	140	222	1.82695
3584	3584	1	310	242	4.82975
3584	3584	1	120	294	4.76856
3584	3584	1	348	328	1.60828
3072	3584	1	456	444	5.76887
3072	3584	1	148	408	1.29957
3072	3584	1	28	380	2.98949
3072	3584	1	482	362	5.90268
3584	3584	1	70	368	5.80476
3584	3584	1	154	350	1.85742
3584	3584	1	244	314	3.89670
3584	3584	1	446	414	2.43064
3072	3584	1	356	454	2.93307
3072	3584	1	186	116	0.00000
3584	3584	1	250	452	3.74784
3584	3584	1	130	498	3.59907
3584	3584	1	36	448	5.53194
3584	3584	1	364	470	5.09352
3072	3584	1	52	492	4.80790
3072	3584	2	34	114	0.00000
3072	3584	2	118	370	0.00000
3584	3584	1	482	304	0.78540
3584	3584	1	198	438	0.00000
3584	3584	2	502	512	0.00000
2048	3072	2	216	268	0.00000
2048	3072	2	288	284	0.00000
2048	3072	2	68	28	0.00000
2048	3072	2	52	394	0.00000
2048	3072	2	162	486	0.00000
2048	3072	2	500	420	0.00000
2048	3072	2	460	296	0.00000
2560	3072	2	94	234	0.00000
2560	3072	2	148	84	0.00000
2560	3072	2	224	132	0.00000
2560	3072	2	348	236	0.00000
2560	3072	2	102	448	0.00000
2560	3584	2	200	360	0.00000
2560	3584	2	386	512	0.00000
2048	3584	2	198	256	0.00000
2048	3072	1	66	146	0.47221
2048	3072	1	146	88	0.00000
2048	3072	2	218	30	0.00000
2048	3072	1	178	342	3.68838
2048	3072	1	220	186	4.54724
2048	3072	1	316	70	0.79121
2048	3072	1	428	52	5.81666
2048	3072	1	496	206	0.72664
2048	3072	1	386	140	5.26670
2048	3072	1	66	300	0.78540
2048	3584	1	40	114	0.00000
2048	3072	1	48	466	0.52839
2048	3584	1	216	54	5.96599
2048	3584	1	180	108	2.36096
2048	3584	1	100	186	3.55025
2048	3072	1	370	428	3.74543
2048	3072	2	308	424	0.00000
2048	3584	1	368	68	6.22116
2048	3584	1	506	98	0.19270
2048	3584	1	436	18	2.99122
2560	3072	1	284	126	0.00000
2560	3072	1	86	54	0.45936
2560	3072	1	410	88	3.44775
2560	3072	1	460	246	5.95045
2560	3072	1	262	338	0.00000
2560	3072	1	168	362	0.00000
2560	3072	1	56	336	5.05757
2048	3584	1	304	54	2.91647
2048	3584	1	418	192	0.00000
2048	3584	1	350	270	6.07268
2560	3584	1	150	38	1.84123
2560	3072	1	220	484	0.00000
2560	3072	1	430	380	1.36422
2560	3072	1	402	474	4.84515
2560	3072	1	150	180	2.66613
2048	3584	1	246	192	4.88180
2560	3584	1	20	200	0.60666
2560	3584	1	122	214	2.74781
2560	3584	2	268	240	0.00000
2560	3584	1	240	94	0.55064
2560	3584	1	344	70	6.21399
2560	3584	1	174	156	5.68401
2560	3584	1	324	204	0.57382
2560	3584	1	478	36	0.85611
2560	3584	1	474	144	5.16288
2560	3584	1	444	270	0.00000
2560	3584	2	512	272	0.00000
2560	3584	1	344	322	2.10340
2048	3584	1	66	322	1.80821
2048	3584	1	374	408	5.02738
2048	3584	1	260	330	0.00000
2048	3584	1	188	414	5.91550
2048	3584	1	128	464	0.00000
2048	3584	1	332	472	0.00000
2560	3584	1	64	326	4.62773
2560	3584	1	54	430	5.51570
2048	3584	1	490	456	0.00000
2048	3584	1	440	368	1.05965
2560	3584	1	280	428	0.00000
2560	3584	1	376	416	5.18096
2560	3584	1	476	464	1.32216
2560	3584	1	314	468	0.33068
