1536	2560	1	360	512	4.92469
1536	2560	1	154	492	0.65447
1536	2560	1	60	488	1.23091
1024	2560	1	6	466	3.65539
1024	2560	1	66	502	3.53279
1024	2560	1	184	402	3.70253
1024	2560	1	274	444	0.14513
1024	2560	1	360	512	0.77627
1024	2560	1	170	512	1.12255
1024	2560	2	202	290	0.00000
1024	2560	2	342	450	0.00000
1024	2560	1	416	434	5.38343
1536	2560	1	10	404	5.16618
1536	2560	2	472	414	0.00000
1536	2560	1	512	386	6.15883
1536	2560	1	424	384	0.65273
1024	2560	1	272	290	0.00000
1024	2560	1	334	298	3.17279
1536	2560	1	136	328	0.39970
1536	2560	1	220	344	0.21146
1536	2560	1	312	266	5.61100
1536	2560	1	420	196	0.35720
1536	2560	1	490	272	3.59402
1536	2560	1	20	282	2.15137
1536	2560	1	66	214	1.75799
1024	2560	1	462	170	1.27934
1536	2560	1	202	190	3.18957
1536	2560	2	512	98	0.00000
1536	2560	1	438	100	0.92604
1024	2560	1	158	240	1.04732
1024	2560	1	166	128	4.02472
1024	2560	1	48	144	2.32495
1024	2560	1	50	2	1.62111
1536	2560	1	308	84	2.29025
1024	2560	1	428	44	2.54340
1536	2560	1	108	110	4.47501
1024	2560	1	302	52	0.67474
1536	2560	1	22	18	5.57762
1536	2560	1	188	8	1.29663
1536	2048	1	358	502	0.88784
1536	2560	1	468	24	1.26249
1536	2048	1	512	426	0.89682
1536	2048	1	474	396	0.81457
1536	2048	1	346	386	5.72459
1536	2048	1	240	402	0.80973
1536	2048	2	240	348	0.00000
1536	2048	1	62	414	2.73787
1024	2048	1	290	478	1.10912
1024	2048	1	216	384	0.39234
1024	2048	1	456	370	3.88124
1024	2048	1	116	280	1.76258
1024	2048	1	80	154	1.14745
1536	2048	1	166	322	0.77405
1536	2048	1	74	244	5.83021
1024	2048	1	388	146	1.80424
1536	2048	1	394	222	3.30103
1536	2048	1	286	242	3.72744
1536	2048	1	512	304	5.40131
1536	2048	1	512	178	4.77661
1536	2048	2	502	72	0.00000
1536	2048	1	328	0	4.64869
1536	2048	1	278	78	5.49779
1536	2048	1	228	128	0.00000
1024	2048	1	104	64	0.64419
1024	2048	1	202	74	0.30876
1536	2048	2	12	32	0.00000
1024	2048	2	358	8	0.00000
1024	2048	2	264	10	0.00000
1024	2048	2	444	0	0.00000
1536	2560	2	296	512	0.00000
1024	3072	1	156	12	1.70792
1024	3072	1	334	40	0.97604
1024	3072	1	200	102	1.09361
1024	3072	1	60	120	1.44644
1536	3072	1	66	134	5.84081
1536	3072	1	226	68	1.28301
1536	3072	1	150	4	1.18313
1536	3072	1	450	136	5.60154
1536	3072	1	392	164	2.61810
1024	3072	1	488	210	4.71433
1024	3072	1	332	238	6.05689
1024	3072	1	276	242	5.88466
1024	3072	1	104	212	4.14338
1024	3072	1	168	312	0.12189
1024	3072	1	238	364	0.00000
1024	3072	1	128	382	3.50920
1024	3072	1	56	332	3.19633
1536	3072	1	20	324	0.83333
1536	3072	1	192	318	5.12935
1536	3072	1	370	272	1.67685
1536	3072	1	264	478	0.43616
1536	3072	1	140	390	1.84886
1536	3072	1	100	480	3.62372
1024	3072	1	494	472	1.93086
1024	3072	1	362	456	0.94692
1024	3072	1	238	458	1.25552
1536	3072	1	512	254	4.94134
1536	3072	1	362	4	1.71090
1024	3072	1	132	476	0.46935
1024	3584	1	466	54	5.86194
1536	3072	1	452	384	1.11097
1536	3072	1	446	478	0.78277
1536	3584	1	322	36	1.54328
1536	3072	2	380	458	0.00000
1536	3584	2	464	104	0.00000
1536	3584	1	512	20	0.55125
1024	3584	1	244	30	1.67459
1024	3584	1	218	108	4.39949
1024	3584	1	82	132	0.92274
1024	3584	1	168	202	5.01613
1536	3584	1	180	152	1.78611
1536	3584	1	204	92	5.72702
1536	3584	1	338	150	1.37680
1024	3584	1	478	240	5.40546
1536	3584	1	82	258	0.96927
1536	3584	1	342	272	0.48887
1536	3584	1	488	236	0.00000
1024	3584	1	350	298	0.00000
1024	3584	1	110	292	6.18641
1024	3584	1	30	280	5.99546
1536	3584	1	178	302	0.52385
1536	3584	1	26	404	0.00000
1024	3584	1	454	410	0.44075
1536	3584	1	188	468	0.29544
1536	3584	1	70	480	0.85634
1024	3584	1	94	484	5.92919
1024	3584	1	10	490	5.61183
1536	3584	1	472	436	0.00000
1536	3584	1	410	360	0.00000
1536	3584	1	322	494	5.76921
1536	3584	2	240	368	0.00000
2048	2048	1	92	66	0.73782
2048	2048	1	64	324	5.39551
2048	2048	1	140	280	5.70695
2048	2048	1	248	298	0.00000
2048	2048	1	420	156	1.17812
2048	2048	1	500	194	0.75938
2560	2048	1	78	102	4.66064
2560	2048	1	188	154	5.71872
2560	2048	1	310	88	0.00000
2560	2048	1	420	68	0.00000
2560	2048	1	488	68	3.11957
2560	2048	1	328	216	4.11520
2560	2048	1	220	472	5.82015
2560	2048	1	96	320	2.08971
2560	2048	1	188	304	2.83472
2560	2048	1	318	336	4.81718
2560	2048	1	464	256	1.11075
2560	2048	1	468	182	1.35615
2048	2048	1	346	426	4.25918
2048	2560	1	294	274	4.15332
2048	2048	1	108	506	1.84077
2048	2048	2	238	446	0.00000
2048	2048	2	206	510	0.00000
2048	2048	2	502	56	0.00000
2560	2560	1	28	62	2.98168
2560	2048	1	96	460	3.74744
2048	2048	1	446	484	4.14602
2048	2560	2	422	52	0.00000
2048	2560	2	376	96	0.00000
2048	2560	1	276	38	4.07226
2048	2560	1	324	160	5.54146
2048	2560	2	172	152	0.00000
2048	2560	2	232	152	0.00000
2048	2560	1	52	66	0.90501
2048	2560	1	100	234	0.12065
2560	2560	1	118	66	3.81167
2560	2560	1	248	82	1.34626
2560	2560	1	404	118	5.15855
2560	2560	1	454	26	4.80517
2560	2048	1	350	454	3.22926
2048	2560	1	180	274	1.01525
2048	2560	1	462	240	1.88443
2560	2560	1	54	258	0.00000
2560	2560	1	142	218	3.27812
2560	2560	1	226	272	2.91967
2560	2560	1	302	166	2.51930
2048	2048	1	152	400	3.97556
2048	2560	1	36	380	0.00000
2048	2560	1	292	380	4.68631
2048	2560	1	382	420	4.55734
2560	2560	1	148	402	5.14190
2560	2560	1	288	414	2.42737
2560	2560	1	368	308	5.15282
2560	2560	1	444	392	4.10787
2560	2560	1	42	468	2.58381
2560	2560	1	462	458	0.70143
2048	2560	2	468	476	0.00000
2048	2560	2	444	326	0.00000
2048	2560	2	170	362	0.00000
2048	2560	2	72	512	0.00000
2048	2560	2	218	512	0.00000
2048	2560	2	186	418	0.00000
3072	2048	1	96	260	2.91195
3072	2048	1	82	58	0.00000
3072	2048	1	206	26	4.35182
3072	2048	1	232	104	4.47749
3072	2048	1	352	144	0.71409
3072	2048	1	368	26	4.33958
3072	2048	1	498	86	4.18314
3584	2048	1	158	126	0.00000
3584	2048	1	268	82	3.71058
3584	2048	1	382	92	0.00000
3584	2048	1	456	60	0.00000
3584	2048	2	224	34	0.00000
3072	2048	1	276	230	2.44799
3072	2048	1	388	208	4.49285
3584	2048	1	32	226	4.51086
3072	2048	1	426	300	4.82727
3584	2048	1	184	246	4.82512
3584	2048	1	382	222	5.44369
3072	2048	1	164	364	4.66030
3072	2048	1	342	348	1.87186
3072	2048	1	476	384	3.63464
3584	2048	1	78	336	1.69777
3584	2048	1	216	356	3.80637
3584	2048	1	280	412	3.97457
3584	2048	1	422	468	2.30941
3584	2048	1	486	420	2.31871
3072	2048	1	20	458	0.00000
3072	2048	1	110	480	2.72193
3072	2048	1	196	482	2.88084
3072	2048	1	312	432	4.30226
3072	2048	1	444	498	2.00693
3584	2048	1	50	454	2.45404
3584	2048	1	140	476	5.81954
3584	2560	1	256	42	5.74859
3584	2048	1	338	508	5.71280
3584	2560	1	424	82	1.17138
3072	2560	1	78	136	1.09460
3072	2560	2	160	78	0.00000
3072	2560	1	208	100	0.19380
3072	2560	1	386	38	1.87093
3584	2560	1	30	44	1.22676
3584	2560	1	160	120	0.00000
3584	2560	1	296	158	1.60109
3072	2560	1	268	190	3.11779
3072	2560	1	136	244	3.79627
3072	2560	1	358	224	2.74307
3584	2560	1	46	116	1.44691
3072	2560	2	438	124	0.00000
3072	2560	2	468	186	0.00000
3584	2560	1	66	186	4.90482
3584	2560	1	76	264	4.71239
3584	2560	1	346	220	1.09192
3584	2560	1	398	290	1.39737
3584	2560	1	490	226	2.67103
3072	2560	1	296	330	4.19450
3072	2560	1	440	344	3.87230
3072	2560	1	122	412	4.89793
3072	2560	1	222	470	0.78540
3072	2560	2	116	512	0.00000
3072	2560	1	22	512	1.46406
3072	2560	1	378	472	0.00000
3072	2560	1	20	250	0.67962
3584	2560	1	76	374	0.73390
3584	2560	1	440	372	4.09466
3584	2560	1	280	358	0.00000
3584	2560	1	192	286	0.97861
3584	2560	1	130	404	1.32582
3584	2560	2	338	440	0.00000
3584	2560	1	62	512	0.00000
3584	2560	1	184	478	3.14680
3584	2560	1	246	480	2.25311
3584	2560	1	334	512	5.65251
3584	2560	1	410	482	0.00000
3584	2560	1	490	420	4.75584
3584	2560	1	492	512	0.00000
3072	3072	2	436	264	0.00000
3072	3072	2	242	476	0.00000
3584	3072	2	246	130	0.00000
3584	3072	2	188	44	0.00000
3584	3072	2	248	430	0.00000
3072	3072	1	104	326	0.00000
3072	3072	1	190	298	0.00000
3072	3072	1	284	138	0.00000
3072	3072	1	110	194	4.99179
3072	3072	1	190	138	2.40889
3072	3072	1	84	54	3.53813
3072	3072	1	486	180	0.27746
3072	3072	2	196	40	0.00000
3072	3072	2	386	26	0.00000
3072	3072	2	38	364	0.00000
3584	3584	1	4	62	0.40489
3072	3072	1	398	404	0.89186
3072	3072	1	264	296	3.22710
3072	3072	1	336	278	3.13207
3584	3072	1	78	200	3.20424
3584	3072	2	48	74	0.00000
3584	3072	1	130	78	0.00000
3584	3072	1	348	282	0.98665
3584	3072	2	378	336	0.00000
3072	3072	1	174	486	3.21730
3584	3072	1	46	356	1.83070
3584	3072	1	110	460	1.58898
3072	3072	1	404	502	2.39965
3072	3584	1	320	88	2.34280
3072	3584	1	260	122	5.25918
3584	3584	1	284	46	4.18583
3584	3072	1	480	308	2.93050
3584	3072	1	486	76	0.27830
3584	3072	1	392	48	5.46236
3584	3072	2	276	64	0.00000
3584	3072	2	356	116	0.00000
3584	3072	2	332	176	0.00000
3584	3072	1	452	170	1.41148
3072	3584	1	122	116	3.81930
3072	3072	1	68	450	1.14906
3584	3584	1	140	112	5.22161
3584	3584	1	154	22	4.61608
3072	3584	1	396	132	1.09136
3584	3072	1	384	482	2.37099
3072	3072	1	418	152	4.36139
3072	3072	1	408	90	4.54724
3072	3584	1	322	2	5.18143
3584	3584	1	102	164	5.50536
3584	3072	2	260	264	0.00000
3072	3584	2	120	360	0.00000
3072	3584	1	102	252	2.40810
3072	3584	1	214	228	3.26950
3072	3584	1	42	50	2.81555
3584	3072	1	348	382	1.59583
3584	3584	1	144	300	0.56042
3584	3072	1	464	438	4.84167
3584	3584	1	452	34	3.09687
3584	3584	1	484	54	3.65023
3072	3584	1	408	294	5.71376
3584	3584	1	230	262	0.42976
3584	3584	1	12	236	1.44564
3072	3584	1	450	206	1.29985
3584	3584	1	14	406	0.44752
3072	3584	1	496	292	5.03414
3072	3584	1	318	238	5.39291
3072	3584	1	308	308	1.68478
3072	3584	1	66	282	2.21430
3072	3584	1	32	380	3.01916
3584	3584	1	330	144	5.24524
3584	3584	1	468	168	5.62087
3584	3584	1	314	250	0.00000
3584	3584	1	422	226	2.76434
3584	3584	1	392	70	0.00000
3584	3584	1	414	304	2.54768
3072	3584	1	318	380	1.91635
3584	3584	1	274	432	2.68916
3072	3584	1	448	416	0.45367
3072	3584	1	84	482	1.12987
3584	3584	1	158	414	0.00000
3584	3584	1	326	350	5.88396
3584	3584	1	84	448	0.00000
3072	3584	1	336	480	0.74352
3584	3584	1	496	308	0.00000
3584	3584	1	474	442	0.96722
2560	3584	1	512	290	5.21117
2560	3584	1	48	410	5.26332
2560	3584	1	250	240	6.19038
2560	3584	1	196	362	5.94198
2048	3584	1	358	358	5.48346
2560	3584	1	6	494	5.90958
2560	3584	1	512	406	2.71221
2048	3584	1	318	412	0.00000
2560	3584	1	124	214	2.04342
2048	3584	1	422	404	0.05946
2048	3584	1	248	334	0.00000
2560	3584	1	188	490	5.74076
2560	3584	1	510	196	0.37366
2560	3584	1	376	296	0.47460
2560	3584	1	64	304	4.92497
2560	3584	1	22	184	0.28800
2048	3584	1	128	428	5.71400
2048	3584	1	218	444	5.97619
2048	3584	1	144	512	5.28071
2048	3584	1	48	512	5.71723
2048	3584	1	384	288	5.58770
2560	3584	1	122	88	6.07302
2048	3584	1	56	300	3.38434
2048	3584	1	424	200	0.00000
2560	3584	1	372	420	5.53491
2048	3072	1	28	504	0.44444
2048	3584	1	494	116	0.63864
2048	3584	1	90	168	2.11735
2048	3584	1	140	92	0.00000
2048	3584	1	370	12	5.69552
2560	3584	1	344	118	0.90228
2048	3584	1	310	160	3.08560
2048	3584	1	246	194	4.72935
2048	3584	1	260	34	4.77103
2048	3072	1	118	486	3.96533
2048	3584	1	462	52	3.45220
2048	3584	1	186	224	0.00000
2048	3584	2	148	293	0.00000
2560	3584	2	282	355	0.00000
2560	3584	2	329	467	0.00000
2560	3584	1	440	138	1.16039
2560	3584	1	340	12	4.91572
2560	3584	1	512	10	2.39884
2560	3072	1	446	424	5.87899
2560	3072	1	344	430	4.16356
2560	3072	1	252	316	6.11390
2560	3072	1	166	372	0.00000
2560	3072	1	68	314	5.21479
2560	3072	2	102	445	0.00000
2048	3072	2	504	379	0.00000
2048	3072	2	478	439	0.00000
2048	3072	2	316	427	0.00000
2048	3072	2	458	291	0.00000
2048	3072	2	276	275	0.00000
2048	3072	1	354	342	6.12566
2048	3072	1	190	274	0.00000
2048	3072	1	82	272	0.37441
2048	3072	1	42	244	2.25001
2048	3072	1	280	204	4.92054
2048	3072	1	148	22	0.00000
2048	3072	1	286	26	3.44014
2048	3072	1	60	8	4.95623
2048	3072	1	130	116	1.05977
2048	3072	1	444	84	0.73520
2048	3072	1	374	140	5.70235
2560	3072	1	6	176	4.55534
2560	3072	2	78	233	0.00000
2048	3072	2	40	375	0.00000
2560	3072	1	396	182	5.89726
2560	3072	1	498	168	0.00000
2560	3072	1	382	66	4.91582
2560	3072	1	480	4	4.25105
2560	3072	1	182	54	5.67989
2560	3072	1	134	164	2.69110
2560	3072	2	338	247	0.00000
2560	3072	2	226	141	0.00000
2560	3072	2	138	85	0.00000
2560	3072	1	54	8	2.73931
2560	3072	1	210	470	0.00000
2560	3584	1	236	76	1.44071
2048	3584	1	484	340	0.40065
