1536	2048	1	268	256	1.70493
1536	2048	1	132	458	5.30375
1536	2560	1	80	120	0.61916
1024	2560	1	258	38	1.03747
1024	2560	1	452	62	2.41169
1536	2048	1	232	508	3.73534
1536	2048	1	370	410	3.59225
1536	2048	1	112	304	3.11586
1024	2048	1	236	362	0.38004
1024	2048	1	96	382	0.60483
1024	2048	1	234	162	1.84174
1536	2048	1	512	136	3.93515
1024	2048	1	56	128	3.48462
1536	2560	2	46	494	0.00000
1536	2048	1	364	84	4.81562
1536	2048	1	240	22	5.98469
1536	2560	1	344	124	5.30734
1536	2048	1	96	64	0.00000
1536	2048	1	454	500	4.12354
1536	2048	2	496	64	0.00000
1024	2048	1	472	234	3.03021
1536	2048	2	12	24	0.00000
1536	2048	2	226	134	0.00000
1024	2048	2	200	74	0.00000
1536	2048	2	240	356	0.00000
1536	2048	2	512	288	0.00000
1536	2048	2	184	36	0.00000
1536	2560	1	482	102	0.67274
1024	2560	2	186	286	0.00000
1024	2560	2	88	194	0.00000
1536	2560	1	112	242	0.27995
1536	2560	1	12	202	2.71183
1024	2560	1	290	212	4.10648
1536	2560	1	268	242	5.92697
1024	2560	1	418	224	1.55072
1024	2560	1	178	200	4.03982
1536	2560	1	410	340	5.62947
1536	2560	1	260	418	0.63414
1536	2560	1	374	418	1.90785
1536	2560	2	452	446	0.00000
1536	2560	1	156	352	3.14908
1536	2560	1	42	350	1.77626
1536	2560	1	62	430	5.13030
1024	2560	1	324	340	4.15776
1024	2560	1	432	450	3.97707
1024	2560	1	248	316	4.01537
1024	2560	1	102	300	2.54722
1024	2560	1	0	274	2.33181
1024	2560	1	110	424	1.59542
1024	2560	1	70	482	1.60412
1024	2560	1	228	476	0.00000
1024	2560	1	306	456	3.30924
1536	2560	1	372	512	0.67901
1024	3584	1	254	398	0.67474
1536	3584	1	270	472	0.00000
1024	3584	1	512	228	2.23677
1024	3584	1	400	360	0.61529
1024	3584	1	444	402	0.34518
1024	3584	1	102	424	0.57552
1536	3584	1	214	488	0.37725
1024	3584	1	70	96	0.42396
1024	3584	1	314	120	1.68316
1536	3584	1	168	296	2.10575
1536	3072	1	328	462	5.38978
1536	3584	1	424	458	5.89920
1024	3584	1	160	304	1.31814
1536	3584	1	336	290	3.50183
1536	3584	1	448	368	5.37343
1536	3584	1	352	186	6.19165
1024	3584	1	50	294	3.04064
1024	3584	1	198	126	0.00000
1024	3584	1	304	270	1.80788
1024	3584	1	466	44	3.26037
1536	3584	1	436	228	4.97552
1536	3584	1	146	424	0.00000
1536	3584	1	18	410	0.39574
1536	3584	2	252	260	0.00000
1536	3584	2	250	366	0.00000
1536	3584	2	474	116	0.00000
1536	3584	2	302	358	0.00000
1536	3584	1	62	132	4.12902
1536	3072	1	358	38	0.00000
1536	3072	1	486	68	0.00000
1536	3072	1	474	290	5.92509
1536	3072	1	426	368	4.97020
1536	3072	1	380	440	4.13612
1536	3072	1	438	496	4.37957
1536	3584	1	426	90	0.58393
1536	3072	1	352	258	1.92438
1536	3072	1	252	100	3.27664
1536	3072	1	182	114	3.30034
1536	3072	1	140	48	0.45998
1536	3072	1	36	50	3.18900
1024	3072	2	478	36	0.00000
1536	3072	1	198	250	1.34907
1536	3072	1	276	370	0.00000
1536	3072	1	290	506	1.89758
1536	3584	1	192	174	0.97797
1536	3584	1	230	58	1.81326
1536	3072	1	148	422	5.15651
1536	3072	1	144	502	2.05564
1536	3072	1	48	450	0.46365
1536	3072	1	94	300	0.84159
1536	3072	1	26	162	1.50937
1536	3072	1	50	232	1.04058
1024	3072	1	472	348	1.71402
1024	3072	1	422	428	2.00861
1024	3072	1	354	478	2.15392
1024	3584	1	326	22	2.15948
1024	3072	1	406	198	1.61622
1024	3072	1	312	276	0.00000
1024	3072	1	78	388	0.00000
1024	3072	1	162	378	5.75882
1024	3072	1	240	318	5.50515
1024	3072	1	200	74	4.90663
1024	3072	1	330	54	1.34461
1024	3072	1	284	140	3.39062
1024	3072	1	146	132	4.99392
1024	3072	1	44	82	0.34383
1024	3072	1	154	224	3.48524
1024	3072	1	0	302	4.18759
2560	2560	1	376	348	3.81417
2560	2560	1	280	322	5.93256
2048	2560	1	430	458	0.74962
2048	2560	1	154	292	0.83066
2048	2560	1	122	448	5.57829
2048	2560	1	30	384	3.58586
2048	2560	1	76	512	2.53979
2048	2560	1	316	362	1.59866
2048	2048	1	392	458	4.46104
2048	2560	1	296	166	0.50147
2560	2560	1	18	304	5.41760
2560	2560	1	42	106	5.93839
2560	2560	1	482	268	4.34119
2560	2560	1	134	160	3.46265
2560	2560	1	204	134	0.00000
2560	2560	1	186	330	5.99644
2560	2560	1	418	478	4.08841
2560	2560	2	470	336	0.00000
2560	2560	2	18	476	0.00000
2048	2560	2	328	434	0.00000
2048	2560	2	194	416	0.00000
2048	2560	2	170	358	0.00000
2560	2560	2	312	490	0.00000
2048	2560	2	352	54	0.00000
2560	2560	2	16	158	0.00000
2048	2560	2	240	146	0.00000
2048	2560	2	162	150	0.00000
2048	2560	2	420	54	0.00000
2048	2560	1	138	44	3.02422
2048	2560	1	76	122	3.76337
2048	2560	1	268	16	3.35130
2048	2048	1	74	434	0.90625
2560	2560	1	74	6	4.53657
2560	2560	1	306	196	4.13337
2560	2560	1	384	234	1.04242
2560	2560	1	464	136	5.51144
2560	2048	1	482	480	2.76686
2560	2560	1	274	40	2.68048
2560	2048	1	306	494	0.00000
2560	2048	1	394	468	2.56995
2560	2048	1	476	370	1.62375
2560	2048	1	240	384	0.00000
2560	2048	1	72	364	5.57208
2048	2048	1	476	378	5.87360
2048	2048	1	296	282	6.08417
2048	2048	1	190	316	3.39600
2048	2048	1	86	274	0.43424
2048	2048	1	22	252	0.63403
2048	2048	1	40	120	4.01310
2048	2048	1	174	68	3.79523
2048	2048	1	218	152	0.63520
2048	2048	1	298	36	1.04938
2048	2048	1	418	114	0.08080
2048	2048	1	492	152	0.29244
2048	2048	2	486	76	0.00000
2560	2048	1	120	248	5.91789
2560	2048	1	66	124	3.37601
2560	2048	1	262	174	5.73484
2560	2048	1	176	110	0.28248
2560	2048	1	430	222	4.22406
2560	2048	1	326	104	0.00000
2560	2048	1	436	64	2.50018
2560	2048	1	192	240	3.20360
2048	2560	2	438	320	0.00000
3584	2560	1	406	454	0.34806
3584	2560	1	70	398	1.52321
3072	2560	1	420	444	1.23150
3584	2560	1	170	294	5.60163
3584	2560	1	50	512	2.17308
3584	2560	1	98	320	0.75682
3072	2560	1	444	336	1.29250
3584	2560	1	162	434	4.11521
3072	2560	1	202	272	3.45863
3072	2560	1	278	188	5.45699
3584	2560	1	30	126	5.95427
3072	2560	1	360	148	5.54395
3072	2560	1	374	20	1.21764
3072	2560	1	212	20	2.47540
3584	2560	1	250	228	2.44351
3584	2560	1	466	284	3.96401
3584	2560	1	354	346	2.62771
3072	2560	1	266	336	3.30264
3072	2560	1	404	280	4.20475
3072	2560	1	28	264	4.15969
3072	2560	1	294	498	2.75677
3072	2560	1	120	330	3.37268
3072	2560	1	168	398	0.00130
3072	2560	1	126	130	1.44477
3072	2560	2	444	132	0.00000
3072	2560	2	476	158	0.00000
3584	2560	2	312	422	0.00000
3584	2560	2	352	132	0.00000
3584	2560	2	408	246	0.00000
3584	2560	1	230	512	1.82335
3584	2560	1	454	94	2.20021
3584	2560	1	428	186	4.84679
3584	2560	1	256	102	2.34400
3584	2560	1	132	44	4.19611
3584	2560	1	496	370	3.47672
3072	2560	1	132	512	5.58616
3072	2560	1	28	382	3.19801
3072	2560	1	472	24	3.69932
3584	2048	1	298	452	4.60995
3584	2048	1	70	474	4.40480
3072	2560	1	102	40	0.70503
3072	2048	1	40	460	0.83194
3072	2560	2	164	90	0.00000
3584	2048	1	370	86	0.00000
3584	2048	1	466	64	0.00000
3584	2048	1	360	228	5.51200
3584	2048	1	210	284	5.02662
3584	2048	1	244	88	3.85022
3584	2048	1	132	106	6.11266
3072	2048	1	40	98	5.53886
3072	2048	1	172	50	5.37508
3072	2048	1	202	172	5.32460
3072	2048	1	300	140	2.37008
3072	2048	1	444	40	3.88500
3072	2048	1	436	146	3.81633
3072	2048	1	336	32	3.33991
3584	2048	1	56	402	4.71851
3584	2048	1	68	190	3.91809
3584	2048	1	58	304	3.72676
3072	2048	1	478	286	3.16333
3072	2048	1	390	294	2.54432
3072	2048	1	386	424	3.02887
3072	2048	1	310	320	2.28245
3072	2048	1	188	426	4.37196
3072	2048	1	206	354	4.88281
3072	2048	1	106	278	4.05643
3584	2560	1	466	504	3.72960
3072	3072	1	350	378	4.61920
3072	3072	1	220	150	5.29821
3072	3072	1	146	232	1.20690
3072	3072	1	44	456	1.99144
3072	3584	1	408	100	0.86069
3072	3584	1	468	134	0.75960
3072	3072	1	210	324	0.98201
3072	3072	1	90	322	4.08257
3072	3584	1	238	66	0.00000
3072	3584	1	80	70	1.60088
3072	3072	1	54	56	3.18099
3072	3072	1	448	436	4.15818
3584	3584	1	52	148	0.55984
3072	3584	1	130	188	0.65129
3072	3072	2	243	459	0.00000
3072	3072	1	354	216	1.26004
3584	3072	1	134	446	0.73917
3584	3072	1	244	410	2.00684
3072	3072	1	480	188	0.63517
3072	3072	1	412	110	5.86067
3072	3072	1	250	68	5.79717
3072	3072	1	500	36	1.97099
3584	3072	1	116	266	1.20216
3584	3072	1	346	386	5.91954
3072	3584	1	508	24	5.02946
3584	3072	1	12	306	2.72452
3072	3072	2	424	266	0.00000
3584	3072	1	242	266	0.23226
3584	3072	1	198	104	1.30089
3584	3072	1	118	180	1.78019
3584	3072	1	344	152	5.97231
3584	3072	1	478	150	3.71375
3584	3072	1	262	18	2.49288
3584	3072	1	370	60	2.59385
3584	3072	1	452	44	3.56832
3584	3072	1	432	456	1.91024
3584	3072	1	448	342	2.79425
3584	3072	1	416	224	3.17701
3584	3072	1	500	270	5.91224
3584	3072	1	140	510	3.84228
3584	3584	1	192	54	3.69463
3584	3584	1	286	58	2.65046
3584	3584	1	392	54	1.20596
3584	3584	1	474	168	5.71785
3584	3072	1	342	506	5.05207
3584	3072	1	166	388	5.78338
3072	3072	1	314	28	2.63574
3584	3072	1	258	158	0.00000
3072	3584	1	214	262	0.00000
3072	3584	1	472	264	1.08169
3584	3584	1	208	184	2.93813
3584	3584	1	380	168	0.28655
3584	3584	1	374	268	3.94228
3072	3584	1	42	172	1.13302
3072	3584	1	64	276	1.40975
3072	3584	1	70	428	1.05762
3584	3584	1	106	458	0.96655
3072	3584	1	76	346	3.94358
3072	3584	1	344	388	1.86762
3072	3584	1	304	452	1.67271
3072	3584	1	264	512	1.78029
3584	3584	1	372	442	0.29176
3072	3584	1	418	232	0.66771
3584	3584	1	196	466	1.00727
3584	3584	1	462	390	1.84149
3072	3584	1	340	88	4.26610
2560	3584	1	166	264	2.36992
2048	3584	1	58	372	5.52068
2560	3584	1	446	302	2.57008
2048	3584	1	430	218	6.04797
2560	3584	1	22	398	0.00000
2560	3584	1	420	216	1.39275
2560	3584	1	444	452	4.14325
2560	3584	1	276	474	0.25125
2048	3584	1	506	272	1.26590
2560	3584	1	156	454	2.16708
2048	3584	1	280	300	5.65022
2560	3584	1	346	130	2.53224
2048	3584	1	352	272	0.00000
2048	3584	1	422	440	1.52421
2048	3584	1	152	448	0.50417
2560	3584	1	390	392	0.49320
2560	3584	1	310	346	0.72402
2048	3584	1	250	452	0.00000
2560	3584	1	298	178	2.27766
2048	3584	1	184	262	3.67404
2048	3072	2	196	226	0.00000
2048	3072	2	432	228	0.00000
2560	3072	2	40	444	0.00000
2048	3072	2	306	424	0.00000
2560	3584	2	112	296	0.00000
2560	3584	2	274	244	0.00000
2048	3584	1	114	178	2.01206
2560	3584	1	434	98	1.61199
2560	3584	1	164	188	1.21798
2560	3584	1	74	164	2.94002
2048	3584	1	296	150	0.63519
2560	3584	1	10	162	2.92032
2048	3584	1	182	136	2.76757
2048	3584	1	78	14	0.63076
2048	3584	1	208	26	5.99264
2048	3584	1	314	24	3.75926
2048	3584	1	440	86	2.28839
2560	3584	1	280	20	3.67975
2560	3584	1	402	4	3.88721
2560	3584	1	496	14	1.07845
2560	3072	2	348	238	0.00000
2560	3072	2	100	228	0.00000
2560	3072	2	138	76	0.00000
2560	3072	2	228	134	0.00000
2048	3072	1	466	504	1.04061
2048	3072	1	488	406	3.93123
2048	3072	1	406	386	3.61643
2048	3072	1	196	404	5.35513
2048	3072	1	122	128	4.70337
2048	3072	1	238	290	4.03664
2048	3072	1	264	172	5.84788
2048	3072	1	296	96	6.06489
2560	3072	1	332	410	1.57883
2560	3584	1	128	6	2.35904
2560	3072	1	100	316	1.25908
2560	3072	1	200	216	5.63467
2560	3072	1	222	350	2.95196
2560	3072	1	220	468	6.09018
2048	3072	1	372	280	0.00000
2048	3072	1	70	310	3.13798
2560	3072	1	294	292	0.00000
2560	3072	1	490	364	3.93699
2560	3072	1	422	288	3.37392
2560	3072	1	424	158	4.27629
2560	3072	1	480	58	6.05439
2560	3072	1	358	56	4.37272
2560	3072	1	90	132	4.80539
2048	3072	1	468	114	3.17531
2048	3072	1	422	36	0.45761
2560	3072	1	82	20	4.13034
2048	3072	1	110	32	2.17365
2048	3072	1	16	154	0.00000
2560	3584	2	206	364	0.00000
