1024	2048	1	120	64	0.00000
1024	2048	1	176	144	0.87962
1024	2048	1	152	252	1.10432
1024	2048	1	214	398	0.00000
1024	2048	1	348	18	0.00000
1024	2048	1	392	170	2.55132
1024	2048	1	192	60	0.00000
1024	2048	1	248	0	0.00000
1536	2048	1	14	28	0.00000
1536	2048	1	116	194	0.00000
1536	2048	1	394	66	0.00000
1536	2048	1	266	72	5.66025
1536	2048	1	218	116	0.00000
1536	2048	1	482	56	0.00000
1536	2048	1	434	198	2.17921
1536	2048	1	376	188	5.58807
1536	2048	1	296	252	3.03060
1536	2048	1	394	424	5.89631
1536	2048	1	476	352	2.88242
1536	2048	2	506	246	0.00000
1536	2048	1	246	356	3.94170
1536	2048	1	8	264	5.35297
1024	2048	1	394	446	1.16590
1536	2560	1	18	22	6.11058
1536	2560	1	100	20	2.91050
1536	2048	1	208	508	0.56012
1536	2560	1	314	46	2.75472
1536	2560	1	486	88	0.30714
1536	2048	1	496	478	5.14183
1536	2560	1	286	344	2.03444
1536	2560	1	22	126	5.31468
1024	2560	1	418	58	3.96526
1024	2560	1	298	6	1.15249
1024	2048	1	30	506	2.90198
1024	2560	1	46	148	2.37945
1024	2560	1	110	244	3.72125
1024	2560	1	330	120	0.96997
1024	2560	1	308	206	0.52414
1536	2560	1	104	224	1.89255
1536	2560	1	44	282	2.50827
1536	2560	1	360	200	2.08128
1536	2560	1	472	170	0.28000
1024	2560	1	90	426	0.00000
1024	2560	1	178	288	4.17701
1024	2560	1	176	404	3.04512
1024	2560	1	252	372	0.00000
1024	2560	1	330	316	3.58297
1024	2560	1	392	380	3.24538
1024	2560	1	494	372	5.21695
1024	2560	1	426	484	3.55650
1536	2560	1	148	348	0.00000
1536	2560	1	316	242	5.66951
1536	2560	1	220	132	0.00000
1536	2560	1	430	360	1.80843
1536	2560	1	464	456	1.22096
1536	2560	1	40	478	0.65097
1536	2560	1	250	444	1.04128
1536	2560	1	342	500	4.95737
1536	2560	2	510	310	0.00000
1024	2560	1	240	512	2.08838
1024	2048	1	492	376	4.56603
1024	3072	1	34	80	4.16073
1024	3072	1	178	136	0.00000
1024	3072	1	106	190	2.54154
1024	3072	1	246	56	2.03444
1024	3072	1	356	66	2.95624
1536	3072	1	14	126	0.66104
1536	3584	1	80	460	0.42956
1536	3584	1	494	462	5.42310
1536	3584	1	186	466	0.00000
1536	3584	1	328	482	5.27762
1024	3584	1	90	494	0.00000
1024	3584	2	24	516	0.00000
1024	3584	2	432	346	0.00000
1024	3584	1	130	310	5.65808
1024	3584	1	8	226	0.00000
1024	3584	1	114	168	5.42475
1536	3584	1	48	378	0.85771
1024	3584	1	346	302	0.00000
1536	3584	1	94	246	0.00000
1536	3584	1	488	262	0.80929
1536	3584	1	202	354	1.97429
1536	3584	2	472	116	0.00000
1536	3584	1	406	372	0.00000
1536	3584	1	394	260	1.67761
1536	3584	1	210	216	1.59696
1536	3584	1	376	168	1.57080
1536	3584	2	420	92	0.00000
1536	3072	1	500	372	0.00000
1024	3584	1	474	128	0.00000
1536	3584	1	250	130	1.69710
1024	3584	1	498	250	4.47284
1024	3584	1	390	144	2.76860
1024	3584	1	194	92	4.63562
1024	3584	1	54	74	0.70918
1024	3584	2	22	22	0.00000
1024	3072	2	44	432	0.00000
1024	3072	2	2	332	0.00000
1024	3072	1	52	302	2.59235
1024	3072	1	174	272	0.55485
1024	3072	1	178	394	0.00000
1024	3072	1	116	478	2.00320
1024	3072	1	278	208	5.71736
1024	3072	1	360	190	5.52295
1024	3072	1	270	358	0.00000
1024	3072	1	308	512	1.66852
1024	3072	1	414	390	0.58800
1536	3072	1	30	306	0.71718
1536	3072	1	196	302	5.25777
1536	3072	1	14	462	0.76965
1536	3072	1	272	102	1.38070
1536	3072	2	130	86	0.00000
1536	3072	1	102	486	3.44321
1536	3072	1	156	404	2.63673
1536	3072	1	280	386	0.87445
1536	3072	1	332	190	3.79019
1536	3072	1	364	296	5.85843
1536	3072	1	450	70	4.67334
1536	3072	1	482	206	5.15076
1536	3072	1	418	246	2.57442
1536	3072	1	266	492	0.63402
1536	3072	1	360	426	2.89661
1536	3072	1	484	508	3.04724
1024	3072	2	424	26	0.00000
1536	3072	2	2	36	0.00000
1536	3584	2	20	42	0.00000
2048	2048	2	168	75	0.00000
2048	2048	1	92	36	0.00000
2048	2048	1	44	124	2.74779
2048	2048	1	134	248	5.98557
2048	2048	1	74	298	5.87840
2048	2048	1	250	310	6.00930
2048	2048	1	402	106	5.10652
2048	2048	1	498	198	0.84544
2048	2048	2	496	81	0.00000
2560	2048	1	62	92	2.28743
2560	2048	1	132	50	2.70974
2560	2048	1	212	48	2.96135
2560	2048	1	260	34	3.08563
2560	2048	1	302	58	3.17913
2560	2048	1	368	34	6.24282
2560	2048	1	430	36	0.00000
2560	2048	1	492	72	3.10238
2560	2048	1	512	180	0.85048
2560	2048	1	338	220	4.45399
2560	2048	1	198	172	5.79394
2560	2048	1	106	246	3.80180
2048	2048	1	348	400	4.71442
2560	2048	1	42	392	3.07217
2560	2048	1	118	412	3.39147
2560	2048	1	244	328	4.99337
2560	2048	1	490	328	0.79660
2560	2048	1	430	470	3.28626
2560	2048	1	344	486	3.28566
2560	2048	1	256	450	0.70433
2048	2048	1	484	500	3.67633
2560	2560	1	56	80	4.23379
2560	2560	1	222	70	0.86392
2560	2560	1	374	94	5.38552
2560	2560	1	358	192	2.62879
2560	2560	1	496	80	5.54605
2560	2560	1	478	222	0.00000
2560	2560	1	318	256	6.01714
2560	2560	1	218	270	3.32104
2560	2560	1	88	170	0.53872
2560	2560	1	126	252	3.80510
2048	2560	1	420	144	3.54651
2048	2048	1	328	488	3.00382
2048	2048	2	246	436	0.00000
2048	2048	2	218	508	0.00000
2048	2560	2	220	152	0.00000
2048	2560	2	322	200	0.00000
2048	2560	2	446	314	0.00000
2048	2560	2	376	99	0.00000
2560	2560	2	26	161	0.00000
2048	2560	2	410	61	0.00000
2560	2560	2	462	327	0.00000
2048	2560	2	460	479	0.00000
2560	2560	2	16	487	0.00000
2048	2560	2	192	421	0.00000
2048	2560	2	170	369	0.00000
2048	2560	1	276	100	5.50122
2048	2048	1	158	392	4.53748
2048	2048	1	36	404	2.74096
2048	2048	1	124	506	0.74161
2048	2560	1	150	114	3.49802
2048	2560	1	52	136	4.09110
2048	2560	1	96	216	1.16480
2048	2560	1	54	314	4.60095
2048	2560	1	52	414	5.78769
2048	2560	1	256	358	4.35991
2048	2560	1	290	252	1.88519
2560	2560	1	8	270	3.36506
2560	2560	1	142	402	5.24778
2560	2560	1	72	456	5.17258
2560	2560	1	268	398	4.03300
2560	2560	1	322	458	1.47180
2560	2560	1	462	398	5.15584
2560	2560	1	508	512	2.45114
2048	2560	1	320	512	2.38408
2048	2560	1	348	392	3.93197
2048	2560	1	62	512	3.82084
2048	2560	2	134	453	0.00000
3072	2048	1	84	60	3.34499
3072	2048	1	486	72	4.41182
3584	2048	1	160	102	0.00000
3584	2048	1	390	84	6.01768
3584	2048	1	252	90	3.48512
3584	2048	1	214	324	4.55648
3072	2048	1	478	334	1.43466
3584	2048	1	70	306	3.11528
3072	2048	1	210	20	2.14224
3072	2048	1	370	26	5.54537
3072	2048	1	416	144	2.02557
3072	2048	1	152	504	0.00000
3072	2048	1	190	174	1.41772
3072	2048	1	112	292	0.26917
3072	2048	1	304	434	3.65331
3072	2048	1	292	234	3.26857
3072	2048	1	230	296	2.82995
3072	2048	1	426	446	3.28723
3584	2048	1	192	250	4.44694
3584	2048	1	376	206	5.16617
3072	2048	1	248	102	4.92085
3072	2048	2	28	74	0.00000
3072	2048	2	126	112	0.00000
3072	2048	1	10	304	0.93265
3072	2560	1	112	102	3.71205
3072	2560	2	20	20	0.00000
3072	2560	1	346	308	0.14657
3072	2048	1	194	354	5.24231
3584	2560	1	24	286	2.56494
3584	2048	1	466	52	0.24706
3072	2048	1	492	230	3.67484
3072	2048	1	378	238	4.25129
3072	2048	1	326	336	3.90477
3584	2048	1	44	412	4.37969
3584	2048	1	472	468	2.34055
3584	2560	1	62	164	0.00000
3584	2048	1	174	396	5.41661
3584	2048	1	282	484	5.51693
3584	2560	1	198	72	1.71105
3584	2560	1	468	84	0.35564
3584	2560	1	458	252	3.36072
3584	2560	1	332	100	4.36774
3584	2048	1	374	482	3.01747
3584	2560	1	70	34	2.20312
3072	2560	1	370	70	1.71769
3072	2560	1	488	84	3.93390
3072	2560	1	290	150	1.09640
3072	2560	1	218	30	3.22645
3072	2560	2	310	18	0.00000
3072	2048	1	30	154	0.59001
3072	2560	1	150	198	0.97304
3072	2560	1	8	92	5.36368
3072	2560	1	2	396	4.80158
3072	2560	1	120	512	3.52260
3072	2560	1	210	314	2.66712
3072	2560	1	256	432	1.23781
3072	2560	1	300	308	0.00000
3072	2560	1	362	240	3.05887
3072	2560	1	418	340	3.77832
3072	2560	2	470	178	0.00000
3072	2560	1	378	470	0.00000
3072	2560	1	488	400	5.93838
3584	2560	1	62	506	1.37373
3584	2560	1	158	272	1.67682
3584	2560	1	412	390	5.30705
3584	2560	1	242	362	5.37208
3584	2560	1	112	346	1.63279
3584	2560	1	282	258	3.39774
3584	2560	1	364	240	3.30820
3584	2560	1	176	156	2.60409
3584	2560	1	252	152	5.13524
3584	2560	1	460	512	0.00000
3584	2560	2	122	416	0.00000
3584	2560	2	166	478	0.00000
3584	2560	2	242	512	0.00000
3584	2560	2	300	468	0.00000
3584	2560	2	362	442	0.00000
3584	2048	1	512	114	0.95052
3584	2560	2	512	448	0.00000
3072	3072	1	104	64	3.19201
3072	3072	1	56	160	5.16384
3072	3072	1	188	76	3.67886
3072	3072	1	100	268	3.39002
3072	3072	1	88	314	0.00000
3072	3072	1	28	358	5.93738
3072	3072	1	198	218	0.25884
3072	3072	1	286	154	5.72103
3072	3072	1	368	0	6.06259
3584	3072	1	28	2	0.94982
3072	3072	1	376	88	4.68310
3072	3072	1	384	182	5.20876
3072	3072	1	474	186	5.83029
3584	3072	1	50	162	5.52595
3584	3072	1	200	62	2.17187
3584	3072	1	248	104	0.45050
3584	3072	1	302	76	4.16658
3584	3072	1	310	124	4.33118
3584	3072	1	404	136	3.12724
3584	3072	1	462	34	0.00000
3584	3072	1	502	114	0.96506
3584	3072	1	252	206	4.50979
3072	3072	1	264	244	0.34968
3072	3072	1	368	312	2.20188
3072	3072	2	432	254	0.00000
3072	3072	1	144	390	1.39188
3072	3072	1	216	444	4.39998
3584	3072	1	128	266	1.57080
3584	3072	1	246	266	4.57888
3584	3072	1	340	290	1.01698
3584	3072	1	470	222	4.27148
3584	3072	1	476	328	2.70338
3584	3072	1	512	270	0.00000
3584	3072	1	398	382	1.91583
3584	3072	1	290	398	5.19577
3584	3072	1	152	408	0.29347
3584	3072	1	74	476	2.74762
3072	3072	1	494	478	3.60524
3072	3072	1	414	492	3.67570
3072	3584	1	288	10	4.68320
3072	3584	1	184	6	2.89358
3072	3584	1	120	58	5.99513
3072	3584	1	36	40	2.89527
3072	3584	1	496	92	1.35299
3072	3584	1	354	94	5.41925
3072	3584	1	216	130	4.11405
3584	3584	1	82	134	1.10026
3584	3584	1	206	130	3.54561
3584	3584	1	296	32	4.31162
3584	3072	1	378	510	5.76520
3584	3072	1	444	486	2.38522
3584	3584	1	504	114	2.41241
3584	3584	1	432	120	5.70563
3584	3584	2	394	162	0.00000
3584	3584	1	308	96	0.86389
3584	3584	1	306	200	0.95339
3584	3584	1	450	244	0.12114
3584	3584	1	380	246	5.43458
3584	3584	1	512	250	3.27963
3584	3584	1	512	348	1.71188
3072	3584	1	444	234	5.87247
3072	3584	1	310	200	1.01482
3072	3584	1	108	232	1.56479
3072	3584	1	14	204	0.41135
3072	3584	1	42	308	5.40195
3072	3584	1	198	318	3.03738
3584	3584	1	22	312	1.10968
3584	3584	1	140	278	0.00000
3584	3584	1	234	310	1.03038
3072	3584	1	362	338	5.13689
3072	3584	2	388	228	0.00000
3072	3584	1	322	412	1.31058
3072	3584	1	414	490	0.91044
3072	3584	1	316	494	1.09510
3072	3584	1	44	466	1.36233
3072	3584	1	0	382	0.00000
3072	3584	1	170	506	1.26906
3072	3584	2	124	448	0.00000
3072	3584	1	208	448	5.37883
3072	3584	1	472	408	1.56230
3584	3584	2	12	512	0.00000
3584	3584	1	8	440	5.54042
3584	3584	1	114	436	0.29661
3584	3584	1	188	456	3.93478
3584	3584	1	310	508	1.31824
3584	3584	1	418	410	1.76936
3584	3584	1	370	334	4.99857
3584	3584	1	500	462	0.08551
3584	3584	1	262	402	0.28707
3072	3584	2	294	282	0.00000
3072	3584	2	74	414	0.00000
3584	3584	2	390	474	0.00000
2048	3072	2	122	102	0.00000
2560	3072	2	142	70	0.00000
2560	3072	2	222	128	0.00000
2560	3072	2	98	230	0.00000
2560	3072	2	348	236	0.00000
2048	3072	2	454	288	0.00000
2048	3072	2	42	382	0.00000
2048	3072	2	162	472	0.00000
2560	3072	2	90	436	0.00000
2048	3072	2	494	448	0.00000
2048	3072	2	306	434	0.00000
2048	3584	2	136	294	0.00000
2048	3072	1	478	82	0.73649
2048	3072	1	300	74	0.91383
2048	3072	1	56	226	0.00000
2048	3072	1	186	248	0.00000
2048	3072	1	340	236	4.34361
2048	3072	1	380	126	5.40262
2048	3072	1	146	8	0.00000
2560	3072	1	228	32	5.33405
2560	3072	1	362	166	5.65187
2560	3072	1	392	70	5.14721
2048	3072	1	484	192	3.58773
2560	3072	1	56	134	3.28050
2560	3072	1	174	178	1.93685
2560	3072	1	140	332	6.26192
2560	3072	1	212	276	0.10432
2048	3072	1	350	326	0.24747
2048	3072	1	192	382	1.48002
2048	3072	1	244	472	6.02217
2560	3072	1	6	402	1.77733
2560	3072	1	54	316	4.53719
2560	3072	1	410	352	0.00000
2048	3072	1	54	484	2.85318
2560	3072	1	296	504	3.77238
2560	3072	1	224	464	0.00000
2048	3584	1	300	66	3.53597
2048	3584	1	150	76	0.70699
2048	3584	1	446	32	3.56107
2560	3584	1	150	46	5.90155
2048	3584	1	502	88	0.29051
2560	3584	1	82	74	5.87249
2048	3584	1	378	58	0.00000
2560	3072	1	316	404	5.33342
2048	3584	1	178	186	1.66867
2048	3584	1	98	414	5.82803
2048	3584	1	276	320	5.91310
2048	3584	1	438	186	5.89166
2048	3584	1	218	372	5.42246
2048	3584	1	318	194	1.61176
2048	3584	1	162	400	5.70058
2560	3584	1	22	194	6.20925
2560	3584	1	132	174	0.68995
2560	3584	1	254	166	0.30522
2560	3584	1	168	294	6.05639
2560	3584	1	16	404	4.28376
2048	3584	1	430	378	0.43535
2048	3584	1	392	266	5.33025
2560	3584	1	414	52	1.02125
2048	3584	1	336	296	5.52800
2048	3584	1	328	466	0.00000
2560	3584	1	346	378	5.34304
2560	3584	1	402	250	0.69539
2048	3584	2	190	270	0.00000
2560	3584	2	272	352	0.00000
2560	3584	2	274	248	0.00000
2560	3584	1	434	122	1.05690
2560	3584	1	504	212	0.45925
2560	3584	1	28	512	0.16568
2560	3584	1	190	468	5.73385
2560	3584	1	402	504	5.94213
2560	3584	1	312	512	0.00000
2560	3584	1	506	364	3.20049
2560	3584	1	44	314	4.75001
2560	3584	2	502	492	0.00000
