1024	2560	1	270	42	1.00671
1024	2048	1	470	262	2.82531
1024	2048	1	10	404	1.85553
1024	2048	1	126	378	3.38657
1024	2560	2	84	214	0.00000
1024	2048	2	192	86	0.00000
1536	2048	2	24	46	0.00000
1024	2048	1	228	236	2.83059
1536	2048	1	112	94	5.14053
1536	2048	2	108	36	0.00000
1024	2048	2	452	18	0.00000
1024	2048	1	230	126	4.39064
1024	2048	1	144	504	4.34522
1024	2048	1	238	354	0.52432
1024	2560	1	80	80	1.10514
1024	2560	1	168	142	4.84603
1024	2560	2	170	282	0.00000
1536	2560	2	480	412	0.00000
1536	2048	1	180	212	1.79859
1536	2048	1	470	58	3.71601
1536	2048	1	230	140	5.99173
1536	2048	1	350	108	0.49762
1024	2048	1	488	492	3.58334
1536	2048	1	106	462	0.27095
1536	2048	1	208	362	1.49282
1536	2048	1	270	304	1.63652
1536	2048	1	390	246	3.59788
1536	2048	1	476	240	6.08579
1536	2048	1	370	372	4.05794
1536	2048	1	214	490	2.04685
1536	2048	1	334	482	3.74077
1536	2048	1	458	428	4.23041
1024	2048	2	258	18	0.00000
1024	2560	1	306	340	5.34105
1024	2560	1	464	248	0.88665
1024	2560	1	392	106	2.72826
1024	2560	1	478	120	5.70243
1536	2560	1	84	114	0.83826
1536	2560	1	220	110	0.84812
1536	2560	1	270	226	5.93333
1536	2560	1	478	146	0.00000
1536	2560	1	50	270	0.23027
1536	2560	1	110	328	3.56049
1536	2560	1	334	328	3.70301
1536	2560	1	36	428	5.32293
1536	2560	1	280	408	2.62415
1536	2560	1	180	400	2.47867
1024	2560	2	504	484	0.00000
1536	2560	1	394	434	1.87046
1536	2560	1	160	510	1.22597
1024	2560	1	128	360	1.17260
1024	2560	1	262	500	2.17438
1024	2560	1	220	394	0.94531
1024	2560	1	36	458	2.25595
1024	2560	1	46	322	0.92730
1536	2048	2	298	38	0.00000
1536	2560	2	512	300	0.00000
1024	2560	2	348	444	0.00000
1024	2048	2	362	116	0.00000
1024	3072	1	110	194	6.15794
1024	3072	1	150	38	1.20362
1024	3072	1	296	100	5.40333
1024	3072	1	194	258	1.08010
1024	3072	1	390	334	5.86892
1024	3072	1	284	344	0.41041
1024	3072	1	298	204	5.36277
1024	3072	1	418	82	3.05006
1024	3072	1	482	138	3.53438
1024	3072	1	66	404	0.60005
1024	3072	1	138	504	5.22735
1536	3072	1	64	188	3.24175
1024	3072	1	174	150	0.24998
1536	3072	1	32	40	2.83717
1536	3072	1	182	104	0.30765
1536	3072	1	254	106	3.33532
1024	3072	1	402	490	2.52530
1024	3072	1	272	496	4.89721
1024	3072	1	198	368	5.64388
1024	3072	1	66	310	1.34350
1024	3584	1	120	76	5.66079
1024	3584	1	30	50	0.00000
1024	3072	1	494	458	2.57594
1024	3072	1	442	244	4.99529
1536	3072	1	80	298	5.15758
1536	3072	1	68	390	1.81272
1536	3072	1	212	426	5.19111
1536	3072	1	418	218	6.23926
1536	3584	1	72	160	2.34623
1024	3584	1	340	204	3.14509
1024	3584	1	270	226	0.00000
1536	3072	1	284	508	3.53220
1536	3072	1	398	404	0.35118
1536	3072	1	350	162	3.22015
1536	3072	1	106	472	1.94764
1536	3584	1	94	36	5.35725
1536	3584	1	216	68	5.91650
1536	3584	1	182	266	2.00998
1024	3584	1	410	288	0.00000
1024	3584	1	382	84	2.82147
1024	3584	1	488	210	5.47972
1024	3584	1	170	188	5.14426
1024	3584	1	180	302	2.12326
1536	3072	1	146	220	2.63358
1536	3584	1	426	226	1.34784
1536	3584	1	436	398	0.25615
1024	3584	1	158	444	0.00000
1536	3584	1	34	330	0.72298
1536	3072	1	422	50	5.47589
1024	3072	2	154	418	0.00000
1024	3072	2	496	338	0.00000
1536	3584	2	374	64	0.00000
1536	3584	2	396	120	0.00000
1536	3584	2	462	102	0.00000
1024	3584	2	308	94	0.00000
1024	3584	2	30	494	0.00000
1536	3584	2	308	170	0.00000
1024	3584	1	270	446	4.32636
1536	3072	1	488	180	2.38101
1536	3584	2	16	44	0.00000
1536	3584	2	256	366	0.00000
1536	3584	1	198	420	0.36660
2048	2048	1	72	86	5.45859
2048	2048	1	50	210	6.00902
2048	2048	1	138	6	3.31830
2048	2048	1	218	142	6.11625
2048	2048	1	274	82	5.92036
2048	2048	1	366	96	0.69319
2048	2048	1	438	132	1.20351
2048	2048	1	510	56	4.20529
2048	2048	1	238	286	0.00000
2048	2048	1	80	308	4.35983
2048	2048	1	166	414	2.65719
2048	2048	1	0	404	4.09520
2048	2560	1	64	102	3.40308
2048	2560	1	130	110	3.18784
2048	2560	1	222	20	3.97008
2048	2560	1	264	100	0.62013
2560	2048	2	298	396	0.00000
2560	2048	2	350	398	0.00000
2048	2560	2	318	216	0.00000
2560	2560	2	312	488	0.00000
2560	2560	2	470	334	0.00000
2048	2048	1	376	486	0.00000
2048	2048	1	476	372	5.86566
2560	2048	1	74	354	5.30169
2560	2048	1	164	406	0.00000
2560	2048	1	46	198	2.56837
2560	2048	1	152	146	3.19821
2560	2048	1	210	130	0.00000
2560	2048	1	302	100	0.00000
2560	2048	1	386	240	0.00000
2560	2048	1	272	234	0.87214
2560	2048	1	512	186	0.87214
2560	2048	1	492	330	3.68201
2560	2048	1	350	328	1.52958
2048	2560	1	382	88	4.74961
2560	2560	1	16	16	1.26109
2560	2560	1	190	46	1.79427
2560	2560	1	282	30	2.90434
2560	2560	1	382	28	3.94413
2560	2048	1	506	436	1.05230
2560	2560	1	52	176	6.06783
2048	2560	1	478	228	6.25554
2048	2560	1	360	150	1.62853
2560	2048	1	384	20	4.21684
2048	2560	1	80	300	1.45369
2048	2560	1	294	316	5.38631
2048	2560	1	236	382	2.31185
2048	2560	2	324	426	0.00000
2048	2560	2	444	326	0.00000
2048	2560	2	510	324	0.00000
2048	2560	1	374	226	0.77696
2560	2560	1	202	176	2.25547
2560	2560	1	448	148	5.57063
2560	2560	1	512	80	1.08875
2560	2560	1	310	168	3.44808
2560	2560	1	396	252	5.69664
2560	2560	1	152	298	2.90155
2048	2560	1	34	424	3.74714
2048	2560	1	148	450	4.28206
2560	2560	1	98	430	4.98387
2560	2560	1	210	356	4.11844
2560	2560	1	320	346	0.00000
2560	2560	1	394	452	3.48063
2560	2560	1	224	472	2.79505
2048	2560	1	438	480	0.00000
2560	2560	1	496	368	0.75208
2048	2560	1	282	512	4.95737
3584	2560	1	198	184	5.10636
3584	2560	1	82	170	3.43605
3584	2560	1	160	394	1.58610
3584	2560	1	134	256	5.24322
3584	2560	1	470	362	4.38215
3584	2560	1	372	406	3.19110
3072	2560	1	116	456	3.28001
3584	2560	1	278	458	2.88756
3584	2560	1	512	290	0.94894
3584	2560	1	476	454	5.82757
3584	2560	1	168	512	2.86308
3072	2560	1	432	440	4.44464
3072	2560	1	508	480	0.40894
3072	2560	1	318	398	4.61219
3584	2560	1	404	512	2.88686
3072	2560	1	44	360	1.64927
3072	2560	1	174	360	4.92386
3072	2560	1	338	252	3.15289
3072	2560	1	410	272	3.51018
3072	2560	1	476	312	3.40580
3072	2560	1	226	246	0.96483
3584	2560	1	40	398	2.60804
3584	2560	1	230	352	2.97123
3584	2560	1	78	322	1.52017
3584	2560	1	296	312	5.41111
3584	2560	1	314	192	5.62819
3584	2560	1	434	176	0.00000
3584	2560	2	328	428	0.00000
3584	2560	2	256	512	0.00000
3072	2560	1	362	146	0.00000
3072	2560	1	262	136	0.82811
3072	2560	1	140	134	2.61919
3072	2560	1	484	44	0.00000
3072	2560	1	198	54	0.00000
3072	2048	1	134	510	0.54394
3072	2048	1	234	504	2.63634
3072	2560	1	430	50	3.63548
3072	2560	1	18	58	0.66312
3072	2560	2	482	186	0.00000
3072	2560	2	442	134	0.00000
3584	2560	1	26	112	3.40681
3072	2048	1	100	444	3.72412
3584	2560	1	192	72	3.63351
3584	2560	1	442	62	4.99544
3584	2048	1	336	498	3.78726
3584	2048	1	114	444	5.41849
3072	2560	1	376	4	3.53788
3072	2048	1	200	404	2.71583
3072	2048	1	346	430	0.00000
3584	2560	1	60	4	4.66126
3072	2048	1	6	430	4.09148
3584	2048	1	512	496	2.30129
3072	2048	1	428	402	5.42730
3072	2048	1	484	308	4.68394
3072	2048	1	130	266	0.00000
3584	2048	1	350	210	5.57839
3584	2048	1	306	348	4.94948
3584	2048	1	454	318	2.04426
3584	2048	1	70	270	3.03047
3072	2048	1	48	180	0.86126
3072	2048	1	276	322	1.75794
3584	2048	1	474	58	0.00000
3584	2048	1	392	124	5.26872
3584	2048	1	258	84	4.06492
3584	2048	1	136	174	5.27375
3584	2048	1	118	62	5.64917
3584	2048	1	32	0	0.00000
3072	2048	1	490	204	4.12314
3072	2048	1	376	264	0.00000
3072	2048	1	368	150	5.34514
3072	2048	1	234	234	4.11577
3072	2048	1	420	38	5.17741
3072	2048	1	186	136	3.68129
3072	2048	1	102	66	2.93580
3072	2048	2	318	34	0.00000
3072	2048	2	296	130	0.00000
3584	2560	2	356	150	0.00000
3584	2048	1	220	48	3.32778
3072	2048	1	176	38	3.17333
3072	3072	1	156	62	0.00000
3072	3072	1	76	146	1.96034
3072	3072	1	238	110	0.00000
3072	3072	1	402	76	0.00000
3072	3072	1	160	294	2.51121
3072	3072	1	70	302	2.18022
3072	3072	1	92	396	4.36567
3072	3072	1	28	500	0.00000
3072	3072	1	214	500	0.00000
3072	3072	1	328	212	3.60591
3072	3072	1	280	372	3.82661
3072	3072	1	484	166	4.54881
3584	3072	1	64	56	0.00000
3072	3072	1	484	66	0.00000
3072	3072	1	466	256	3.81764
3072	3072	1	446	408	2.28849
3072	3072	1	352	438	1.97292
3584	3072	1	164	246	2.54118
3584	3072	1	80	236	5.36920
3584	3072	1	72	312	4.97133
3584	3072	1	38	376	4.97438
3584	3072	1	180	322	4.68861
3584	3072	1	222	198	0.00000
3072	3584	1	474	2	4.74584
3584	3072	1	92	508	0.00000
3072	3584	1	270	52	2.99587
3072	3584	1	130	22	2.75659
3072	3584	1	96	156	2.75369
3072	3584	1	212	140	2.48172
3072	3584	1	300	164	2.80687
3072	3584	1	418	108	4.66461
3072	3584	1	370	10	3.81282
3584	3584	1	20	76	3.70547
3072	3584	1	448	176	4.76841
3584	3584	1	168	128	2.83145
3584	3072	1	304	162	4.65610
3584	3072	1	428	156	3.18664
3584	3072	1	428	258	2.98030
3584	3072	1	358	456	1.89179
3584	3584	1	272	14	1.96441
3584	3584	1	376	24	1.19918
3584	3584	1	472	32	3.37029
3584	3072	1	168	422	0.00000
3584	3584	1	406	156	3.64888
3584	3584	1	106	198	2.74978
3072	3584	1	174	256	1.67768
3072	3584	1	72	264	2.83084
3072	3584	1	296	280	1.48143
3072	3584	1	208	312	2.13760
3072	3584	1	452	274	2.65365
3584	3584	1	40	292	1.89234
3584	3584	1	242	264	1.56935
3584	3584	1	306	344	0.98990
3584	3584	1	80	392	1.11117
3584	3584	1	130	450	0.00000
3584	3584	1	392	444	0.00000
3072	3584	1	398	428	0.00000
3072	3584	1	354	378	0.00000
3072	3584	1	236	476	1.50274
3072	3584	1	166	412	0.00000
3072	3584	1	98	448	0.00000
3584	3072	1	172	66	0.00000
3584	3072	1	338	66	0.00000
2048	3072	1	274	240	5.90227
2048	3072	1	308	114	5.76404
2048	3072	1	146	94	2.24554
2048	3072	1	60	126	0.00000
2048	3072	1	102	246	0.00000
2048	3072	1	204	404	5.39168
2048	3072	2	86	398	0.00000
2048	3072	2	164	484	0.00000
2048	3072	1	46	312	5.80351
2048	3584	1	2	12	2.22291
2048	3584	1	104	96	0.63832
2048	3584	1	236	136	4.85367
2048	3584	1	190	188	4.34068
2048	3584	2	112	224	0.00000
2048	3584	2	378	20	0.00000
2048	3072	2	306	432	0.00000
2048	3584	1	304	238	0.57004
2560	3072	1	26	258	2.07763
2560	3072	2	14	186	0.00000
2560	3072	2	94	234	0.00000
2560	3072	2	342	244	0.00000
2560	3072	2	142	76	0.00000
2048	3584	1	370	106	0.75704
2048	3584	1	508	70	2.34974
2048	3072	1	408	456	2.63707
2048	3072	1	500	480	2.59786
2048	3072	1	454	304	2.06977
2048	3072	1	394	152	2.31418
2560	3072	1	208	190	1.24905
2560	3072	2	220	136	0.00000
2560	3072	1	252	8	3.08266
2560	3072	1	56	358	0.95071
2048	3584	1	416	286	0.87214
2048	3584	1	22	258	1.09510
2560	3072	1	110	490	1.46406
2560	3072	1	78	428	0.00000
2560	3072	1	248	404	2.45320
2560	3072	1	190	294	1.61838
2560	3584	1	142	34	1.29583
2560	3584	1	154	100	4.08940
2560	3584	1	274	84	4.93412
2560	3584	1	364	48	5.56826
2560	3072	2	242	472	0.00000
2560	3072	2	342	452	0.00000
2560	3072	1	388	402	1.50734
2560	3072	1	440	172	0.66829
2560	3072	1	360	146	3.28349
2560	3584	1	6	186	4.68218
2560	3584	1	186	180	2.47411
2560	3584	1	296	230	5.65520
2560	3584	1	364	146	1.57080
2560	3584	1	442	196	1.45592
2560	3584	1	438	22	2.23531
2560	3072	1	512	498	5.87593
2560	3584	1	42	320	0.00000
2560	3584	1	66	420	0.00000
2048	3584	1	472	472	0.40164
2560	3584	1	158	430	0.00000
2560	3584	2	274	356	0.00000
2560	3584	1	158	268	5.57610
2560	3584	2	266	438	0.00000
2048	3584	1	168	362	3.83949
2560	3584	1	438	326	2.08630
2560	3584	1	358	358	2.22823
2048	3584	1	34	336	4.61744
2048	3584	1	92	478	0.00000
2048	3584	1	232	492	5.17812
2560	3584	2	508	258	0.00000
2560	3584	2	490	430	0.00000
2560	3584	1	298	512	0.65686
2560	3584	2	458	512	0.00000
2048	3072	2	200	324	0.00000
2048	3072	1	438	0	0.00000
2048	3072	1	302	20	5.18319
2560	3072	1	510	54	0.00000
2560	3072	1	286	284	3.35424
2560	3072	1	458	284	2.72498
2560	3584	2	508	116	0.00000
