1024	2048	1	252	350	0.40395
1024	2048	1	94	232	1.40776
1024	2048	1	26	122	5.66188
1024	2048	1	384	102	3.36673
1024	2048	2	198	87	0.00000
1024	2048	2	254	13	0.00000
1024	2048	2	512	37	0.00000
1536	2048	1	92	58	0.00000
1024	2048	1	506	250	3.05881
1536	2048	2	224	155	0.00000
1536	2048	1	350	76	5.08604
1536	2048	2	496	57	0.00000
1536	2048	1	240	48	0.00000
1536	2048	2	256	349	0.00000
1536	2048	1	102	426	0.00000
1536	2048	1	336	160	5.16947
1536	2048	1	438	280	3.06097
1536	2048	2	512	309	0.00000
1536	2048	1	370	356	2.05945
1024	2560	1	262	30	1.15775
1024	2560	1	138	46	3.35278
1024	2560	1	74	124	1.88541
1024	2560	1	488	62	2.04735
1536	2048	1	306	492	3.75235
1536	2048	1	210	498	2.71576
1536	2560	1	100	94	0.50234
1536	2560	1	420	40	3.30961
1536	2048	2	512	411	0.00000
1536	2560	1	146	166	0.20878
1536	2560	1	404	164	0.29509
1536	2560	1	326	138	3.24943
1536	2560	1	254	216	5.89238
1536	2560	1	54	218	2.51235
1024	2560	1	482	274	2.33577
1024	2560	1	428	352	2.85298
1024	2560	1	84	236	0.00000
1024	2560	2	164	215	0.00000
1024	2560	2	190	283	0.00000
1024	2560	1	238	328	4.19600
1024	2560	1	156	416	2.02798
1024	2560	1	304	382	1.19467
1536	2560	1	68	326	1.22296
1536	2560	1	158	390	3.19901
1024	2560	1	340	506	4.41439
1024	2560	1	128	512	1.88784
1536	2560	1	46	426	5.15638
1536	2560	1	360	338	1.24302
1536	2560	1	476	346	2.33063
1536	2560	2	512	43	0.00000
1536	2560	1	282	434	1.89346
1536	2560	1	406	426	2.05011
1536	2560	1	252	496	1.77874
1536	2560	1	358	510	0.33095
1536	2560	1	434	512	1.14607
1024	2560	2	18	365	0.00000
1024	2560	2	26	207	0.00000
1024	2560	2	134	315	0.00000
1024	2560	2	22	512	0.00000
1024	2560	2	354	439	0.00000
1024	3072	1	280	208	6.00686
1024	3072	1	220	328	0.00000
1536	3072	1	10	132	3.92806
1024	3072	1	154	344	0.00000
1024	3072	1	118	268	0.48145
1024	3072	1	32	270	0.30530
1024	3072	1	108	142	0.47676
1024	3072	1	182	158	5.92064
1024	3072	1	64	94	1.95090
1024	3072	1	110	16	1.95853
1024	3072	1	260	72	2.07595
1024	3072	1	438	88	5.56859
1024	3072	1	310	306	0.29696
1536	3072	1	54	170	0.83549
1536	3072	1	140	86	5.21680
1536	3072	1	210	54	5.88063
1536	3072	1	350	46	0.00000
1536	3072	1	408	56	0.68267
1536	3072	1	462	116	1.15333
1536	3072	1	306	188	0.00000
1536	3072	1	214	264	6.13316
1536	3072	1	470	222	1.12232
1536	3072	1	56	272	1.03170
1024	3072	1	474	362	1.12221
1536	3072	1	288	328	0.00000
1536	3072	1	394	324	5.56599
1024	3072	1	48	492	0.00000
1024	3072	1	134	474	5.84739
1024	3072	1	228	434	0.80573
1024	3072	1	288	492	0.49326
1024	3584	1	362	2	5.71333
1024	3072	1	396	462	5.85769
1536	3072	1	42	396	1.15839
1024	3072	1	512	484	5.14272
1536	3072	1	298	500	5.19978
1536	3072	1	382	468	3.07103
1024	3584	1	96	106	1.17689
1024	3584	1	218	122	5.56129
1024	3584	1	342	124	1.38915
1024	3584	1	480	44	0.63541
1024	3584	1	494	156	1.27468
1024	3584	1	290	214	4.89601
1536	3584	1	116	206	0.00000
1536	3584	1	206	132	1.28749
1536	3584	1	370	128	5.41976
1536	3584	1	462	104	3.20970
1536	3072	1	486	504	1.47937
1024	3584	1	146	300	0.65252
1024	3584	1	30	228	0.00000
1024	3584	1	430	302	1.84372
1536	3584	1	84	302	1.38557
1536	3584	1	250	258	5.27160
1536	3584	1	394	228	4.98184
1536	3584	1	384	336	2.58817
1536	3584	1	508	384	0.00000
1024	3584	1	52	368	5.78842
1024	3584	1	294	422	3.28973
1024	3584	1	436	424	6.10648
1536	3584	1	56	440	0.00000
1536	3584	1	160	416	0.37969
1536	3584	1	228	400	3.91112
1536	3584	1	282	516	3.11471
1536	3584	1	444	492	2.57486
1024	3584	1	18	512	2.48055
2048	2048	1	118	316	3.11614
2048	2048	1	374	88	1.71951
2048	2048	1	184	88	4.97859
2048	2048	1	36	252	0.23950
2048	2048	1	224	316	2.78760
2048	2048	1	394	198	2.53870
2048	2048	1	510	124	0.47582
2048	2048	1	382	436	4.37856
2048	2048	1	464	366	6.05063
2560	2048	1	104	248	5.78513
2560	2048	1	138	100	6.12307
2048	2560	1	138	34	3.42172
2048	2560	1	376	18	3.80529
2048	2560	1	250	102	4.80280
2048	2048	1	46	418	2.83614
2560	2560	1	16	40	3.54009
2560	2560	2	20	164	0.00000
2048	2560	2	314	212	0.00000
2048	2560	2	414	156	0.00000
2048	2560	2	174	152	0.00000
2048	2560	2	170	358	0.00000
2048	2560	2	190	424	0.00000
2048	2560	2	318	420	0.00000
2560	2560	2	18	482	0.00000
2560	2560	2	458	326	0.00000
2560	2560	2	292	6	0.00000
2560	2560	2	314	478	0.00000
2560	2560	1	172	194	1.65597
2560	2560	1	302	162	0.00000
2560	2560	1	422	140	2.18573
2560	2560	1	380	308	2.98338
2560	2048	1	454	414	3.77120
2560	2048	1	350	292	3.54600
2560	2048	1	222	288	2.94793
2560	2048	1	410	106	1.79664
2048	2048	2	488	62	0.00000
2048	2560	2	420	62	0.00000
2048	2560	2	228	154	0.00000
2560	2048	1	464	498	3.67119
2560	2048	1	438	286	0.44265
2560	2048	1	74	364	4.52481
2560	2048	1	348	450	0.58749
2560	2560	1	308	346	5.99304
2560	2560	1	184	270	4.71340
2048	2560	1	60	266	0.00000
2048	2560	1	24	94	2.35619
2048	2560	1	136	304	0.55033
2560	2560	1	6	280	4.91115
2048	2560	1	384	252	1.54980
2048	2560	2	444	322	0.00000
2560	2560	1	450	464	4.80923
2560	2560	1	164	386	5.32022
2560	2560	1	82	432	2.74153
2048	2560	1	246	316	2.67854
2048	2560	1	424	476	0.96617
2048	2560	1	234	482	3.44782
2048	2048	1	260	220	5.60334
2560	2048	1	192	118	0.00000
2560	2048	1	306	112	0.00000
2560	2048	2	58	168	0.00000
2560	2048	1	228	412	1.70678
2048	2560	2	158	504	0.00000
2048	2560	2	8	358	0.00000
3072	2560	1	112	332	1.56884
3072	2560	1	236	484	0.86592
3072	2560	1	498	438	0.00000
3584	2560	1	430	426	2.30197
3072	2560	1	66	222	1.99212
3072	2560	1	118	512	2.74895
3584	2560	1	186	356	0.00000
3584	2560	1	482	410	2.53926
3584	2560	1	458	308	3.68086
3584	2560	1	296	314	2.17113
3072	2560	1	268	336	2.80415
3584	2560	1	360	264	5.50349
3072	2560	1	418	252	4.12667
3072	2560	1	352	210	3.71920
3072	2560	1	466	314	1.51685
3072	2560	1	244	200	0.32742
3072	2560	1	416	404	5.26920
3584	2560	1	82	434	4.16554
3072	2560	2	474	178	0.00000
3072	2560	2	432	126	0.00000
3072	2560	2	314	22	0.00000
3584	2560	1	44	194	3.11134
3072	2048	1	454	512	2.41026
3584	2560	1	422	168	4.48748
3584	2560	1	86	310	2.14788
3072	2048	1	112	456	2.64360
3072	2560	1	326	96	5.32821
3584	2560	1	166	44	4.02807
3584	2560	1	228	184	3.64804
3072	2560	1	202	76	0.00000
3584	2560	1	150	222	0.00000
3072	2560	1	152	142	2.69407
3072	2560	1	58	94	0.62976
3584	2560	2	346	134	0.00000
3584	2560	1	374	32	2.57824
3584	2048	1	502	466	4.40797
3584	2048	1	344	400	2.23524
3584	2048	1	272	446	2.67781
3584	2560	1	238	4	2.86063
3584	2048	1	72	512	1.18356
3072	2560	1	492	100	1.98272
3584	2048	1	50	450	4.60918
3072	2048	1	496	408	1.42565
3584	2048	1	174	354	0.49628
3584	2048	1	82	356	5.72020
3072	2048	1	504	302	0.80780
3072	2048	1	64	328	5.25785
3072	2560	2	258	8	0.00000
3584	2048	1	270	240	1.85969
3584	2048	1	376	224	5.67745
3584	2048	1	458	64	0.00000
3584	2048	1	388	106	0.00000
3584	2048	1	240	68	4.13104
3584	2048	1	128	112	0.00000
3584	2048	1	110	230	1.84775
3584	2048	1	8	30	1.72003
3072	2048	1	344	128	4.46906
3072	2048	1	480	174	2.69948
3072	2048	1	360	238	2.67051
3072	2048	1	254	316	4.91530
3072	2048	1	224	102	0.28422
3072	2048	1	202	210	4.59385
3072	2048	1	56	80	4.30629
3072	2048	1	58	214	4.59112
3072	2048	1	176	60	3.38996
3584	3584	1	470	464	4.99844
3072	3584	1	436	446	0.22982
3584	3584	1	200	464	0.33135
3072	3584	1	282	398	0.11725
3584	3584	1	4	432	0.00000
3584	3584	1	102	330	2.34609
3584	3584	1	16	296	0.66477
3072	3584	1	360	354	2.82210
3072	3584	1	112	454	1.18698
3584	3584	1	358	434	5.83769
3584	3584	1	264	392	5.03414
3584	3584	1	440	322	4.27998
3072	3584	1	188	458	0.55193
3584	3584	1	388	272	0.54105
3072	3584	1	310	252	1.07504
3072	3584	1	428	280	0.00000
3584	3584	1	252	214	2.91284
3584	3584	1	12	192	0.87180
3072	3584	1	200	350	0.00000
3584	3584	1	130	286	2.13753
3584	3584	1	178	234	2.32821
3584	3584	1	316	272	0.34500
3072	3584	1	66	368	4.80336
3072	3584	1	76	244	2.02129
3072	3584	1	408	130	4.17720
3584	3584	1	144	118	1.86786
3584	3584	1	244	112	2.34032
3072	3584	1	62	294	4.64621
3584	3584	1	338	138	5.53997
3072	3584	1	414	26	1.25234
3072	3584	1	308	54	2.58253
3584	3584	1	494	170	0.34139
3584	3584	1	396	54	0.43943
3584	3584	1	446	136	0.33693
3584	3072	1	414	432	1.20936
3584	3072	1	304	476	1.99364
3584	3584	1	152	10	0.23031
3584	3072	1	44	508	2.85254
3584	3584	1	260	18	2.05428
3584	3072	1	186	388	4.44060
3072	3584	1	140	184	2.95482
3072	3584	1	70	62	1.24372
3072	3584	1	196	64	2.11201
3072	3072	1	348	418	3.26182
3072	3072	1	436	386	3.66074
3072	3072	1	494	410	3.57361
3072	3072	1	126	270	3.43458
3072	3072	1	352	290	1.85018
3584	3072	1	12	296	5.22447
3584	3072	1	314	398	1.01218
3584	3072	1	142	334	1.34732
3072	3072	1	250	348	2.19558
3072	3072	1	222	436	2.38844
3072	3072	1	90	436	1.12048
3584	3072	1	512	426	0.46465
3584	3072	1	494	320	1.11579
3584	3072	1	62	192	1.62763
3584	3072	1	198	222	0.91216
3584	3072	2	402	354	0.00000
3584	3072	2	364	272	0.00000
3072	3072	2	434	250	0.00000
3072	3584	1	234	166	3.86562
3072	3072	1	406	86	5.99591
3072	3072	1	250	240	3.79346
3072	3072	1	204	98	3.85775
3072	3072	1	504	110	0.29043
3072	3072	1	356	198	0.99212
3072	3072	1	88	116	6.03821
3584	3072	1	138	20	1.28201
3584	3072	1	370	150	3.01724
3584	3072	1	250	104	5.75011
3584	3072	1	472	154	2.52235
3072	3072	1	266	140	0.96374
3584	3072	1	318	54	6.02330
3584	3072	1	428	36	5.19876
3072	3072	1	36	30	0.49642
3072	3072	1	32	230	0.98279
3072	3072	1	312	24	3.10857
3072	3584	1	228	502	5.62345
3584	3072	1	288	230	3.80519
3584	3072	1	166	108	2.52134
3072	3072	1	36	354	0.44784
3072	3584	1	362	482	5.90029
2048	3072	1	254	170	5.80861
2048	3072	1	136	30	0.57853
2048	3072	1	136	146	5.17409
2048	3072	1	42	230	4.46007
2048	3072	1	204	362	4.58103
2048	3072	1	298	80	5.95835
2048	3072	2	319	267	0.00000
2048	3072	2	159	477	0.00000
2048	3072	2	313	425	0.00000
2048	3584	2	371	23	0.00000
2560	3072	2	15	185	0.00000
2560	3072	2	99	235	0.00000
2560	3072	2	143	75	0.00000
2560	3072	2	231	131	0.00000
2560	3072	2	349	239	0.00000
2048	3072	1	62	426	2.44629
2048	3072	1	414	66	0.70734
2048	3584	1	78	102	0.00000
2048	3584	1	166	58	0.48651
2048	3584	1	266	64	3.81447
2048	3584	1	288	180	0.50562
2048	3584	1	184	194	5.45308
2048	3584	1	76	226	3.51068
2048	3072	1	432	338	5.55640
2560	3072	1	16	68	3.19493
2560	3072	1	92	136	5.80400
2560	3072	1	210	44	5.06998
2560	3072	1	376	74	5.04804
2560	3072	1	512	52	0.64587
2560	3072	1	432	172	1.93786
2048	3072	1	490	244	2.68104
2048	3072	1	374	386	2.86182
2048	3072	1	492	470	2.41552
2560	3072	1	244	216	2.11206
2560	3072	1	394	298	0.39257
2560	3072	1	508	252	0.79709
2560	3072	1	90	348	0.80930
2560	3072	1	180	330	0.00000
2560	3072	1	96	424	4.15363
2048	3584	1	460	74	1.60277
2560	3072	1	220	470	0.00000
2560	3072	1	114	504	2.34068
2560	3072	1	336	458	4.26723
2560	3072	1	434	440	3.69092
2560	3584	1	392	54	4.68073
2560	3584	1	226	48	3.72196
2560	3584	1	110	84	2.37334
2048	3584	1	452	144	1.23819
2560	3584	1	100	156	2.42848
2560	3584	1	512	148	2.05831
2560	3584	1	244	128	0.85011
2560	3584	1	310	162	3.88772
2048	3584	1	136	250	5.26043
2048	3584	1	244	332	4.11051
2048	3584	1	56	344	2.03141
2048	3584	1	480	484	0.97636
2048	3584	1	146	512	3.19697
2048	3584	1	232	488	2.69168
2048	3584	1	386	404	0.00000
2560	3584	1	104	468	3.03471
2048	3584	1	502	388	0.91532
2560	3584	1	202	436	3.93502
2560	3584	1	398	464	4.36860
2560	3584	1	486	384	2.24757
2048	3584	1	412	270	5.11454
2048	3584	1	500	200	0.88525
2560	3584	1	52	252	1.46439
2560	3584	1	184	238	2.00411
2560	3584	1	344	234	0.53211
2560	3584	1	188	338	4.10712
2560	3584	1	392	392	1.41562
2560	3584	1	462	238	6.06237
2560	3584	1	388	290	3.71746
