1024	2048	1	244	354	0.48555
1024	2560	1	502	84	0.32074
1536	2560	1	72	78	5.99564
1024	2048	1	94	240	1.20591
1024	2048	1	52	80	5.30033
1024	2048	2	98	50	0.00000
1024	2048	2	190	94	0.00000
1024	2048	2	252	28	0.00000
1024	2048	2	358	62	0.00000
1536	2048	2	20	38	0.00000
1024	2048	2	450	12	0.00000
1024	2048	1	488	242	3.44877
1536	2048	1	34	316	3.06367
1536	2048	1	84	140	6.05684
1536	2048	1	250	72	5.79771
1536	2048	2	224	150	0.00000
1536	2048	1	132	284	3.84197
1536	2048	1	242	332	3.06306
1536	2048	1	160	394	2.97235
1024	2560	1	318	28	1.05003
1024	2560	1	154	218	4.44649
1536	2560	1	234	170	0.39957
1536	2560	1	218	68	0.89645
1536	2048	1	108	476	2.34590
1536	2048	1	452	394	3.15502
1536	2048	1	408	146	4.35457
1536	2048	2	494	52	0.00000
1536	2048	2	342	22	0.00000
1536	2048	1	268	444	1.33604
1536	2048	1	346	380	2.69506
1024	2560	1	82	116	3.33164
1024	2560	1	378	102	3.63790
1536	2560	1	110	194	1.50515
1024	2560	1	48	304	0.62944
1024	2560	2	25	147	0.00000
1024	2560	1	46	430	5.70871
1024	2560	1	110	362	4.77544
1024	2560	1	334	308	5.74376
1536	2560	1	352	54	3.37268
1536	2560	1	442	14	3.88927
1536	2560	1	438	120	3.36839
1536	2560	1	354	204	2.49031
1536	2560	1	24	410	4.99323
1024	2560	1	436	428	3.05845
1024	2560	1	270	414	0.00000
1024	2560	1	364	488	1.32888
1536	2560	1	384	456	1.74387
1536	2560	1	146	398	3.21692
1536	2560	1	288	376	0.85795
1536	2560	1	288	246	5.49473
1536	2560	1	462	256	0.00000
1536	2560	1	396	340	3.87448
1536	2560	2	472	412	0.00000
1536	2560	2	512	492	0.00000
1024	2560	1	124	512	1.21770
1024	2560	2	338	454	0.00000
1024	3072	1	140	82	0.88110
1024	3072	1	78	18	4.54111
1024	3072	1	126	180	0.69273
1024	3072	1	222	200	2.84805
1024	3072	1	60	340	5.67027
1024	3072	1	142	412	2.86300
1024	3072	1	186	326	5.47466
1024	3584	1	74	78	1.03506
1024	3584	1	246	50	0.59577
1024	3584	1	112	178	4.78059
1024	3584	1	46	266	1.96221
1024	3584	1	136	434	6.22528
1024	3584	1	220	396	0.10775
1024	3584	1	380	344	0.50851
1024	3584	1	342	458	5.31484
1024	3584	1	500	388	0.44853
1536	3584	1	50	430	0.23454
1536	3584	1	146	466	0.00000
1536	3584	1	316	470	5.90134
1536	3584	1	236	362	5.22626
1536	3584	1	348	298	5.05147
1536	3584	1	472	424	2.09917
1536	3584	1	504	300	6.12905
1024	3584	1	236	254	1.46451
1024	3584	1	322	122	2.56307
1024	3584	1	468	218	2.81421
1536	3584	1	52	220	2.92784
1024	3584	1	444	2	3.73255
1536	3584	1	28	100	0.90652
1536	3072	1	98	484	3.70877
1024	3072	1	414	336	2.32171
1024	3072	1	306	236	6.16550
1024	3072	1	290	80	5.36919
1024	3072	1	418	174	3.06214
1536	3072	1	10	190	4.62629
1536	3072	1	106	278	2.91167
1536	3072	1	214	330	2.22053
1536	3072	1	380	338	0.63677
1536	3072	1	230	472	0.26184
1536	3584	1	202	68	1.71549
1536	3584	1	176	172	2.97704
1536	3584	1	112	226	2.88856
1536	3584	1	352	106	5.11076
1536	3584	1	272	192	4.54925
1536	3584	1	456	176	4.81759
1536	3584	2	468	107	0.00000
1536	3072	2	366	459	0.00000
1536	3072	1	448	412	4.64288
1536	3072	1	500	222	4.66691
1536	3072	1	366	246	1.00070
1536	3072	1	302	204	3.76827
1536	3072	1	72	84	0.85737
1024	3072	2	466	35	0.00000
1536	3072	1	228	24	1.04021
1536	3072	1	310	106	2.94895
1536	3072	1	424	102	0.04731
1536	3072	1	508	94	5.93692
2048	2048	2	166	92	0.00000
2048	2048	1	102	52	6.02317
2048	2048	1	150	260	5.64021
2048	2048	1	122	158	5.24046
2048	2048	1	48	278	5.99827
2048	2048	1	176	410	3.23078
2048	2048	1	52	454	3.13952
2048	2560	1	134	42	0.24157
2048	2048	2	200	500	0.00000
2048	2560	2	230	152	0.00000
2048	2048	1	446	50	0.39061
2048	2048	1	296	322	0.00000
2048	2048	1	366	234	6.06452
2048	2048	1	434	306	3.45426
2560	2048	1	194	138	6.23272
2560	2048	2	138	16	0.00000
2560	2048	1	300	100	0.00000
2560	2048	1	368	58	0.00000
2560	2048	1	452	60	0.00000
2560	2048	1	504	178	0.42226
2560	2048	1	248	224	4.65744
2560	2048	1	20	198	6.07974
2560	2048	1	122	264	5.91511
2048	2048	1	508	400	4.44939
2048	2048	1	386	476	5.49779
2048	2560	2	414	46	0.00000
2560	2048	1	98	424	4.05865
2560	2048	1	288	314	1.15363
2560	2048	1	456	344	1.09694
2560	2048	2	290	394	0.00000
2560	2048	1	396	454	5.26879
2560	2048	1	212	434	3.99195
2560	2560	1	370	104	6.07246
2560	2560	1	64	18	1.69346
2560	2560	1	232	36	1.14865
2048	2560	2	376	124	0.00000
2048	2560	1	298	116	5.71842
2048	2560	1	452	126	3.63708
2048	2560	1	44	186	6.05971
2560	2560	1	446	112	3.51063
2560	2560	1	138	162	3.68454
2560	2560	1	210	152	0.30529
2560	2560	1	270	184	0.41041
2560	2560	2	466	324	0.00000
2560	2560	2	316	480	0.00000
2560	2560	2	22	474	0.00000
2048	2560	2	322	432	0.00000
2048	2560	2	152	356	0.00000
2048	2560	2	188	420	0.00000
2048	2560	2	172	146	0.00000
2048	2560	1	246	312	0.14190
2048	2560	1	154	226	2.99218
2048	2048	2	258	506	0.00000
2560	2560	1	382	228	4.99817
2560	2560	1	512	170	0.52498
2560	2560	1	470	426	5.42905
2048	2560	1	490	256	1.35132
2560	2560	1	178	308	5.22654
2560	2560	1	360	404	5.75309
2048	2560	1	356	342	2.18511
2048	2560	1	498	372	3.17212
2048	2560	2	470	470	0.00000
2560	2560	1	256	508	2.82232
2560	2560	1	168	432	5.85656
2560	2560	1	78	452	0.00000
2048	2560	1	266	500	2.13779
2048	2560	1	370	512	0.24443
2048	2560	2	78	510	0.00000
2048	2560	1	26	480	0.20621
3584	2048	1	468	60	6.27061
3584	2048	1	394	96	0.00771
3584	2048	2	512	148	0.00000
3584	2048	2	508	208	0.00000
3584	2048	1	390	216	5.22935
3584	2048	2	228	22	0.00000
3584	2048	1	258	92	3.79135
3584	2048	1	164	132	0.00000
3584	2048	1	212	270	4.65032
3584	2048	1	396	458	2.43934
3584	2560	1	470	62	3.77963
3584	2048	1	34	320	0.38926
3584	2048	1	52	52	3.82391
3072	2048	1	348	66	4.72519
3072	2048	1	188	34	4.29024
3072	2048	1	230	104	4.82986
3072	2048	1	188	278	3.65871
3072	2048	2	118	170	0.00000
3072	2048	2	22	164	0.00000
3072	2048	2	78	74	0.00000
3072	2048	2	44	10	0.00000
3072	2048	1	136	258	3.03651
3072	2048	1	326	236	3.00469
3072	2048	1	402	236	2.94125
3072	2048	1	486	224	3.04475
3072	2048	1	302	336	2.30407
3072	2048	1	220	376	4.89224
3072	2048	1	62	438	4.07347
3072	2560	2	8	10	0.00000
3072	2560	1	92	38	3.99235
3072	2048	1	306	462	1.78145
3072	2048	1	418	422	2.95060
3584	2048	1	104	404	3.71846
3072	2048	1	492	506	3.84976
3584	2048	1	100	506	4.45039
3584	2560	1	248	32	0.00000
3072	2560	2	320	26	0.00000
3072	2560	2	266	16	0.00000
3072	2560	1	196	92	0.36453
3072	2560	1	48	168	1.08903
3072	2560	1	416	90	1.65394
3584	2560	1	118	76	1.69869
3072	2560	2	468	184	0.00000
3072	2560	2	444	138	0.00000
3072	2560	1	302	126	2.11655
3072	2560	1	234	220	1.12953
3072	2560	1	346	258	3.30949
3072	2560	1	446	262	3.92699
3584	2560	1	128	206	3.74888
3584	2560	1	308	136	2.93565
3584	2560	1	482	216	2.84476
3584	2560	1	386	128	3.02625
3584	2560	1	240	188	5.95386
3584	2560	2	512	150	0.00000
3584	2560	2	412	244	0.00000
3584	2560	1	340	272	5.62281
3584	2560	1	366	480	3.53438
3584	2560	1	232	300	1.61073
3072	2560	1	496	320	3.72960
3072	2560	1	242	364	3.21190
3584	2560	1	436	348	6.09909
3584	2560	2	496	464	0.00000
3584	2560	1	40	166	0.27830
3072	2560	1	372	470	0.00000
3072	2560	1	214	512	0.00000
3072	2560	2	164	412	0.00000
3072	2560	2	84	484	0.00000
3584	2560	1	60	386	6.03455
3072	2560	1	466	434	5.17820
3584	2560	1	292	414	3.12460
3584	2560	1	186	396	5.36170
3584	2560	1	166	472	2.41786
3584	2560	2	272	512	0.00000
3584	3584	1	478	508	2.34718
3584	3584	1	382	454	4.51965
3584	3584	1	326	512	4.93248
3584	3584	1	420	312	2.23966
3584	3584	1	210	454	0.79695
3584	3584	1	302	384	1.23098
3584	3584	1	300	258	6.10388
3584	3584	1	484	230	0.00000
3072	3584	1	132	482	0.70295
3072	3584	1	48	396	5.76873
3072	3584	1	42	278	2.66759
3072	3584	1	242	512	0.00000
3072	3584	1	210	422	5.83661
3584	3584	1	124	420	0.00000
3584	3584	1	74	438	0.00000
3072	3584	1	410	472	2.82445
3072	3584	1	336	432	3.68757
3584	3584	1	14	360	0.88765
3072	3584	1	476	472	3.73489
3584	3584	1	8	512	0.00000
3584	3584	1	196	386	3.25615
3584	3584	1	190	272	3.70868
3072	3584	1	444	386	3.10038
3584	3584	1	2	296	0.92730
3072	3584	1	254	356	2.00612
3584	3584	1	368	174	3.82138
3072	3584	1	358	294	2.99655
3072	3584	1	206	284	1.34640
3072	3584	1	288	198	0.00000
3072	3584	1	200	206	0.37107
3584	3584	1	94	250	3.35829
3072	3584	1	492	228	1.36993
3584	3584	1	472	106	0.39311
3584	3584	2	512	146	0.00000
3584	3072	1	454	502	3.39038
3584	3584	1	366	62	0.84415
3584	3584	1	286	126	2.58814
3584	3584	1	180	152	1.30002
3584	3584	1	54	102	1.92771
3584	3584	1	16	152	2.05527
3072	3584	1	408	154	2.63645
3072	3584	1	128	88	1.66129
3072	3584	1	278	70	0.58087
3584	3072	1	286	496	3.14524
3584	3072	1	380	452	3.65425
3584	3584	1	114	50	4.87955
3584	3584	1	174	12	2.03601
3584	3072	1	202	472	2.00693
3072	3584	1	470	22	3.70863
3072	3072	1	398	474	2.68754
3072	3072	1	284	490	4.34927
3072	3584	1	200	8	2.79563
3072	3072	1	72	502	1.56486
3072	3072	1	140	398	3.16305
3072	3072	1	64	368	2.84112
3072	3072	1	104	48	3.05894
3072	3072	1	232	38	0.00000
3072	3072	1	306	226	2.29420
3072	3072	1	312	108	5.47651
3072	3072	1	304	366	3.69443
3072	3072	1	416	300	2.90693
3072	3072	1	444	434	4.82582
3072	3072	1	504	44	0.78540
3072	3072	1	504	150	0.66104
3072	3072	1	484	314	3.21920
3584	3072	1	114	124	1.98134
3584	3072	1	130	36	5.78763
3072	3072	1	382	0	6.01693
3072	3072	1	16	66	5.75737
3072	3072	1	0	190	4.92099
3584	3072	1	108	234	0.00000
3584	3072	2	16	210	0.00000
3584	3072	1	254	50	3.18975
3584	3072	1	198	152	3.93336
3584	3072	1	220	214	1.65352
3584	3072	1	48	404	2.68709
3584	3072	1	136	388	3.56560
3584	3072	1	84	320	3.45040
3584	3072	1	206	296	3.81026
3584	3072	1	212	370	0.61073
3584	3072	1	298	312	6.21606
3584	3072	1	394	296	0.90465
3584	3072	1	486	326	0.09773
3584	3072	1	334	228	2.10872
3584	3072	1	430	202	5.03917
3584	3072	1	302	116	4.84249
3584	3072	1	354	72	5.19032
3584	3072	1	470	86	3.31179
3072	3584	2	120	158	0.00000
2560	3072	2	136	80	0.00000
2560	3072	2	104	230	0.00000
2048	3072	2	476	290	0.00000
2560	3072	2	228	128	0.00000
2560	3072	2	354	244	0.00000
2048	3584	2	376	26	0.00000
2560	3072	2	98	438	0.00000
2048	3584	1	86	432	0.00000
2048	3584	1	206	426	0.00000
2048	3584	1	320	416	5.63643
2048	3584	1	358	304	6.08680
2048	3584	1	446	354	0.52266
2048	3584	1	490	462	1.71756
2560	3584	1	92	388	4.96019
2560	3584	1	340	308	0.00000
2560	3584	1	280	358	0.00000
2560	3584	1	264	440	5.55639
2560	3584	1	354	404	5.65345
2560	3584	1	420	328	3.84061
2560	3584	1	450	142	5.53542
2560	3584	1	300	80	6.07344
2560	3584	1	326	196	4.73483
2560	3584	1	216	162	0.68161
2048	3584	1	182	266	3.32605
2048	3584	1	66	120	2.45313
2048	3584	1	104	88	5.38944
2048	3584	1	378	212	2.47031
2048	3072	1	288	480	4.74216
2048	3584	1	480	218	5.80302
2560	3584	1	170	310	2.12460
2560	3584	1	104	238	3.52991
2560	3584	1	48	162	0.99796
2560	3584	1	44	88	0.91149
2048	3584	1	448	92	0.90009
2048	3584	1	236	46	2.39846
2048	3072	1	70	498	1.86592
2048	3072	1	136	456	4.64663
2048	3072	1	502	486	1.89509
2560	3072	1	138	502	0.19740
2560	3584	1	186	90	3.79616
2048	3072	1	252	360	0.00000
2048	3072	1	362	354	5.50253
2560	3072	1	210	456	0.00000
2560	3072	1	454	372	0.79732
2560	3072	1	442	304	4.20133
2560	3072	1	204	348	1.22426
2560	3072	1	184	268	4.48891
2048	3072	1	356	202	0.00000
2048	3072	1	146	330	1.90154
2048	3072	1	186	184	4.73597
2048	3072	1	122	106	1.15795
2048	3072	1	500	146	4.87754
2048	3072	1	446	52	1.53691
2560	3072	1	22	80	1.27067
2560	3072	1	330	130	3.32586
2560	3072	1	466	180	4.92852
2560	3072	1	12	336	3.88241
2048	3072	1	272	166	5.60023
2048	3072	1	410	308	2.42775
2048	3072	1	60	278	1.00733
2560	3072	1	426	498	4.32178
