1024	2560	1	186	460	3.30509
1024	2560	1	272	456	3.97252
1536	2560	1	392	424	1.73582
1024	2560	1	30	444	3.62575
1024	2560	1	492	308	1.43964
1536	2560	1	312	512	3.62360
1024	2560	1	220	274	1.31060
1536	2560	1	512	352	0.26686
1536	2560	1	512	240	3.68869
1536	2560	1	462	346	2.32041
1024	2560	1	84	240	5.55968
1024	2560	1	108	450	3.40780
1536	2560	1	54	444	5.09120
1024	2560	1	42	312	2.49872
1024	2560	1	268	224	4.63307
1024	2560	1	418	386	1.25122
1024	2560	1	426	464	1.73345
1536	2560	1	200	460	2.05015
1536	2560	1	136	296	2.20747
1536	2560	1	320	260	5.71946
1536	2560	1	450	242	3.36355
1536	2560	1	16	180	2.25576
1536	2560	1	228	96	0.55405
1536	2560	1	230	200	0.51606
1024	2560	1	424	246	0.99726
1536	2560	1	110	170	5.44888
1536	2560	1	496	122	2.96458
1536	2560	1	410	134	0.76127
1024	2560	1	92	144	3.22110
1024	2560	1	272	34	1.19794
1024	2560	1	488	66	2.13766
1536	2560	1	152	26	1.25556
1536	2560	1	336	84	3.86267
1536	2048	1	264	476	2.10761
1536	2048	1	356	418	6.23330
1536	2048	1	464	452	2.50044
1024	2048	1	250	360	0.58670
1536	2048	1	36	432	2.16117
1024	2048	1	104	228	1.24010
1024	2048	1	44	118	0.00000
1024	2048	1	122	48	5.99875
1024	2048	1	192	70	0.31810
1024	2048	1	260	12	0.00000
1536	2048	1	32	22	0.00000
1536	2048	1	82	112	0.00000
1024	2048	1	498	192	3.18122
1536	2048	1	54	288	3.41186
1536	2048	1	152	330	2.45902
1536	2048	1	250	300	5.47312
1536	2048	1	220	222	1.74394
1536	2048	1	224	122	0.42839
1536	2048	1	336	84	2.82697
1536	2048	1	412	300	2.87313
1536	2048	1	498	250	4.96100
1536	2048	1	410	36	3.62758
1536	2048	1	492	94	2.72855
1536	2560	1	480	478	0.00000
1024	3072	1	310	300	0.13310
1024	3072	1	226	342	0.73810
1024	3072	1	180	210	6.28245
1024	3072	1	112	216	5.85656
1024	3072	1	298	106	5.69636
1024	3072	1	382	74	6.00667
1024	3072	1	130	84	1.08651
1024	3072	1	34	68	4.33075
1024	3072	1	496	112	1.68310
1536	3072	1	154	52	0.98742
1536	3072	1	52	220	0.69739
1536	3072	1	312	184	5.85565
1536	3584	2	470	114	0.00000
1536	3072	1	22	360	0.50320
1536	3072	1	194	286	1.06240
1024	3584	1	68	34	1.49949
1024	3584	1	272	50	4.55298
1024	3584	1	92	118	1.02194
1024	3584	1	128	200	0.46365
1024	3584	1	350	130	1.44619
1024	3584	1	376	216	4.26681
1024	3072	1	394	480	1.58642
1536	3072	1	154	408	5.27532
1536	3072	1	378	108	2.46293
1536	3072	1	492	42	5.98333
1536	3072	1	368	264	4.23833
1536	3072	1	472	340	5.96143
1536	3072	1	406	376	5.85971
1536	3072	1	260	374	0.14613
1536	3072	2	370	460	0.00000
1024	3584	1	486	58	3.42452
1536	3584	1	72	22	0.00000
1536	3072	1	160	488	2.03811
1536	3584	1	260	36	2.75171
1536	3584	1	392	20	1.26477
1536	3072	2	512	156	0.00000
1536	3072	2	512	234	0.00000
1536	3072	1	174	180	0.58017
1024	3072	1	246	222	3.34118
1024	3072	1	12	450	5.75394
1536	3584	1	120	144	4.38598
1024	3584	1	222	150	2.03369
1536	3584	1	80	280	1.32888
1536	3584	1	276	236	1.92019
1536	3584	1	362	144	4.37571
1536	3584	1	442	230	5.90327
1536	3584	1	186	286	2.69946
1024	3584	1	316	340	4.29349
1024	3584	1	236	438	5.67432
1536	3584	1	180	462	0.42698
1024	3584	1	456	458	0.00000
1536	3584	1	34	504	0.48070
1536	3584	1	512	292	5.81954
1536	3584	1	110	360	1.53134
1024	3584	1	62	406	2.65597
1536	3584	1	314	468	5.95251
1536	3584	1	400	400	1.25358
1536	3584	1	394	302	4.85285
1536	3584	2	500	428	0.00000
2048	2048	1	56	116	0.75599
2048	2048	1	198	144	4.79329
2048	2048	1	194	58	0.72898
2048	2048	1	340	78	2.04507
2048	2048	1	80	250	0.00000
2048	2048	1	154	256	2.54517
2048	2048	2	20	274	0.00000
2048	2048	1	308	332	0.00000
2048	2048	1	400	276	0.07500
2048	2560	2	412	46	0.00000
2048	2560	2	232	148	0.00000
2048	2560	2	322	202	0.00000
2048	2560	2	174	148	0.00000
2048	2048	2	494	64	0.00000
2048	2048	2	408	12	0.00000
2560	2048	1	34	250	2.57756
2560	2048	1	184	138	0.00000
2560	2048	1	140	2	6.04468
2560	2048	1	300	100	6.18823
2560	2048	1	442	26	0.49211
2560	2048	1	384	164	1.82124
2560	2048	1	390	276	0.19740
2560	2048	2	290	382	0.00000
2560	2560	2	300	10	0.00000
2560	2048	1	124	270	5.79433
2560	2048	1	198	260	6.14129
2560	2048	1	276	200	5.92948
2560	2048	1	84	88	3.83315
2048	2048	1	476	350	4.17295
2560	2048	1	30	412	3.60259
2048	2048	1	404	478	5.27571
2048	2048	1	180	386	3.52991
2048	2048	1	72	406	3.61302
2048	2048	1	92	510	1.08695
2048	2048	1	214	484	4.34960
2048	2560	1	188	68	4.12407
2048	2560	1	120	226	4.21045
2048	2560	1	20	230	3.91042
2048	2560	1	302	120	0.59507
2048	2560	1	330	490	3.19651
2048	2560	1	250	482	3.12211
2048	2560	1	76	492	3.18880
2048	2560	1	432	442	0.79038
2560	2560	1	84	442	2.90674
2560	2560	1	204	418	5.86496
2560	2560	1	330	400	5.90268
2560	2560	1	422	372	0.00000
2560	2560	1	66	322	5.26337
2560	2560	1	164	284	5.38636
2048	2560	2	196	410	0.00000
2560	2560	2	20	474	0.00000
2560	2560	2	310	486	0.00000
2048	2560	2	440	326	0.00000
2048	2560	1	382	112	0.00000
2048	2560	1	484	100	3.93806
2560	2560	1	48	126	3.36928
2560	2560	2	72	54	0.00000
2560	2560	1	172	100	3.23218
2560	2048	1	408	508	4.57375
2560	2560	1	398	126	5.19010
2560	2560	1	298	166	2.38560
2560	2560	1	248	252	5.80879
2048	2560	1	490	242	1.32852
2048	2560	1	268	300	3.29389
2048	2560	1	136	326	1.59904
2048	2560	1	26	370	3.11498
2560	2560	2	468	338	0.00000
2560	2560	1	512	448	1.41088
2560	2560	1	444	496	2.88211
2560	2560	1	512	122	4.40306
2560	2048	1	434	252	1.38276
2560	2048	1	472	136	2.10330
2048	2560	1	164	492	0.17853
2048	2560	2	272	392	0.00000
3584	2048	1	152	142	0.00000
3072	2048	1	488	78	3.24175
3072	2048	1	194	102	0.00000
3072	2048	2	60	18	0.00000
3584	2048	2	148	18	0.00000
3584	2048	2	222	30	0.00000
3584	2048	1	256	88	3.91844
3584	2048	1	390	96	0.00000
3584	2048	1	462	60	0.00000
3584	2048	2	512	138	0.00000
3072	2048	1	480	172	4.25180
3072	2048	1	386	90	5.72198
3072	2048	1	328	142	2.84269
3072	2048	1	258	88	3.15420
3072	2048	1	34	190	5.52247
3072	2048	1	170	206	1.87368
3072	2048	1	270	262	3.72692
3072	2048	1	310	314	3.51506
3072	2048	1	438	260	5.15175
3072	2048	1	78	334	0.00000
3072	2048	1	160	318	3.21045
3072	2048	1	278	434	5.49779
3072	2048	1	172	474	5.73753
3072	2560	2	258	28	0.00000
3072	2560	2	168	84	0.00000
3072	2560	2	470	184	0.00000
3072	2048	1	408	376	3.29918
3584	2048	1	24	348	4.88842
3584	2048	1	80	414	4.01305
3584	2048	1	298	340	1.43824
3584	2048	1	358	280	2.45873
3584	2048	1	388	224	5.71525
3584	2048	1	490	274	0.68123
3584	2048	1	400	408	3.90793
3584	2048	1	446	484	1.88951
3584	2560	2	348	140	0.00000
3584	2560	2	406	244	0.00000
3072	2048	1	48	478	4.26210
3072	2560	1	46	92	3.80108
3584	2048	1	128	490	4.75965
3072	2560	1	350	66	1.24287
3072	2560	2	318	14	0.00000
3072	2048	2	106	118	0.00000
3072	2048	2	34	72	0.00000
3072	2560	1	98	162	0.62421
3584	2560	1	96	102	0.00000
3584	2560	1	196	94	5.15411
3072	2560	1	488	126	1.99889
3584	2560	2	28	88	0.00000
3072	2560	1	370	184	2.60448
3072	2560	1	252	176	3.59970
3072	2560	1	102	268	4.72609
3584	2560	1	426	80	4.02310
3584	2560	1	464	168	1.49506
3584	2560	1	204	216	0.00000
3584	2560	1	88	260	2.69005
3072	2560	1	456	290	4.04335
3584	2560	1	320	234	2.63411
3072	2560	1	344	302	5.92240
3072	2560	1	302	342	2.81984
3072	2560	1	220	370	2.54339
3584	2560	1	186	354	3.84094
3072	2560	2	176	414	0.00000
3072	2560	1	64	444	2.30137
3584	2560	1	446	316	0.00000
3584	2560	1	28	346	4.51702
3072	2560	1	462	416	2.42225
3584	2560	1	68	444	2.21430
3584	2560	1	172	476	2.27942
3584	2560	2	248	458	0.00000
3584	2560	2	364	456	0.00000
3584	2560	1	310	426	3.39527
3584	2560	1	474	468	0.00000
3584	2560	1	256	366	3.37626
3584	2560	1	404	410	0.00000
3584	2560	1	492	344	0.00000
3584	2560	1	512	262	1.93702
3584	2560	2	372	512	0.00000
3072	2560	1	184	478	1.01781
3072	2560	1	358	466	1.04936
3072	2560	1	256	512	2.48127
3584	2560	1	32	504	1.02991
3584	3584	1	236	380	4.43085
3584	3584	1	168	272	0.30428
3072	3584	1	506	386	0.85964
3584	3584	1	328	230	5.64816
3584	3584	1	148	94	6.06452
3584	3584	1	466	76	1.09659
3584	3584	1	404	302	4.16803
3584	3584	1	418	194	3.86012
3584	3584	1	230	232	0.21713
3584	3584	1	58	258	2.21559
3584	3584	1	68	152	0.00000
3584	3584	1	512	214	0.28014
3584	3584	1	450	14	1.52276
3072	3584	1	248	350	0.78540
3072	3584	1	178	352	3.05227
3072	3584	1	110	262	1.11388
3072	3584	1	320	246	1.14378
3072	3584	1	352	356	1.37707
3072	3584	1	18	430	3.71911
3072	3584	1	402	504	0.23559
3072	3584	1	306	66	4.11586
3072	3584	1	332	150	1.21534
3072	3584	1	232	440	1.15861
3072	3584	1	324	466	1.02643
3072	3584	1	216	248	0.00000
3584	3584	1	492	388	2.44293
3584	3584	1	60	466	3.66710
3072	3584	1	482	58	0.00000
3584	3584	1	56	2	0.63772
3072	3072	1	416	510	0.32484
3584	3584	1	306	448	0.27581
3072	3584	1	476	232	2.82413
3072	3584	1	420	298	5.27114
3584	3584	1	318	16	6.01693
3584	3072	1	246	508	0.00000
3584	3584	1	210	454	4.12853
3584	3072	1	348	456	5.16269
3584	3584	1	184	4	0.00000
3072	3584	1	30	120	2.49257
3584	3584	1	328	136	2.09464
3072	3584	1	112	80	1.81577
3584	3584	1	420	426	5.40823
3584	3072	1	460	332	4.71516
3584	3072	1	498	430	5.47174
3584	3072	2	386	406	0.00000
3584	3072	2	344	332	0.00000
3584	3072	1	504	212	2.29295
3584	3072	1	512	72	3.87813
3584	3072	1	402	74	5.87947
3584	3072	1	342	242	4.47735
3584	3072	1	324	126	5.30614
3584	3072	1	274	360	1.99742
3584	3072	1	170	388	1.46685
3072	3072	1	488	430	2.34570
3072	3072	1	244	510	3.89542
3072	3072	1	90	512	1.59941
3072	3072	1	116	406	0.66597
3072	3072	1	10	412	3.66151
3072	3072	1	196	306	1.99128
3072	3072	1	338	394	1.63386
3072	3072	1	372	298	4.86384
3072	3072	1	84	150	5.52104
3584	3072	1	92	354	3.95374
3584	3072	1	216	288	5.18068
3584	3072	1	220	200	5.11898
3584	3072	1	134	118	4.54344
3584	3072	2	242	114	0.00000
3584	3072	1	198	54	4.80242
3584	3072	1	2	24	4.12506
3584	3072	1	56	66	4.32551
3072	3072	1	398	30	0.00000
3072	3072	1	260	32	2.83041
3072	3072	1	210	54	2.56294
3584	3072	1	108	226	3.24799
3584	3072	1	44	186	0.00000
3072	3072	1	482	300	3.10062
3072	3072	1	434	222	1.14417
3072	3072	1	392	174	1.03775
3072	3072	1	290	198	0.16609
3072	3072	1	200	208	2.94749
3072	3072	1	160	0	0.79547
3072	3072	1	20	96	0.67098
2560	3584	1	246	184	0.07883
2560	3584	1	90	250	0.35033
2560	3584	1	364	366	3.39686
2048	3584	1	366	364	5.89750
2560	3584	1	44	426	1.42912
2560	3584	1	320	184	3.28349
2560	3584	1	262	438	0.72838
2560	3584	1	280	324	1.15185
2560	3584	1	190	416	4.50099
2560	3584	1	402	220	3.72960
2560	3584	1	324	502	0.29597
2048	3584	1	220	428	2.37747
2048	3584	1	462	420	5.77609
2560	3584	1	88	350	1.57475
2560	3584	1	432	382	5.87077
2560	3584	1	64	512	4.61466
2560	3584	1	470	292	2.72777
2560	3584	1	182	238	2.80445
2048	3584	1	280	348	5.61722
2048	3584	1	82	244	4.49177
2048	3584	1	20	310	5.85078
2560	3584	1	482	168	2.33269
2048	3584	1	442	126	4.51777
2048	3584	1	320	166	2.21728
2560	3584	1	32	128	0.51493
2048	3584	1	418	480	5.83944
2560	3584	1	144	106	2.59304
2560	3072	1	274	342	3.92930
2560	3072	1	438	292	4.16384
2560	3072	1	146	402	2.89945
2560	3072	1	180	294	6.03821
2560	3072	1	504	422	3.67410
2560	3072	1	354	484	5.34940
2560	3584	1	254	46	5.62635
2560	3584	1	154	24	2.51030
2560	3584	1	328	54	5.83761
2560	3072	1	388	404	4.52860
2560	3584	1	512	92	2.26681
2048	3072	1	274	394	3.80756
2048	3072	1	290	166	6.00646
2048	3072	1	374	144	5.73510
2048	3072	1	116	384	0.00000
2048	3072	1	256	496	0.00000
2560	3072	1	200	498	3.65398
2560	3072	2	350	242	0.00000
2560	3072	2	228	136	0.00000
2560	3072	1	324	120	0.45286
2560	3072	1	446	50	6.27526
2560	3072	1	504	132	0.78011
2560	3072	2	100	224	0.00000
2048	3072	1	474	480	5.22375
2560	3072	1	72	322	5.90628
2048	3584	1	56	74	5.85585
2048	3072	1	406	388	0.50486
2560	3072	2	90	438	0.00000
2560	3072	1	148	130	1.07619
2560	3072	1	46	72	1.22777
2048	3072	1	460	44	0.98279
2048	3072	1	322	488	1.12888
2048	3072	1	86	462	2.67795
2048	3072	1	168	344	2.13028
2048	3072	1	478	280	3.90068
2048	3584	2	376	24	0.00000
2048	3072	1	478	192	4.12439
2048	3072	1	54	116	0.52375
2048	3072	1	226	182	2.92776
2048	3072	1	30	230	1.26535
2048	3072	2	172	474	0.00000
2048	3584	2	130	36	0.00000
2048	3072	1	148	44	0.36144
2048	3072	1	246	2	0.00000
2048	3584	1	210	48	5.30039
2048	3584	1	252	206	0.48690
2048	3584	1	206	512	5.25281
2048	3072	2	290	284	0.00000
2048	3072	2	44	384	0.00000
