1024	2560	1	52	308	2.10013
1024	2560	1	124	512	5.18201
1024	2560	1	372	484	4.08354
1024	2560	1	274	462	0.71125
1024	2560	1	76	108	0.00000
1536	2560	1	66	434	5.29120
1536	2560	1	72	512	2.25687
1024	2560	1	152	436	1.68742
1024	2560	1	76	218	1.61721
1024	2560	1	218	324	4.10785
1024	2560	1	262	386	0.87579
1024	2560	1	108	342	3.91335
1536	2560	1	178	342	5.05560
1536	2560	1	184	454	2.77507
1536	2560	1	46	310	3.14179
1024	2560	1	468	322	2.82504
1536	2560	1	442	280	0.65950
1024	2560	1	330	290	5.51852
1024	2560	1	254	40	1.13006
1536	2560	1	392	422	1.79143
1536	2560	1	254	226	5.88710
1536	2560	1	142	186	6.06846
1536	2560	1	44	130	0.57263
1536	2560	1	18	222	1.54400
1536	2560	1	290	80	4.04969
1024	2048	1	234	364	0.34035
1024	2560	1	458	52	2.50242
1536	2560	1	110	28	1.73030
1536	2560	1	438	130	0.64577
1536	2560	1	346	230	0.15660
1536	2560	1	512	138	0.71130
1536	2560	1	444	6	5.10440
1536	2048	1	132	384	5.91529
1536	2048	1	278	452	1.65749
1024	2048	1	502	228	3.41019
1024	2048	1	92	230	0.69713
1024	2048	1	184	98	3.73069
1024	2048	1	190	156	4.79471
1024	2048	1	54	128	5.37057
1536	2048	1	220	148	0.00000
1536	2048	1	198	292	0.31032
1536	2048	1	412	340	2.66579
1536	2048	1	290	348	4.11627
1536	2048	1	466	226	4.24486
1024	2048	1	506	20	0.00000
1024	2048	1	258	0	0.00000
1536	2048	1	504	24	0.00000
1536	2048	1	394	56	5.15789
1536	2048	1	238	44	5.70600
1536	2048	1	82	70	0.00000
1536	2560	1	512	400	2.75818
1024	3072	1	70	56	5.28518
1024	3072	1	132	14	5.22266
1024	3072	1	16	130	6.07817
1024	3072	1	186	166	6.18355
1024	3072	1	312	110	6.21919
1024	3072	1	250	114	6.01106
1024	3072	1	68	264	5.35470
1024	3072	1	44	502	3.39042
1024	3072	1	208	372	0.00000
1024	3072	1	240	256	5.44962
1024	3072	1	314	290	0.07449
1024	3072	2	26	374	0.00000
1024	3072	1	398	70	3.14571
1024	3072	2	230	22	0.00000
1024	3072	2	332	18	0.00000
1024	3072	1	224	508	2.07222
1024	3072	1	338	462	1.47637
1024	3072	1	416	388	3.05532
1024	3072	1	484	236	5.53740
1024	3072	2	378	188	0.00000
1536	3072	1	2	110	3.65717
1024	3072	2	470	32	0.00000
1536	3072	1	110	24	2.07755
1536	3072	1	294	30	0.46880
1536	3072	2	234	14	0.00000
1536	3072	1	104	154	0.32597
1536	3072	1	144	242	3.53444
1536	3072	1	212	252	3.36835
1536	3072	1	274	228	3.42672
1536	3072	1	378	30	0.53751
1536	3072	1	390	132	5.30471
1536	3072	1	512	116	1.85440
1536	3072	1	398	266	0.07010
1536	3072	1	504	260	5.30270
1536	3072	1	326	324	0.22328
1536	3072	2	194	364	0.00000
1536	3072	1	22	350	1.53891
1024	3584	1	92	106	0.77036
1024	3584	2	24	96	0.00000
1024	3584	1	240	94	1.15549
1024	3584	1	332	134	1.38884
1024	3072	1	442	494	1.50321
1536	3072	1	138	432	5.06983
1536	3584	1	110	12	2.74620
1536	3584	1	286	30	2.66857
1536	3072	2	374	468	0.00000
1536	3584	2	464	110	0.00000
1536	3584	2	40	202	0.00000
1536	3072	1	506	484	5.54436
1024	3584	1	454	166	4.19186
1024	3584	1	206	232	1.82589
1024	3584	1	82	266	0.00000
1024	3584	1	50	376	2.33723
1024	3584	1	474	72	3.70211
1536	3072	1	16	422	1.21596
1536	3584	2	372	60	0.00000
1536	3584	1	390	130	0.49093
1536	3584	1	142	194	3.62251
1536	3584	1	276	244	3.63855
1536	3584	1	404	234	4.67277
1536	3584	1	120	312	1.55816
1536	3584	1	314	356	5.95160
1536	3584	1	362	306	5.69427
1536	3584	1	490	290	2.27575
1024	3584	1	320	218	5.61291
1024	3584	1	458	284	1.12219
1024	3584	1	496	364	0.96034
1024	3584	1	292	344	6.09955
1024	3584	1	494	468	0.65104
1536	3584	1	66	424	0.00000
1536	3584	1	140	430	0.00000
1536	3584	1	230	408	0.86840
1536	3584	1	254	482	0.74715
1536	3584	1	352	466	4.40523
1024	3584	1	236	468	0.00000
2048	2048	1	72	136	0.62692
2048	2048	1	130	64	5.47570
2048	2048	1	362	88	0.73917
2048	2048	1	32	238	0.48183
2048	2048	1	78	354	4.92250
2048	2048	1	222	334	2.71898
2048	2048	1	342	284	3.84385
2048	2048	1	468	208	1.51597
2560	2048	1	12	70	3.84378
2048	2048	1	470	316	0.42870
2560	2048	1	120	258	5.76855
2560	2048	1	200	118	0.00000
2560	2048	1	210	218	2.30124
2560	2048	1	86	94	3.65959
2560	2048	1	316	88	0.00000
2560	2048	1	404	170	1.48535
2560	2048	1	466	90	2.26521
2048	2048	1	132	468	5.14826
2048	2048	1	392	446	4.96673
2048	2048	1	294	508	1.77857
2048	2560	1	76	18	2.30717
2560	2048	1	56	384	3.94533
2560	2048	1	196	442	1.93260
2560	2048	1	444	356	1.29931
2560	2048	1	432	246	0.71786
2048	2560	1	494	66	3.39836
2048	2560	2	416	50	0.00000
2048	2560	2	230	152	0.00000
2048	2560	2	170	148	0.00000
2560	2560	2	18	162	0.00000
2048	2560	1	258	88	5.16437
2560	2560	1	210	86	2.24185
2560	2560	2	300	2	0.00000
2560	2048	2	290	392	0.00000
2560	2560	1	354	24	3.41323
2560	2048	1	468	510	3.53236
2560	2560	1	438	124	1.94888
2048	2560	1	24	116	0.99267
2048	2560	1	54	242	0.81171
2048	2560	2	316	206	0.00000
2048	2560	2	406	164	0.00000
2048	2560	1	500	252	2.81740
2560	2560	1	140	218	0.00000
2560	2560	1	272	200	3.74872
2560	2560	1	392	242	0.00000
2560	2560	2	458	324	0.00000
2560	2560	1	248	338	5.66269
2560	2560	2	18	478	0.00000
2048	2560	2	192	418	0.00000
2048	2560	2	172	370	0.00000
2048	2560	1	10	378	5.69313
2048	2560	1	78	492	3.50570
2048	2560	1	154	304	0.40384
2048	2560	1	274	338	4.87131
2048	2560	1	376	268	6.15838
2560	2560	1	82	394	3.87638
2048	2560	2	316	420	0.00000
2048	2560	1	422	438	0.00000
2048	2560	1	310	500	4.42322
2560	2560	1	118	512	1.60707
2560	2560	1	242	452	2.95141
2560	2560	1	410	458	5.24785
2560	2560	2	318	484	0.00000
2048	2560	2	160	512	0.00000
3584	2048	1	116	112	5.91417
3072	2048	1	402	136	5.48227
3072	2048	1	76	108	2.55245
3072	2048	1	188	118	2.09682
3072	2048	1	170	42	1.91370
3072	2048	1	76	0	0.00000
3072	2048	1	38	218	5.91229
3584	2048	1	468	54	0.00000
3584	2048	1	378	94	0.00000
3584	2048	1	236	88	4.19615
3584	2048	1	218	0	0.00000
3584	2048	1	186	218	1.19401
3584	2048	1	370	208	5.34190
3584	2048	1	316	286	3.02546
3584	2048	1	420	334	5.45623
3072	2048	1	358	246	3.15222
3072	2048	1	294	222	3.26357
3072	2048	1	214	238	2.71558
3072	2048	1	154	276	5.54387
3072	2048	1	96	348	5.00780
3072	2048	1	140	430	1.85021
3072	2048	1	466	306	2.51193
3072	2048	1	300	380	4.39155
3072	2560	1	230	50	5.98172
3072	2560	1	96	16	4.56131
3584	2048	1	128	366	1.91689
3584	2048	1	284	402	1.77922
3584	2048	1	94	454	0.43217
3072	2560	1	60	176	6.10366
3584	2560	1	394	16	0.61436
3072	2048	1	372	508	2.70989
3584	2560	1	44	46	5.72939
3072	2560	1	458	10	2.73252
3584	2048	1	200	500	2.15252
3584	2560	1	304	10	3.64858
3072	2560	1	334	96	2.66847
3072	2560	1	512	118	2.01549
3072	2560	1	252	194	1.89844
3584	2560	1	154	50	1.90381
3584	2560	1	238	182	3.22999
3072	2560	1	180	300	2.92432
3072	2560	1	382	230	3.46191
3584	2560	1	48	236	1.73550
3584	2560	1	368	158	3.34619
3584	2560	1	462	164	2.28755
3072	2560	1	56	364	4.75389
3072	2560	1	270	344	2.86595
3072	2560	1	402	332	4.55761
3584	2560	1	126	146	4.96733
3584	2560	1	298	240	3.43662
3584	2560	1	170	262	3.52655
3584	2560	1	408	266	0.72680
3584	2560	1	82	348	2.82374
3584	2560	1	26	424	2.32775
3072	2560	1	398	424	1.53344
3072	2560	1	164	390	6.00225
3072	2560	1	56	456	4.33028
3072	2560	1	266	498	2.19087
3584	2560	1	386	368	1.11212
3584	2560	1	224	392	4.81874
3584	2560	1	508	366	2.98342
3584	2560	1	140	512	4.26295
3072	2560	1	510	504	5.38344
3584	2048	1	512	512	4.37029
3584	2560	1	488	74	4.74263
3072	2560	2	161	77	0.00000
3072	2560	2	466	183	0.00000
3072	2560	2	434	125	0.00000
3072	2560	2	267	17	0.00000
3072	2560	2	322	19	0.00000
3072	2560	2	402	512	0.00000
3584	2560	2	292	495	0.00000
3584	2560	2	342	449	0.00000
3584	2560	2	240	459	0.00000
3584	2560	2	512	233	0.00000
3584	2048	1	512	116	0.00000
3072	2048	2	294	21	0.00000
3072	3072	1	106	30	1.37124
3072	3072	1	132	126	3.65300
3072	3072	1	240	92	5.67482
3072	3072	1	400	52	0.00000
3072	3072	1	64	274	3.87250
3072	3072	1	216	220	3.97767
3072	3072	1	274	274	1.17652
3072	3072	1	126	370	0.12832
3072	3072	1	242	392	2.36489
3072	3072	1	300	334	1.12385
3072	3072	1	336	432	3.36753
3072	3072	1	456	300	1.25382
3072	3072	1	446	386	4.14830
3584	3072	1	100	300	0.90698
3584	3072	1	36	160	0.00000
3584	3072	1	14	6	5.53527
3584	3072	1	142	10	3.65410
3584	3072	1	274	40	0.77433
3584	3072	1	142	154	2.39842
3584	3072	1	252	166	5.47454
3584	3072	1	336	70	3.65570
3584	3072	1	442	154	2.43171
3584	3072	1	510	106	2.40315
3584	3072	1	394	296	1.16768
3584	3072	1	270	364	6.02604
3584	3072	1	174	356	0.88165
3584	3072	1	194	488	2.31992
3584	3072	1	402	388	5.73572
3584	3072	1	512	306	2.28020
3072	3072	1	206	500	2.98715
3072	3072	1	138	482	0.23737
3072	3072	1	38	454	3.45390
3072	3072	1	466	468	3.89901
3584	3072	1	42	474	3.83456
3584	3584	1	88	38	0.22317
3584	3584	1	258	62	3.64645
3584	3072	1	360	512	3.43566
3584	3584	1	432	44	2.89862
3584	3072	1	476	496	5.81954
3584	3584	1	172	102	5.81954
3584	3584	1	46	154	0.00000
3072	3584	1	458	100	2.32287
3072	3584	1	338	56	5.37343
3072	3584	1	262	112	2.07893
3072	3584	1	66	48	1.90034
3072	3584	1	72	144	1.15178
3072	3584	1	204	188	5.40713
3072	3584	1	334	232	2.67325
3584	3584	1	328	136	5.09937
3584	3584	1	156	180	5.25160
3584	3584	1	494	138	0.27251
3584	3584	1	316	232	3.27515
3584	3584	1	428	306	2.98120
3584	3584	1	490	274	0.00000
3072	3584	1	456	248	3.77866
3584	3584	1	46	272	0.63624
3584	3584	1	142	256	2.68844
3584	3584	1	232	228	0.00000
3072	3584	1	144	304	0.00000
3072	3584	1	36	238	1.79430
3072	3584	1	84	338	2.33294
3072	3584	1	264	416	0.22728
3072	3584	1	226	376	0.00000
3584	3584	1	6	462	0.00000
3584	3584	1	454	430	2.66361
3584	3584	1	162	438	0.24229
3584	3584	1	242	446	0.16484
3584	3584	1	400	426	0.00000
3584	3584	1	326	420	0.00000
3584	3584	1	280	340	2.79748
3072	3584	1	456	390	3.46850
3072	3584	1	328	458	3.06690
3072	3584	1	158	446	1.74715
3072	3584	1	38	412	4.94888
3584	3072	2	320	268	0.00000
3584	3072	2	400	214	0.00000
3072	3072	2	448	250	0.00000
3584	3584	2	72	378	0.00000
3584	3584	2	200	346	0.00000
3584	3072	2	512	434	0.00000
2048	3072	1	152	38	0.77682
2048	3072	1	164	194	4.40571
2048	3072	1	18	250	4.43822
2048	3072	1	314	182	5.28304
2048	3072	1	380	144	5.19584
2048	3072	1	478	76	3.17690
2048	3072	1	198	352	4.01013
2048	3072	1	46	300	3.98318
2048	3072	1	498	244	2.09863
2048	3072	1	414	304	2.24913
2048	3072	1	334	366	4.53552
2048	3072	1	98	366	0.03253
2560	3072	1	66	326	1.37340
2048	3584	1	90	24	2.83660
2048	3072	1	420	430	4.16560
2048	3584	1	212	40	5.45793
2048	3584	1	470	54	0.00000
2048	3584	2	366	12	0.00000
2048	3072	2	310	430	0.00000
2560	3584	1	98	12	4.34037
2560	3072	1	176	336	0.46159
2048	3584	1	192	134	5.40131
2560	3072	1	68	142	1.77585
2560	3072	2	130	78	0.00000
2560	3072	1	376	58	5.08766
2560	3072	1	286	106	5.08766
2560	3072	1	404	224	3.00287
2560	3072	1	394	360	2.48799
2560	3072	1	486	260	0.64606
2560	3072	1	264	394	2.00220
2560	3584	1	250	34	4.27751
2560	3584	1	80	202	2.75117
2560	3072	1	290	282	0.32812
2560	3072	1	154	204	0.11066
2560	3584	1	122	90	4.66399
2560	3584	1	372	26	0.00000
2560	3584	1	318	116	2.45058
2048	3072	2	292	286	0.00000
2048	3072	2	164	484	0.00000
2048	3584	1	388	118	0.49555
2560	3072	1	146	8	1.83379
2560	3072	1	512	84	2.66839
2560	3072	1	484	424	0.00000
2560	3584	1	160	176	2.71540
2048	3584	1	44	250	3.12838
2048	3584	1	154	240	1.90381
2048	3584	1	292	292	4.76525
2048	3584	1	488	180	1.61124
2048	3584	1	506	270	2.07113
2048	3072	1	10	500	5.84081
2560	3584	1	222	240	3.04536
2560	3584	1	300	218	2.50884
2560	3584	1	434	38	3.43726
2560	3584	1	466	150	0.92123
2560	3584	1	476	358	4.72783
2560	3072	2	38	430	0.00000
2560	3072	2	112	428	0.00000
2048	3584	1	168	434	1.44175
2048	3584	1	412	334	0.58094
2048	3584	1	504	384	0.89177
2560	3584	1	106	402	6.05107
2560	3584	1	168	362	3.12374
2560	3584	1	246	388	3.55400
2048	3584	1	512	456	0.96881
2560	3584	1	372	344	0.00000
2560	3584	1	414	252	2.31917
2048	3584	1	304	478	4.18153
2560	3584	1	284	476	0.11607
2560	3584	1	300	324	5.95026
2560	3584	1	398	504	3.24970
2560	3584	1	508	496	5.89701
2048	3584	2	38	128	0.00000
2560	3072	2	226	128	0.00000
2560	3584	1	512	234	1.93765
2560	3072	1	222	466	0.00000
2048	3584	1	398	496	0.29544
2048	3584	1	288	410	5.73738
2048	3072	1	28	110	2.16496
2048	3072	1	94	0	0.70557
2560	3072	2	348	242	0.00000
2560	3584	1	204	512	0.00000
2560	3584	1	64	512	0.49833
