1024	2048	1	46	92	0.00000
1024	2048	1	242	382	0.39635
1024	2048	1	110	232	0.78540
1024	2048	1	308	48	3.73689
1024	2048	1	506	214	3.60687
1024	2048	2	192	88	0.00000
1536	2048	1	86	130	0.00000
1536	2048	2	224	152	0.00000
1536	2048	1	42	310	3.37302
1536	2048	1	134	298	3.39056
1536	2048	1	356	102	5.90993
1536	2048	1	250	34	5.19332
1536	2048	1	300	216	4.79553
1536	2048	1	282	296	5.95716
1536	2048	1	266	424	1.60097
1024	2048	1	470	450	3.19418
1024	2560	1	328	14	1.56312
1024	2560	1	468	84	1.22821
1536	2560	1	88	84	0.00000
1536	2560	1	208	80	0.47785
1536	2048	1	150	452	1.99529
1536	2048	1	40	452	2.49516
1536	2048	1	388	510	0.00000
1536	2048	1	460	434	6.02552
1536	2048	1	480	122	5.06598
1536	2048	1	474	244	4.71239
1536	2048	2	488	56	0.00000
1024	2560	1	78	128	3.50768
1024	2560	1	190	222	5.02873
1024	2560	2	184	276	0.00000
1024	2560	1	52	258	0.00000
1024	2560	1	152	352	2.83091
1024	2560	1	370	346	0.71268
1024	2560	1	498	314	2.04196
1536	2560	1	36	186	1.92019
1536	2560	1	214	236	6.07864
1536	2560	1	306	126	0.00000
1536	2560	1	440	160	4.36402
1536	2560	1	314	258	5.67080
1536	2560	1	170	348	3.24781
1536	2560	1	400	318	2.35068
1024	2560	1	198	462	4.26063
1024	2560	1	382	478	0.40720
1024	2560	1	454	434	3.05294
1536	2560	1	52	442	5.17604
1536	2560	1	396	432	1.88470
1536	2560	1	458	248	0.00000
1024	3072	1	142	82	0.88843
1024	3072	1	62	60	3.57878
1024	3072	1	288	90	5.57859
1024	3072	1	304	238	0.01075
1024	3072	1	234	184	0.27512
1024	3072	1	158	180	0.45905
1024	3072	1	122	334	2.90366
1024	3072	1	218	372	0.18885
1536	3072	1	36	146	0.22445
1024	3072	1	458	228	2.91423
1536	3072	1	118	156	3.81444
1536	3072	1	208	172	4.12108
1536	3072	1	266	232	4.12705
1024	3072	1	460	422	0.00000
1536	3072	1	40	372	3.01723
1536	3072	1	134	314	3.59209
1024	3584	1	400	36	3.00594
1024	3584	1	240	64	0.32135
1024	3072	1	78	454	6.22705
1024	3584	1	80	90	0.88126
1536	3072	1	196	402	0.80591
1536	3072	1	324	434	0.00000
1536	3072	1	252	502	3.25889
1536	3072	1	108	500	5.03103
1536	3584	1	104	96	0.26205
1024	3584	1	472	46	3.20425
1536	3072	1	228	38	1.80014
1536	3072	1	374	46	2.36213
1536	3584	1	416	34	1.87795
1024	3584	1	332	120	1.90460
1024	3584	1	36	222	3.86001
1024	3584	1	82	304	3.76842
1536	3584	1	26	208	2.84908
1536	3584	1	198	132	5.38703
1536	3584	1	294	234	0.21600
1536	3584	1	374	324	5.26025
1536	3584	1	388	116	4.70203
1024	3584	1	238	408	0.24244
1024	3584	1	398	366	1.40568
1536	3584	1	34	354	1.27268
1536	3584	1	146	278	1.46868
1536	3584	1	164	374	1.00138
1024	3584	1	486	454	0.63675
1536	3584	1	34	506	0.65946
1536	3584	1	184	462	0.76436
1536	3584	1	304	446	6.01258
1024	3584	1	94	406	1.01391
1024	3584	1	292	210	5.49486
1536	3072	1	406	340	5.25038
1536	3584	2	380	497	0.00000
1536	3072	2	436	473	0.00000
1536	3072	2	476	431	0.00000
1024	3072	2	336	31	0.00000
1024	3072	2	30	177	0.00000
1536	3584	2	478	111	0.00000
2560	2560	1	170	308	5.32346
2048	2048	1	94	252	6.27841
2048	2048	1	324	66	4.75562
2048	2048	1	382	474	5.44059
2560	2048	1	430	68	0.24891
2560	2048	1	58	134	6.15984
2048	2048	1	508	234	0.78894
2048	2560	1	326	330	5.10524
2048	2048	1	314	314	5.71779
2048	2048	1	168	88	0.02219
2560	2048	1	206	150	5.77136
2560	2048	1	310	122	6.21064
2560	2048	1	124	260	5.67333
2560	2048	1	2	442	0.32593
2048	2560	1	214	6	5.21181
2048	2048	1	306	190	1.69568
2560	2560	2	286	8	0.00000
2048	2560	2	162	154	0.00000
2048	2560	2	230	156	0.00000
2048	2560	2	320	198	0.00000
2048	2560	1	472	104	4.19199
2560	2560	1	64	26	1.04931
2048	2560	2	188	418	0.00000
2560	2048	1	364	260	6.05816
2048	2048	1	20	134	1.36700
2560	2048	1	178	56	0.00000
2560	2048	1	132	376	3.95633
2560	2048	1	504	266	0.57992
2560	2560	1	302	102	5.12561
2560	2560	1	358	258	5.95203
2560	2560	1	230	206	0.58147
2560	2560	1	136	156	0.99962
2048	2560	1	112	62	1.48109
2048	2048	1	96	490	0.80214
2048	2048	1	56	372	1.35810
2048	2048	2	24	285	0.00000
2560	2048	1	248	338	0.41267
2560	2048	2	296	401	0.00000
2560	2560	1	204	6	3.72512
2560	2560	1	430	32	4.12011
2560	2560	1	462	132	4.47333
2048	2560	1	480	234	4.60991
2048	2560	1	296	106	0.67400
2048	2560	2	412	52	0.00000
2048	2560	2	376	118	0.00000
2048	2560	2	412	168	0.00000
2560	2560	2	16	170	0.00000
2048	2560	1	86	222	5.03345
2048	2560	1	420	474	1.24583
2560	2048	2	444	458	0.00000
2048	2048	1	410	192	3.42539
2560	2560	1	400	436	4.86376
2560	2048	1	378	36	6.00145
2560	2048	2	304	26	0.00000
2560	2048	1	432	340	1.39187
2048	2560	1	256	394	0.56300
2048	2560	1	160	328	2.10460
2048	2048	1	244	350	0.00000
2560	2560	1	476	218	4.75611
2560	2560	1	76	434	0.00000
2048	2560	2	434	332	0.00000
2048	2560	1	64	490	0.48605
2048	2560	1	48	398	1.22571
2560	2560	1	456	380	5.22105
2560	2560	1	278	370	0.36559
2560	2560	1	170	474	5.85390
2560	2560	1	46	316	1.58312
2048	2560	1	308	402	5.31129
2560	2560	2	304	482	0.00000
2048	2560	1	162	504	0.69262
2560	2560	2	14	490	0.00000
2048	2560	1	44	304	1.37876
2048	2560	1	468	392	5.04367
3072	2048	1	26	226	0.52022
3072	2048	1	42	0	0.00000
3072	2048	1	88	108	3.47269
3072	2048	1	204	66	3.78165
3072	2048	1	350	50	4.15552
3072	2048	1	228	308	3.52401
3072	2048	1	496	108	0.00000
3584	2048	1	464	38	0.00000
3584	2048	1	398	72	5.88376
3584	2048	1	248	82	3.82307
3584	2048	1	162	136	6.18418
3584	2048	1	286	264	5.02044
3584	2048	1	382	212	5.10718
3584	2048	1	108	54	1.14700
3072	2048	1	402	138	5.81954
3072	2048	1	364	180	2.32657
3072	2048	1	342	244	2.06814
3072	2048	1	130	226	5.90885
3072	2048	1	234	454	1.61577
3072	2048	1	244	444	2.20625
3072	2048	1	302	350	3.41989
3072	2048	1	374	416	3.52210
3072	2048	1	482	308	5.46155
3584	2048	1	62	420	4.01804
3584	2048	1	460	458	2.89493
3584	2048	1	392	482	3.05959
3584	2048	1	512	238	2.77053
3584	2048	1	512	150	2.40322
3072	2560	1	104	32	3.71949
3072	2560	1	10	128	3.54581
3072	2560	1	34	242	4.43799
3072	2560	1	226	38	5.16365
3072	2560	2	316	20	0.00000
3072	2560	1	168	164	0.56072
3072	2560	2	174	78	0.00000
3072	2560	1	366	70	0.00000
3072	2560	1	446	30	3.50877
3072	2560	2	430	124	0.00000
3072	2560	2	474	188	0.00000
3584	2560	1	86	4	4.97249
3584	2560	1	46	96	1.79231
3584	2560	1	166	140	2.67657
3584	2560	1	300	50	4.02460
3584	2560	1	234	76	5.97267
3584	2560	1	438	84	4.08653
3072	2560	1	272	168	2.65250
3072	2560	1	362	228	3.30262
3072	2560	1	256	304	3.07274
3072	2560	1	458	284	4.00030
3072	2560	2	172	398	0.00000
3072	2560	1	56	512	2.77197
3072	2560	1	366	466	0.00000
3072	2560	1	484	454	2.88028
3584	2560	1	44	202	6.06133
3584	2560	1	130	210	2.82918
3584	2560	2	340	134	0.00000
3584	2560	1	60	330	0.80812
3584	2560	1	180	326	0.58684
3584	2560	1	460	222	2.58719
3584	2560	1	466	364	0.00000
3584	2560	1	334	216	5.42983
3584	2560	1	354	324	2.26946
3584	2560	1	246	248	2.48291
3584	2560	1	66	436	5.98108
3584	2560	1	180	490	2.54041
3584	2560	1	274	392	2.75719
3584	2560	1	228	442	2.27409
3584	2560	2	350	452	0.00000
3072	2048	1	96	384	1.81391
3072	3072	1	154	82	3.10402
3072	3072	1	230	126	0.00000
3072	3072	1	174	222	2.51118
3072	3072	1	56	270	2.62913
3072	3072	1	196	340	5.47852
3072	3072	1	134	396	2.60569
3072	3072	1	350	228	3.97157
3072	3072	1	404	82	1.05883
3072	3072	1	320	170	4.20955
3072	3072	1	472	292	3.10029
3072	3072	1	482	156	2.88276
3584	3072	1	44	146	6.15563
3584	3072	1	92	74	2.77718
3584	3072	1	210	60	4.10976
3584	3072	1	426	58	3.58164
3072	3072	1	326	362	5.34521
3072	3072	1	408	294	6.22830
3072	3584	1	68	22	1.69037
3072	3584	1	234	60	5.51876
3072	3584	1	348	22	4.50473
3072	3072	1	410	440	0.74857
3584	3072	1	22	368	3.96875
3584	3072	1	98	298	2.31024
3584	3072	1	146	180	3.88943
3584	3072	1	180	272	1.50867
3584	3072	1	276	284	0.37072
3584	3072	1	330	200	5.61513
3584	3072	1	432	214	5.81781
3584	3072	2	248	138	0.00000
3584	3072	2	352	134	0.00000
3072	3584	1	124	110	1.43471
3072	3584	1	180	186	0.62892
3072	3584	1	224	256	0.52265
3072	3584	1	98	256	2.31277
3072	3584	1	348	138	5.48649
3072	3584	1	428	120	5.64958
3072	3584	1	494	72	5.29572
3072	3072	1	510	476	1.28060
3584	3072	1	102	416	2.79639
3584	3584	1	150	4	1.74608
3584	3584	1	120	64	4.19075
3584	3072	1	220	374	1.62848
3584	3072	1	222	460	2.24627
3584	3072	1	370	382	4.93011
3584	3072	2	358	312	0.00000
3584	3072	1	456	468	0.60042
3584	3584	1	368	62	2.94638
3584	3584	1	294	78	2.68092
3584	3584	1	470	136	0.00000
3584	3584	1	252	132	5.67687
3584	3584	1	168	160	2.64656
3584	3584	1	30	206	2.97385
3072	3584	1	342	308	5.38061
3072	3584	1	362	240	5.33513
3072	3584	1	72	350	1.55066
3072	3584	1	268	352	2.52760
3072	3584	1	206	394	1.67346
3072	3584	1	128	460	1.78219
3584	3584	1	158	274	1.00829
3584	3584	1	402	256	4.03856
3072	3584	1	358	424	0.57409
3072	3584	1	446	338	0.47763
3584	3584	1	178	436	0.64629
3584	3584	1	104	350	5.24192
3584	3584	1	450	440	0.47082
3584	3584	1	446	330	4.83625
2560	3072	1	460	428	3.33899
2560	3584	1	328	394	0.00000
2560	3584	1	262	436	2.58380
2048	3584	1	186	294	2.98805
2048	3584	1	32	130	0.54305
2560	3584	1	512	448	2.33906
2560	3584	1	26	392	0.04542
2560	3584	1	350	512	0.23516
2560	3584	1	188	460	6.00576
2048	3584	1	236	276	6.10007
2560	3584	1	428	512	3.35661
2560	3584	1	92	424	0.00000
2048	3584	1	448	440	3.50361
2560	3072	1	366	494	5.53111
2048	3584	1	236	462	0.00000
2560	3584	1	280	24	6.07443
2048	3584	1	44	394	0.24642
2048	3584	1	318	338	0.44806
2048	3584	1	120	216	2.64604
2048	3584	1	308	208	3.86077
2048	3584	1	402	174	3.49890
2048	3584	1	502	276	0.69601
2048	3584	1	428	274	3.42632
2560	3584	1	96	220	3.83691
2560	3584	1	426	396	0.87214
2560	3584	1	168	310	3.46334
2560	3584	1	250	222	1.58042
2560	3584	1	364	206	5.89631
2560	3584	1	502	296	1.02040
2560	3584	1	492	226	4.66298
2560	3584	1	402	102	2.16990
2560	3072	1	220	456	0.00000
2560	3584	1	230	128	1.52814
2048	3584	1	218	34	5.26670
2560	3584	1	412	284	4.27559
2560	3584	1	182	24	5.85810
2048	3072	1	356	498	0.36869
2560	3584	1	56	108	1.43527
2048	3072	1	452	450	5.85078
2048	3584	1	222	130	4.93743
2560	3072	1	436	282	4.55579
2560	3072	1	450	188	4.34082
2560	3072	1	406	134	1.27756
2560	3072	1	458	42	5.17207
2560	3072	1	306	60	4.42167
2560	3072	1	184	18	5.83476
2560	3072	1	144	322	0.00000
2560	3072	1	46	356	2.02527
2560	3072	1	336	382	1.41312
2048	3072	1	420	246	4.63241
2048	3072	1	468	302	4.41389
2560	3072	1	52	168	4.32057
2560	3072	1	32	88	0.80361
2048	3072	1	294	212	5.79386
2048	3072	1	456	44	0.92730
2048	3072	1	260	410	3.89474
2048	3072	1	360	358	0.00000
2048	3072	1	128	360	0.00000
2048	3072	1	24	456	5.48025
2048	3072	1	74	266	2.31459
2048	3072	1	278	62	4.15379
2048	3072	1	398	138	5.30039
2048	3072	1	172	180	3.61203
2048	3072	1	110	138	0.00000
2048	3072	1	126	20	1.21781
2048	3072	1	14	6	0.00000
2048	3072	2	44	381	0.00000
2560	3072	2	94	225	0.00000
2560	3072	2	140	73	0.00000
2560	3072	2	218	127	0.00000
2560	3072	2	344	237	0.00000
2048	3072	2	230	269	0.00000
2560	3072	2	94	441	0.00000
2048	3072	2	160	478	0.00000
2048	3072	2	278	278	0.00000
