1024	2048	2	40	166	0.00000
1024	2048	2	208	68	0.00000
1024	2048	1	394	28	2.73063
1536	2048	1	20	14	0.35196
1536	2048	1	166	56	5.73680
1536	2048	1	254	34	6.03677
1536	2048	1	346	10	3.50771
1536	2048	1	364	114	3.85885
1536	2048	2	226	136	0.00000
1536	2048	2	500	74	0.00000
1536	2048	1	478	146	4.58092
1024	2048	1	34	334	5.47044
1024	2048	1	154	284	3.90645
1024	2048	1	238	370	0.55976
1024	2048	1	496	230	3.16839
1536	2048	1	344	276	2.22856
1536	2048	1	510	280	0.31158
1536	2048	2	246	354	0.00000
1536	2048	1	92	458	5.60249
1024	2560	1	244	50	0.90323
1024	2560	1	464	62	2.09621
1536	2560	1	212	12	3.71423
1536	2048	1	330	466	3.87578
1536	2048	1	432	510	3.74825
1536	2560	1	330	118	3.91186
1536	2560	1	82	114	0.35564
1536	2560	1	134	182	0.27301
1024	2560	1	420	228	2.49761
1024	2560	1	278	178	5.39294
1024	2560	1	172	170	2.84468
1024	2560	1	0	262	0.51013
1024	2560	1	110	288	2.61863
1024	2560	1	28	360	1.15013
1024	2560	1	284	340	5.70305
1024	2560	1	464	420	2.79207
1024	2560	1	386	512	3.90125
1024	2560	1	180	394	1.45124
1024	2560	1	82	490	1.30677
1024	2560	1	200	484	3.75373
1024	2560	1	270	512	3.68119
1536	2560	1	38	358	1.46359
1536	2560	1	76	442	5.07141
1536	2560	1	186	306	3.48447
1536	2560	1	262	256	5.79691
1536	2560	1	366	272	0.40627
1536	2560	2	22	210	0.00000
1024	2560	2	92	170	0.00000
1024	2560	2	202	278	0.00000
1024	2560	2	358	444	0.00000
1536	2560	2	438	254	0.00000
1536	2560	2	502	366	0.00000
1536	2560	1	206	512	2.05874
1536	2560	1	238	446	2.17659
1536	2560	1	276	390	5.78426
1536	2560	1	396	428	1.97613
1536	2560	1	388	502	4.42832
1536	2560	1	490	480	0.62822
1024	3072	1	320	140	5.17966
1024	3072	1	62	180	5.82376
1536	3072	1	132	150	0.61552
1024	3072	1	160	120	5.30831
1024	3072	1	112	152	2.16590
1024	3072	1	168	302	3.05985
1024	3072	1	346	278	0.00000
1536	3072	1	330	154	3.15756
1536	3072	1	60	304	0.79409
1024	3072	1	506	236	0.79615
1536	3072	1	226	326	4.87691
1536	3072	1	218	120	2.30430
1536	3072	1	440	156	0.57430
1536	3072	1	394	350	1.96788
1536	3072	1	458	278	5.39912
1024	3072	1	448	372	1.94513
1024	3072	1	452	446	2.42403
1536	3072	1	130	426	5.60087
1536	3072	1	48	68	0.00000
1024	3072	1	240	64	3.60626
1024	3072	1	270	214	1.24433
1536	3072	1	176	216	0.80865
1536	3072	1	268	438	5.11596
1536	3072	1	282	246	1.56087
1024	3072	1	220	388	3.82926
1024	3072	1	288	496	0.22864
1024	3584	1	416	12	2.21246
1536	3584	1	512	28	2.88854
1536	3072	1	80	434	5.59356
1536	3584	1	64	58	3.70715
1024	3584	1	480	68	3.72392
1024	3072	1	118	482	0.00000
1024	3072	1	48	486	0.00000
1024	3584	1	210	126	5.78692
1024	3584	1	352	212	4.66878
1536	3584	1	200	180	1.36141
1024	3584	1	342	128	1.11712
1536	3584	1	378	502	0.00000
1024	3584	1	498	362	0.79018
1536	3584	1	254	516	0.00000
1536	3584	1	356	516	0.00000
1536	3584	1	268	288	3.09708
1536	3584	1	154	516	0.00000
1024	3584	1	416	288	1.26187
1536	3584	1	240	516	0.00000
1536	3584	1	212	480	0.11066
1536	3584	1	408	124	0.00000
1536	3584	1	320	18	1.96092
1024	3584	1	198	288	0.00000
1024	3584	1	116	248	0.98489
1024	3584	1	280	410	0.78540
1024	3584	1	100	390	1.87932
1536	3584	1	112	290	3.66967
1536	3584	1	402	318	2.37137
1536	3584	1	66	416	0.00000
1536	3584	1	148	406	0.00000
1536	3584	1	234	408	0.41333
1536	3584	1	362	380	4.96791
1024	3584	1	498	462	1.30661
1536	3584	1	512	440	3.10163
1536	3584	2	472	116	0.00000
1536	3072	2	372	450	0.00000
1024	3072	2	46	342	0.00000
1536	3584	2	44	210	0.00000
1024	3072	2	60	32	0.00000
1536	3072	2	512	88	0.00000
1536	3072	1	254	30	2.80105
1024	3072	2	24	90	0.00000
1024	3584	2	16	110	0.00000
1024	3584	2	36	516	0.00000
1536	3584	2	460	232	0.00000
1536	3584	2	466	516	0.00000
1024	3584	2	286	360	0.00000
1024	3072	2	480	28	0.00000
2048	2048	1	86	108	0.00000
2048	2048	1	290	326	0.00000
2048	2560	1	150	112	6.11804
2048	2048	1	434	110	5.69123
2048	2048	1	322	80	0.62822
2048	2048	1	220	54	0.93112
2048	2048	1	78	412	1.05422
2048	2048	1	42	262	0.30015
2560	2048	1	64	360	5.26239
2048	2048	1	390	452	4.64599
2560	2048	1	56	506	4.60061
2048	2560	1	506	76	4.84423
2048	2560	1	330	84	5.41222
2048	2560	1	216	70	2.60079
2048	2560	1	48	130	3.34113
2560	2560	1	200	48	2.04415
2048	2048	1	202	318	0.00000
2560	2048	1	122	266	6.02750
2560	2048	1	108	108	5.52808
2560	2048	1	200	100	0.00000
2560	2048	1	412	78	5.44036
2560	2048	1	18	218	1.89522
2560	2048	1	418	222	1.30392
2560	2048	1	466	392	1.89255
2560	2560	1	392	18	3.35300
2560	2560	1	480	98	4.87754
2560	2560	1	370	184	6.02614
2560	2560	1	280	150	4.59339
2560	2560	1	90	176	2.07287
2560	2048	2	250	434	0.00000
2560	2048	1	322	108	0.00000
2048	2560	1	152	268	0.35255
2048	2560	1	382	292	0.65950
2560	2560	1	20	288	0.00000
2560	2560	1	198	250	0.61570
2560	2560	1	224	466	5.86026
2560	2560	1	348	378	4.58649
2560	2560	1	452	310	0.27169
2048	2560	1	120	468	0.00000
2560	2560	1	444	412	1.48589
2560	2560	1	286	278	0.00000
2048	2560	1	32	466	0.00000
2048	2560	1	36	316	0.82044
2048	2560	1	450	476	0.97761
2048	2560	2	324	426	0.00000
2048	2560	2	202	420	0.00000
2560	2560	2	4	482	0.00000
2560	2560	2	156	512	0.00000
2560	2560	2	310	512	0.00000
3072	2560	2	468	186	0.00000
3072	2560	2	432	132	0.00000
3072	2560	2	252	22	0.00000
3072	2560	2	166	76	0.00000
3072	2560	2	314	18	0.00000
3072	2048	1	76	98	5.54537
3072	2048	1	198	62	3.64729
3072	2048	1	270	132	4.09918
3072	2048	2	282	22	0.00000
3072	2048	1	122	212	3.30940
3072	2048	1	128	350	3.10722
3072	2048	1	50	430	1.92065
3584	2048	1	32	186	5.77080
3072	2048	1	452	170	2.89877
3072	2048	1	404	52	3.98105
3072	2048	1	248	258	5.54629
3072	2048	1	190	310	5.97828
3072	2048	1	392	236	1.99186
3072	2560	1	94	24	0.92840
3072	2560	1	210	72	2.90185
3072	2560	1	166	178	0.00000
3072	2560	1	108	148	0.00000
3072	2560	1	332	90	0.60229
3072	2048	1	372	474	3.09113
3072	2048	1	406	368	2.21430
3584	2048	1	4	354	2.51757
3584	2048	1	78	314	2.33818
3584	2560	1	46	12	5.87829
3072	2560	1	476	14	2.42565
3584	2560	1	82	158	0.00000
3584	2048	1	154	474	0.00000
3584	2048	1	204	234	4.41650
3584	2048	1	118	96	5.97200
3584	2048	1	224	98	3.97429
3584	2048	1	364	228	5.45020
3584	2048	1	234	338	1.02182
3584	2048	1	302	466	5.33371
3584	2560	1	390	98	3.65254
3584	2560	1	290	90	3.07599
3584	2560	1	178	90	3.38919
3072	2560	1	322	190	4.93106
3584	2048	1	380	84	0.00000
3584	2048	1	462	52	0.00000
3584	2560	1	280	234	2.52979
3584	2560	1	426	176	4.89774
3072	2560	1	96	304	0.39284
3072	2560	1	24	470	3.21429
3072	2560	1	250	366	3.35269
3072	2560	1	172	304	2.73084
3072	2560	1	466	266	1.13916
3072	2560	1	330	338	3.45465
3072	2560	1	322	484	1.93387
3584	2560	1	58	332	0.00000
3072	2560	1	460	80	2.21061
3584	2560	1	142	246	0.14261
3072	2560	1	432	424	1.21746
3584	2560	1	204	384	1.93773
3584	2560	1	30	502	1.91358
3584	2560	1	438	364	3.37268
3584	2560	1	302	374	2.31713
3584	2560	1	180	476	5.81954
3072	2560	1	164	396	5.96143
3584	2560	1	234	456	4.50320
3584	2560	2	350	458	0.00000
3584	2560	1	356	282	6.03821
3584	2560	1	512	382	2.94420
3584	2560	1	480	512	2.36387
3072	2560	1	186	512	1.68656
3072	2560	1	16	172	2.66632
3072	3072	2	436	252	0.00000
3584	3072	2	20	204	0.00000
3072	3072	2	252	450	0.00000
3584	3072	2	404	360	0.00000
3584	3072	2	350	278	0.00000
3072	3072	1	282	72	4.32489
3072	3072	1	176	24	1.41372
3072	3072	1	36	98	3.45112
3072	3072	1	134	180	3.79980
3072	3072	1	234	180	0.66205
3072	3072	1	338	202	1.20210
3072	3072	1	400	76	5.96522
3072	3072	1	490	146	0.79883
3584	3072	1	122	66	4.12006
3584	3072	1	208	104	0.00000
3584	3072	1	142	176	2.04044
3584	3072	1	30	260	1.35544
3584	3072	1	292	38	1.12195
3584	3072	1	282	122	3.69325
3584	3072	1	470	124	3.36892
3584	3072	1	302	210	3.59352
3584	3072	1	398	86	0.84162
3584	3072	1	488	370	5.64412
3584	3072	1	212	252	4.27623
3584	3072	2	382	224	0.00000
3072	3072	1	258	302	1.72822
3072	3072	1	186	360	1.63392
3072	3072	1	78	438	1.42035
3072	3584	1	162	12	2.74917
3072	3584	1	240	2	2.84577
3072	3072	1	350	382	3.75805
3072	3072	1	446	408	3.44747
3584	3072	1	90	384	3.03238
3584	3072	1	172	340	4.87007
3584	3072	1	164	430	0.99004
3584	3072	1	248	460	3.47755
3584	3072	1	352	442	0.79745
3584	3072	2	300	330	0.00000
3584	3072	2	502	270	0.00000
3584	3072	2	512	188	0.00000
3584	3072	1	12	380	0.24242
3584	3072	1	22	510	5.06302
3072	3584	1	392	10	2.39711
3072	3584	1	198	142	3.99710
3072	3584	1	362	104	5.07544
3072	3584	1	478	90	3.12278
3584	3584	1	50	114	2.19592
3584	3584	1	148	68	1.18517
3584	3072	1	430	476	0.61396
3584	3584	1	436	62	4.55334
3584	3584	1	286	50	3.68152
3584	3584	1	292	146	0.75304
3584	3584	1	202	158	2.82363
3072	3584	1	54	80	1.74363
3072	3584	1	50	142	1.90296
3072	3584	1	268	228	4.79445
3584	3584	1	382	146	2.47342
3584	3584	1	348	266	0.00000
3584	3584	1	436	268	0.35952
3584	3584	1	148	230	5.72721
3072	3584	1	318	336	2.72586
3072	3584	1	158	258	5.17640
3072	3584	1	512	196	1.30456
3584	3584	1	262	440	0.00000
3072	3584	1	456	352	1.53643
3584	3584	1	76	318	0.45669
3072	3584	1	494	270	1.11568
3584	3584	1	328	406	5.49590
3584	3584	1	258	292	3.33473
3072	3584	1	182	386	0.00000
3072	3584	1	114	458	0.87080
3072	3584	1	464	438	0.46664
3584	3584	1	58	428	0.84405
3072	3584	1	382	474	6.05469
3072	3584	1	50	334	1.27362
2560	3072	2	100	238	0.00000
2048	3072	2	156	476	0.00000
2560	3072	2	228	132	0.00000
2048	3072	1	156	100	1.86710
2048	3072	1	224	196	5.22201
2048	3072	1	56	104	5.26395
2048	3072	1	38	200	3.19787
2048	3072	1	290	94	6.08239
2048	3072	1	426	58	1.11285
2560	3072	1	32	88	3.89389
2048	3072	1	366	250	5.91437
2048	3072	1	468	200	2.49231
2048	3072	1	376	138	0.00000
2560	3072	1	178	44	2.70533
2560	3072	1	346	138	5.28879
2560	3072	1	412	56	5.29196
2048	3072	1	54	450	3.35136
2048	3072	1	158	296	3.94716
2048	3072	1	228	368	3.90027
2048	3072	1	324	346	2.66215
2560	3072	1	194	294	0.66536
2560	3072	1	130	172	5.06348
2560	3072	1	20	312	4.20558
2048	3072	1	306	490	0.90175
2048	3072	1	410	388	2.94454
2048	3072	1	492	446	5.68169
2560	3072	1	304	238	0.00000
2560	3072	1	384	280	0.00000
2560	3072	1	500	262	5.40546
2560	3072	1	236	372	0.90130
2560	3072	1	104	440	0.66104
2560	3072	1	474	352	3.98941
2048	3584	1	76	96	0.78255
2048	3584	1	138	128	3.98575
2048	3584	1	272	54	1.84463
2048	3584	1	422	32	3.96581
2560	3584	1	98	140	2.46609
2048	3584	1	308	128	4.71239
2048	3584	1	426	130	0.97996
2560	3584	1	156	40	2.50839
2560	3584	1	298	20	3.98985
2560	3072	1	224	476	0.00000
2560	3072	1	386	426	0.89466
2560	3072	1	272	402	0.00000
2560	3072	1	450	496	3.94236
2560	3584	1	28	42	2.28664
2048	3584	1	132	246	0.00000
2048	3584	1	196	258	0.00000
2048	3584	1	284	278	5.97971
2048	3584	1	362	268	0.55165
2048	3584	1	492	208	1.11879
2560	3584	1	68	250	1.67635
2560	3584	1	224	268	2.80214
2560	3584	1	292	234	2.76755
2560	3584	1	320	128	1.96950
2560	3584	1	360	68	2.02887
2560	3584	1	480	160	1.82905
2560	3584	1	338	350	1.27514
2048	3584	1	458	306	0.54664
2560	3584	1	170	448	3.49399
2560	3584	1	380	224	1.92695
2048	3584	1	146	450	0.00000
2048	3584	1	246	452	0.00000
2048	3584	1	400	412	0.00000
2560	3584	1	24	400	0.72323
2048	3584	1	466	504	0.99403
2560	3584	1	418	460	0.92311
2560	3584	1	474	364	1.97814
2560	3584	1	286	488	0.00000
2048	3584	1	194	348	1.38337
2560	3584	1	474	94	1.81577
2560	3584	1	512	244	1.21617
2560	3584	2	246	80	0.00000
2048	3584	2	376	22	0.00000
2560	3584	1	84	476	0.00000
2560	3584	1	354	406	1.31453
