1024	2048	2	184	16	0.00000
1024	2048	2	258	24	0.00000
1024	2048	1	192	76	0.00000
1024	2048	1	382	24	0.00000
1536	2048	1	4	42	0.00000
1536	2048	1	148	94	0.88056
1536	2048	1	224	136	0.00000
1536	2048	1	266	76	5.74514
1536	2048	2	302	14	0.00000
1536	2048	2	490	70	0.00000
1024	2048	1	60	346	0.00000
1024	2048	1	214	394	0.52231
1024	2048	1	176	268	1.54807
1024	2048	1	278	236	3.72902
1024	2048	1	406	166	2.15530
1024	2048	1	490	316	0.00000
1536	2048	1	60	316	6.18955
1536	2048	1	196	212	5.08835
1536	2048	1	414	242	1.82615
1536	2048	1	324	292	4.68114
1536	2048	1	242	390	6.18063
1536	2048	1	120	398	3.49757
1024	2048	1	362	412	4.95844
1024	2560	1	296	6	1.65394
1024	2560	1	360	64	4.81154
1536	2048	1	336	418	0.34060
1536	2048	1	510	364	6.25505
1536	2560	1	28	28	5.91161
1536	2560	1	154	10	0.74346
1024	2560	1	126	156	4.68266
1024	2560	1	92	278	5.75786
1024	2560	1	232	230	5.05928
1024	2560	1	330	188	5.78003
1024	2560	1	486	140	0.91837
1536	2560	1	286	50	1.01615
1536	2560	1	442	42	2.45962
1536	2560	1	376	102	0.28818
1536	2560	1	160	170	1.51204
1536	2560	1	100	266	5.67264
1536	2560	1	182	300	0.26478
1536	2560	1	478	168	2.32217
1536	2560	1	428	258	2.18065
1536	2560	1	304	256	5.56119
1024	2560	1	164	402	3.91693
1024	2560	1	268	330	2.64212
1024	2560	1	380	342	1.77615
1024	2560	1	504	424	3.29224
1024	2560	1	164	508	4.23782
1024	2560	1	428	492	3.41051
1536	2560	1	42	472	3.80829
1536	2560	1	190	468	5.75626
1536	2560	1	378	410	3.36027
1536	2560	1	366	512	3.08955
1536	2560	1	270	364	0.28702
1536	2560	1	440	386	3.52406
1024	3072	1	130	114	1.83871
1024	3072	1	312	90	0.00000
1024	3072	1	414	132	0.58154
1024	3072	1	502	120	0.34877
1536	3072	1	68	126	0.47927
1536	3072	1	222	56	4.91647
1536	3072	1	434	62	0.20548
1536	3072	1	266	146	2.09226
1536	3072	1	410	194	2.71792
1536	3072	1	276	274	5.69421
1536	3072	1	28	228	1.37814
1536	3072	1	38	290	1.22894
1536	3072	1	154	320	3.60524
1536	3072	1	250	368	1.84047
1536	3072	1	368	402	0.00000
1024	3072	1	314	228	5.32451
1024	3072	1	142	216	1.02560
1024	3072	1	68	346	4.27638
1024	3072	1	230	302	1.15257
1536	3584	2	374	60	0.00000
1536	3584	2	402	124	0.00000
1536	3584	2	466	110	0.00000
1536	3584	2	48	208	0.00000
1024	3072	2	356	342	0.00000
1024	3072	1	154	400	1.73061
1024	3072	1	60	500	1.07180
1024	3584	1	42	120	0.39427
1024	3584	1	138	98	5.66256
1024	3072	1	302	480	0.43140
1024	3072	1	476	426	4.74464
1024	3584	1	428	24	5.85498
1024	3584	1	300	70	0.44611
1536	3072	1	44	462	0.34803
1536	3072	1	104	492	3.46112
1536	3072	1	234	470	0.00000
1536	3072	1	174	478	3.12352
1536	3072	1	444	344	3.40092
1536	3584	1	120	86	1.52485
1536	3584	1	268	142	3.07502
1536	3584	1	194	190	5.38435
1536	3584	1	118	248	0.00000
1024	3584	1	484	210	5.77195
1024	3584	1	302	294	0.00000
1024	3584	1	158	238	0.45177
1024	3584	1	436	368	6.24154
1536	3584	1	74	374	0.39077
1536	3584	1	172	456	0.00000
1536	3584	1	342	226	3.08770
1536	3584	1	438	262	5.95289
1536	3584	1	398	348	0.00000
1536	3584	2	312	358	0.00000
1536	3584	1	306	496	5.98469
1536	3584	1	496	432	5.62153
1536	3584	1	452	500	5.74923
1536	3584	1	70	478	0.84782
1024	3584	1	92	474	5.61337
1536	3072	1	512	176	2.93460
2048	2048	1	100	114	0.32244
2048	2048	1	70	24	0.92775
2048	2048	1	228	154	5.29268
2048	2048	1	137	224	0.00000
2048	2048	1	62	272	6.04195
2048	2048	1	238	274	6.03322
2048	2048	1	106	374	3.62554
2048	2048	1	20	500	4.04417
2048	2048	2	207	503	0.00000
2048	2560	2	172	147	0.00000
2048	2560	2	224	159	0.00000
2048	2560	2	312	209	0.00000
2048	2560	2	164	359	0.00000
2048	2560	2	190	421	0.00000
2048	2560	2	468	471	0.00000
2560	2560	2	18	477	0.00000
2560	2560	2	462	329	0.00000
2048	2048	1	370	136	4.18809
2560	2048	1	18	124	5.41810
2560	2048	1	6	32	4.69120
2048	2048	2	410	9	0.00000
2560	2048	1	24	222	1.55640
2560	2048	1	180	192	5.53905
2560	2048	1	154	76	3.80145
2560	2048	1	398	240	2.44512
2560	2048	1	314	162	4.77469
2560	2048	1	306	92	0.00000
2560	2048	1	444	42	0.00000
2560	2048	1	258	6	0.00000
2560	2048	1	510	136	3.99899
2560	2048	1	508	210	0.68865
2560	2048	1	512	316	0.82080
2560	2048	1	94	344	3.34083
2048	2048	1	348	412	4.36450
2560	2048	1	218	376	0.72773
2560	2048	1	288	440	4.50620
2560	2048	1	458	454	2.18135
2560	2560	1	418	28	4.98256
2560	2560	1	508	232	6.21836
2560	2560	1	424	138	5.34003
2560	2560	1	268	28	1.65642
2560	2048	1	142	488	5.24026
2560	2560	1	64	106	0.57697
2560	2048	1	8	502	4.73270
2048	2048	1	156	474	3.82594
2048	2560	1	56	46	0.89836
2048	2560	1	80	106	0.57141
2048	2560	1	206	88	4.84103
2048	2560	1	332	82	3.36226
2048	2048	2	267	499	0.00000
2048	2560	1	398	100	3.61972
2048	2560	1	488	102	3.70188
2048	2560	1	82	238	3.91750
2560	2560	1	300	118	5.91622
2560	2560	1	220	142	5.80593
2560	2560	1	180	234	2.02286
2560	2560	1	352	280	4.65100
2560	2560	1	502	488	2.63540
2560	2560	1	412	466	0.00000
2560	2560	1	322	432	3.14485
2560	2560	1	182	458	1.01915
2048	2560	2	440	314	0.00000
2048	2560	1	364	512	3.98950
2048	2560	1	266	466	3.34629
2048	2560	1	152	512	5.87919
2048	2560	1	44	384	3.64715
2048	2560	1	248	310	2.52030
2048	2560	1	412	248	1.14419
2560	2560	1	58	294	4.41426
2048	2560	1	382	352	5.82629
2560	2560	1	28	404	4.69060
2560	2560	1	158	338	4.63570
2048	2048	1	196	32	3.94707
2048	2048	1	2	332	0.00000
3584	2560	1	72	132	2.73983
3072	2560	1	274	226	1.45137
3584	2560	1	166	406	1.79066
3072	2560	1	310	438	0.64208
3584	2048	1	488	474	2.90752
3584	2560	1	200	82	1.69030
3584	2560	1	396	4	3.22978
3584	2560	1	208	178	2.64045
3072	2560	1	114	324	2.74874
3072	2560	1	470	142	5.17604
3584	2560	1	406	462	0.49586
3072	2560	1	470	276	0.28321
3584	2560	1	402	322	3.68862
3584	2560	1	312	268	4.67907
3584	2560	1	308	456	0.00000
3584	2560	1	440	142	0.00000
3584	2560	1	242	492	5.64345
3584	2560	1	118	512	4.73516
3584	2560	1	44	256	3.08369
3584	2560	1	80	454	4.87276
3584	2560	1	226	22	1.49760
3072	2560	1	60	100	5.01260
3072	2560	1	330	110	5.62411
3584	2048	1	184	472	4.29136
3584	2560	1	292	116	3.87441
3584	2560	1	164	240	2.79737
3072	2560	1	464	414	2.36619
3072	2560	1	380	478	0.00000
3072	2560	1	124	442	5.38779
3584	2560	1	112	344	4.44068
3584	2560	1	488	298	2.14732
3072	2560	1	190	336	2.71659
3584	2560	1	336	184	4.55497
3072	2560	1	106	512	2.59336
3072	2560	1	322	306	4.90270
3584	2560	1	240	346	2.66080
3072	2560	1	464	66	1.40998
3072	2560	1	174	26	2.34018
3584	2048	1	314	414	2.84328
3584	2560	1	484	460	0.00000
3584	2560	1	512	140	2.99869
3072	2560	1	360	6	2.01667
3072	2048	1	326	442	4.17197
3072	2048	1	466	456	2.48767
3072	2048	1	438	352	2.04685
3072	2048	1	252	330	2.94094
3072	2048	1	128	354	4.61833
3072	2048	1	482	286	2.15880
3584	2048	1	10	182	2.84499
3584	2048	1	174	290	4.95629
3584	2048	1	396	226	6.00560
3584	2048	1	478	52	0.00000
3584	2048	1	406	86	0.00000
3584	2048	1	270	88	3.64195
3584	2048	1	146	112	0.00000
3584	2048	1	250	218	4.42433
3584	2048	2	512	348	0.00000
3072	2048	1	392	224	4.65995
3072	2048	1	486	92	4.56660
3072	2048	1	370	114	0.27830
3072	2048	1	286	136	0.00000
3072	2048	1	162	228	4.47968
3072	2048	1	182	132	1.24905
3072	2048	1	174	42	1.64706
3072	2048	1	76	42	0.00000
3072	2048	1	32	116	4.40655
3584	2048	1	48	410	3.67973
3072	2560	2	172	82	0.00000
3584	3584	1	508	464	5.60546
3584	3584	1	400	416	4.93096
3584	3584	1	478	248	4.44589
3584	3584	1	402	462	5.67882
3584	3584	1	500	416	5.54654
3584	3584	1	324	468	5.56653
3584	3584	1	296	342	4.00187
3584	3584	1	512	140	1.07726
3584	3584	1	420	178	5.43373
3584	3584	1	294	412	4.45423
3584	3584	1	396	240	5.78345
3584	3584	1	240	314	0.00000
3584	3584	1	182	310	0.00000
3584	3584	1	274	128	0.00000
3584	3584	1	306	250	2.89489
3584	3584	1	96	308	2.55119
3584	3584	1	98	366	5.58354
3584	3584	1	16	468	0.66127
3072	3584	1	324	312	0.23565
3584	3584	1	278	446	5.77137
3584	3584	1	482	340	1.65667
3584	3584	1	80	368	5.09566
3584	3584	1	136	444	1.13858
3072	3584	1	440	476	1.08238
3072	3584	1	428	410	2.19155
3584	3584	1	400	360	5.79425
3584	3584	1	198	468	5.46688
3584	3584	1	482	480	5.84563
3072	3584	1	88	482	5.69308
3072	3584	1	62	330	1.00387
3072	3584	1	512	320	0.22142
3072	3584	1	166	270	3.78043
3072	3584	1	334	468	0.59226
3072	3584	1	184	398	2.10773
3072	3584	1	52	188	5.43899
3072	3584	1	348	110	3.65704
3584	3584	1	80	240	4.93146
3072	3584	1	466	220	0.57376
3072	3584	1	442	162	0.47208
3072	3584	1	288	220	0.40848
3072	3584	1	252	406	6.05970
3072	3584	1	256	112	3.44833
3584	3072	1	154	494	4.15988
3584	3584	1	154	134	2.36028
3584	3584	1	196	84	2.78815
3584	3584	1	398	10	4.21620
3072	3072	1	384	418	1.63947
3584	3072	1	32	440	2.21399
3072	3072	1	316	504	5.59746
3584	3072	1	336	474	4.13566
3584	3584	1	456	74	1.30584
3584	3584	1	72	172	2.24535
3072	3584	1	124	60	0.00000
3072	3072	1	216	502	3.04206
3072	3584	1	28	4	6.04055
3584	3072	1	308	398	0.83457
3584	3072	1	438	378	3.04101
3584	3072	1	498	332	6.07310
3584	3072	1	508	250	5.21989
3584	3072	1	512	164	2.60850
3072	3072	1	24	340	0.00000
3072	3072	1	100	354	0.00000
3072	3072	1	268	320	3.17369
3072	3072	1	350	300	2.86448
3072	3072	2	422	260	0.00000
3584	3072	1	124	244	1.53516
3584	3072	1	30	334	4.24711
3584	3072	1	298	206	1.48272
3584	3072	1	270	262	1.84039
3584	3072	1	220	348	4.07449
3584	3072	1	402	222	5.98385
3072	3072	1	174	204	5.25976
3072	3072	1	54	128	5.69369
3072	3072	1	224	58	5.34812
3072	3072	1	118	62	3.00983
3072	3072	1	354	116	5.67508
3072	3072	1	340	192	5.52299
3072	3072	1	424	134	0.00000
3072	3072	1	376	24	0.00000
3072	3072	1	500	206	1.82431
3584	3072	1	334	98	4.94772
3584	3072	1	212	166	3.81923
3584	3072	1	456	84	5.96210
3584	3072	1	388	0	0.20451
3584	3072	1	318	0	0.00000
3584	3072	1	114	146	2.57419
3584	3072	1	126	78	1.88314
3584	3072	1	224	60	1.90408
3584	3072	1	114	18	4.64440
3072	3072	1	506	76	2.82697
2048	3072	1	268	172	0.20021
2048	3072	2	162	482	0.00000
2048	3072	1	68	80	0.00000
2048	3072	1	156	48	6.14766
2048	3072	1	196	160	0.17985
2048	3072	1	56	232	0.24871
2048	3072	1	52	474	0.90162
2048	3072	1	202	344	2.05212
2048	3584	1	20	198	6.26733
2048	3072	2	44	374	0.00000
2048	3584	1	140	60	5.61841
2048	3584	1	90	106	5.66599
2048	3072	1	428	68	4.80440
2048	3072	1	334	20	3.97072
2048	3072	1	322	378	3.22673
2048	3072	1	394	258	2.46819
2048	3072	1	500	204	4.31989
2560	3072	2	132	78	0.00000
2560	3072	2	220	134	0.00000
2560	3072	2	100	428	0.00000
2560	3584	2	268	356	0.00000
2560	3072	1	300	148	2.28321
2560	3072	1	362	84	0.16381
2560	3072	1	440	124	0.12293
2560	3072	1	374	388	5.84403
2560	3584	1	176	150	0.82462
2560	3584	1	122	66	0.09431
2560	3584	1	32	12	2.95116
2048	3072	2	222	270	0.00000
2048	3072	2	284	286	0.00000
2048	3072	1	384	148	5.40526
2560	3072	1	98	138	2.28188
2560	3072	1	230	280	5.66008
2560	3072	1	280	232	2.51696
2560	3072	2	360	234	0.00000
2048	3072	1	392	422	0.11192
2048	3072	1	500	404	4.69460
2048	3072	1	482	324	0.59569
2560	3072	1	84	310	3.21386
2560	3072	1	178	304	5.62602
2048	3584	1	444	16	3.28023
2048	3072	1	210	440	5.45257
2560	3072	1	144	392	0.00000
2560	3072	1	286	498	4.03321
2560	3072	1	214	466	0.30747
2560	3072	1	510	274	0.54017
2560	3584	1	426	22	1.77256
2560	3584	1	424	100	5.02000
2560	3584	1	330	262	5.81645
2560	3584	1	460	240	2.28269
2560	3584	1	478	380	2.56894
2560	3584	1	360	382	5.48602
2560	3584	2	270	254	0.00000
2560	3584	2	294	196	0.00000
2048	3584	1	74	382	5.64147
2048	3584	1	138	328	5.55038
2048	3584	1	122	222	2.33995
2048	3584	1	208	180	4.62395
2048	3584	1	498	202	6.05026
2048	3584	1	430	206	0.00000
2048	3584	1	382	244	6.06452
2048	3584	1	346	398	0.98440
2560	3584	1	10	424	6.20004
2048	3584	1	454	392	0.00000
2560	3584	1	214	456	5.55550
2560	3584	1	50	266	3.58987
2560	3584	1	46	148	2.29119
2560	3584	1	174	266	5.68070
2048	3584	1	240	344	3.43597
2048	3584	1	324	186	1.69482
2048	3584	1	272	250	1.91679
2048	3584	1	8	478	2.87843
2560	3584	2	116	298	0.00000
2560	3584	2	212	356	0.00000
2560	3584	2	82	454	0.00000
2560	3584	2	176	406	0.00000
2048	3584	2	260	394	0.00000
2048	3584	2	216	484	0.00000
2560	3584	1	316	130	5.29776
