1024	2048	1	244	372	0.33222
1024	2048	1	88	238	0.67587
1024	2048	1	42	100	0.00000
1024	2048	1	126	56	5.52686
1024	2048	1	506	214	0.48951
1024	2048	2	196	94	0.00000
1024	2048	1	358	48	5.69862
1536	2048	1	44	302	3.29156
1536	2048	2	220	152	0.00000
1536	2048	1	258	86	5.35051
1536	2048	1	160	244	4.28426
1024	2560	1	298	42	0.99947
1024	2560	1	74	114	3.23808
1024	2560	1	188	210	4.47720
1024	2560	2	196	294	0.00000
1024	2560	1	422	22	2.60751
1536	2048	1	50	434	2.28243
1536	2048	1	152	356	2.31995
1536	2048	1	254	298	4.51836
1536	2048	1	458	192	1.82371
1536	2048	2	490	62	0.00000
1536	2048	1	370	360	3.87400
1536	2048	1	218	436	1.41328
1536	2560	1	92	78	0.00000
1024	2560	1	502	102	0.96482
1536	2560	1	180	64	0.60144
1536	2048	1	384	490	4.45175
1536	2560	1	314	152	2.25674
1536	2560	1	424	102	4.88812
1536	2560	1	510	28	4.81577
1536	2048	1	510	446	3.60238
1536	2048	1	512	318	0.00000
1536	2048	1	336	24	4.93346
1536	2048	1	80	132	5.88629
1536	2560	1	90	212	1.26114
1536	2560	1	458	252	0.00000
1536	2560	1	306	254	5.73570
1536	2560	1	412	330	2.93199
1536	2560	1	4	312	1.99785
1024	2560	1	374	352	0.00000
1024	2560	1	206	432	0.00000
1024	2560	1	112	512	0.00000
1024	2560	2	348	454	0.00000
1536	2560	1	192	212	0.00000
1536	2560	1	176	370	2.35485
1536	2560	1	256	348	3.27191
1536	2560	1	408	430	1.80597
1536	2560	2	478	426	0.00000
1536	2560	1	58	434	5.30313
1024	2560	1	472	418	2.11649
1536	2560	1	268	512	0.79320
1024	2560	1	414	512	1.30746
1536	2048	2	92	34	0.00000
1024	2048	2	252	18	0.00000
1536	2048	2	8	50	0.00000
1024	2560	1	32	512	0.00000
1024	2560	1	128	336	3.38373
1024	2560	1	28	294	0.93393
1536	3584	2	252	266	0.00000
1536	3584	2	470	116	0.00000
1536	3072	2	380	474	0.00000
1024	3072	2	504	310	0.00000
1024	3584	2	178	34	0.00000
1024	3584	1	150	438	0.00000
1024	3584	1	248	416	0.65023
1024	3584	1	400	360	0.89974
1024	3584	1	490	414	0.53232
1536	3584	1	50	458	0.00000
1536	3584	1	164	460	0.00000
1536	3584	1	354	466	4.98915
1536	3584	1	380	398	1.99222
1536	3584	1	398	312	5.21272
1536	3584	1	190	356	2.45227
1024	3584	1	84	98	0.87733
1024	3584	1	202	286	1.74991
1024	3584	1	166	184	4.89319
1024	3584	1	250	66	0.41822
1536	3584	1	382	110	4.88060
1024	3584	1	318	124	2.92792
1024	3584	1	430	144	1.89724
1536	3584	1	58	210	2.72964
1536	3584	1	138	238	3.15206
1536	3584	1	40	104	1.56931
1536	3584	1	296	174	4.74608
1536	3584	1	194	166	2.59027
1536	3584	1	208	70	1.71020
1536	3072	1	254	498	5.65916
1536	3072	2	230	414	0.00000
1536	3072	1	450	392	0.76999
1536	3072	1	376	352	1.04116
1536	3072	1	266	288	0.89606
1536	3072	1	152	438	3.84663
1536	3072	1	44	416	3.41144
1024	3072	1	434	392	1.10137
1024	3072	1	92	442	5.93854
1024	3072	1	192	354	5.69518
1024	3072	1	310	276	0.00000
1024	3072	1	116	342	2.55856
1536	3584	2	90	2	0.00000
1536	3584	2	362	60	0.00000
1024	3584	2	38	242	0.00000
1536	3072	1	186	262	3.66978
1536	3072	1	100	254	3.91702
1536	3072	1	80	184	4.07550
1024	3072	1	142	206	0.52240
1024	3072	1	240	194	4.38642
1024	3072	1	146	100	0.90571
1024	3072	1	296	100	5.35589
1024	3072	1	428	172	2.55531
1024	3072	2	470	254	0.00000
1536	3072	1	48	84	0.56176
1536	3072	1	336	90	3.68990
1536	3072	1	452	178	0.00000
1536	3072	1	342	194	4.75360
1024	3072	2	356	354	0.00000
2048	2560	1	196	368	2.39315
2048	2560	1	268	356	6.04030
2048	2560	1	350	334	2.13151
2048	2560	2	454	478	0.00000
2048	2560	1	388	464	0.50576
2048	2560	2	322	428	0.00000
2048	2560	2	182	430	0.00000
2048	2560	1	142	512	0.90600
2048	2560	2	84	500	0.00000
2560	2560	2	12	478	0.00000
2560	2560	1	92	430	5.93782
2560	2560	1	152	430	5.78623
2560	2560	1	238	472	3.19001
2560	2560	2	308	484	0.00000
2560	2560	1	408	512	5.95877
2560	2560	1	446	380	5.67828
2560	2560	2	468	331	0.00000
2560	2560	1	486	236	4.42233
2560	2560	1	272	328	5.35443
2560	2560	1	168	250	0.28262
2560	2560	1	248	176	0.26950
2048	2560	1	504	362	2.95524
2048	2560	2	440	317	0.00000
2048	2560	1	496	250	1.33194
2560	2560	1	122	184	3.80180
2560	2560	2	16	163	0.00000
2048	2560	1	462	120	3.02220
2048	2560	1	376	106	0.46689
2048	2560	2	312	207	0.00000
2048	2560	2	166	155	0.00000
2048	2560	2	228	157	0.00000
2048	2560	1	294	78	0.80811
2048	2560	1	186	248	2.24741
2048	2560	1	40	252	0.00000
2048	2560	1	122	34	0.44062
2048	2560	2	206	3	0.00000
2048	2048	2	254	495	0.00000
2048	2048	1	374	470	5.34229
2048	2048	1	496	458	3.88695
2560	2048	1	84	414	3.91957
2048	2048	1	148	408	3.58729
2048	2048	1	84	308	5.88793
2048	2048	1	30	428	4.30206
2048	2560	2	32	33	0.00000
2048	2048	1	294	308	6.09052
2048	2048	1	140	236	5.53267
2048	2048	1	366	248	5.89592
2048	2048	1	458	284	2.96749
2048	2048	1	504	182	5.62689
2560	2048	1	126	250	5.72201
2560	2048	1	222	340	0.89932
2560	2560	1	64	26	1.67935
2560	2560	1	228	34	1.89038
2560	2560	1	340	140	0.00000
2560	2560	1	434	86	4.18192
2560	2048	1	462	502	4.34746
2560	2048	1	292	450	4.49762
2560	2048	2	290	383	0.00000
2560	2048	1	442	320	1.28051
2560	2560	2	288	5	0.00000
2048	2048	1	218	150	5.02153
2048	2048	2	166	71	0.00000
2048	2048	1	100	42	0.00000
2048	2048	1	398	88	0.79347
2048	2048	2	492	59	0.00000
2560	2048	1	58	124	2.92122
2560	2048	1	186	118	6.06094
2560	2048	1	302	78	6.07503
2560	2048	2	130	17	0.00000
2560	2048	1	434	46	0.00000
2560	2048	1	356	40	0.00000
2560	2048	1	316	214	4.43864
2560	2048	1	512	186	1.42253
3584	2048	1	386	464	2.69702
3584	2048	1	388	86	6.18010
3584	2048	1	468	58	0.00000
3584	2048	1	160	146	0.00000
3584	2048	1	262	88	3.87785
3584	2048	1	236	262	4.79913
3584	2048	1	388	238	5.52445
3584	2048	1	512	200	2.11209
3584	2048	1	138	22	2.26374
3072	2048	1	458	68	5.35589
3584	2048	1	18	338	0.49734
3584	2048	1	68	432	4.08690
3072	2048	1	448	154	2.51280
3072	2048	1	428	242	2.46633
3072	2048	1	214	38	4.31760
3072	2048	1	92	26	0.46365
3072	2048	1	26	182	4.39740
3072	2048	1	140	232	5.96143
3072	2048	1	232	104	4.21845
3072	2048	1	238	200	3.94660
3072	2048	1	334	246	2.24310
3072	2048	1	252	302	1.82447
3072	2048	1	424	392	2.84584
3072	2048	1	314	386	4.27343
3072	2560	2	170	396	0.00000
3072	2560	1	46	444	2.88074
3072	2560	1	378	448	0.00000
3584	2560	2	402	248	0.00000
3072	2560	1	502	426	3.16836
3584	2560	1	496	484	5.91888
3584	2560	1	236	34	0.17096
3584	2560	1	452	96	4.05135
3584	2560	1	332	70	1.76210
3584	2048	1	116	504	4.30323
3072	2560	1	494	16	2.49150
3072	2048	1	302	478	1.52537
3072	2048	1	92	434	3.45130
3072	2560	1	184	24	5.09755
3072	2560	1	142	100	2.25653
3072	2560	1	408	76	1.84643
3072	2560	1	280	148	2.80467
3072	2560	1	180	212	1.44547
3072	2560	1	40	154	1.24905
3072	2560	1	0	226	4.75781
3072	2048	1	0	510	4.85103
3072	2560	1	264	324	3.12032
3072	2560	1	346	258	3.30860
3072	2560	2	462	184	0.00000
3072	2560	2	434	130	0.00000
3072	2560	1	466	282	3.85668
3584	2560	1	94	104	1.19909
3584	2560	1	32	186	3.43106
3584	2560	1	74	258	3.96958
3584	2560	1	168	182	3.07717
3584	2560	1	474	204	2.52235
3584	2560	1	332	196	5.23154
3584	2560	1	212	282	0.27051
3584	2560	1	110	310	0.66235
3584	2560	1	262	320	3.23582
3584	2560	1	512	348	5.74708
3584	2560	1	464	356	5.96290
3584	2560	1	410	418	2.72784
3584	2560	1	320	398	0.42976
3584	2560	2	354	456	0.00000
3584	2560	1	226	414	4.71239
3584	2560	1	80	462	0.00000
3584	2560	1	168	484	2.16632
3584	2560	1	276	512	2.57366
3584	3584	1	384	126	3.10950
3584	3584	1	24	494	2.54728
3072	3584	1	334	390	0.79175
3584	3584	1	350	200	3.16568
3584	3584	1	476	148	0.29105
3584	3584	1	496	22	0.00000
3584	3584	1	92	440	6.06093
3584	3584	1	140	398	5.59494
3072	3584	1	322	292	2.12564
3072	3584	1	428	346	5.95408
3584	3584	1	326	300	5.03414
3584	3584	1	474	450	0.85819
3072	3584	1	268	382	0.69242
3072	3584	1	322	484	1.57178
3072	3584	1	166	504	3.38971
3584	3584	1	404	406	0.00000
3072	3584	1	76	496	1.15070
3072	3584	1	4	420	4.64632
3072	3584	1	20	140	3.81633
3072	3584	1	14	264	2.16527
3584	3584	1	350	444	2.85451
3072	3584	1	154	326	1.39665
3072	3584	1	168	242	1.15256
3584	3584	1	472	354	3.24468
3072	3584	1	482	258	1.16249
3072	3584	1	344	234	1.70919
3584	3584	1	278	376	0.85493
3072	3584	1	458	182	1.62198
3584	3584	1	54	128	0.83370
3584	3584	1	12	320	0.68712
3584	3584	1	116	178	3.84148
3584	3584	1	96	276	3.89077
3584	3584	1	162	304	0.97745
3584	3584	1	466	254	0.82538
3584	3584	1	24	392	3.85022
3584	3584	1	254	148	1.90761
3584	3584	1	214	212	5.15165
3584	3072	1	512	82	2.13289
3584	3072	1	6	134	0.25289
3584	3072	1	172	448	1.16362
3584	3072	1	92	510	1.67077
3584	3584	1	174	70	5.10108
3584	3584	1	234	32	1.76128
3584	3072	1	300	378	0.46725
3584	3072	1	368	446	2.34359
3584	3072	1	348	278	1.75506
3072	3072	1	490	252	2.94420
3584	3072	1	186	70	4.80305
3584	3072	1	120	154	2.56005
3584	3072	1	290	484	2.04952
3584	3072	1	442	416	5.18846
3584	3072	1	470	312	3.55156
3584	3072	1	390	222	5.19269
3584	3072	1	504	140	1.87885
3584	3072	1	438	84	3.47919
3584	3072	1	370	48	4.37225
3584	3072	1	352	106	4.52641
3584	3072	1	256	216	1.03038
3584	3072	1	32	378	3.37269
3584	3584	1	16	72	1.10715
3584	3072	1	234	136	3.91369
3584	3072	1	284	34	2.92432
3584	3072	1	16	40	1.00604
3584	3072	1	118	282	2.44225
3584	3072	1	210	290	0.49332
3584	3072	1	220	372	1.22524
3584	3072	1	98	370	0.00000
3072	3584	1	164	90	0.99511
3072	3584	1	72	72	1.01068
3072	3584	1	258	98	0.09398
3072	3584	1	364	104	3.27591
3072	3072	1	314	478	3.16135
3072	3584	1	458	28	4.54623
3072	3072	1	442	466	4.40163
3072	3072	1	350	376	5.07056
3072	3072	1	414	292	2.98765
3072	3072	1	372	110	5.70888
3072	3072	1	380	10	5.84656
3072	3072	1	262	118	5.90268
3072	3072	1	262	222	2.00174
3072	3072	1	244	406	2.68820
3072	3072	1	12	472	3.14159
3072	3072	1	36	286	2.81985
3072	3072	1	114	442	1.15047
3072	3072	1	124	310	1.85163
3072	3072	1	84	208	5.06544
3072	3072	1	44	96	4.94948
3584	3072	2	6	201	0.00000
3584	3072	2	360	338	0.00000
3072	3584	2	120	152	0.00000
3072	3584	2	122	366	0.00000
3584	3584	2	368	12	0.00000
2560	3072	1	424	52	6.01571
2560	3072	1	322	74	4.01840
2560	3072	1	108	150	4.85429
2560	3072	1	26	82	1.28377
2048	3072	1	450	42	0.90129
2048	3072	1	370	16	0.82752
2048	3072	1	126	18	0.89998
2048	3072	2	192	24	0.00000
2048	3072	1	32	140	5.63598
2048	3072	2	12	36	0.00000
2048	3072	1	140	144	4.62531
2048	3072	1	252	152	5.48924
2048	3072	1	366	130	5.55742
2048	3072	1	56	242	4.81547
2048	3072	1	76	302	1.34972
2048	3072	2	36	376	0.00000
2048	3072	2	192	222	0.00000
2048	3072	2	216	264	0.00000
2048	3072	2	282	258	0.00000
2560	3072	2	138	74	0.00000
2560	3072	2	222	130	0.00000
2560	3072	2	96	226	0.00000
2560	3072	2	348	234	0.00000
2560	3072	1	254	0	3.91782
2048	3072	2	454	262	0.00000
2560	3072	1	30	238	2.70807
2560	3072	1	172	314	5.57896
2560	3072	1	376	292	4.20984
2560	3072	1	122	380	1.69515
2048	3072	2	490	438	0.00000
2560	3072	2	94	430	0.00000
2048	3072	2	164	478	0.00000
2048	3072	1	228	324	0.95481
2048	3072	1	214	400	4.64763
2048	3072	1	380	296	1.77551
2048	3072	1	350	374	5.04906
2048	3072	1	370	456	4.49613
2048	3584	1	344	10	1.37037
2048	3072	1	56	474	5.40284
2048	3584	1	30	12	2.26351
2048	3584	1	216	34	5.44698
2048	3584	1	134	116	4.27255
2048	3584	1	184	268	0.00000
2048	3584	1	98	292	5.55586
2048	3584	1	206	428	6.04687
2048	3584	1	338	296	5.96817
2048	3584	1	308	158	0.75562
2048	3584	1	342	474	5.76908
2048	3584	1	426	364	0.71079
2048	3584	1	394	210	3.12212
2560	3584	1	32	72	0.81687
2048	3584	1	464	222	5.92118
2560	3584	1	44	172	0.54925
2560	3072	1	138	498	0.36981
2560	3072	2	206	486	0.00000
2560	3072	2	272	410	0.00000
2560	3584	1	430	20	0.50959
2560	3072	1	480	364	0.23109
2560	3072	2	512	244	0.00000
2560	3072	1	512	90	5.18846
2560	3584	1	296	108	5.78307
2560	3584	1	198	44	3.97457
2560	3584	1	180	134	1.78480
2048	3584	1	486	466	1.57080
2560	3584	1	68	384	5.55398
2560	3584	1	86	236	3.66380
2048	3584	1	72	506	5.60844
2560	3584	1	188	302	2.34474
2560	3584	1	220	218	2.51478
2560	3584	1	332	210	5.14480
2560	3584	1	310	284	5.78784
2560	3584	1	292	364	5.88500
2560	3584	1	186	408	0.00000
2560	3584	1	242	458	0.00000
2560	3584	1	432	328	3.47154
2560	3584	1	490	418	4.75083
2560	3584	1	362	408	6.07038
2560	3584	1	434	512	0.45447
2560	3584	1	104	460	1.72324
2560	3584	1	512	190	4.00826
2560	3072	1	512	432	6.03988
