1024	2048	2	194	86	0.00000
1024	2048	2	130	32	0.00000
1024	2048	2	250	20	0.00000
1024	2048	2	368	42	0.00000
1536	2048	2	2	42	0.00000
1536	2048	2	290	96	0.00000
1536	2048	2	226	160	0.00000
1536	2048	2	280	32	0.00000
1536	2048	2	492	64	0.00000
1024	2048	1	282	112	1.41368
1024	2048	1	304	230	3.68809
1024	2048	1	200	272	1.96258
1024	2048	1	220	362	0.42371
1024	2048	1	492	274	5.74804
1536	2048	1	84	198	0.00000
1536	2048	1	84	8	3.58287
1024	2048	1	360	396	4.77430
1536	2048	1	8	432	1.04252
1536	2560	1	20	8	5.94818
1024	2560	1	314	14	1.38910
1024	2560	1	88	156	2.17126
1536	2048	1	154	252	2.84710
1536	2048	1	410	256	2.54458
1536	2048	1	334	338	3.21573
1536	2048	1	264	306	2.79133
1536	2048	2	250	410	0.00000
1536	2048	1	218	480	0.98251
1536	2048	1	400	410	0.00000
1536	2048	1	484	394	2.70460
1536	2048	2	512	496	0.00000
1536	2560	1	274	38	0.65908
1024	2560	1	256	190	4.33454
1024	2560	1	400	162	2.84991
1024	2560	1	462	102	6.10241
1536	2560	1	166	144	1.11478
1536	2560	1	442	110	3.03358
1536	2560	2	510	84	0.00000
1536	2560	1	368	110	2.94082
1024	2560	1	138	252	0.52172
1024	2560	2	166	290	0.00000
1536	2560	2	512	368	0.00000
1536	2560	2	506	278	0.00000
1024	2560	1	58	402	0.45029
1024	2560	2	32	330	0.00000
1024	2560	1	132	424	3.70774
1024	2560	1	278	360	2.48243
1024	2560	1	320	306	2.93316
1024	2560	1	428	288	4.79594
1536	2560	1	80	322	2.84948
1024	2560	1	496	410	0.57081
1024	2560	1	280	488	2.74156
1536	2560	1	68	456	0.70564
1536	2560	1	198	288	0.54922
1536	2560	1	294	234	5.72638
1536	2560	1	434	294	2.18363
1536	2560	1	236	420	0.00000
1536	2560	1	312	420	3.08696
1536	2560	1	378	378	0.00000
1536	2560	2	434	458	0.00000
1536	2560	2	512	456	0.00000
1536	2560	1	356	512	4.98462
1024	2560	2	402	494	0.00000
1024	2560	2	2	14	0.00000
1024	2560	2	342	444	0.00000
1536	3072	1	192	330	5.09755
1536	3072	1	60	390	0.59808
1536	3072	1	38	312	0.00000
1024	3072	1	412	268	4.44757
1024	3072	1	240	374	1.77518
1024	3072	1	102	378	4.91556
1024	3072	1	70	482	5.88350
1024	3584	1	130	98	4.95250
1024	3584	1	382	112	0.52120
1024	3072	1	256	470	0.38051
1024	3072	1	492	502	1.64210
1024	3072	1	424	392	1.99563
1024	3072	1	304	82	5.23973
1024	3072	1	274	192	5.71185
1024	3072	1	230	236	5.76652
1024	3072	1	170	178	0.38382
1024	3072	1	100	180	0.00000
1024	3072	1	18	154	5.22198
1024	3072	1	110	46	3.26595
1024	3072	1	418	124	0.93248
1536	3072	1	64	142	0.92278
1536	3072	1	154	182	3.41958
1536	3072	1	220	128	5.29131
1536	3072	1	296	96	5.47077
1536	3072	1	440	74	5.23628
1536	3072	1	416	136	1.99742
1536	3072	1	424	228	2.54903
1536	3072	1	336	298	5.05212
1536	3072	1	414	408	0.00000
1536	3072	1	246	450	6.13054
1536	3072	1	174	440	3.22364
1536	3072	1	104	486	3.53493
1536	3584	1	360	30	1.28320
1536	3584	1	226	122	1.58081
1536	3584	1	8	116	5.49877
1024	3584	1	128	274	5.83978
1024	3584	1	296	302	0.00000
1024	3584	1	456	240	5.34841
1536	3584	1	122	252	0.33085
1536	3584	2	52	218	0.00000
1024	3072	2	26	263	0.00000
1024	3584	1	102	462	5.89610
1024	3584	2	350	36	0.00000
1024	3584	1	440	374	0.00000
1536	3584	1	96	368	1.24268
1536	3584	1	210	232	0.41408
1536	3584	1	342	184	5.65745
1536	3584	1	402	112	1.70944
1536	3584	1	462	216	0.79185
1536	3584	2	474	114	0.00000
1536	3584	1	272	348	2.18531
1536	3584	1	388	368	0.00000
1536	3584	1	186	476	0.00000
1536	3584	1	80	484	0.95773
1536	3072	1	498	510	1.63322
1536	3584	1	486	464	0.00000
1536	3584	1	346	492	5.53349
1024	3072	2	494	304	0.00000
2048	2048	1	58	50	6.13747
2048	2048	1	174	50	2.53249
2048	2048	1	94	140	1.53781
2048	2048	1	404	116	3.49436
2560	2048	1	18	118	5.53460
2560	2048	1	190	174	5.63967
2560	2048	1	328	258	3.43708
2560	2048	1	316	90	0.23516
2560	2048	1	426	52	0.20404
2560	2048	1	368	38	6.00532
2560	2048	1	508	132	4.07488
2560	2048	1	110	56	3.88817
2560	2048	1	212	14	0.76101
2560	2048	1	28	200	1.31119
2048	2048	1	380	254	4.82408
2048	2048	1	236	250	0.30355
2048	2048	1	142	232	0.43374
2048	2048	1	50	270	5.94432
2560	2048	1	140	344	2.10166
2560	2048	1	512	196	0.78191
2560	2048	1	512	302	0.82665
2048	2048	1	128	348	4.61700
2048	2048	1	266	390	4.05017
2048	2048	1	348	414	4.07940
2560	2048	1	60	450	1.75210
2560	2048	1	366	418	3.82738
2560	2048	1	246	454	3.18576
2560	2048	2	294	394	0.00000
2048	2560	1	296	16	4.12594
2048	2048	2	208	500	0.00000
2048	2048	1	116	480	3.25826
2048	2048	1	32	470	0.55750
2048	2560	1	54	132	4.00478
2048	2560	1	122	158	3.74485
2048	2560	1	220	190	3.72507
2048	2560	1	2	76	4.07845
2048	2560	1	386	110	3.44038
2048	2560	2	428	44	0.00000
2048	2560	1	322	144	5.37167
2560	2560	1	22	6	4.98598
2560	2560	1	192	22	2.40572
2560	2560	1	456	80	3.07148
2560	2560	1	386	142	5.20767
2560	2560	1	326	198	5.29414
2560	2560	1	112	90	0.00000
2560	2560	1	10	96	4.24404
2560	2560	1	2	228	1.27821
2560	2560	1	116	260	3.76913
2560	2560	1	328	38	4.13256
2048	2560	1	242	296	1.45147
2560	2560	1	254	284	5.76564
2560	2560	2	462	330	0.00000
2048	2560	2	168	358	0.00000
2048	2560	2	196	414	0.00000
2560	2560	1	380	304	3.87693
2560	2560	1	492	470	2.03349
2048	2560	1	22	232	3.90959
2048	2560	1	490	360	4.42710
2048	2560	1	44	360	4.34351
2560	2560	1	328	456	2.55904
2048	2560	1	298	446	3.07751
2560	2560	1	116	478	3.14159
2048	2560	1	458	438	4.37694
2560	2560	1	180	332	3.33714
2560	2560	1	156	504	0.20749
2560	2560	1	246	478	5.84205
2048	2560	2	72	512	0.00000
2560	2560	1	482	222	5.28424
2560	2560	2	14	480	0.00000
3072	2048	1	238	130	5.88611
3072	2048	1	98	372	4.30750
3072	2048	1	240	350	2.90765
3072	2048	1	204	356	1.74299
3072	2048	1	166	140	5.72459
3072	2048	2	150	30	0.00000
3072	2048	1	28	188	0.90602
3072	2048	2	86	56	0.00000
3072	2048	2	18	104	0.00000
3072	2048	1	314	110	5.82477
3072	2048	2	216	18	0.00000
3072	2048	2	368	12	0.00000
3584	2048	2	220	12	0.00000
3072	2048	1	468	92	4.79553
3072	2048	1	454	180	4.32949
3072	2048	1	324	230	3.85475
3072	2560	1	216	8	1.55431
3072	2560	1	80	84	4.94348
3072	2560	1	206	64	1.23606
3072	2048	1	354	334	1.80189
3072	2048	1	336	432	4.43156
3072	2560	1	382	10	1.43882
3072	2560	1	298	148	0.51915
3584	2048	1	156	130	0.00000
3072	2048	1	494	292	2.65123
3584	2048	1	242	100	4.24256
3584	2048	1	392	96	0.00000
3584	2048	1	474	64	0.00000
3584	2048	1	400	226	5.37716
3584	2048	1	224	332	5.08168
3584	2048	1	240	232	4.23287
3584	2048	1	94	254	3.36135
3584	2048	1	36	262	3.02097
3072	2048	1	490	402	2.59916
3584	2048	1	116	418	3.53220
3584	2048	1	144	474	3.51075
3584	2048	1	266	482	5.16215
3584	2560	1	60	4	0.00000
3072	2560	1	370	158	0.00000
3072	2560	2	440	125	0.00000
3072	2560	1	458	72	5.00080
3584	2048	1	362	476	2.96278
3584	2048	1	454	482	3.33990
3584	2048	2	512	367	0.00000
3584	2560	1	146	80	1.10211
3584	2560	1	254	48	2.80968
3584	2560	1	442	128	0.00000
3584	2560	1	512	136	0.00000
3584	2560	1	42	128	1.22080
3584	2560	1	182	154	3.99494
3072	2560	1	88	338	3.12855
3072	2560	2	26	281	0.00000
3072	2560	2	15	493	0.00000
3072	2560	2	102	512	0.00000
3072	2560	2	378	509	0.00000
3584	2560	2	178	483	0.00000
3584	2560	2	246	465	0.00000
3072	2560	2	462	187	0.00000
3584	2560	2	512	467	0.00000
3584	2560	2	472	512	0.00000
3584	2560	2	150	405	0.00000
3584	2560	1	184	234	1.70722
3072	2560	1	176	308	2.79366
3072	2560	1	226	272	3.02885
3072	2560	1	286	424	0.76289
3072	2560	1	160	452	3.28032
3072	2560	1	504	322	1.08590
3584	2560	1	106	340	0.00000
3584	2560	1	512	320	2.60128
3584	2560	1	450	348	2.88083
3584	2560	1	280	180	1.56914
3584	2560	1	370	378	2.59021
3584	2560	1	434	468	3.82954
3584	2560	1	322	466	0.00000
3584	2560	1	36	218	1.41956
3584	2560	1	284	304	3.47229
3584	2560	2	402	243	0.00000
3072	2560	1	414	350	3.16045
3072	2560	1	348	282	3.68645
3584	2560	1	222	362	5.61609
3584	2560	1	48	464	1.94613
3072	2048	2	32	289	0.00000
3072	2560	2	372	431	0.00000
3072	3584	1	396	316	1.16631
3584	3584	1	512	220	5.51789
3584	3584	1	456	12	0.35877
3584	3584	1	308	440	6.02965
3584	3584	1	466	294	5.53226
3584	3584	1	464	368	5.05486
3072	3584	1	504	322	0.79962
3584	3584	1	414	152	3.66967
3584	3584	1	338	116	0.72050
3584	3584	1	136	498	1.05565
3072	3584	1	508	204	1.77481
3584	3584	1	364	292	0.00000
3584	3584	1	346	398	5.91798
3072	3584	1	358	492	2.36534
3584	3584	1	144	172	5.27912
3584	3584	1	212	272	0.00000
3584	3584	1	168	372	2.26596
3584	3584	1	112	294	0.33564
3584	3584	1	292	218	4.60516
3584	3584	1	252	376	3.38657
3072	3584	1	306	364	5.75705
3072	3584	1	490	432	1.62588
3072	3584	1	116	458	3.51627
3072	3584	1	186	292	2.87860
3072	3584	1	198	510	0.00000
3072	3584	1	120	280	2.82864
3072	3584	1	258	164	1.95805
3072	3584	1	40	278	2.65435
3072	3584	1	490	144	2.39321
3584	3584	1	78	70	3.67395
3584	3584	1	204	44	3.66665
3584	3072	1	428	406	5.35552
3584	3584	1	284	98	3.84033
3072	3584	1	240	246	5.12833
3584	3584	1	500	454	2.00129
3584	3072	1	306	472	0.70226
3584	3072	1	384	496	3.19073
3584	3584	2	56	394	0.00000
3072	3584	1	292	402	0.99079
3072	3584	1	274	74	4.50699
3584	3072	1	156	244	0.82297
3584	3072	1	398	102	0.27712
3584	3072	1	504	346	3.33658
3584	3072	1	424	262	2.78447
3584	3072	1	330	366	3.88292
3584	3072	1	258	326	4.07137
3584	3072	1	246	264	4.28318
3584	3072	2	322	164	0.00000
3584	3072	1	330	74	0.75382
3584	3072	1	268	38	0.70691
3584	3072	2	218	138	0.00000
3584	3072	2	178	40	0.00000
3072	3072	1	512	50	3.08284
3072	3072	1	450	148	5.86857
3072	3072	1	396	170	5.49779
3072	3072	2	432	262	0.00000
3072	3072	1	376	8	0.00000
3072	3072	1	246	76	4.54527
3072	3072	1	188	0	0.00000
3072	3072	1	120	40	2.92717
3072	3072	1	14	100	5.72769
3072	3072	1	166	200	5.71049
3072	3072	1	104	312	0.29434
3072	3072	1	24	246	1.72608
3072	3584	1	128	76	6.12030
3072	3072	2	230	460	0.00000
3072	3072	1	274	176	5.49779
3584	3072	1	100	126	1.65747
3584	3072	1	460	30	0.00000
3584	3072	1	512	130	2.13940
3584	3072	1	456	178	5.10292
3072	3584	1	50	138	0.31611
3072	3584	1	0	36	3.98624
3072	3072	1	468	416	0.25032
3584	3072	1	48	322	0.66773
3072	3072	1	182	376	1.74507
3072	3072	1	254	264	2.87500
3072	3072	1	370	478	2.88149
3072	3072	1	332	498	5.66689
3072	3072	1	356	284	2.16997
3584	3072	1	142	426	3.12671
3584	3072	2	240	418	0.00000
3584	3072	1	60	202	4.62723
3072	3072	1	24	388	2.97515
3072	3072	1	208	512	2.12458
2048	3072	1	142	382	1.32164
2048	3584	1	214	58	5.68018
2048	3072	2	160	472	0.00000
2048	3072	1	70	228	5.85092
2048	3072	1	180	230	6.15808
2048	3072	2	130	114	0.00000
2560	3584	1	82	96	0.06713
2560	3072	1	28	478	3.14785
2560	3072	1	148	492	0.00000
2560	3072	1	216	474	0.10488
2048	3584	1	100	194	1.80643
2560	3072	1	76	336	2.56960
2560	3072	1	224	314	6.21876
2560	3072	1	168	322	6.05696
2560	3072	2	104	228	0.00000
2048	3584	1	72	50	2.97990
2048	3584	1	222	198	2.58022
2560	3584	2	272	346	0.00000
2048	3072	1	490	146	4.87973
2048	3072	1	250	96	0.28030
2048	3072	1	318	342	4.28627
2048	3072	1	466	372	0.52224
2048	3072	1	376	422	0.44468
2048	3072	1	270	472	5.34907
2560	3072	1	354	150	5.59476
2560	3584	1	428	20	1.08716
2560	3584	1	290	10	3.85838
2560	3072	1	438	88	0.00000
2560	3072	1	194	20	6.17760
2560	3072	1	46	54	2.59667
2560	3072	2	142	76	0.00000
2560	3072	2	354	238	0.00000
2048	3072	1	158	16	0.00744
2048	3072	1	308	198	3.10138
2560	3072	1	340	382	5.97141
2048	3584	1	328	98	4.66481
2048	3584	1	450	24	3.44838
2560	3072	1	262	196	2.08091
2048	3072	1	500	230	2.46076
2048	3072	1	374	142	5.39877
2048	3072	1	436	58	2.30185
2560	3072	1	274	26	2.60358
2560	3072	1	510	258	1.33824
2560	3072	1	426	358	5.72657
2048	3584	1	430	200	0.00000
2048	3584	1	308	194	3.20274
2048	3584	1	504	150	0.95432
2560	3584	1	304	236	5.22794
2560	3584	1	160	164	1.11401
2560	3584	1	318	118	1.78128
2560	3584	1	464	188	2.42458
2560	3584	1	468	78	4.38394
2048	3072	2	40	368	0.00000
2560	3072	2	92	444	0.00000
2560	3584	1	28	392	6.21953
2560	3584	2	200	352	0.00000
2048	3584	1	86	334	5.90470
2560	3584	1	204	458	5.65159
2048	3584	1	390	306	6.03985
2560	3584	1	154	282	0.00000
2560	3584	1	54	228	2.35520
2560	3584	1	12	292	4.96431
2048	3072	1	74	0	0.73782
2048	3584	1	230	326	4.55055
2560	3584	1	346	378	5.58453
2560	3584	1	498	356	2.80468
2048	3584	1	44	430	5.82224
2048	3584	1	452	388	0.00000
2048	3584	1	198	420	4.09357
2048	3584	1	222	484	5.20478
2560	3584	1	22	510	1.80237
2560	3072	1	512	108	5.79257
2048	3584	1	348	468	0.24739
