1024	2560	1	382	512	2.99970
1024	2560	1	472	442	2.63572
1024	2560	1	284	448	3.52702
1024	2560	1	74	470	2.62462
1024	2560	1	190	418	3.12149
1024	2560	1	214	330	2.06939
1024	2560	1	286	248	5.01264
1024	2560	1	442	8	0.00000
1024	2560	1	0	140	3.99677
1024	2560	1	132	142	4.50552
1024	2560	1	366	150	2.89677
1536	2560	1	422	220	1.77359
1536	2560	1	58	296	0.82866
1024	2560	1	82	174	5.86712
1536	2560	1	346	298	3.73841
1536	2560	1	414	420	1.82974
1024	2048	1	224	364	0.40815
1536	2560	1	56	420	5.55355
1536	2560	1	430	340	4.28387
1536	2560	1	192	134	1.16231
1536	2560	1	264	238	6.13985
1536	2560	1	216	452	2.20188
1536	2560	1	348	462	2.65376
1536	2560	1	62	512	2.87289
1536	2560	1	512	90	0.00000
1536	2560	1	76	110	1.17529
1024	2560	2	200	292	0.00000
1024	2048	1	36	512	4.46741
1024	2560	1	258	46	1.07532
1536	2048	1	14	498	3.04192
1536	2560	1	218	82	2.60117
1536	2048	1	216	410	4.31852
1536	2048	1	320	478	3.81443
1536	2048	1	408	318	3.23119
1536	2048	1	490	416	3.21112
1536	2048	1	218	130	0.00000
1536	2048	1	238	296	1.78486
1536	2048	1	278	220	0.00000
1024	2048	1	486	236	2.90298
1024	2048	1	108	378	0.65677
1024	2048	1	8	362	4.20702
1024	2048	2	200	92	0.00000
1536	2048	1	252	72	5.70426
1536	2048	1	494	266	5.87335
1536	2048	2	498	70	0.00000
1024	2048	1	154	200	3.67655
1536	2048	1	72	100	5.10523
1536	2048	1	144	216	1.63506
1024	2048	2	264	10	0.00000
1536	2048	2	18	14	0.00000
1024	3072	1	412	300	0.00000
1024	3072	1	310	292	0.00000
1536	3072	1	200	242	5.77060
1536	3072	1	182	84	0.44806
1024	3072	1	464	110	3.50239
1024	3072	1	216	156	5.88081
1024	3072	1	102	166	0.90308
1024	3072	1	56	98	0.88650
1024	3072	1	202	46	4.89076
1024	3072	1	328	140	4.97316
1024	3072	1	256	390	5.89450
1024	3072	1	162	238	1.41136
1024	3072	1	392	52	2.51611
1024	3072	1	80	284	2.00966
1024	3072	1	98	466	0.00000
1024	3072	1	44	384	0.00000
1536	3072	1	38	498	5.83396
1536	3072	1	64	160	2.64462
1536	3072	1	60	56	2.97644
1536	3072	1	422	58	5.17200
1536	3072	1	424	178	1.01165
1536	3072	1	322	138	3.64084
1536	3072	1	252	108	3.38772
1536	3072	1	92	270	1.42016
1536	3072	1	24	354	4.37302
1024	3072	1	364	472	2.42185
1536	3072	1	190	440	5.31544
1536	3072	1	342	406	4.57426
1536	3072	1	324	308	0.75009
1536	3072	1	284	276	3.69819
1024	3584	1	110	90	5.37348
1024	3584	1	246	80	0.00000
1024	3584	1	358	54	2.45051
1024	3584	1	48	132	5.50733
1536	3584	1	214	66	5.95896
1024	3584	1	336	194	3.39153
1024	3584	1	470	42	3.85089
1536	3584	1	302	178	2.67472
1024	3584	1	482	224	5.51676
1536	3584	1	100	84	0.99289
1536	3072	1	294	508	3.70832
1536	3072	1	136	60	3.42111
1024	3072	2	140	372	0.00000
1024	3072	2	170	486	0.00000
1536	3584	2	394	124	0.00000
1536	3584	2	470	108	0.00000
1536	3584	2	502	180	0.00000
1536	3584	1	412	232	2.83455
1024	3584	1	170	266	2.11122
1024	3584	1	420	288	5.85286
1024	3584	1	278	396	5.61089
1536	3584	1	196	416	0.11827
1536	3584	1	184	208	0.31537
1536	3584	1	432	412	5.89595
1536	3584	1	18	160	1.96688
1536	3072	1	490	474	1.92210
1024	3072	2	20	484	0.00000
1536	3584	1	98	336	1.25269
1536	3072	1	94	456	2.30514
1024	3584	1	148	452	0.00000
1024	3584	1	254	504	0.49067
1024	3584	1	34	502	2.31397
1536	3584	1	328	502	0.49935
1536	3072	2	512	246	0.00000
1536	3584	2	370	58	0.00000
1536	3584	1	242	492	0.67052
2048	2048	1	68	456	3.10224
2048	2560	1	234	80	4.65529
2048	2560	1	304	46	6.09317
2560	2560	1	50	164	2.98846
2048	2560	1	416	502	0.00000
2560	2560	1	168	452	3.48206
2048	2560	1	502	246	2.18342
2560	2560	1	362	376	3.28439
2048	2560	1	472	90	0.23443
2560	2560	1	142	220	5.75135
2560	2560	1	282	206	2.33761
2048	2560	1	210	358	2.49729
2048	2048	1	154	438	3.05021
2048	2560	1	82	102	3.87560
2048	2560	1	136	466	4.31662
2048	2560	1	334	340	5.01458
2560	2560	1	384	216	5.77535
2560	2560	1	252	338	5.76903
2048	2560	1	392	188	0.00000
2560	2560	1	484	454	5.82113
2560	2560	1	464	182	5.59682
2560	2560	1	76	392	5.95974
2048	2560	1	130	188	2.92742
2048	2560	1	76	298	5.48156
2048	2048	1	376	458	1.45607
2560	2560	2	310	486	0.00000
2048	2560	2	320	420	0.00000
2048	2560	2	236	146	0.00000
2560	2560	2	462	331	0.00000
2048	2560	2	320	204	0.00000
2560	2048	1	96	396	5.81699
2560	2560	1	134	76	2.32023
2560	2048	1	406	362	2.10498
2048	2048	1	508	156	0.00000
2048	2560	2	180	148	0.00000
2048	2560	2	508	320	0.00000
2048	2560	2	442	334	0.00000
2560	2560	1	314	86	3.38023
2560	2560	1	434	16	2.44817
2560	2048	1	214	416	0.00000
2560	2048	1	486	320	0.90270
2048	2048	1	246	306	0.00000
2048	2048	1	470	350	6.06463
2560	2048	1	104	240	5.96717
2560	2048	1	370	214	2.22066
2560	2048	1	408	68	1.42390
2560	2048	1	298	98	0.00000
2560	2048	1	206	126	0.00000
2560	2048	1	500	128	1.22234
2048	2048	1	116	224	1.87365
2048	2048	1	406	72	0.93501
2048	2048	1	328	58	0.40362
2048	2048	1	154	122	5.50884
2560	2048	1	72	84	3.68027
2560	2048	2	298	394	0.00000
2560	2048	2	344	396	0.00000
2048	2048	2	504	52	0.00000
2560	2048	1	168	320	3.19905
2560	2048	2	438	456	0.00000
2560	2560	2	510	8	0.00000
3072	2048	1	224	162	4.36925
3072	2048	1	494	120	5.05973
3072	2048	1	284	370	5.46376
3584	2048	1	82	264	3.17509
3072	2048	1	378	160	4.19447
3072	2048	1	124	154	3.92699
3584	2048	1	384	140	5.03598
3584	2048	1	262	92	4.13774
3584	2048	1	326	344	4.95711
3584	2560	1	492	312	5.39470
3584	2048	1	366	220	5.53087
3584	2048	1	474	72	0.00000
3584	2048	1	134	86	0.00000
3072	2048	1	420	250	3.95324
3072	2048	1	326	84	4.22436
3584	2048	1	214	66	3.56519
3584	2048	1	30	30	0.56931
3072	2048	1	232	38	3.10839
3072	2048	1	106	26	1.34267
3584	2048	1	16	372	5.79336
3072	2048	1	34	214	2.42750
3072	2048	1	116	290	0.67988
3072	2048	1	190	392	2.72815
3072	2560	1	146	20	0.87447
3072	2560	1	50	30	3.52991
3072	2048	1	294	478	0.81396
3072	2048	1	16	428	3.70297
3072	2048	1	114	428	0.00000
3072	2048	1	414	24	4.89641
3072	2048	1	460	390	5.17877
3584	2560	1	480	430	5.13719
3584	2560	1	466	500	1.74680
3072	2560	1	44	348	3.86492
3072	2560	1	90	478	0.00000
3072	2560	1	316	460	3.02403
3072	2560	1	140	236	3.62589
3072	2560	1	164	372	0.56360
3584	2560	1	404	454	3.10827
3584	2560	1	274	378	3.66824
3584	2560	1	62	470	2.40221
3584	2560	1	390	324	3.66074
3072	2560	1	226	420	3.30326
3072	2560	1	410	456	5.85937
3584	2560	1	276	480	2.20208
3584	2560	1	78	80	3.89252
3584	2560	1	212	38	3.70491
3072	2560	1	480	100	1.15312
3584	2560	1	256	182	0.00000
3584	2560	1	426	206	0.00000
3584	2560	1	40	174	4.92348
3072	2560	1	314	274	3.58526
3072	2560	1	266	106	0.00000
3072	2560	1	90	132	0.92745
3584	2560	1	142	258	0.00000
3072	2560	1	404	252	3.83950
3072	2560	1	446	290	3.73556
3584	2560	1	26	354	1.88543
3584	2048	1	324	502	3.86823
3584	2560	1	78	292	2.18400
3584	2560	1	138	146	5.46144
3072	2560	1	360	144	0.00000
3584	2048	1	98	498	4.75335
3072	2048	1	390	502	3.97767
3072	2560	1	480	4	1.67190
3584	2560	1	382	72	4.52888
3584	2048	1	124	422	5.67833
3072	2048	1	262	246	2.16997
3584	2560	1	498	2	2.37811
3584	2048	2	320	228	0.00000
3072	2560	2	166	82	0.00000
3584	2560	1	154	400	5.00385
3584	3072	1	464	82	5.18728
3584	3072	1	120	98	5.30367
3584	3072	1	402	96	2.44272
3584	3072	1	292	122	0.73294
3584	3072	1	170	240	2.37388
3584	3072	1	348	166	4.78545
3584	3072	1	504	172	4.28016
3584	3072	1	482	300	2.74625
3584	3072	1	370	244	4.87850
3584	3072	1	296	302	3.19945
3072	3072	1	386	78	6.04119
3072	3072	1	424	188	4.68023
3072	3072	1	238	44	0.88419
3072	3072	1	140	68	0.28672
3072	3072	1	72	42	3.15488
3072	3072	1	0	204	4.05855
3072	3072	1	206	174	3.64277
3072	3072	1	86	244	1.56692
3072	3072	1	98	326	2.14450
3072	3072	1	208	324	2.02963
3072	3072	1	304	256	0.00000
3072	3072	1	358	328	3.38345
3072	3072	1	238	452	0.76487
3072	3072	1	338	454	2.34416
3072	3072	1	52	406	5.20465
3072	3072	1	452	318	3.76233
3584	3072	1	58	168	5.66509
3584	3072	1	52	306	5.74545
3584	3072	1	118	306	5.91470
3584	3072	1	206	368	5.81169
3072	3072	1	478	418	4.09406
3584	3072	1	114	426	5.23114
3584	3072	1	452	428	2.51638
3584	3072	2	392	354	0.00000
3584	3072	1	300	398	4.55007
3584	3072	1	350	472	1.66801
3072	3072	1	506	474	1.19362
3584	3072	1	134	492	2.32167
3584	3584	1	96	22	2.42312
3072	3584	1	138	32	3.84311
3072	3584	1	272	42	4.35140
3072	3072	1	48	508	5.76521
3072	3584	1	88	126	1.31376
3072	3584	1	192	98	2.18905
3072	3584	1	288	156	3.35206
3072	3584	2	14	44	0.00000
3584	3584	1	250	88	2.44808
3584	3584	1	412	96	4.17329
3584	3584	1	392	14	0.90295
3584	3584	1	512	72	3.83680
3584	3584	1	234	248	2.14886
3584	3584	1	338	214	3.70512
3584	3584	1	200	122	2.42374
3584	3584	1	102	190	0.94383
3072	3584	1	506	228	5.93140
3584	3584	1	50	92	4.82290
3072	3584	1	474	48	1.42143
3072	3584	1	366	152	5.57002
3584	3072	2	206	492	0.00000
3584	3584	2	494	198	0.00000
3584	3584	1	264	420	5.99667
3584	3584	1	512	390	6.20758
3584	3584	1	454	382	0.00000
3584	3584	1	410	318	0.00000
3584	3584	1	366	386	2.63426
3584	3584	1	472	512	4.79673
3072	3584	1	452	326	2.58896
3584	3584	1	180	262	2.51456
3072	3584	1	24	360	2.45234
3072	3584	1	88	308	2.43109
3072	3584	1	182	412	2.45332
3584	3584	1	22	436	2.65149
3072	3584	1	490	478	5.95204
3584	3584	1	140	446	0.55329
3584	3584	1	112	344	1.08976
3072	3584	1	322	270	1.74447
3072	3584	1	376	350	5.39046
3072	3584	1	408	488	0.66481
3072	3584	1	326	450	0.00000
3072	3584	1	154	258	5.16232
3072	3584	1	142	194	1.54550
3072	3584	1	126	464	0.00000
3584	3584	1	274	512	4.68188
3072	3584	1	16	228	1.23940
2560	3584	1	352	340	3.03486
2560	3584	1	162	430	6.08239
2560	3584	1	502	482	0.48035
2560	3584	1	424	448	2.58381
2560	3584	1	470	362	6.21430
2560	3584	1	90	420	0.44237
2048	3584	1	172	492	6.04578
2048	3584	1	84	464	5.92755
2560	3584	1	512	342	2.10170
2560	3584	1	250	470	6.08086
2048	3584	1	472	462	0.66104
2048	3584	1	372	480	0.38245
2048	3584	1	268	410	3.47096
2048	3584	1	134	390	2.03532
2048	3584	1	194	332	2.34436
2048	3584	1	28	182	1.89255
2048	3584	1	340	306	0.00000
2048	3584	1	272	252	0.32588
2048	3584	1	460	330	0.36770
2560	3584	1	50	280	0.00000
2560	3584	1	82	160	0.00000
2560	3584	1	160	266	2.41710
2560	3584	1	260	266	5.58216
2560	3584	1	206	186	4.78106
2560	3584	1	490	234	0.65881
2560	3584	1	380	246	1.14047
2560	3584	1	350	180	1.01219
2560	3584	1	472	116	4.96245
2560	3584	1	496	50	1.78898
2560	3584	1	346	116	0.65285
2560	3584	1	166	108	5.31319
2560	3584	1	220	60	2.21644
2560	3584	1	338	12	3.80890
2560	3072	1	188	468	0.67745
2560	3072	1	392	396	1.97990
2560	3072	1	256	432	2.89003
2560	3072	1	356	326	1.64757
2560	3072	1	484	322	3.72409
2560	3072	1	166	332	1.89254
2560	3072	1	510	198	3.77412
2560	3072	1	206	266	1.94704
2560	3072	1	468	128	0.72425
2560	3072	1	392	192	3.06069
2560	3072	1	360	52	3.89603
2560	3072	1	262	156	0.43069
2560	3072	1	238	0	2.95110
2560	3072	1	14	278	1.57080
2048	3584	1	472	228	4.11010
2048	3584	1	458	156	1.13060
2048	3584	1	354	124	0.00000
2048	3584	1	204	192	0.91948
2048	3584	1	172	132	4.59412
2048	3584	1	80	80	0.37299
2048	3072	1	14	492	1.68638
2048	3584	1	408	52	2.85431
2560	3584	1	46	24	4.45939
2560	3072	1	78	444	0.54679
2048	3072	1	460	436	2.87243
2048	3072	1	198	398	5.07253
2048	3072	1	86	300	0.25933
2560	3072	1	36	354	4.50130
2048	3072	1	78	426	3.50957
2048	3072	1	418	30	0.00000
2048	3072	1	318	0	0.00000
2048	3072	1	160	88	0.00000
2048	3072	1	300	112	5.77651
2048	3072	1	386	144	5.74277
2560	3072	2	144	75	0.00000
2048	3072	1	292	246	2.83674
2048	3072	1	52	138	5.21000
2048	3072	1	40	38	1.95641
2048	3072	1	18	232	3.87202
2560	3072	2	8	184	0.00000
2560	3072	2	94	228	0.00000
2560	3072	2	350	240	0.00000
2048	3072	2	192	326	0.00000
2048	3072	2	194	222	0.00000
2048	3072	2	310	430	0.00000
2048	3072	2	168	474	0.00000
2048	3072	2	436	232	0.00000
2560	3072	2	344	454	0.00000
2560	3072	2	220	136	0.00000
2048	3584	2	122	232	0.00000
2560	3584	2	210	346	0.00000
2560	3584	2	270	358	0.00000
2560	3584	2	114	302	0.00000
2048	3584	2	208	484	0.00000
