1024	2048	1	242	382	0.28317
1536	2048	1	12	218	2.83234
1536	2048	1	142	432	0.12298
1024	2560	1	160	124	3.08932
1024	2560	1	80	128	3.09814
1024	2560	1	264	32	1.07591
1024	2560	1	482	62	2.06035
1536	2560	1	154	194	0.00000
1536	2560	1	402	178	0.00000
1536	2048	1	332	206	4.18362
1536	2048	2	226	146	0.00000
1536	2048	1	370	84	5.50353
1536	2048	1	440	70	2.60927
1536	2048	2	500	70	0.00000
1536	2048	1	454	266	3.08106
1536	2048	1	374	338	2.09609
1536	2048	2	270	356	0.00000
1536	2048	1	306	504	3.73837
1024	2048	1	312	76	4.77325
1024	2048	2	204	98	0.00000
1024	2048	2	48	144	0.00000
1024	2048	1	100	234	1.24905
1536	2048	2	4	36	0.00000
1536	2048	1	96	68	0.00000
1536	2560	1	94	92	0.77105
1536	2048	1	208	482	2.96125
1536	2560	1	416	14	3.29986
1536	2048	1	502	340	3.35250
1536	2560	1	512	124	5.63211
1536	2560	1	264	240	5.90552
1536	2560	1	334	170	3.10224
1536	2048	2	254	56	0.00000
1024	2048	2	262	14	0.00000
1024	2560	1	324	292	5.26851
1024	2560	1	460	248	2.10352
1536	2560	1	58	198	1.22058
1024	2560	1	120	320	0.00000
1024	2560	2	196	288	0.00000
1024	2560	1	54	280	0.65023
1024	2560	1	348	482	4.65080
1024	2560	1	318	396	1.74514
1536	2560	1	354	356	1.40462
1536	2560	1	478	340	2.09504
1024	2560	1	448	344	2.38183
1536	2560	1	60	442	5.19236
1536	2560	1	94	342	2.68693
1536	2560	1	254	368	2.74267
1536	2560	1	162	402	2.93805
1536	2560	1	500	490	0.32175
1536	2560	1	394	438	1.84603
1536	2560	1	288	482	1.80037
1536	2560	2	172	512	0.00000
1024	2560	1	198	420	2.53159
1024	2560	1	80	440	5.75839
1024	2560	2	158	494	0.00000
1536	2560	1	416	512	0.29670
1024	3072	1	76	234	0.15246
1024	3072	1	168	178	3.10889
1024	3072	1	300	154	6.08885
1024	3072	1	50	64	5.16215
1024	3072	1	190	64	1.48589
1024	3072	1	386	72	2.63156
1024	3072	1	510	130	2.24240
1536	3072	1	180	96	4.71239
1536	3072	1	152	170	1.32808
1536	3072	1	328	156	5.70528
1536	3072	1	390	68	0.59507
1536	3072	1	432	134	4.47082
1536	3072	1	512	144	0.52328
1536	3072	2	490	34	0.00000
1024	3072	2	472	48	0.00000
1024	3072	1	122	316	3.80765
1024	3072	2	230	266	0.00000
1024	3072	1	324	294	0.82538
1536	3072	1	112	310	5.82161
1536	3072	1	208	286	5.43614
1024	3072	1	466	378	0.87946
1536	3072	1	284	230	2.43033
1536	3072	1	392	350	5.86950
1536	3072	1	334	398	3.74624
1536	3072	1	40	406	0.56673
1536	3072	1	168	462	5.17311
1024	3072	1	234	400	2.94991
1024	3072	1	178	448	2.85449
1024	3072	1	96	490	0.69370
1024	3584	1	42	40	5.33361
1024	3584	1	266	16	0.94099
1024	3072	1	370	436	5.22251
1024	3584	1	348	62	1.62629
1024	3072	1	412	494	1.65063
1024	3584	1	488	56	3.62651
1536	3584	1	272	6	2.73670
1536	3584	1	416	8	4.97864
1536	3072	2	380	452	0.00000
1536	3584	1	412	136	0.15571
1536	3584	2	472	108	0.00000
1536	3072	2	506	482	0.00000
1536	3584	1	506	176	0.24378
1536	3584	1	282	174	1.05457
1536	3584	1	410	244	4.81511
1536	3584	1	118	186	5.38269
1536	3072	2	494	282	0.00000
1024	3584	1	484	172	4.67016
1024	3584	1	344	136	1.45654
1024	3584	1	224	122	6.00432
1024	3584	1	100	132	0.50997
1024	3584	1	138	300	0.19502
1024	3584	1	258	260	2.23735
1536	3584	2	370	70	0.00000
1024	3072	2	500	300	0.00000
1024	3584	1	342	258	5.94016
1024	3584	1	454	308	0.76228
1536	3584	1	118	312	1.57080
1536	3584	1	344	302	1.95652
1536	3584	1	492	360	5.09113
1536	3584	1	236	396	0.39942
1536	3584	1	170	430	0.24498
1536	3584	1	56	436	6.16313
1024	3584	1	40	380	2.57889
1024	3584	1	288	424	0.00000
1024	3584	1	444	428	0.00000
1536	3584	1	420	440	0.92852
1536	3584	1	292	488	0.00000
1024	3584	2	354	516	0.00000
1024	3584	2	198	502	0.00000
1536	3584	2	250	270	0.00000
2560	2560	1	446	458	5.04172
2560	2560	1	116	442	1.80765
2560	2560	1	426	344	2.65219
2560	2560	1	110	358	4.79913
2048	2560	1	334	342	0.79086
2048	2560	1	448	430	0.98444
2048	2560	1	396	234	2.02565
2048	2560	1	158	278	0.45461
2048	2560	1	20	112	5.71575
2048	2560	1	284	412	4.67817
2048	2560	1	6	348	1.92771
2048	2560	1	60	248	0.46287
2560	2560	1	114	246	5.24101
2560	2560	1	360	262	0.07097
2560	2560	1	12	32	3.74164
2048	2560	1	238	476	3.31069
2560	2560	1	462	12	3.20974
2560	2560	1	406	108	2.09498
2560	2560	1	296	144	3.84609
2048	2560	1	368	20	4.06131
2560	2560	1	154	146	1.61049
2048	2560	1	242	84	4.49218
2560	2048	1	456	390	2.13908
2560	2048	1	456	262	0.00000
2560	2560	1	12	284	3.73192
2560	2048	1	376	254	3.33005
2048	2560	1	18	456	0.23182
2560	2048	1	212	432	1.90588
2560	2048	1	408	118	2.48968
2560	2048	1	50	340	4.70125
2048	2048	1	98	454	4.15984
2560	2048	1	280	308	2.12510
2048	2560	1	124	30	4.52713
2560	2560	2	26	154	0.00000
2048	2560	2	414	168	0.00000
2048	2560	2	308	200	0.00000
2048	2560	2	232	154	0.00000
2048	2560	2	170	138	0.00000
2048	2560	2	414	62	0.00000
2560	2560	2	286	10	0.00000
2560	2560	2	320	486	0.00000
2560	2560	2	30	482	0.00000
2048	2560	2	168	358	0.00000
2048	2560	2	190	418	0.00000
2048	2560	2	172	478	0.00000
2560	2048	2	296	392	0.00000
2048	2048	1	8	396	4.62925
2048	2048	1	210	342	3.42380
2048	2048	1	358	444	4.38802
2048	2048	1	456	372	0.00000
2048	2048	1	446	174	0.02525
2048	2048	1	308	246	5.46501
2560	2048	1	42	48	0.21051
2048	2048	2	484	68	0.00000
2048	2048	2	410	20	0.00000
2048	2048	1	170	84	4.23670
2560	2048	1	202	102	0.00000
2560	2048	1	310	100	0.00000
2560	2048	1	504	80	4.51216
2560	2048	1	110	250	5.83382
2048	2048	1	18	248	0.46123
2048	2048	1	344	132	3.36839
2560	2048	1	230	200	3.64226
2560	2048	1	158	150	3.27144
2560	2048	1	70	124	3.54006
2560	2048	1	472	14	1.37171
2560	2560	1	506	226	1.72892
3584	2560	1	84	42	4.89000
3584	2560	1	192	56	3.74939
3584	2560	1	284	506	3.87195
3584	2560	1	458	402	3.15094
3584	2560	1	490	512	0.65588
3584	2560	1	394	412	2.84007
3584	2560	1	512	336	2.72360
3584	2560	1	418	304	1.23150
3584	2560	1	320	262	2.29592
3072	2560	1	124	280	2.68656
3072	2560	1	304	492	3.63856
3584	2560	1	194	284	0.23368
3584	2560	1	246	334	3.55421
3584	2560	1	232	440	4.39370
3072	2560	1	412	362	5.96703
3584	2560	1	20	358	1.85404
3584	2560	1	100	476	3.63466
3072	2560	1	64	384	0.00000
3072	2560	1	218	482	0.14757
3584	2560	1	112	230	2.74308
3072	2560	1	162	376	5.93763
3072	2560	1	140	164	2.95733
3072	2560	1	506	472	0.89606
3072	2560	1	20	204	1.52840
3584	2560	1	208	184	1.00748
3072	2560	1	232	144	6.04234
3072	2560	1	272	250	4.87754
3072	2560	1	272	334	2.76108
3072	2560	1	344	188	5.30039
3072	2560	1	338	80	4.48122
3072	2560	1	506	204	2.02662
3584	2560	1	58	114	5.45820
3584	2560	1	504	204	4.53370
3584	2560	1	470	148	4.52470
3584	2560	1	400	50	2.85238
3584	2048	1	444	496	2.53605
3584	2048	1	38	46	2.33995
3584	2048	1	294	468	3.22543
3584	2048	1	84	488	1.11280
3584	2560	1	298	50	0.86725
3584	2048	1	56	300	2.02354
3584	2048	1	190	454	1.66143
3584	2048	1	308	288	2.84092
3584	2048	1	368	232	5.70421
3584	2048	1	16	188	5.43903
3584	2048	1	474	64	0.00000
3072	2048	1	438	256	3.09465
3584	2048	1	382	90	0.00000
3072	2560	1	464	40	2.81984
3584	2048	1	232	80	4.02801
3584	2048	1	118	110	0.00000
3072	2048	1	312	400	1.59711
3584	2048	1	226	2	0.00000
3584	2048	1	26	366	4.88653
3584	2048	1	180	312	2.33239
3072	2048	1	364	246	3.16153
3072	2048	1	210	490	0.00000
3072	2560	1	88	70	4.27685
3072	2048	1	74	488	0.72664
3072	2048	1	30	276	5.80518
3072	2048	1	204	308	4.68267
3072	2048	1	450	416	5.33264
3072	2048	1	278	52	2.09408
3072	2048	1	272	148	4.74268
3072	2048	1	198	200	5.00945
3072	2048	1	176	46	3.64869
3072	2048	1	40	70	4.62565
3072	2048	1	40	176	5.61021
3072	2048	1	100	0	0.44852
3584	2560	2	404	238	0.00000
3584	2560	2	340	138	0.00000
3072	2560	2	312	14	0.00000
3072	2560	2	264	26	0.00000
3072	2560	2	154	74	0.00000
3072	2560	2	438	124	0.00000
3072	2048	2	112	122	0.00000
3072	3072	1	156	182	2.90866
3072	3072	1	58	114	5.41508
3072	3072	1	226	170	3.18918
3072	3072	1	330	64	0.51488
3072	3072	1	420	74	0.00000
3584	3072	1	28	120	5.98662
3584	3072	1	152	80	2.74161
3584	3072	1	372	52	4.65483
3584	3072	1	460	98	3.72960
3584	3072	1	488	190	3.19967
3584	3072	1	384	188	2.17417
3584	3072	1	238	208	1.10371
3584	3072	2	250	104	0.00000
3072	3072	1	350	206	5.96143
3072	3072	1	480	218	5.49779
3072	3072	1	72	274	4.38285
3072	3072	1	202	298	4.17923
3072	3072	1	420	314	1.41520
3584	3072	1	40	306	3.34214
3584	3072	1	122	280	3.69285
3584	3072	1	306	256	4.27493
3584	3072	2	360	314	0.00000
3584	3072	1	288	366	0.60817
3584	3072	1	172	358	1.13194
3584	3072	1	80	418	4.37044
3072	3072	1	454	394	3.86105
3072	3072	1	464	482	3.71209
3072	3072	1	260	358	1.57080
3072	3072	1	92	428	0.93245
3072	3072	1	210	456	2.45291
3072	3072	1	334	468	3.58201
3072	3584	1	92	12	0.96142
3072	3584	1	194	58	1.44873
3072	3584	1	330	66	3.92699
3584	3584	1	44	12	1.14938
3584	3584	1	162	42	0.58800
3584	3072	1	402	446	1.03795
3584	3072	1	450	512	0.68767
3584	3072	1	314	502	1.82317
3584	3584	1	320	108	1.37340
3584	3584	1	456	112	0.83248
3584	3584	1	32	160	0.16515
3072	3584	1	402	172	5.26523
3072	3584	1	30	262	0.00000
3072	3584	1	102	218	2.74925
3072	3584	1	200	284	5.96143
3072	3584	1	246	182	2.49809
3072	3584	1	372	238	2.20060
3072	3584	1	368	312	2.12868
3072	3584	1	484	330	5.72683
3584	3584	1	38	290	0.40621
3584	3584	1	104	308	2.72337
3584	3584	1	196	236	1.91009
3584	3584	1	328	208	5.17951
3584	3584	1	506	170	3.86457
3072	3584	1	40	426	0.49500
3072	3584	1	90	334	2.51014
3072	3584	1	92	464	0.74418
3072	3584	1	258	410	0.07131
3072	3584	1	366	406	2.71497
3584	3584	1	26	462	0.00000
3584	3584	1	222	324	2.00166
3584	3584	2	302	370	0.00000
3584	3584	1	380	280	1.38769
3584	3584	2	378	330	0.00000
3584	3584	1	436	390	1.75469
3584	3584	1	510	336	6.09092
3584	3584	1	110	416	2.60927
2048	3072	1	122	52	0.45808
2048	3072	1	110	156	3.95457
2048	3072	1	228	154	5.80192
2048	3072	1	296	106	6.06783
2048	3072	1	480	50	3.92699
2048	3072	1	388	40	0.80488
2560	3072	1	84	58	0.41606
2560	3072	1	226	72	5.45463
2560	3072	1	298	54	5.38618
2560	3072	1	446	72	5.60087
2560	3072	1	384	178	2.58100
2560	3072	2	354	246	0.00000
2560	3072	2	228	144	0.00000
2560	3072	2	148	84	0.00000
2560	3072	2	104	242	0.00000
2048	3072	2	300	264	0.00000
2048	3072	1	212	366	4.50303
2048	3072	1	410	316	5.60920
2048	3072	1	494	282	2.83746
2560	3072	1	58	348	6.06236
2560	3072	1	158	332	0.20386
2560	3072	1	300	314	2.47673
2560	3072	1	440	298	0.62586
2560	3072	1	250	392	5.26404
2560	3072	1	68	476	2.72178
2048	3584	1	492	12	0.00000
2048	3072	1	368	418	3.24126
2048	3072	1	54	404	0.00000
2048	3584	1	186	42	6.15063
2048	3584	1	36	24	5.94016
2048	3584	1	292	84	4.50710
2048	3584	2	364	16	0.00000
2560	3072	1	440	498	3.25124
2560	3584	1	322	20	5.42330
2560	3584	1	270	82	5.71633
2560	3584	1	216	128	2.96600
2560	3584	1	114	102	2.75791
2048	3584	1	496	122	0.56896
2560	3584	1	34	186	0.48055
2048	3584	1	364	184	1.31428
2048	3584	1	258	182	0.20408
2048	3584	1	58	218	3.64669
2048	3584	1	178	258	5.10338
2048	3584	1	136	318	3.14159
2048	3584	1	396	272	5.51742
2560	3584	1	88	226	3.31069
2560	3584	1	154	242	3.17559
2560	3584	1	262	208	3.96778
2560	3584	1	372	156	0.42341
2560	3584	1	496	154	0.62562
2560	3584	1	396	252	3.53783
2560	3584	1	192	338	4.05135
2560	3584	1	14	288	2.12996
2048	3584	1	500	392	1.32692
2048	3584	1	280	350	3.19925
2048	3584	1	362	376	6.02616
2560	3584	1	430	340	0.35004
2560	3584	1	340	398	4.86436
2560	3584	1	92	394	0.00000
2048	3072	1	388	172	5.30039
2048	3072	2	170	482	0.00000
2560	3584	1	154	8	3.35157
2560	3072	2	234	488	0.00000
2048	3584	1	162	466	0.00000
2048	3584	1	234	450	0.00000
2560	3584	1	16	472	0.95759
2560	3584	1	250	462	5.75911
2560	3584	1	412	480	4.01120
2560	3584	1	506	366	3.29273
