1536	2048	2	498	68	0.00000
1024	2048	2	206	84	0.00000
1536	2048	2	240	386	0.00000
1536	2048	2	290	86	0.00000
1024	2048	2	36	24	0.00000
1024	2048	2	248	18	0.00000
1024	2048	2	336	12	0.00000
1024	2048	2	444	18	0.00000
1536	2048	2	6	22	0.00000
1536	2048	2	302	22	0.00000
1024	2048	1	86	278	4.95567
1024	2048	1	62	140	0.87377
1024	2048	1	270	204	1.89690
1024	2048	1	220	382	0.00000
1536	2048	1	64	90	1.17372
1536	2048	1	188	22	1.73419
1536	2048	1	282	230	1.10715
1536	2048	1	228	134	0.00000
1536	2048	1	118	220	5.87149
1024	2048	1	474	206	3.68385
1024	2048	1	490	300	3.71298
1536	2048	1	130	364	2.72621
1024	2560	1	314	46	1.00758
1024	2560	1	444	84	4.32760
1536	2560	1	48	36	5.93695
1024	2048	1	500	394	0.61179
1536	2048	1	84	454	5.87700
1536	2048	1	208	484	2.24898
1536	2048	1	332	426	0.32933
1536	2048	1	422	340	2.67860
1024	2560	1	42	138	5.74590
1536	2560	1	146	156	3.78775
1536	2560	1	288	52	1.45147
1536	2048	1	432	476	2.73312
1536	2560	1	512	36	3.07686
1536	2560	1	462	128	0.00000
1536	2560	1	322	136	1.11570
1536	2560	1	30	224	2.97970
1536	2560	1	126	284	0.54894
1536	2560	1	238	296	1.50327
1536	2560	1	416	228	6.05092
1536	2560	1	322	264	5.65044
1024	2560	1	276	208	3.62849
1024	2560	1	334	280	3.70378
1024	2560	1	30	250	0.91199
1024	2560	1	96	262	3.65839
1024	2560	2	192	278	0.00000
1536	2560	1	18	340	5.38872
1536	2560	1	294	358	1.51434
1024	2560	1	362	364	1.46035
1024	2560	1	38	454	3.52847
1024	2560	1	178	344	1.48927
1024	2560	1	224	428	4.84494
1024	2560	1	158	484	1.47648
1024	2560	1	418	456	0.46059
1536	2560	1	46	476	1.33544
1024	2560	2	20	12	0.00000
1536	2560	1	342	510	4.80826
1536	2560	2	482	410	0.00000
1536	2560	1	356	446	5.28257
1536	2560	1	424	380	0.00000
1536	2560	2	512	512	0.00000
1024	3072	1	66	96	5.75471
1024	3072	1	172	58	4.39420
1024	3072	1	90	220	5.98932
1024	3072	1	178	188	6.13837
1024	3072	2	32	208	0.00000
1024	3072	1	308	124	5.16270
1024	3072	1	480	86	4.33188
1536	3072	1	64	96	0.00000
1536	3072	1	432	94	0.00000
1536	3072	2	510	60	0.00000
1536	3072	1	194	92	0.00000
1536	3072	1	332	162	4.91605
1536	3072	1	404	242	0.57751
1536	3072	1	262	264	4.99098
1536	3072	1	26	196	5.84894
1024	3072	1	460	192	5.30831
1024	3072	1	350	248	0.00000
1024	3072	1	284	234	4.44614
1536	3072	1	220	318	5.31793
1536	3072	1	350	360	5.54537
1536	3072	1	472	512	0.93911
1536	3072	2	374	466	0.00000
1536	3072	1	14	322	0.58800
1536	3072	1	202	386	1.01170
1536	3072	1	222	490	0.51915
1536	3584	1	408	144	0.00000
1536	3584	2	470	112	0.00000
1536	3584	2	322	274	0.00000
1536	3584	2	506	342	0.00000
1536	3584	1	284	190	0.54042
1536	3072	1	2	474	0.33929
1536	3072	1	102	480	0.08336
1536	3584	1	128	68	0.66104
1536	3584	1	222	68	0.99649
1024	3072	1	278	382	0.00000
1024	3072	1	138	386	0.00000
1024	3072	1	68	472	0.33564
1024	3072	1	170	476	0.52328
1024	3584	1	276	30	0.64350
1024	3584	1	346	72	0.60229
1024	3584	1	88	152	0.00000
1024	3584	1	198	122	1.55505
1024	3584	1	356	184	1.18019
1536	3584	1	158	180	4.87995
1536	3584	1	62	232	5.60087
1024	3584	1	106	300	0.96211
1024	3584	1	216	374	0.83298
1024	3584	1	354	290	0.79474
1024	3584	1	394	402	0.42976
1024	3584	1	494	296	5.81954
1536	3584	1	20	414	0.54295
1536	3584	1	60	480	0.79297
1536	3584	2	166	338	0.00000
1536	3584	1	316	366	0.00000
1536	3584	1	388	346	0.00000
1536	3584	1	176	474	0.57701
1536	3584	1	328	492	5.53111
1024	3584	1	86	472	5.52903
2048	2560	1	420	440	4.62966
2560	2560	1	274	394	5.26289
2560	2560	1	476	512	2.64046
2560	2560	1	150	318	0.47735
2048	2560	1	48	256	5.86733
2560	2560	1	54	196	0.56548
2560	2560	1	284	188	0.30373
2048	2560	1	268	362	4.39881
2048	2048	1	120	224	0.00000
2560	2560	1	16	352	2.56369
2048	2560	1	60	436	5.20277
2048	2560	1	356	250	1.02351
2048	2560	1	268	454	4.50407
2048	2048	1	44	240	0.00000
2048	2560	1	202	242	4.57686
2560	2560	1	210	452	5.39387
2560	2560	2	312	496	0.00000
2560	2560	2	446	324	0.00000
2560	2560	1	512	306	5.64461
2560	2560	1	512	164	0.67631
2560	2560	1	494	70	0.66104
2560	2560	1	284	280	4.41153
2560	2560	1	360	138	5.67164
2048	2560	2	232	158	0.00000
2048	2560	2	174	144	0.00000
2048	2560	2	74	510	0.00000
2048	2560	2	200	420	0.00000
2048	2560	2	380	104	0.00000
2048	2560	2	454	318	0.00000
2048	2560	2	196	512	0.00000
2560	2560	2	18	468	0.00000
2048	2560	2	460	496	0.00000
2048	2560	2	408	48	0.00000
2048	2560	2	322	218	0.00000
2560	2560	1	234	52	1.36330
2560	2048	1	370	504	5.75581
2560	2048	1	470	468	1.53344
2048	2560	1	482	122	5.25640
2048	2560	1	256	78	5.09808
2048	2048	2	214	504	0.00000
2048	2048	2	260	504	0.00000
2048	2048	1	72	478	0.00000
2048	2560	1	20	16	3.56579
2048	2560	1	66	102	3.64933
2560	2048	1	190	134	5.92884
2560	2048	1	452	68	5.66998
2560	2048	1	486	156	1.01704
2560	2048	1	494	332	0.91716
2560	2048	1	28	488	3.08901
2048	2048	1	432	508	2.34119
2560	2560	1	106	28	0.47570
2560	2560	1	180	138	2.81091
2560	2560	2	104	222	0.00000
2560	2048	1	238	438	4.34932
2560	2048	1	364	290	1.93227
2560	2048	1	370	168	3.71115
2560	2048	1	306	92	0.00000
2560	2048	1	224	68	3.18572
2560	2048	1	362	28	5.96007
2048	2048	1	474	388	3.56659
2560	2048	1	488	240	1.29447
2560	2048	1	112	118	5.09217
2560	2048	1	128	244	0.97488
2560	2048	1	212	338	1.02075
2048	2048	1	302	78	4.11791
2048	2048	1	466	156	0.60602
2048	2048	2	506	60	0.00000
2048	2048	1	182	74	3.17899
2048	2048	1	86	110	0.81675
2048	2048	1	352	152	4.77821
2048	2048	1	332	436	3.71651
2048	2048	1	226	256	6.15432
2048	2048	1	100	306	4.31740
2048	2048	1	166	394	3.13739
2048	2048	1	260	402	4.11442
2048	2560	1	160	360	3.08855
2048	2048	1	44	26	3.31718
3072	2048	1	82	46	0.42339
3072	2048	1	194	34	4.35377
3072	2048	1	230	94	4.13836
3072	2048	1	356	50	2.67795
3072	2048	2	410	24	0.00000
3072	2048	2	114	130	0.00000
3072	2048	1	8	154	0.79814
3072	2048	1	18	250	2.01255
3072	2048	1	16	324	0.85030
3072	2048	1	154	356	5.22719
3072	2048	1	204	296	2.13977
3072	2048	1	278	206	2.84551
3072	2048	1	334	194	6.13026
3072	2048	1	398	188	0.00000
3072	2048	1	512	92	0.98672
3584	2048	1	148	126	0.00000
3584	2048	1	206	38	0.00000
3584	2048	1	262	76	0.42009
3584	2048	1	392	102	0.00000
3584	2048	1	452	66	0.00000
3584	2048	1	400	222	5.35589
3584	2048	1	392	312	5.27137
3584	2048	1	198	296	4.33940
3584	2048	1	32	254	5.66676
3072	2048	1	482	330	3.79948
3072	2048	1	350	334	1.05165
3584	2048	1	388	486	2.97644
3584	2048	1	234	418	4.77751
3584	2048	1	94	418	5.68300
3072	2048	1	484	408	0.36796
3584	2048	1	14	466	0.24774
3072	2048	1	390	436	3.28006
3072	2048	1	142	492	1.87703
3072	2048	1	8	474	1.30517
3072	2560	1	0	50	0.96894
3072	2560	1	38	144	0.32033
3072	2560	1	114	134	0.00000
3072	2560	1	246	92	1.27656
3072	2560	1	502	76	0.99649
3584	2560	1	122	16	1.71969
3584	2560	1	288	20	0.40976
3072	2560	1	368	100	0.00000
3072	2560	1	504	162	5.63121
3584	2560	1	88	144	4.98630
3072	2560	1	364	210	4.28553
3584	2560	1	262	108	1.93419
3584	2560	1	246	170	5.16117
3584	2560	1	382	200	3.48973
3584	2560	1	512	44	2.55741
3584	2560	1	480	218	0.03332
3584	2560	1	284	278	5.55014
3584	2560	1	190	284	2.60736
3584	2560	1	116	288	0.00000
3072	2560	1	238	284	3.06715
3072	2560	1	110	272	1.91073
3072	2560	1	110	386	4.00904
3072	2560	1	12	342	5.88517
3072	2560	1	318	364	3.73449
3072	2560	1	408	372	2.70792
3584	2560	1	14	318	4.09918
3584	2560	1	126	400	2.31274
3584	2560	1	272	386	1.52321
3584	2560	1	402	284	3.26514
3584	2560	1	338	70	0.00000
3584	2560	1	492	308	0.97615
3584	2560	1	398	428	5.86033
3584	2560	1	512	408	5.32900
3584	2560	1	486	472	5.96708
3584	2560	1	340	442	2.87777
3584	2560	1	260	450	4.64682
3584	2560	1	176	484	5.43816
3584	2560	1	86	478	5.35071
3072	2560	1	502	486	5.63055
3072	2560	1	380	478	0.00000
3072	2560	1	162	460	4.33188
3072	3072	1	42	154	4.12439
3072	3072	1	170	148	2.61567
3072	3072	1	208	58	5.32670
3072	3072	1	356	150	5.66689
3072	3072	1	390	18	6.26554
3072	3072	1	478	150	4.07915
3072	3072	1	442	68	3.40415
3584	3072	2	244	152	0.00000
3584	3072	2	206	56	0.00000
3584	3072	2	108	14	0.00000
3072	3072	1	22	412	5.57979
3072	3072	1	66	326	6.19387
3072	3072	1	144	244	5.00136
3072	3072	1	270	192	2.49809
3072	3072	1	292	350	3.04934
3072	3072	1	212	318	0.00000
3072	3584	1	162	2	2.91474
3072	3072	1	262	506	1.78412
3072	3584	1	140	120	2.43297
3584	3584	1	240	404	0.23685
3584	3072	1	334	54	4.98361
3584	3072	1	432	82	0.46365
3584	3072	1	166	158	6.09048
3584	3072	1	58	158	1.57600
3072	3072	1	466	238	0.98620
3584	3072	1	80	266	1.75614
3584	3072	1	286	258	4.88204
3584	3072	1	318	226	5.57316
3584	3072	1	340	146	2.42179
3584	3072	1	460	178	3.68507
3584	3072	1	482	342	2.48524
3584	3072	2	506	318	0.00000
3072	3072	1	428	358	0.86630
3584	3072	1	4	430	0.71946
3584	3072	1	140	366	1.50607
3584	3072	1	280	426	2.77226
3584	3072	1	362	382	1.78189
3584	3072	1	404	474	2.30170
3072	3584	1	424	90	0.00000
3072	3584	1	498	94	0.00000
3584	3072	1	72	506	0.15498
3072	3072	1	272	234	0.00000
3584	3072	1	162	466	1.06522
3584	3072	1	208	494	4.23721
3584	3072	1	246	450	4.31551
3584	3584	1	274	78	0.58357
3584	3584	1	338	90	0.28968
3584	3584	1	392	106	0.12372
3584	3584	1	482	94	2.15554
3584	3584	1	488	22	5.81954
3072	3584	1	308	102	1.09473
3072	3584	2	18	134	0.00000
3072	3584	1	78	222	2.41063
3072	3584	1	172	222	2.77905
3072	3584	1	262	194	3.48137
3584	3584	1	174	54	1.58629
3584	3584	1	112	146	5.29922
3584	3584	1	196	134	0.68003
3072	3584	1	506	194	1.20907
3584	3584	1	74	238	1.10269
3584	3584	1	210	210	0.63780
3584	3584	1	420	242	3.36368
3584	3584	1	462	170	0.00000
3584	3584	1	370	266	1.30454
3584	3584	1	248	290	1.24904
3072	3584	1	488	290	1.69515
3072	3584	1	48	310	2.07123
3072	3584	1	32	384	5.12306
3072	3584	1	174	394	0.00000
3072	3584	1	276	336	0.43701
3072	3584	1	352	330	0.35650
3072	3584	2	62	482	0.00000
3072	3584	2	104	498	0.00000
3072	3584	1	350	470	5.67964
3072	3584	1	438	442	5.93552
3072	3584	1	482	408	6.21288
3584	3584	1	138	306	2.40248
3584	3584	1	456	396	5.33264
3584	3584	1	38	396	1.42818
3584	3584	1	122	420	0.00000
2048	3072	1	52	142	0.42913
2048	3072	1	176	200	4.05896
2048	3072	1	52	280	0.21604
2048	3072	1	330	68	0.00000
2048	3072	1	162	84	0.00000
2048	3072	1	444	56	5.40615
2560	3072	1	96	42	0.30098
2560	3072	2	140	70	0.00000
2560	3072	2	212	128	0.00000
2560	3072	2	356	238	0.00000
2048	3072	2	284	278	0.00000
2048	3072	2	226	266	0.00000
2048	3072	1	162	366	3.85894
2048	3072	2	310	418	0.00000
2048	3072	2	164	466	0.00000
2048	3584	1	32	88	3.97774
2048	3072	1	36	492	1.24801
2048	3584	1	224	48	5.41206
2048	3072	1	506	228	0.00000
2048	3072	1	398	162	5.19881
2560	3072	1	64	316	0.00000
2560	3072	1	488	36	3.00586
2560	3072	1	438	270	4.98524
2560	3072	1	386	148	2.86347
2560	3072	1	512	166	4.65626
2560	3072	1	264	340	0.00000
2560	3072	1	260	188	0.35722
2048	3072	2	452	292	0.00000
2560	3072	2	82	212	0.00000
2560	3072	1	154	192	3.17115
2560	3072	2	100	430	0.00000
2560	3072	2	4	410	0.00000
2048	3072	1	382	424	3.41794
2048	3584	1	318	52	3.07474
2048	3584	1	442	36	2.92707
2048	3584	1	378	82	0.00000
2048	3584	1	158	96	2.73586
2048	3584	1	34	218	5.04358
2048	3584	1	120	180	5.51339
2048	3584	2	186	266	0.00000
2048	3584	2	240	178	0.00000
2560	3072	1	170	356	0.84582
2560	3072	1	396	396	1.74034
2048	3584	1	66	320	0.74870
2560	3584	1	334	66	6.24138
2560	3072	1	376	460	5.00712
2560	3584	1	124	50	3.05488
2560	3072	1	222	476	2.89822
2560	3584	1	258	70	0.28966
2560	3584	1	8	80	0.38367
2048	3584	1	426	192	0.00000
2048	3584	1	352	256	5.49302
2048	3584	1	282	316	0.00000
2048	3584	1	166	358	5.85190
2048	3584	1	120	452	5.93835
2048	3584	1	322	468	0.00000
2560	3584	1	38	172	0.30603
2560	3584	1	132	218	2.30537
2560	3584	1	208	168	5.69128
2560	3584	1	480	40	0.68609
2560	3584	1	344	202	0.78439
2560	3584	1	476	148	4.30481
2560	3584	1	52	304	4.92984
2048	3584	1	434	386	0.75369
2560	3584	1	270	414	0.00000
2560	3584	2	24	386	0.00000
2048	3584	1	500	508	0.00000
2560	3584	1	70	470	5.65562
2560	3584	1	458	248	0.00000
2560	3584	1	382	428	5.57119
2560	3584	1	318	316	1.58727
2560	3584	1	512	508	1.23538
2560	3584	1	512	394	2.22220
2048	3072	1	76	0	5.37196
2560	3072	1	512	422	2.40982
