1024	2048	1	478	228	5.91132
1536	2048	1	170	218	1.88304
1536	2048	1	74	74	5.07566
1536	2048	2	240	174	0.00000
1536	2048	2	356	136	0.00000
1536	2048	2	492	62	0.00000
1024	2048	2	182	90	0.00000
1024	2048	2	50	406	0.00000
1024	2048	1	158	234	3.91055
1536	2048	1	226	10	0.49791
1536	2048	1	380	18	3.66848
1536	2048	1	498	252	5.91648
1536	2048	1	418	282	0.00000
1536	2048	1	310	272	0.72664
1536	2560	1	170	444	2.94405
1536	2048	1	214	350	2.31401
1024	2048	1	32	236	1.02958
1024	2048	1	52	342	4.31297
1024	2048	1	236	350	0.50907
1024	2048	1	110	492	4.55101
1024	2560	1	256	38	1.15003
1536	2048	1	10	484	3.21990
1536	2560	1	90	86	0.79584
1536	2048	1	190	484	2.90414
1536	2048	1	302	406	4.00926
1536	2048	1	330	458	3.94187
1536	2048	1	488	410	3.59647
1536	2560	1	116	174	1.04473
1536	2560	1	346	138	2.01011
1536	2560	1	478	136	5.92174
1536	2560	1	270	254	6.02258
1024	2560	1	68	484	2.78158
1024	2560	1	178	510	1.84111
1024	2560	1	382	116	0.00000
1024	2560	1	460	106	5.86496
1024	2560	1	162	126	1.60814
1024	2560	1	316	250	0.00000
1536	2560	1	58	316	0.74056
1024	2560	1	166	358	1.22534
1024	2560	2	180	282	0.00000
1024	2560	1	264	470	2.30411
1024	2560	1	400	404	2.01429
1536	2560	1	80	444	1.95936
1024	2560	1	378	482	2.58726
1536	2560	1	94	510	2.54383
1536	2560	1	246	426	2.61538
1536	2560	1	312	424	2.73715
1536	2560	1	400	420	2.26231
1536	2560	1	344	324	3.45404
1536	2560	1	448	314	3.74115
1536	2560	2	470	410	0.00000
1024	2560	2	88	216	0.00000
1024	2560	2	30	88	0.00000
1536	3072	1	248	94	0.00000
1024	3072	1	224	132	5.97348
1024	3072	1	194	284	1.03154
1024	3072	1	94	158	0.68012
1024	3072	1	358	244	5.21203
1024	3072	1	288	344	0.25437
1024	3072	1	112	488	5.51021
1024	3072	1	66	324	1.98757
1024	3072	1	18	220	6.06844
1024	3072	1	54	82	2.00220
1024	3072	1	460	126	3.34685
1024	3584	1	248	142	6.01604
1024	3584	1	48	118	5.53484
1024	3584	1	112	66	5.22862
1024	3072	1	402	374	5.97745
1024	3072	1	208	492	5.23789
1024	3072	1	214	390	5.72348
1024	3072	1	38	416	1.02268
1536	3584	1	64	8	0.00000
1024	3584	1	374	88	2.50500
1536	3072	1	76	240	2.06722
1536	3072	1	70	110	2.80840
1536	3072	1	196	436	5.48962
1536	3072	1	396	164	0.00000
1536	3072	1	222	228	1.37597
1536	3072	1	182	108	0.39479
1024	3072	1	328	68	1.89892
1536	3072	1	192	314	1.62955
1536	3072	1	354	402	5.45793
1024	3072	1	488	416	3.73009
1024	3072	1	392	498	2.25204
1536	3584	1	220	78	5.95230
1536	3584	1	90	134	1.38810
1536	3072	1	286	504	3.66560
1536	3072	1	314	248	4.20020
1024	3584	1	330	194	3.35884
1536	3584	1	176	220	0.29162
1024	3584	1	488	216	5.55742
1536	3072	1	378	20	0.62974
1024	3584	1	180	288	2.00448
1536	3584	1	474	104	0.19092
1536	3584	1	306	186	3.71100
1536	3072	1	498	478	5.04747
1536	3072	1	508	92	5.28221
1024	3584	1	408	308	5.89258
1536	3072	1	116	34	5.79687
1024	3072	1	482	324	0.69346
1536	3584	1	446	208	1.15221
1536	3584	2	490	246	0.00000
1536	3584	1	112	324	1.44293
1536	3584	1	200	424	0.24829
1024	3584	1	184	440	6.03063
1536	3584	1	442	412	6.02362
1024	3584	1	296	434	5.10718
1024	3584	2	26	490	0.00000
1024	3584	2	470	38	0.00000
1536	3072	1	112	438	2.34086
1024	3072	2	186	22	0.00000
1536	3072	2	510	196	0.00000
1536	3584	1	330	516	0.68645
1536	3584	1	250	500	0.64027
2048	2048	1	56	36	6.11804
2048	2048	1	106	216	1.03977
2048	2048	1	70	378	3.34743
2048	2048	1	140	444	3.13149
2048	2048	1	310	52	0.47131
2048	2048	1	386	64	0.65285
2048	2048	1	228	120	6.08774
2048	2048	1	238	298	0.00000
2560	2048	1	48	194	1.21680
2048	2048	1	436	126	1.18019
2560	2048	1	92	98	4.58156
2048	2560	1	130	96	3.32950
2048	2560	1	62	122	3.45145
2048	2048	1	392	464	1.63800
2560	2048	1	210	118	0.00000
2560	2048	1	302	96	0.00000
2560	2048	1	88	374	5.65328
2048	2048	1	490	382	5.94960
2560	2048	1	162	278	3.33968
2560	2048	1	410	64	1.46052
2560	2048	1	470	132	1.50637
2560	2048	1	384	242	0.69757
2048	2560	1	236	82	5.89276
2048	2560	1	366	94	4.95321
2560	2560	1	70	10	1.88895
2560	2048	1	368	350	2.00448
2560	2048	1	488	344	3.42709
2560	2048	1	184	420	0.64350
2560	2560	1	242	30	1.00748
2560	2560	1	424	4	2.05647
2560	2560	1	298	94	3.54601
2560	2560	1	462	146	5.63211
2560	2560	1	244	202	2.30307
2560	2560	1	334	260	2.98214
2048	2560	1	488	146	6.05383
2048	2560	1	112	306	0.95558
2048	2560	1	246	252	5.84334
2560	2560	1	58	212	3.38507
2048	2560	1	418	214	2.62935
2560	2560	1	414	248	5.97623
2560	2560	1	212	398	3.99567
2560	2560	1	304	362	5.90151
2048	2560	1	234	362	2.46338
2048	2560	2	162	364	0.00000
2048	2560	2	202	416	0.00000
2048	2560	2	332	424	0.00000
2048	2560	2	284	420	0.00000
2048	2560	2	316	206	0.00000
2048	2560	2	364	254	0.00000
2048	2560	2	172	146	0.00000
2048	2560	2	222	158	0.00000
2560	2560	2	2	314	0.00000
2048	2560	2	440	320	0.00000
2560	2560	2	312	488	0.00000
2560	2560	2	458	328	0.00000
2048	2048	2	506	40	0.00000
2560	2048	2	288	400	0.00000
2560	2048	2	352	402	0.00000
2560	2048	2	502	206	0.00000
2560	2560	1	144	270	5.89258
2560	2560	1	102	438	5.63766
2048	2560	1	122	490	4.11403
2048	2560	1	260	486	5.51249
2048	2560	1	406	488	0.00000
2560	2560	1	408	476	3.72235
2048	2560	1	20	460	3.24380
2560	2560	2	252	470	0.00000
2560	2560	2	506	354	0.00000
3072	2560	1	152	364	0.00000
3584	2560	1	74	448	2.98933
3584	2560	1	486	448	5.27022
3584	2560	1	438	318	4.54088
3072	2560	1	6	464	0.35004
3072	2560	1	42	352	1.73951
3072	2560	1	392	456	0.00000
3072	2560	1	240	312	2.21430
3584	2560	1	238	330	3.24800
3072	2560	1	94	482	3.31877
3072	2560	1	226	512	0.17985
3072	2560	1	488	422	0.43687
3072	2560	1	304	416	3.68128
3072	2560	1	328	276	3.01693
3072	2560	1	64	188	0.29336
3584	2560	1	282	484	2.65336
3584	2560	1	380	498	2.32778
3584	2560	1	400	414	2.50221
3584	2560	1	344	438	2.65326
3584	2560	1	314	336	3.78433
3584	2560	1	158	400	1.88403
3584	2048	1	350	506	3.87962
3584	2560	1	142	326	1.52295
3584	2560	1	154	252	4.85631
3584	2560	1	218	206	5.26515
3584	2560	1	312	182	5.39223
3584	2560	1	442	184	0.00000
3584	2560	1	422	62	4.38867
3072	2560	1	476	302	3.31974
3072	2560	1	408	242	3.52080
3072	2560	1	362	152	0.11798
3072	2560	1	286	94	0.00000
3072	2560	1	168	178	3.71220
3072	2560	1	92	48	1.33971
3072	2048	1	222	492	1.35213
3072	2560	1	428	74	1.88720
3584	2560	1	40	82	4.01013
3584	2560	1	90	148	5.02364
3584	2560	1	46	238	2.84554
3584	2560	1	200	88	4.03458
3072	2048	1	502	372	5.71821
3584	2048	1	108	508	4.89338
3072	2048	1	390	500	3.78294
3072	2048	1	496	512	4.80405
3584	2048	1	320	344	4.91728
3584	2048	1	108	424	5.38068
3072	2048	1	290	380	0.00000
3072	2048	1	112	256	0.52587
3072	2048	1	398	328	6.05535
3072	2048	1	444	248	4.89078
3072	2048	1	444	162	4.57807
3584	2048	1	368	216	5.37343
3584	2048	1	380	130	5.21633
3584	2048	1	468	74	0.00000
3584	2048	1	270	90	3.79085
3072	2048	1	198	124	4.65765
3072	2048	1	346	106	4.73606
3072	2048	1	412	32	4.87854
3072	2048	1	82	44	2.74759
3072	2048	1	48	184	1.27177
3072	2048	1	26	418	3.76669
3072	2048	1	202	354	2.89698
3584	2048	1	146	72	0.00000
3584	2048	1	104	258	2.59399
3584	2048	1	62	126	5.44171
3072	2048	1	316	228	3.21836
3072	2048	1	214	230	4.12812
3584	2048	1	36	16	0.74938
3072	2048	2	292	24	0.00000
3584	2048	1	512	428	2.76431
3584	2048	1	512	512	2.55945
3072	2048	1	134	406	3.18983
3072	2560	2	438	134	0.00000
3072	3072	1	100	196	2.05772
3072	3072	2	436	258	0.00000
3072	3072	1	146	48	0.27331
3072	3072	1	230	40	0.00000
3072	3072	1	294	64	3.21263
3072	3072	1	86	320	1.47071
3072	3072	1	206	316	2.79307
3072	3072	1	24	478	6.23271
3072	3584	1	132	52	3.77676
3072	3584	1	298	94	2.54299
3072	3072	1	434	418	1.90719
3072	3072	1	402	76	6.07345
3584	3584	1	24	4	2.18494
3072	3072	1	198	156	4.85741
3072	3072	1	432	180	4.56253
3072	3584	1	68	304	3.34752
3072	3584	1	168	288	1.77678
3072	3072	1	196	464	5.94750
3584	3072	1	56	114	0.00000
3072	3072	1	286	426	2.76450
3072	3072	1	274	270	5.63594
3072	3072	1	366	284	2.85502
3584	3072	1	168	52	2.83899
3584	3072	1	48	290	5.70080
3584	3072	1	126	280	5.68211
3584	3072	1	74	470	2.21437
3584	3072	1	152	450	6.15304
3072	3584	1	410	132	5.57900
3584	3072	1	254	128	6.06638
3584	3072	1	364	230	5.95501
3584	3072	1	430	96	1.08391
3584	3072	1	316	446	0.87273
3584	3072	1	360	502	0.85283
3584	3584	1	204	142	2.07008
3584	3584	1	410	92	1.41189
3072	3584	1	444	46	5.57286
3584	3584	1	40	104	4.52275
3072	3584	1	224	98	2.66353
3584	3072	1	434	168	5.00344
3584	3072	1	182	236	2.78253
3584	3072	1	232	200	6.13826
3072	3584	1	206	354	1.52154
3584	3584	1	114	226	0.62895
3584	3584	1	364	218	1.44580
3072	3584	1	264	210	3.85509
3584	3072	1	490	358	2.24224
3584	3584	1	242	410	0.00000
3072	3072	1	468	298	0.42740
3072	3584	1	422	280	0.49222
3072	3584	1	346	208	0.43920
3072	3072	1	98	442	0.21006
3584	3072	1	474	248	4.36179
3584	3584	1	342	176	1.31847
3072	3584	1	336	2	3.80663
3072	3584	1	306	326	5.70530
3584	3584	1	226	82	2.05545
3584	3072	1	32	378	4.54246
3584	3584	1	218	236	1.86739
3072	3584	1	418	410	3.98071
3584	3584	1	450	304	3.64167
3584	3072	1	298	320	4.49376
3584	3072	2	220	386	0.00000
3584	3584	2	116	372	0.00000
3072	3584	2	32	460	0.00000
3072	3584	1	462	474	5.73065
2048	3072	1	12	86	0.00000
2048	3072	1	80	120	6.01693
2048	3072	1	40	222	5.38713
2048	3072	1	38	304	4.31066
2048	3584	1	110	120	0.60896
2048	3072	1	204	134	2.02608
2048	3072	1	218	216	2.24517
2048	3072	1	238	418	5.66867
2048	3072	2	78	412	0.00000
2048	3072	2	170	476	0.00000
2048	3584	2	68	14	0.00000
2048	3072	2	196	318	0.00000
2048	3072	2	168	374	0.00000
2048	3072	1	296	120	0.00000
2048	3072	1	396	26	0.00000
2048	3072	2	312	28	0.00000
2560	3072	2	20	170	0.00000
2560	3072	2	136	74	0.00000
2560	3072	2	108	230	0.00000
2048	3072	1	438	298	4.31626
2560	3072	1	24	364	4.65363
2048	3072	1	454	440	5.18973
2048	3072	1	394	488	5.35589
2048	3584	2	368	18	0.00000
2048	3584	1	246	138	1.66575
2048	3584	1	170	194	4.81297
2048	3584	2	58	356	0.00000
2560	3072	1	152	324	5.67481
2560	3072	1	260	160	0.36079
2560	3072	1	256	256	0.69866
2560	3072	1	456	112	5.38114
2560	3072	1	402	172	1.69221
2560	3072	2	352	226	0.00000
2560	3072	1	486	310	0.00000
2560	3072	1	322	294	1.65170
2560	3072	1	158	444	1.29663
2560	3072	1	402	406	1.73389
2560	3072	1	310	430	0.00000
2560	3072	2	238	450	0.00000
2560	3584	1	24	40	0.95429
2048	3584	1	374	94	0.62684
2560	3584	1	452	10	5.45781
2560	3584	1	144	42	0.85100
2560	3584	1	302	46	0.89947
2560	3584	1	184	84	0.68052
2560	3584	1	324	108	0.81376
2048	3584	1	436	156	0.70342
2560	3584	1	366	164	0.37299
2560	3584	1	502	112	4.67569
2560	3584	1	190	232	0.00000
2560	3584	1	56	298	0.00000
2560	3584	1	276	244	2.90003
2048	3584	1	284	248	0.58960
2048	3584	1	186	332	0.00000
2560	3584	2	104	194	0.00000
2560	3584	2	4	196	0.00000
2560	3584	1	428	216	0.42460
2560	3584	1	330	328	5.69518
2560	3584	2	430	366	0.00000
2048	3584	1	354	332	0.23072
2560	3584	1	490	336	0.00000
2560	3584	1	512	196	1.04562
2048	3584	2	482	394	0.00000
2048	3584	1	64	494	0.00000
2560	3584	1	74	436	0.00000
2560	3584	1	172	438	0.00000
