1024	2048	1	194	76	0.80047
1024	2048	1	46	114	3.79786
1024	2048	1	44	234	0.86073
1024	2048	1	250	350	0.50666
1024	2560	1	280	30	0.92562
1024	2048	1	156	492	3.42745
1024	2048	1	446	86	2.41900
1024	2048	1	500	244	3.64912
1536	2048	1	108	64	0.19347
1536	2048	1	220	146	5.90594
1536	2048	1	242	62	0.00000
1536	2048	1	344	134	5.56834
1536	2048	1	368	36	4.60632
1536	2048	2	502	72	0.00000
1536	2048	2	246	360	0.00000
1536	2048	1	58	430	0.00000
1536	2560	1	226	4	3.04563
1536	2048	1	304	484	3.66373
1536	2048	1	342	338	2.57486
1536	2048	1	452	268	3.93195
1024	2560	1	498	60	2.16151
1024	2560	1	94	118	2.14469
1024	2560	1	92	222	5.68730
1024	2560	1	270	280	6.14763
1024	2560	1	350	226	2.27265
1024	2560	1	466	244	2.23557
1536	2560	1	54	216	2.25137
1536	2560	1	102	88	0.52979
1536	2560	1	260	222	5.75167
1536	2560	1	366	224	0.00000
1536	2048	1	430	476	3.12424
1536	2560	1	324	112	3.20386
1536	2560	1	142	168	0.21375
1536	2048	1	24	0	0.45978
1536	2560	1	62	352	2.03157
1536	2560	1	174	362	3.47960
1536	2560	1	450	312	3.14865
1536	2560	1	348	344	1.75900
1024	2560	1	268	384	1.79886
1024	2560	1	190	154	3.84143
1024	2048	2	262	10	0.00000
1024	2560	1	350	500	4.87549
1536	2560	1	288	436	2.11485
1536	2560	1	66	446	5.40826
1536	2560	1	416	432	1.97782
1536	2560	1	394	496	5.59472
1024	2560	1	214	272	1.02884
1536	2048	1	512	274	0.50089
1024	2560	1	0	258	3.91707
1536	2560	1	220	488	2.48420
1024	2560	1	118	372	2.76266
1024	2560	1	210	512	2.06568
1024	3072	1	68	60	0.54358
1024	3072	1	128	100	3.58224
1024	3072	1	230	50	2.19261
1024	3072	1	182	170	3.19678
1024	3072	1	378	80	4.63765
1536	3072	1	20	66	3.66701
1536	3072	1	116	52	2.87589
1536	3072	1	200	52	3.13005
1536	3072	1	368	74	5.81859
1536	3072	1	432	20	5.68627
1536	3072	1	356	172	5.45417
1536	3072	1	270	214	3.27583
1536	3072	1	392	268	1.58453
1536	3072	1	92	180	4.65278
1024	3072	1	448	224	6.12604
1024	3072	1	312	280	0.37130
1024	3072	1	298	188	3.00702
1024	3072	1	38	230	6.03900
1024	3072	1	94	324	4.35618
1024	3072	1	166	342	3.56650
1024	3072	1	236	322	0.45909
1024	3072	1	244	412	3.82663
1024	3072	1	42	500	6.09586
1024	3072	1	122	482	6.08101
1536	3072	1	94	278	0.95418
1536	3072	1	214	284	5.86986
1536	3072	1	370	354	1.95779
1536	3072	1	462	506	3.90805
1536	3072	2	378	452	0.00000
1536	3584	2	464	108	0.00000
1536	3584	1	362	146	4.00799
1536	3584	1	296	8	2.01921
1536	3072	1	98	352	4.14116
1024	3072	1	484	378	1.39380
1024	3072	1	440	452	2.08262
1024	3584	1	396	6	2.48442
1024	3072	1	288	506	0.55596
1536	3072	1	172	448	5.31107
1536	3072	1	100	506	4.92693
1024	3584	1	488	64	3.53597
1024	3584	1	80	134	0.35275
1024	3584	1	340	130	1.50723
1536	3584	1	10	156	4.57799
1536	3584	1	228	166	1.25290
1536	3584	1	114	220	5.96501
1024	3584	1	208	122	5.25602
1536	3072	1	502	110	0.99766
1536	3072	2	492	263	0.00000
1024	3584	1	442	294	2.31737
1024	3584	1	162	318	1.33013
1536	3584	1	446	252	4.88611
1536	3584	1	330	352	1.22433
1536	3584	1	232	276	2.23919
1536	3584	1	220	424	0.29634
1536	3584	1	146	432	0.30863
1536	3584	1	510	434	2.91273
1536	3584	1	54	448	0.00000
1024	3584	1	436	426	0.00000
1024	3584	1	292	426	0.49714
1536	3584	1	58	316	1.65735
1024	3584	1	56	244	4.90412
1536	3584	1	300	500	5.99056
1024	3584	1	40	394	2.76029
1024	3584	1	326	228	5.03954
1536	3584	1	476	340	4.93519
1024	3584	1	34	508	2.28693
2048	2048	1	120	228	2.88608
2048	2048	1	30	270	0.34195
2048	2048	1	264	246	5.73153
2048	2048	1	378	222	3.24833
2048	2048	2	206	84	0.00000
2048	2048	2	350	60	0.00000
2048	2048	2	486	58	0.00000
2048	2048	2	410	16	0.00000
2560	2048	2	296	494	0.00000
2560	2560	2	20	166	0.00000
2048	2560	2	320	204	0.00000
2048	2560	2	224	156	0.00000
2048	2560	2	174	354	0.00000
2048	2560	2	328	430	0.00000
2560	2560	2	332	496	0.00000
2560	2560	2	466	346	0.00000
2048	2560	2	430	162	0.00000
2048	2560	2	168	144	0.00000
2048	2048	1	482	186	0.00000
2560	2048	1	54	138	3.28169
2560	2048	1	110	274	5.70888
2560	2048	1	200	94	0.00000
2560	2048	1	296	100	0.00000
2560	2048	1	404	110	1.57766
2560	2048	1	378	280	3.44882
2560	2048	1	208	260	3.02366
2048	2048	1	462	364	6.10314
2048	2048	1	232	322	2.76682
2048	2560	1	136	78	3.50473
2048	2048	1	44	432	0.00000
2048	2048	1	392	444	4.61125
2048	2560	1	376	30	3.96096
2048	2560	1	264	108	5.15215
2048	2560	1	48	84	2.86235
2560	2560	1	8	48	3.77417
2560	2048	1	78	360	4.04410
2560	2048	1	190	398	1.16041
2560	2048	1	434	412	1.46869
2560	2048	1	474	508	3.56206
2560	2560	1	290	58	1.56352
2560	2560	1	394	128	2.67302
2560	2560	1	298	170	2.92420
2560	2560	1	186	198	2.54362
2560	2560	1	12	302	5.43376
2048	2560	1	410	250	0.94808
2048	2560	2	438	312	0.00000
2048	2560	1	226	264	2.21430
2048	2560	1	48	282	0.38688
2048	2560	1	124	312	0.82739
2560	2560	1	352	286	1.95600
2560	2560	1	500	84	1.20825
2560	2560	1	234	308	5.14480
2560	2560	1	118	382	3.80514
2048	2560	1	248	446	3.28176
2048	2560	2	184	402	0.00000
2560	2560	2	24	476	0.00000
2048	2560	1	446	452	1.00251
2560	2560	1	218	432	4.19616
2560	2560	1	400	412	4.93420
2560	2048	1	472	284	0.58800
2560	2560	1	460	476	4.71890
3584	2560	1	500	496	2.46948
3584	2560	1	402	412	2.44926
3584	2560	1	174	480	5.15476
3584	2560	1	32	440	0.91011
3584	2560	1	252	456	1.70720
3584	2560	1	234	394	1.74275
3072	2560	1	454	410	6.12378
3072	2560	1	466	294	1.73371
3584	2560	1	134	358	0.20473
3584	2560	1	398	176	4.29824
3584	2560	1	512	344	2.72720
3584	2560	1	448	366	2.83475
3584	2560	1	60	316	2.96987
3072	2560	1	150	312	0.96187
3072	2560	1	244	206	1.20631
3072	2560	1	364	236	3.87553
3072	2560	1	484	220	4.66860
3584	2560	1	466	246	3.58260
3584	2560	1	306	308	2.12175
3072	2560	1	262	346	3.14851
3584	2560	2	238	318	0.00000
3072	2560	2	170	412	0.00000
3584	2560	1	182	58	2.97778
3072	2560	1	224	494	1.10503
3072	2560	1	338	480	3.53805
3072	2560	1	116	480	2.61435
3584	2560	1	82	144	4.65906
3072	2560	1	44	208	2.71330
3584	2560	1	64	42	1.94344
3072	2560	1	474	66	2.07240
3072	2560	1	320	96	5.42580
3072	2560	1	228	74	0.00000
3584	2560	1	238	144	0.28310
3072	2560	1	128	138	3.20556
3584	2048	1	470	480	3.64869
3584	2048	1	358	458	2.46477
3584	2560	1	346	86	4.04335
3072	2560	2	450	138	0.00000
3584	2560	1	246	4	2.24519
3584	2048	1	236	412	2.55142
3584	2048	1	124	374	0.02849
3584	2048	1	12	458	4.64197
3072	2048	1	402	454	2.90698
3072	2048	1	382	398	1.14534
3584	2048	1	40	356	0.45661
3072	2048	1	428	314	1.51956
3072	2048	1	102	472	2.63241
3072	2048	1	68	338	4.57275
3072	2048	1	58	256	4.17013
3072	2048	1	234	224	5.65852
3072	2048	1	224	322	5.44474
3072	2048	1	358	218	3.46660
3072	2048	1	488	166	1.57080
3584	2048	1	38	246	1.46135
3584	2048	1	190	260	2.65993
3584	2048	1	280	248	2.61868
3584	2048	1	386	226	5.42920
3072	2048	1	274	100	6.10016
3072	2048	1	372	96	5.41657
3072	2048	1	48	100	5.68984
3072	2048	1	188	66	3.49498
3584	2048	1	382	78	6.15234
3584	2048	1	460	62	0.00000
3584	2048	1	138	126	5.91875
3072	2048	1	488	26	1.69346
3584	2048	1	244	78	4.28062
3072	3072	1	72	76	5.90714
3072	3072	2	126	24	0.00000
3072	3072	1	216	64	4.19750
3072	3072	1	312	16	3.13610
3072	3072	1	398	78	5.91038
3072	3072	1	30	208	0.73126
3072	3072	1	124	226	3.27114
3072	3072	1	206	202	0.31033
3072	3072	1	274	166	3.28784
3072	3072	1	366	202	1.22346
3072	3072	1	466	14	1.99753
3584	3072	1	18	94	0.52224
3584	3072	1	128	88	3.07029
3584	3072	2	204	12	0.00000
3584	3072	1	222	106	0.00000
3584	3072	1	342	36	2.48886
3584	3072	1	454	54	5.59889
3584	3072	1	328	138	5.48966
3584	3072	1	436	162	2.21335
3584	3072	1	504	266	3.53445
3584	3072	1	20	202	0.90440
3072	3072	2	436	252	0.00000
3072	3072	1	248	340	2.31486
3072	3072	1	318	292	1.71269
3072	3072	1	26	374	0.55082
3072	3072	1	92	462	1.98321
3072	3072	1	224	478	2.32429
3072	3072	1	352	412	3.83355
3072	3072	1	450	370	3.66011
3584	3072	1	44	332	5.40906
3584	3072	1	98	254	1.26791
3584	3072	1	268	208	1.62955
3584	3072	1	174	332	1.14589
3584	3072	1	376	320	4.42564
3584	3072	2	344	262	0.00000
3584	3072	1	278	378	3.07077
3584	3072	1	344	410	3.36278
3584	3072	1	170	450	5.73224
3072	3072	1	512	438	4.22791
3072	3584	1	396	26	1.53000
3072	3584	1	222	66	1.89255
3584	3072	1	104	506	1.97569
3584	3072	1	260	494	3.17491
3584	3072	1	374	480	0.58390
3584	3584	1	424	28	0.70793
3584	3584	1	138	68	1.93104
3584	3584	1	300	100	0.93019
3072	3584	1	354	126	3.82707
3072	3584	1	434	108	3.65417
3584	3584	1	6	120	0.95276
3584	3584	1	102	164	2.45586
3584	3584	1	414	116	1.16130
3584	3584	1	478	158	0.74418
3584	3072	1	508	430	5.17604
3072	3584	1	32	124	1.18868
3072	3584	1	204	158	1.91425
3072	3584	1	140	212	5.87306
3072	3584	1	48	252	2.65316
3072	3584	1	292	238	1.51192
3072	3584	1	192	302	4.32518
3072	3584	1	512	228	1.00041
3072	3584	1	416	304	0.00000
3072	3584	1	334	336	2.26553
3584	3584	1	200	218	0.79251
3584	3584	1	120	268	2.55818
3072	3584	1	490	340	0.43984
3584	3584	1	70	330	2.46976
3584	3584	1	326	252	0.20750
3584	3584	1	410	284	0.90290
3584	3584	1	504	334	3.90390
3072	3584	1	94	362	4.77009
3072	3584	1	216	398	0.34072
3072	3584	1	114	452	0.60095
3584	3584	1	22	426	0.01287
3072	3584	1	290	434	0.28836
3584	3584	1	226	350	2.42950
3584	3584	1	136	424	4.47022
3584	3584	1	312	444	2.08102
3584	3584	1	406	428	6.16827
3072	3584	1	226	508	5.26389
3072	3584	1	42	480	4.13985
3072	3584	1	386	480	5.86387
3584	3584	1	118	512	1.99222
3584	3584	2	224	481	0.00000
3584	3584	1	510	512	2.00320
2048	3584	1	212	442	0.00000
2048	3584	1	160	100	0.00000
2048	3584	1	460	278	5.53989
2560	3584	1	346	146	4.02739
2560	3584	1	202	126	2.30861
2560	3584	1	406	282	3.57678
2560	3584	1	94	152	2.46685
2560	3584	1	44	252	1.77456
2560	3584	1	452	206	5.51431
2560	3072	1	230	446	0.31892
2560	3072	1	394	286	0.47266
2560	3584	1	184	230	1.49033
2560	3072	1	360	178	1.59460
2560	3584	1	406	458	3.98124
2048	3584	1	486	474	0.73544
2560	3584	1	316	418	4.45639
2560	3584	1	224	512	0.00000
2560	3584	1	8	360	1.00008
2048	3584	1	110	442	0.43409
2048	3584	1	408	410	0.00000
2048	3584	1	160	210	5.61425
2048	3584	1	60	228	3.38862
2560	3584	1	224	316	4.39064
2560	3584	1	466	20	4.45414
2048	3584	1	86	74	0.00000
2048	3584	1	464	70	0.85024
2048	3584	1	230	316	3.83015
2048	3584	1	142	260	5.66345
2048	3584	1	368	266	0.61484
2048	3584	1	470	158	1.31544
2560	3584	1	330	300	0.19872
2048	3584	1	290	178	0.64080
2560	3584	1	512	380	2.43710
2048	3072	1	264	452	2.89661
2048	3072	1	458	454	1.99645
2048	3072	1	92	296	0.00000
2560	3584	1	138	438	0.00000
2048	3584	2	368	22	0.00000
2048	3072	2	182	482	0.00000
2560	3072	2	90	224	0.00000
2560	3072	2	228	120	0.00000
2560	3072	2	278	284	0.00000
2560	3072	1	474	94	0.64676
2560	3072	1	372	38	4.63790
2560	3072	1	198	38	5.00783
2560	3072	1	174	138	2.96888
2560	3072	1	208	310	0.00000
2560	3072	1	118	488	2.41495
2560	3584	1	244	16	4.01439
2560	3072	1	340	444	3.93587
2560	3584	1	304	80	1.48474
2560	3072	1	424	444	3.85284
2560	3072	1	512	228	1.18805
2560	3072	1	512	392	1.05129
2048	3072	1	158	134	0.00000
2048	3072	1	186	364	4.29522
2048	3584	1	16	30	3.48212
2048	3072	1	360	418	0.75669
2048	3072	1	440	328	5.81254
2048	3072	1	482	252	2.78860
2560	3072	1	132	174	4.88376
2560	3072	2	140	82	0.00000
2560	3072	2	14	178	0.00000
2048	3072	2	24	122	0.00000
2048	3072	1	304	86	5.86270
2048	3072	1	326	262	4.23365
2048	3072	1	250	202	5.18611
2048	3072	1	30	244	4.17197
2048	3072	1	512	78	3.61817
2048	3072	1	416	40	0.85952
2048	3072	1	136	36	0.76328
2560	3072	1	44	320	3.62524
2560	3072	1	110	416	3.55130
2560	3072	2	346	246	0.00000
2048	3072	1	62	380	2.57702
