1024	2048	1	464	102	2.17628
1024	2048	1	240	356	0.31493
1024	2048	2	46	130	0.00000
1024	2048	2	198	82	0.00000
1024	2048	2	260	18	0.00000
1536	2048	2	14	26	0.00000
1536	2048	2	260	360	0.00000
1536	2048	1	362	52	4.39136
1536	2048	2	234	150	0.00000
1536	2048	2	244	60	0.00000
1536	2048	1	104	62	0.73216
1024	2048	1	502	258	3.25304
1024	2048	1	16	256	0.00000
1024	2048	1	172	470	2.67956
1024	2560	1	262	22	1.19735
1024	2560	1	486	62	2.00359
1536	2048	1	54	442	0.00000
1536	2048	1	318	486	3.86604
1536	2048	1	464	226	3.23613
1536	2048	1	338	156	5.30672
1536	2048	2	492	62	0.00000
1536	2048	2	512	306	0.00000
1536	2048	1	450	512	3.25613
1024	2560	1	50	136	1.31933
1024	2560	1	34	290	0.00000
1536	2560	1	320	120	3.62353
1024	2560	1	280	294	5.05216
1024	2560	2	184	294	0.00000
1024	2560	1	82	206	5.63752
1024	2560	1	314	228	1.82430
1024	2560	1	182	204	3.24888
1024	2560	1	210	510	5.56137
1024	2560	1	314	498	5.22412
1024	2560	1	282	392	1.56472
1024	2560	1	456	272	1.87018
1536	2560	1	46	220	2.12300
1536	2560	1	102	88	0.28778
1536	2560	1	216	30	2.97037
1536	2560	1	354	232	0.00000
1536	2560	1	262	232	5.96629
1536	2560	1	130	180	0.41136
1536	2560	1	48	422	5.00492
1536	2560	1	340	356	1.56591
1536	2560	1	272	438	1.78885
1536	2560	1	270	498	1.79083
1024	2560	1	510	490	2.79671
1536	2560	1	438	268	2.69944
1536	2560	2	388	512	0.00000
1536	2560	2	504	364	0.00000
1536	2560	1	416	432	2.31104
1536	2560	2	468	400	0.00000
1024	2560	1	110	370	2.77808
1536	2560	1	70	374	1.85757
1536	2560	1	180	324	3.42300
1536	2048	1	346	328	2.71519
1536	2560	2	512	88	0.00000
1536	3584	1	370	322	2.08639
1024	3584	1	30	340	3.27577
1024	3584	1	286	438	0.39852
1536	3584	1	304	478	0.00000
1024	3584	1	68	254	4.72444
1536	3584	1	40	344	1.26274
1536	3584	1	360	152	4.58947
1024	3584	1	138	322	0.93891
1536	3584	1	428	32	3.41764
1536	3584	1	502	408	2.49395
1024	3072	1	52	188	0.00000
1536	3584	1	316	8	1.99253
1536	3072	1	72	476	5.48192
1536	3072	1	164	440	5.19551
1536	3072	1	212	310	5.50180
1536	3584	1	256	132	0.67180
1024	3584	1	44	160	0.07588
1024	3584	1	326	116	1.53121
1536	3584	1	232	420	0.57944
1536	3584	1	132	422	0.00000
1536	3584	1	360	378	5.35786
1024	3584	1	444	464	6.24769
1536	3584	1	256	262	2.84326
1024	3584	1	426	278	1.98750
1536	3584	1	112	200	5.69445
1536	3584	1	28	138	4.04410
1536	3584	1	442	254	5.31376
1536	3584	1	48	438	0.46245
1024	3584	1	318	214	5.13524
1536	3072	2	370	448	0.00000
1536	3072	1	370	172	5.23767
1536	3072	1	380	270	1.51513
1024	3072	1	318	280	0.59718
1024	3072	1	250	312	0.64600
1024	3072	1	102	318	3.66551
1024	3072	1	170	306	3.39292
1024	3072	1	58	506	5.67246
1024	3072	1	124	474	0.00000
1024	3072	1	286	494	0.36728
1024	3072	1	386	496	2.91296
1024	3584	1	194	122	5.27912
1024	3072	1	452	460	2.04558
1024	3072	1	486	372	1.41377
1024	3584	1	492	54	3.58309
1536	3072	1	82	276	0.87405
1536	3072	1	106	340	3.96215
1024	3072	1	282	158	0.00000
1536	3072	1	122	152	4.28119
1536	3072	1	362	60	0.00000
1536	3072	1	260	208	4.10637
1536	3072	1	234	70	3.20891
1536	3072	1	96	70	3.83315
1024	3072	1	462	252	0.63343
1024	3072	1	428	108	5.28277
1024	3072	1	148	52	3.30343
1024	3072	1	64	66	0.36764
1024	3072	1	244	22	2.35206
1024	3072	1	186	154	3.91207
1536	3072	1	434	34	5.81447
1536	3072	1	402	354	1.62107
1024	3072	1	236	420	3.57708
1536	3584	2	464	106	0.00000
1536	3584	2	40	212	0.00000
2048	2048	1	110	182	2.85139
2048	2048	1	228	334	5.54434
2048	2048	1	292	278	5.24461
2048	2048	1	30	262	0.32128
2048	2048	1	82	422	0.75335
2048	2048	1	200	92	1.36842
2560	2560	1	492	506	4.42203
2560	2560	1	434	434	5.11977
2560	2560	1	32	304	5.49085
2560	2560	1	234	328	5.04925
2560	2560	1	286	400	4.13945
2560	2560	2	456	325	0.00000
2560	2560	2	512	370	0.00000
2560	2560	2	30	482	0.00000
2048	2560	2	150	485	0.00000
2048	2560	2	308	409	0.00000
2048	2560	2	238	150	0.00000
2048	2560	2	152	152	0.00000
2560	2560	2	20	158	0.00000
2048	2560	2	414	149	0.00000
2560	2560	2	306	483	0.00000
2560	2560	1	136	414	4.42487
2048	2560	1	418	260	0.61443
2048	2560	1	230	466	3.73346
2048	2560	1	464	444	0.75415
2048	2560	1	80	380	1.01114
2048	2560	1	18	324	1.02403
2560	2560	1	300	162	3.17908
2560	2560	1	374	132	3.21075
2560	2560	1	192	212	2.31866
2560	2560	1	456	90	0.83380
2560	2048	1	474	498	3.06215
2560	2048	1	356	426	1.03133
2560	2048	1	476	296	0.21875
2560	2048	1	380	274	3.20941
2048	2560	1	298	126	5.22547
2048	2560	1	374	14	4.05690
2048	2560	2	410	57	0.00000
2560	2560	1	34	36	3.50904
2048	2048	1	396	458	4.68861
2048	2048	1	462	398	5.93037
2560	2048	1	192	418	0.42410
2560	2048	1	78	364	4.30779
2048	2560	1	140	38	3.59797
2048	2560	1	58	52	3.75041
2048	2048	1	494	214	0.57462
2048	2048	1	360	174	2.83659
2048	2048	1	336	78	1.28881
2048	2048	1	362	0	4.59303
2560	2048	1	76	22	1.43476
2560	2048	1	196	120	0.00000
2560	2048	1	292	130	0.00000
2560	2048	1	414	108	2.15631
2560	2048	1	376	20	4.19864
2560	2048	1	110	262	5.89025
2560	2048	1	208	254	3.21749
2560	2560	1	254	22	2.65854
2560	2560	1	316	14	5.06429
2048	2560	1	230	268	2.03275
2560	2560	1	358	312	2.45322
3072	2560	1	30	512	1.24528
3072	2560	1	54	432	2.20211
3072	2560	1	118	350	0.44514
3072	2560	1	240	480	1.04784
3072	2560	2	172	418	0.00000
3072	2560	1	334	450	2.81984
3072	2560	1	394	398	2.75047
3072	2560	1	258	358	2.70093
3584	2560	1	30	460	0.87743
3072	2560	1	476	396	0.23701
3072	2560	1	22	198	2.59476
3072	2560	1	160	238	1.65612
3584	2560	1	148	408	0.22227
3072	2560	1	486	296	1.37894
3584	2560	1	72	316	3.37601
3072	2560	1	404	224	3.49945
3584	2560	1	252	392	1.15420
3584	2560	1	320	302	2.58299
3584	2560	1	400	428	2.53624
3584	2560	1	454	388	2.54290
3584	2560	1	512	342	3.13326
3584	2560	2	334	436	0.00000
3584	2560	2	264	452	0.00000
3584	2560	1	334	496	5.39230
3584	2560	1	500	490	5.34471
3584	2560	2	248	318	0.00000
3584	2560	2	184	334	0.00000
3584	2560	1	350	218	0.00000
3584	2560	1	494	212	3.76307
3072	2560	1	124	86	2.97171
3072	2560	1	234	82	0.26625
3072	2048	1	116	502	1.92139
3072	2048	1	304	436	0.99860
3072	2560	1	356	136	5.57031
3072	2560	1	438	78	1.71762
3584	2560	1	110	168	5.27535
3584	2560	1	12	216	4.47337
3584	2560	1	280	130	0.64489
3584	2560	1	184	82	3.23279
3584	2560	1	418	174	4.20838
3584	2048	1	480	466	4.55471
3584	2560	1	384	62	3.02686
3584	2048	1	324	480	2.76468
3584	2048	1	244	510	2.26188
3584	2560	1	24	46	2.71422
3584	2048	1	134	428	0.23923
3584	2048	1	14	456	4.87754
3072	2048	1	412	484	3.11674
3072	2560	2	322	20	0.00000
3072	2560	2	252	20	0.00000
3072	2048	1	54	340	4.78404
3072	2048	1	226	332	5.63132
3072	2048	1	96	254	3.74714
3072	2048	1	30	86	5.78299
3072	2048	1	184	56	3.48965
3072	2048	2	104	118	0.00000
3072	2048	2	104	18	0.00000
3072	2048	1	264	110	5.85691
3072	2048	1	244	216	5.10778
3072	2048	1	364	232	3.20128
3072	2048	1	438	344	1.65761
3584	2048	1	58	372	0.71938
3584	2048	1	42	276	1.80223
3072	2048	1	504	198	1.68145
3072	2048	1	352	92	5.34119
3072	2048	1	454	24	1.90459
3584	2048	1	136	114	6.11341
3584	2048	1	142	212	2.39727
3584	2048	1	204	354	2.81984
3584	2048	1	256	246	2.41238
3584	2048	1	358	230	5.34928
3584	2048	1	442	228	3.05954
3584	2048	1	382	98	0.00000
3584	2048	1	468	64	0.00000
3584	2048	1	230	94	4.00931
3584	2048	2	226	14	0.00000
3584	2048	2	512	144	0.00000
3584	3072	1	102	362	5.64006
3584	3072	1	30	424	4.20347
3584	3072	1	394	484	0.40165
3584	3072	1	462	478	0.56219
3584	3072	1	476	60	5.75459
3584	3072	1	424	108	2.78449
3584	3072	1	252	48	5.34261
3584	3072	1	188	138	0.59426
3584	3072	1	140	62	3.43596
3584	3072	1	52	188	0.86514
3072	3072	1	512	122	0.77187
3072	3072	1	400	80	6.05313
3072	3072	1	208	68	4.02951
3072	3072	1	294	96	3.46917
3072	3072	1	122	226	3.65023
3072	3072	1	212	178	0.05840
3072	3072	1	350	198	1.70120
3072	3072	1	320	284	1.81044
3072	3072	1	224	326	2.52116
3072	3072	2	436	248	0.00000
3072	3072	1	452	364	3.43743
3072	3072	1	336	412	3.66141
3072	3072	1	202	442	2.57208
3072	3072	1	96	474	2.22568
3072	3072	1	52	342	0.40079
3584	3072	1	350	180	5.92238
3584	3072	1	250	256	2.55782
3584	3072	1	190	330	2.17678
3584	3072	1	314	324	3.26933
3584	3072	1	426	280	4.07609
3584	3072	1	504	356	2.55317
3584	3072	1	360	408	3.33592
3584	3072	1	254	444	2.34637
3584	3072	1	80	509	1.95886
3584	3072	1	204	478	5.43754
3584	3584	1	76	62	2.07609
3072	3584	1	340	20	1.87133
3072	3584	1	456	34	3.79041
3072	3584	1	192	64	1.81616
3072	3584	1	164	136	1.44108
3072	3584	1	320	118	2.43483
3584	3584	1	46	124	1.93446
3584	3584	1	268	64	1.06468
3584	3584	1	510	80	2.15915
3584	3584	1	406	112	1.24541
3584	3584	1	442	178	1.44129
3072	3584	1	422	178	0.62501
3584	3584	1	36	208	0.99947
3072	3584	1	48	248	2.13095
3072	3584	1	152	248	0.45248
3072	3584	1	278	224	1.74662
3072	3584	1	204	314	3.66355
3072	3584	2	126	382	0.00000
3072	3584	1	212	400	0.67287
3072	3584	1	280	440	0.23898
3072	3584	1	330	304	2.83044
3072	3584	1	424	316	0.64896
3072	3584	1	500	340	0.31652
3584	3584	1	162	208	0.08689
3584	3584	1	108	278	2.19015
3584	3584	1	84	344	2.33491
3072	3584	2	502	422	0.00000
3584	3584	1	264	248	3.78306
3072	3584	1	392	490	6.14864
3584	3584	1	448	472	5.44973
3584	3584	1	508	262	2.40700
3584	3584	1	268	432	0.85132
3584	3584	2	70	470	0.00000
3584	3584	2	272	330	0.00000
3584	3584	1	372	348	0.13010
3072	3072	2	60	78	0.00000
2048	3072	1	428	46	1.08390
2048	3072	1	174	98	0.58486
2560	3072	1	350	202	1.76461
2560	3072	1	8	82	4.08860
2048	3072	1	282	92	5.94707
2560	3072	1	184	94	2.86227
2560	3072	1	416	116	1.12668
2048	3072	1	136	36	0.42403
2048	3072	1	484	214	2.50590
2560	3072	1	102	174	5.20796
2560	3072	1	374	326	0.52897
2560	3072	1	448	434	3.90522
2048	3072	1	226	204	4.88099
2560	3072	1	370	58	1.78447
2560	3072	1	246	34	5.76958
2048	3072	1	342	244	4.20015
2048	3072	1	456	346	5.67477
2048	3072	1	24	244	4.48472
2048	3072	1	16	136	5.39668
2048	3072	1	188	352	4.33272
2048	3072	1	294	346	0.31299
2048	3072	1	360	396	0.75599
2560	3072	1	30	368	2.86216
2560	3072	1	190	310	0.09208
2560	3072	1	384	426	3.83250
2560	3072	1	214	466	6.19888
2048	3072	1	466	460	2.07222
2560	3072	1	136	496	1.96702
2048	3072	1	56	390	3.26741
2560	3072	1	484	240	0.73268
2048	3584	1	468	102	1.21117
2560	3584	1	178	112	3.06951
2560	3584	1	80	58	2.29531
2560	3584	1	276	10	3.76051
2560	3584	1	304	90	0.83039
2560	3072	2	130	420	0.00000
2560	3072	2	104	218	0.00000
2560	3072	2	354	250	0.00000
2560	3584	1	328	284	0.50764
2560	3584	1	396	270	3.18157
2560	3584	1	460	34	4.16609
2560	3584	1	472	124	1.55243
2560	3584	1	222	244	1.14119
2560	3584	1	212	308	4.52767
2560	3584	1	344	162	4.22468
2560	3584	1	472	248	5.63604
2048	3584	1	478	176	1.37197
2560	3584	1	92	156	2.39262
2560	3584	1	40	240	1.51721
2048	3584	1	450	274	5.43656
2560	3584	1	26	374	1.05281
2560	3584	1	418	466	4.30970
2560	3584	1	486	376	2.09759
2560	3584	1	84	512	0.00000
2560	3584	1	370	398	3.89335
2048	3584	2	378	38	0.00000
2048	3072	2	40	486	0.00000
2048	3584	1	84	88	0.25515
2048	3584	1	180	112	5.41150
2048	3584	1	136	444	0.00000
2048	3584	1	280	170	0.62966
2048	3584	1	414	414	0.00000
2048	3584	1	64	238	3.71884
2048	3584	1	482	498	1.06811
2048	3584	1	364	314	0.44636
2048	3584	1	196	232	5.92931
2048	3584	1	216	462	0.00000
2048	3584	1	146	270	5.53421
2048	3072	2	162	482	0.00000
2048	3072	2	302	458	0.00000
2048	3072	2	452	502	0.00000
2560	3072	2	144	98	0.00000
2560	3072	2	230	130	0.00000
