1024	2560	1	64	384	2.23924
1536	2560	1	410	512	2.13932
1536	2560	1	400	430	1.99337
1536	2560	1	232	448	1.78212
1536	2560	1	288	362	4.44144
1536	2560	1	68	426	5.22862
1536	2560	1	56	294	0.62402
1024	2560	1	482	458	2.67795
1024	2560	1	210	210	4.82888
1536	2560	1	62	118	0.70863
1024	2560	1	394	476	2.88571
1024	2560	1	226	434	4.21871
1024	2560	1	170	346	1.95270
1536	2560	1	18	64	4.09214
1536	2560	1	272	252	6.12551
1024	2560	1	314	290	1.07867
1536	2560	1	354	260	3.10847
1536	2560	1	446	202	1.27022
1536	2560	1	488	78	0.00000
1536	2560	1	336	84	0.74195
1024	2560	1	360	142	3.80601
1536	2048	1	346	388	1.99410
1024	2560	1	16	174	4.02544
1536	2048	1	144	440	5.01996
1536	2560	1	194	108	3.17729
1536	2048	1	330	478	4.34306
1536	2048	1	470	408	3.51768
1536	2048	1	512	266	5.78563
1536	2048	1	408	40	4.35940
1536	2048	1	506	78	2.76726
1536	2048	1	420	310	3.14159
1024	2560	1	416	2	2.79934
1536	2048	1	324	180	5.88932
1536	2048	1	258	38	2.91522
1536	2048	1	224	130	0.00000
1536	2048	1	158	36	0.00000
1536	2048	1	56	100	5.41750
1536	2048	1	138	230	1.68428
1024	2048	1	464	212	2.78972
1024	2048	1	202	62	0.29544
1024	2048	1	154	210	5.44255
1024	2048	1	242	362	0.27543
1024	2048	1	118	360	1.35213
1024	2560	1	250	42	1.10715
1024	2560	1	70	2	4.30635
1536	2048	1	240	376	2.55994
1024	2560	1	88	166	6.21795
1024	2560	2	188	286	0.00000
1536	2560	2	482	302	0.00000
1024	2560	2	176	512	0.00000
1536	2560	2	86	512	0.00000
1536	2560	2	476	406	0.00000
1024	2048	2	16	370	0.00000
1536	2048	2	14	18	0.00000
1024	2048	2	458	16	0.00000
1024	3072	1	26	34	1.07188
1024	3072	1	26	154	0.49037
1024	3072	1	102	196	0.51100
1024	3072	1	138	46	4.12067
1024	3072	1	222	54	0.32643
1024	3072	1	316	62	5.60693
1024	3072	2	376	75	0.00000
1024	3072	1	414	4	3.21732
1024	3072	1	442	104	4.21779
1024	3072	1	260	182	1.49241
1024	3072	1	2	456	5.81081
1024	3072	1	56	402	6.10039
1024	3072	2	110	369	0.00000
1024	3072	1	166	346	2.57513
1024	3072	1	224	270	0.96350
1024	3072	1	234	352	5.97149
1024	3072	1	312	286	0.40341
1024	3072	1	426	224	0.14777
1536	3072	1	62	74	3.41983
1536	3072	1	18	216	3.04890
1536	3072	1	108	130	3.45602
1536	3072	1	190	70	0.05519
1536	3072	1	252	134	3.36390
1536	3072	1	376	66	0.13597
1536	3072	1	454	32	2.28354
1536	3072	1	512	102	5.42542
1024	3072	1	144	480	4.42312
1024	3584	1	18	96	6.04768
1024	3584	1	80	54	5.43875
1024	3072	1	284	488	0.33689
1024	3584	1	362	58	2.72463
1024	3072	1	412	484	2.31156
1024	3072	1	508	360	5.01161
1024	3072	2	502	295	0.00000
1536	3584	2	374	61	0.00000
1536	3584	2	400	115	0.00000
1536	3584	2	461	105	0.00000
1536	3072	1	106	268	0.13709
1536	3072	1	186	236	5.97829
1536	3072	1	262	238	3.67142
1536	3072	1	428	188	1.20517
1536	3072	1	512	256	3.62487
1536	3072	1	422	286	0.68272
1536	3072	1	278	338	3.88934
1024	3584	1	148	434	0.18225
1024	3584	1	32	494	2.23397
1024	3584	1	304	500	1.51872
1024	3584	1	204	238	1.01462
1024	3584	1	270	370	5.58317
1024	3584	1	338	196	3.59100
1024	3584	1	412	284	5.94064
1024	3584	1	472	206	5.71151
1536	3584	1	4	120	2.26534
1536	3072	1	4	464	5.39845
1536	3072	1	120	446	2.28064
1536	3072	1	160	414	5.36055
1536	3584	1	92	54	0.68547
1536	3584	1	108	144	0.67907
1536	3584	1	176	138	0.03821
1536	3584	1	150	292	0.93590
1536	3584	1	202	404	0.10803
1536	3584	1	238	504	0.48906
1536	3584	2	250	263	0.00000
1536	3072	1	380	402	0.33258
1536	3584	1	284	12	3.44644
1536	3584	1	196	56	5.76794
1536	3072	1	512	486	2.14317
1536	3584	1	512	180	2.07823
1536	3584	1	312	212	3.11335
1536	3584	1	428	392	5.70345
1536	3584	1	410	246	3.07805
1536	3584	1	512	516	5.67914
1536	3584	1	430	516	5.87420
2560	2560	1	422	354	5.98449
2560	2560	1	84	388	5.86219
2048	2560	1	36	314	4.78718
2048	2560	1	290	342	4.74764
2048	2560	1	260	440	2.77905
2048	2560	1	490	232	2.26946
2560	2560	1	76	154	3.08551
2048	2560	1	104	454	4.87695
2560	2560	1	222	124	0.40139
2560	2560	1	312	100	3.55311
2560	2560	1	410	16	2.01882
2560	2048	1	512	440	3.51884
2048	2560	1	142	244	2.87567
2560	2560	1	236	314	5.69645
2560	2560	1	186	378	2.24749
2560	2560	1	300	222	2.78841
2560	2560	1	470	172	6.07123
2560	2560	1	398	182	5.91449
2048	2560	2	504	316	0.00000
2560	2560	2	46	302	0.00000
2048	2560	2	434	306	0.00000
2560	2560	2	322	480	0.00000
2560	2560	2	386	508	0.00000
2560	2560	2	16	482	0.00000
2048	2560	2	324	432	0.00000
2048	2560	2	160	362	0.00000
2560	2560	1	236	512	3.58397
2048	2560	1	396	494	0.89755
2048	2560	1	278	94	4.28295
2048	2560	1	406	248	2.47769
2560	2048	1	176	508	2.60452
2560	2048	1	94	386	5.38834
2048	2048	1	472	370	0.00000
2048	2048	1	388	466	1.34797
2048	2560	1	436	66	5.70243
2048	2560	2	352	38	0.00000
2048	2560	2	310	204	0.00000
2048	2560	2	178	140	0.00000
2048	2560	2	236	154	0.00000
2048	2560	1	56	132	4.09785
2048	2560	1	166	60	4.18402
2048	2048	1	200	460	2.57684
2048	2048	1	78	458	3.10038
2048	2048	1	240	298	0.00000
2048	2048	1	108	268	2.46299
2560	2048	1	224	410	0.00000
2560	2048	1	420	338	2.08276
2560	2048	1	486	230	0.19483
2560	2048	1	124	252	5.86299
2048	2048	1	468	156	1.51050
2560	2048	1	84	120	3.52884
2048	2048	1	192	92	4.61050
2048	2048	1	54	146	4.69935
2048	2048	1	106	58	3.05468
2048	2048	1	410	38	0.56999
2048	2048	1	316	46	0.00000
2560	2048	1	218	112	0.00000
2560	2048	1	358	232	3.16946
2560	2048	2	268	510	0.00000
2560	2048	2	350	392	0.00000
2560	2048	2	288	398	0.00000
2560	2048	1	420	48	0.86336
2560	2048	1	304	80	0.00000
2560	2560	1	328	358	3.13354
2048	2048	2	500	64	0.00000
2048	2048	1	0	282	5.54935
2560	2560	2	472	328	0.00000
2560	2560	2	32	166	0.00000
3072	2560	1	472	406	0.58047
3584	2560	1	394	388	3.19305
3072	2560	1	74	510	2.85750
3584	2560	1	26	472	2.68396
3072	2560	1	286	512	2.36505
3072	2560	1	322	450	1.88284
3584	2560	1	90	444	2.51611
3584	2560	1	194	492	3.73027
3584	2560	1	498	446	5.51919
3584	2560	1	344	420	5.98895
3584	2560	1	278	472	5.87162
3584	2560	1	338	318	4.21597
3584	2560	1	490	312	5.20481
3072	2560	1	140	338	2.52134
3072	2560	1	46	328	3.64320
3584	2560	1	150	376	1.95767
3584	2560	2	452	512	0.00000
3072	2560	1	216	248	0.42396
3584	2560	1	144	294	1.45378
3072	2560	1	304	268	3.03416
3584	2560	1	232	316	0.00000
3072	2560	1	430	326	3.63205
3072	2560	1	408	232	3.65805
3072	2560	1	352	156	0.00000
3584	2560	1	124	220	4.88133
3584	2560	1	248	186	0.57952
3584	2560	1	298	238	0.54280
3584	2560	1	448	202	5.17882
3072	2560	1	86	126	1.28114
3072	2560	1	134	26	0.77711
3072	2560	1	252	90	5.76315
3072	2560	1	486	132	5.97831
3584	2560	1	40	102	2.76109
3584	2560	1	140	128	1.75539
3584	2560	1	144	58	5.29913
3584	2560	1	230	22	2.61235
3584	2560	1	380	62	5.17495
3584	2560	1	512	44	2.63147
3584	2048	1	324	488	4.27379
3072	2560	1	52	14	3.21863
3072	2048	1	20	418	3.91449
3072	2048	1	102	428	0.00000
3072	2048	1	378	490	3.78393
3072	2560	2	320	20	0.00000
3072	2560	2	258	18	0.00000
3584	2048	1	326	338	4.76789
3584	2048	1	136	400	6.02718
3584	2048	1	122	482	5.21797
3072	2048	1	502	506	4.89268
3072	2048	1	498	438	5.13259
3072	2048	1	496	362	5.20402
3072	2048	1	458	290	5.10084
3072	2048	1	354	358	5.87253
3072	2048	1	266	366	0.00000
3072	2048	1	198	368	3.05183
3072	2048	1	200	268	1.22666
3072	2048	1	66	112	1.14265
3072	2048	1	176	58	1.94607
3072	2048	1	246	138	4.34150
3072	2048	1	340	70	4.71239
3072	2048	1	486	88	4.80590
3584	2048	1	44	12	5.96934
3072	2048	1	488	196	5.25281
3072	2048	1	326	194	0.18311
3072	2048	2	52	296	0.00000
3584	2048	1	118	108	0.00000
3584	2048	1	254	74	4.09640
3584	2048	1	384	98	0.12435
3584	2048	1	470	72	0.00000
3584	2048	1	378	238	5.72331
3072	3072	1	210	332	2.56530
3072	3072	1	148	58	0.51915
3072	3072	1	222	92	0.13255
3072	3072	1	306	26	2.58299
3072	3072	1	394	70	5.94996
3584	3072	1	80	82	4.89376
3584	3072	1	220	96	4.64406
3072	3072	1	140	360	2.99391
3072	3072	1	130	212	3.69513
3072	3072	1	52	200	0.88784
3072	3072	1	68	42	0.00000
3072	3072	1	140	480	2.10364
3072	3584	1	54	58	3.61729
3072	3072	1	64	356	2.87534
3072	3072	1	342	338	3.68509
3072	3072	1	408	208	4.39769
3584	3072	1	40	180	6.06594
3584	3072	1	108	250	6.24685
3584	3072	1	190	184	5.15783
3584	3072	1	202	280	2.38458
3584	3072	1	398	60	3.51556
3584	3072	1	362	266	5.14137
3584	3072	1	278	164	3.69156
3584	3072	1	392	200	5.45236
3584	3072	1	490	122	1.50567
3072	3072	1	290	270	0.28950
3072	3072	2	438	256	0.00000
3072	3072	1	504	358	2.29130
3584	3072	1	58	322	5.47506
3072	3072	1	378	500	2.15328
3072	3072	1	436	412	5.00423
3584	3072	1	182	380	5.69518
3584	3072	1	102	416	4.67932
3584	3072	1	102	470	1.86680
3584	3072	1	280	344	3.13578
3584	3072	1	470	372	5.53618
3584	3072	1	368	470	1.98509
3584	3584	1	484	18	1.66905
3584	3072	1	512	312	2.89877
3584	3072	1	356	384	1.07383
3584	3584	1	180	26	3.81130
3072	3584	1	498	10	2.52134
3584	3584	1	84	36	2.98765
3072	3584	1	250	70	1.74210
3072	3584	1	126	152	1.97569
3072	3584	1	170	100	5.20235
3072	3584	1	384	88	5.62214
3072	3584	1	490	92	5.03414
3584	3584	1	256	82	2.02981
3584	3584	1	192	128	1.91786
3584	3584	1	316	30	2.03966
3584	3584	1	466	106	2.97307
3584	3584	1	396	140	3.15407
3584	3584	1	304	184	3.16257
3072	3584	1	508	200	4.60558
3072	3584	1	412	242	2.52190
3072	3584	1	280	158	1.14054
3072	3584	1	284	284	2.78361
3072	3584	1	32	196	1.29183
3072	3072	1	2	480	0.70557
3072	3584	1	62	250	3.90945
3072	3584	1	72	314	4.21845
3072	3584	1	88	442	4.26389
3072	3584	1	202	410	2.85164
3072	3584	1	404	356	2.63087
3584	3584	1	80	200	0.73075
3584	3584	1	162	206	2.28681
3584	3584	1	160	280	2.24224
3072	3584	1	506	332	0.46883
3584	3584	1	400	286	5.69518
3584	3584	1	330	328	5.57142
3584	3584	1	274	386	5.86008
3584	3584	1	130	334	2.05899
3072	3584	1	442	476	2.35377
3072	3584	1	184	262	2.35619
3072	3584	1	260	370	5.81954
3072	3584	1	288	490	1.41741
3584	3584	1	56	430	4.55072
3584	3584	1	484	468	2.61479
3584	3584	1	416	512	4.09787
3584	3584	1	238	462	2.16671
3584	3584	1	86	504	4.71239
3584	3584	1	482	262	2.36184
3072	3584	1	46	406	4.36937
2560	3072	2	12	176	0.00000
2560	3072	2	138	82	0.00000
2560	3072	2	100	234	0.00000
2560	3072	2	214	132	0.00000
2560	3072	2	346	246	0.00000
2048	3072	2	200	318	0.00000
2048	3072	2	158	474	0.00000
2560	3584	2	266	354	0.00000
2048	3072	1	94	46	1.82495
2048	3072	1	54	128	5.36878
2048	3072	1	8	240	3.61284
2048	3072	1	54	298	0.97182
2048	3072	2	70	416	0.00000
2048	3072	1	168	140	0.31597
2048	3072	1	310	128	6.03457
2048	3072	1	376	154	5.56681
2048	3072	1	442	46	0.76845
2560	3072	1	66	58	3.99980
2560	3072	1	218	24	3.39173
2560	3072	1	262	162	0.08615
2560	3072	1	378	192	1.23374
2560	3072	1	344	74	3.71383
2560	3072	1	500	250	2.87500
2560	3072	1	484	350	2.93009
2560	3072	1	414	366	2.49716
2560	3072	1	286	294	1.96968
2560	3072	1	74	290	1.61718
2048	3072	1	504	348	1.57495
2048	3072	1	292	274	2.58483
2560	3072	1	216	342	1.87275
2048	3072	1	208	404	5.30814
2048	3072	1	46	482	1.65158
2048	3584	1	110	44	1.29524
2560	3072	1	54	452	0.63732
2560	3072	1	272	440	2.16415
2560	3072	1	386	456	2.56617
2560	3584	1	512	4	0.70891
2560	3072	1	216	460	0.24301
2560	3584	1	156	20	5.97658
2048	3072	1	428	510	3.41451
2048	3584	1	512	56	4.36585
2048	3584	1	258	38	0.93770
2048	3584	1	124	112	1.04656
2048	3584	1	182	190	1.36695
2048	3584	2	38	184	0.00000
2048	3584	1	294	126	4.64074
2560	3584	1	284	50	4.48788
2560	3584	1	384	78	1.14249
2560	3584	1	450	126	4.71729
2560	3584	1	296	144	2.03925
2560	3584	1	404	200	1.57713
2560	3584	2	512	206	0.00000
2560	3584	1	62	154	0.55531
2048	3584	1	420	210	0.69436
2048	3584	1	312	278	0.22504
2560	3584	1	190	152	3.85143
2048	3584	1	186	310	1.86439
2048	3584	1	128	394	1.75702
2048	3584	1	64	472	0.00000
2048	3584	1	346	336	0.68434
2048	3584	1	388	388	3.63425
2048	3584	1	250	410	3.55765
2048	3584	1	478	336	0.35768
2560	3584	1	66	268	0.41891
2560	3584	1	188	278	2.61255
2560	3584	1	280	252	5.53349
2560	3584	2	380	278	0.00000
2560	3584	1	460	348	0.00000
2560	3584	1	366	390	1.94580
2560	3584	1	492	414	4.73345
2560	3584	1	512	482	0.59080
2048	3584	1	496	428	0.51078
2560	3584	1	72	426	0.23830
2560	3584	1	162	438	5.95680
2048	3584	2	151	508	0.00000
2048	3072	2	319	434	0.00000
2048	3072	2	435	234	0.00000
2560	3072	1	474	66	2.57291
