1024	2560	1	20	438	1.67311
1024	2560	1	58	352	2.34983
1536	2560	1	388	414	1.88992
1024	2560	1	226	468	2.64992
1024	2560	1	406	470	3.39892
1536	2560	1	70	426	4.98938
1536	2560	1	20	472	2.15389
1536	2560	1	390	510	2.07596
1536	2560	1	210	494	0.45932
1024	2560	1	58	512	1.46278
1536	2560	1	296	512	2.72684
1536	2560	1	504	272	5.18441
1536	2560	1	276	268	6.07968
1536	2560	1	368	270	3.40807
1536	2560	1	164	336	4.23238
1024	2560	1	190	338	1.83775
1024	2560	1	328	374	3.71491
1024	2560	1	132	254	4.05363
1024	2560	1	272	202	4.16148
1024	2560	1	354	260	1.21736
1536	2560	1	52	268	0.98672
1024	2560	1	254	52	1.03038
1024	2560	1	28	12	5.74277
1024	2560	2	90	200	0.00000
1024	2560	1	388	84	3.48089
1024	2560	1	490	50	4.38251
1536	2560	1	62	126	0.64231
1536	2560	1	190	150	3.51093
1536	2560	1	304	88	1.06396
1536	2560	1	422	104	2.84789
1536	2560	1	512	78	0.16446
1024	2048	1	78	386	4.06252
1024	2048	1	236	374	0.29733
1536	2048	1	12	434	4.66894
1536	2048	1	272	410	3.89626
1536	2048	1	234	348	2.01690
1536	2048	1	370	448	3.03094
1536	2048	1	396	288	3.24916
1536	2048	1	490	250	5.87077
1024	2048	1	54	158	5.22236
1024	2048	2	198	98	0.00000
1536	2048	1	70	106	5.13873
1024	2048	1	476	228	2.88910
1536	2048	1	152	234	1.65798
1536	2048	1	226	144	0.00000
1536	2048	1	182	38	0.00000
1536	2048	1	342	136	5.97417
1536	2048	1	448	110	5.23567
1536	2048	2	494	56	0.00000
1536	2048	1	502	374	4.29274
1536	2048	1	386	2	4.52120
1536	2560	2	484	420	0.00000
1024	3072	1	254	344	0.00000
1024	3072	1	158	278	0.97240
1024	3072	1	186	400	3.25692
1024	3072	1	112	356	2.55488
1024	3072	1	142	206	0.91847
1024	3072	1	62	218	2.92079
1024	3072	1	268	164	3.48311
1024	3072	1	194	76	2.09709
1024	3072	1	394	90	4.51525
1024	3072	1	318	306	0.35731
1024	3072	1	440	200	5.92781
1024	3072	1	500	96	2.85205
1536	3072	1	66	84	5.30080
1536	3072	1	44	206	3.55258
1024	3072	2	498	294	0.00000
1024	3072	1	426	360	1.02159
1024	3072	1	340	450	2.86590
1024	3584	1	258	2	0.00000
1024	3072	1	78	470	3.94529
1536	3072	1	10	376	3.73873
1536	3072	1	98	310	3.14832
1536	3072	1	142	182	5.85794
1536	3072	1	250	112	3.37714
1536	3072	1	426	112	1.60855
1536	3072	1	258	260	3.33835
1536	3072	1	412	238	1.35373
1536	3072	1	294	378	4.18508
1536	3072	1	22	484	0.47056
1536	3584	1	74	38	0.35585
1536	3072	1	152	474	2.78961
1536	3072	1	206	456	5.31880
1536	3072	1	406	396	0.76463
1536	3072	1	286	506	3.48462
1536	3584	1	206	102	4.88316
1024	3584	1	104	108	5.62282
1024	3584	1	164	246	2.07058
1024	3584	1	394	54	0.76227
1024	3584	1	510	120	5.78492
1024	3584	1	348	198	3.22754
1024	3584	1	482	222	5.50423
1536	3584	1	150	148	4.57291
1536	3584	1	308	184	1.46275
1536	3584	1	466	24	5.07541
1536	3584	1	434	230	3.90778
1024	3584	1	406	288	0.00000
1024	3584	1	296	380	5.84469
1024	3584	1	120	414	0.40084
1024	3584	1	358	440	1.23585
1024	3584	1	462	484	1.23163
1536	3584	1	118	326	0.00000
1536	3584	1	196	414	0.19324
1536	3584	1	292	286	3.41542
1536	3584	1	462	426	0.00000
1024	3584	2	320	96	0.00000
1024	3584	2	172	16	0.00000
1536	3584	2	372	64	0.00000
1536	3584	2	396	124	0.00000
1536	3584	2	464	110	0.00000
1536	3072	2	198	362	0.00000
1536	3584	2	242	272	0.00000
2048	2048	2	114	54	0.00000
2048	2048	2	210	54	0.00000
2048	2048	2	304	76	0.00000
2048	2048	1	442	144	5.70535
2048	2048	2	488	60	0.00000
2048	2048	2	428	32	0.00000
2560	2048	1	68	118	3.30025
2560	2048	1	122	258	5.69281
2560	2048	1	214	132	0.00000
2560	2048	1	310	96	0.00000
2560	2048	1	432	64	1.00407
2560	2048	2	502	28	0.00000
2560	2048	2	136	22	0.00000
2560	2048	1	466	216	0.27417
2560	2048	1	348	238	3.48334
2048	2048	1	246	306	0.00000
2048	2048	1	130	288	2.00742
2048	2048	2	22	294	0.00000
2048	2048	2	28	360	0.00000
2048	2048	1	68	446	2.97644
2048	2048	1	468	352	0.00000
2560	2048	1	70	354	5.45606
2560	2048	1	230	388	0.00000
2048	2048	1	398	474	1.04473
2048	2048	2	210	450	0.00000
2048	2560	2	190	6	0.00000
2048	2560	2	88	90	0.00000
2048	2560	2	36	66	0.00000
2048	2560	2	398	58	0.00000
2048	2560	1	264	88	4.80670
2048	2560	2	236	150	0.00000
2048	2560	2	172	154	0.00000
2048	2560	2	146	78	0.00000
2560	2560	2	238	4	0.00000
2560	2048	2	362	484	0.00000
2560	2048	2	292	404	0.00000
2048	2560	2	442	326	0.00000
2048	2560	2	508	320	0.00000
2048	2560	1	374	270	3.07964
2560	2560	1	216	126	2.49809
2560	2560	1	316	100	5.21103
2560	2560	1	444	40	2.14213
2560	2560	1	66	174	0.91795
2560	2560	1	394	214	0.36057
2560	2560	1	294	280	3.49579
2048	2560	1	270	364	4.91989
2048	2560	1	100	308	4.18741
2048	2560	2	22	306	0.00000
2560	2048	2	512	446	0.00000
2560	2048	2	344	388	0.00000
2560	2560	1	422	382	5.09290
2560	2560	1	456	496	2.24389
2048	2560	1	480	458	1.75196
2560	2560	1	152	460	0.34465
2560	2560	2	238	496	0.00000
2560	2560	2	358	508	0.00000
2560	2560	2	464	330	0.00000
2560	2560	1	62	298	2.71804
2560	2560	1	196	258	4.25519
2048	2560	1	108	454	5.85024
2048	2560	1	298	482	2.13411
2048	2560	2	194	414	0.00000
2048	2560	2	168	366	0.00000
3584	2560	1	484	408	5.60618
3584	2560	1	502	512	0.74214
3072	2560	1	470	456	3.50557
3072	2560	1	196	486	0.60503
3072	2560	1	76	478	3.23310
3072	2560	1	38	214	5.11112
3072	2560	1	24	348	3.98798
3072	2560	1	138	370	2.24065
3072	2560	1	368	444	1.42695
3584	2560	1	152	374	1.69515
3584	2560	1	12	480	3.39073
3584	2560	1	78	290	1.57637
3584	2560	1	262	454	1.74357
3584	2560	1	294	366	4.31116
3584	2560	1	398	416	2.75690
3584	2560	1	448	298	4.45033
3584	2560	1	228	332	3.46334
3584	2560	1	434	142	5.63968
3584	2048	1	302	332	4.75249
3072	2560	1	202	106	4.03817
3072	2560	1	72	14	2.84904
3072	2560	1	418	248	2.78838
3072	2560	1	356	146	0.74637
3584	2560	1	300	212	3.83633
3584	2048	1	358	230	5.54124
3072	2560	1	184	262	0.62370
3072	2560	1	342	288	0.00000
3072	2560	2	254	28	0.00000
3072	2560	2	474	188	0.00000
3584	2560	2	358	246	0.00000
3072	2560	2	158	80	0.00000
3584	2048	1	330	478	4.44614
3584	2560	1	300	50	4.33757
3584	2560	1	176	98	1.72804
3584	2560	1	194	2	4.23711
3584	2560	1	216	210	0.62716
3584	2560	1	14	214	3.32542
3072	2560	1	354	66	0.64422
3072	2560	1	266	372	4.31465
3072	2560	1	296	246	2.84254
3584	2560	1	16	98	3.47589
3584	2560	1	108	188	5.95147
3072	2560	1	464	52	3.35146
3072	2048	1	176	470	2.65487
3072	2048	1	220	352	2.82776
3072	2048	1	56	270	2.49066
3584	2048	1	118	474	4.45371
3072	2048	1	464	448	4.40397
3072	2048	1	370	440	3.63675
3072	2048	1	334	394	0.55534
3072	2048	2	256	410	0.00000
3072	2048	1	0	416	0.75547
3584	2048	1	146	350	5.84081
3584	2048	1	86	348	2.76109
3072	2048	1	496	376	5.22229
3072	2048	1	482	286	5.77609
3072	2048	1	88	212	2.57150
3072	2048	1	164	190	2.88798
3072	2048	1	86	86	5.40859
3072	2048	1	202	54	1.89713
3072	2048	1	286	286	4.78888
3072	2048	1	404	222	0.36254
3072	2048	1	334	208	4.82567
3072	2048	1	208	176	0.00000
3072	2048	1	302	144	1.47165
3072	2048	1	296	22	1.81886
3584	2048	1	16	116	5.77325
3072	2048	1	412	58	5.79323
3584	2048	1	120	80	0.04345
3584	2048	1	38	0	0.20296
3584	2048	1	234	94	4.05135
3584	2048	1	336	102	0.45183
3584	2048	1	364	104	2.32988
3584	2048	1	470	62	0.00000
3072	3072	1	400	78	6.09048
3584	3072	1	252	160	2.87534
3584	3072	1	232	406	4.96971
3584	3072	1	240	480	4.93959
3584	3072	1	482	12	3.77039
3584	3072	1	472	102	4.42426
3584	3072	1	326	38	4.18702
3584	3072	1	242	38	4.02105
3584	3072	1	364	90	4.08716
3584	3072	1	376	164	4.73199
3584	3072	1	488	258	3.24421
3584	3072	1	376	234	4.91448
3072	3072	1	266	24	1.00093
3072	3072	1	196	6	0.62251
3072	3072	1	86	6	2.97408
3072	3072	1	4	108	2.62245
3072	3072	1	142	106	1.49793
3072	3072	1	102	180	3.76358
3072	3072	1	296	160	5.85001
3072	3072	1	176	232	3.93164
3072	3072	1	46	314	2.73494
3072	3072	1	384	224	3.38872
3072	3072	1	144	382	0.95096
3072	3072	1	246	270	1.40299
3584	3072	1	112	88	4.33538
3584	3072	1	94	164	4.15325
3072	3072	1	496	184	0.31168
3072	3072	1	500	304	5.17977
3584	3072	1	218	156	1.15399
3584	3072	1	380	322	5.21620
3584	3072	1	278	290	3.13897
3584	3072	1	496	384	3.22142
3584	3072	1	148	314	2.15763
3072	3072	1	366	376	4.83380
3584	3072	1	72	442	3.95024
3072	3072	1	456	466	0.95142
3072	3072	1	496	374	1.62230
3072	3072	1	192	426	4.20225
3072	3072	1	232	474	3.90639
3072	3584	1	200	2	2.50721
3072	3072	1	52	466	5.28105
3072	3584	1	4	120	3.49065
3072	3584	1	72	114	3.17369
3072	3584	1	160	100	1.62637
3072	3584	1	298	172	1.98686
3072	3584	1	174	210	2.31274
3072	3584	1	424	64	3.97560
3072	3584	1	80	350	4.81097
3072	3584	1	92	262	3.68884
3584	3072	1	390	388	0.78340
3584	3072	1	398	484	1.67002
3584	3072	1	512	492	0.78866
3584	3584	1	492	98	2.74593
3584	3072	1	114	482	0.85167
3584	3584	1	362	120	1.60841
3584	3584	1	174	24	4.94618
3584	3584	1	428	268	5.87232
3584	3584	1	342	222	5.57683
3584	3584	1	46	76	4.24874
3072	3584	1	432	170	0.68350
3584	3584	1	202	86	1.58617
3584	3584	1	214	154	4.89536
3584	3584	1	80	178	0.00000
3584	3584	1	226	234	2.06618
3584	3584	1	174	258	2.26539
3072	3584	1	434	328	3.88224
3584	3584	1	306	326	6.08579
3584	3584	1	368	44	1.67046
3584	3584	1	160	434	0.54455
3072	3584	1	352	366	3.20186
3072	3584	1	244	282	0.73298
3072	3584	1	164	284	6.05589
3072	3584	1	310	438	6.10851
3072	3584	1	212	432	4.01183
3072	3584	1	50	434	0.71062
3072	3584	1	118	450	0.75565
3584	3584	1	260	386	5.69812
3584	3584	1	478	388	0.64987
3584	3584	1	512	462	1.70335
3584	3584	1	450	512	1.77202
3584	3584	1	400	430	2.68791
3584	3584	1	146	308	2.25972
3584	3584	1	18	190	3.15340
3072	3584	1	256	512	2.71073
2560	3584	1	378	386	0.70583
2560	3584	1	462	434	0.56036
2560	3584	1	238	470	5.24307
2560	3584	1	156	418	0.00000
2560	3584	1	88	418	0.00000
2560	3584	1	18	454	1.89255
2560	3584	1	16	512	0.00000
2048	3584	1	336	512	0.00000
2048	3584	1	228	512	2.49809
2048	3584	1	136	512	0.00000
2048	3584	1	60	458	6.00011
2048	3584	1	12	296	6.02077
2048	3584	1	84	254	3.19657
2048	3584	1	186	214	1.90378
2048	3584	1	228	302	1.56806
2048	3584	1	226	406	4.57593
2048	3584	1	286	202	5.62214
2048	3584	1	380	324	0.00000
2048	3584	1	468	330	0.00000
2048	3072	2	170	490	0.00000
2048	3072	2	186	322	0.00000
2048	3072	2	82	414	0.00000
2048	3584	2	374	28	0.00000
2560	3072	2	14	162	0.00000
2560	3072	2	80	236	0.00000
2560	3072	2	144	84	0.00000
2048	3584	1	96	60	4.32311
2048	3072	1	34	496	2.42047
2560	3584	1	84	282	0.02587
2560	3584	1	254	236	0.00000
2560	3584	1	174	274	2.35261
2560	3584	1	352	312	3.48120
2560	3584	1	498	266	0.70541
2560	3584	1	372	218	2.07524
2560	3584	1	312	114	4.72953
2560	3584	1	174	174	3.48925
2048	3584	1	490	228	2.04149
2048	3584	1	456	94	2.29021
2048	3584	1	34	170	4.30167
2560	3584	1	66	90	5.65173
2048	3072	1	196	398	5.31261
2048	3072	1	314	484	1.23895
2048	3072	1	448	390	3.68388
2048	3072	1	322	318	2.40615
2560	3072	1	44	508	5.22908
2560	3072	1	110	422	5.43219
2560	3584	1	190	48	5.02110
2560	3072	1	274	494	2.81347
2560	3072	2	216	490	0.00000
2560	3072	1	314	416	2.78433
2560	3584	1	424	104	2.68357
2560	3584	1	510	120	3.40784
2560	3072	1	512	498	2.41994
2560	3072	1	406	482	2.50754
2560	3072	1	340	310	1.32692
2560	3072	1	466	332	3.75919
2560	3072	1	472	200	1.34871
2560	3072	1	282	190	0.00000
2560	3072	1	150	280	1.23535
2560	3072	2	362	252	0.00000
2560	3072	1	402	90	0.00000
2560	3072	1	238	36	3.09036
2560	3072	1	338	48	3.31390
2560	3072	1	512	126	2.81202
2048	3072	1	400	40	0.41241
2048	3072	1	292	98	6.10732
2048	3072	1	22	86	5.74481
2048	3072	1	56	192	1.88074
2048	3072	1	14	336	0.00000
2048	3072	1	196	144	1.97345
2048	3072	1	192	0	5.55965
2560	3072	1	12	82	4.46957
2048	3072	1	394	164	5.58259
2048	3072	1	400	282	2.16877
2048	3072	1	272	242	0.80336
2560	3584	1	310	510	0.65863
2560	3072	1	138	140	4.19939
