1024	2048	1	56	140	5.38544
1024	2048	1	170	190	0.10806
1024	2048	2	206	70	0.00000
1024	2048	1	474	228	2.77489
1024	2048	1	240	358	0.34127
1024	2048	1	80	424	0.62447
1536	2048	1	136	192	0.28214
1536	2048	1	104	62	6.15874
1536	2048	1	174	48	0.00000
1536	2048	1	244	30	6.13015
1536	2048	1	222	128	6.12373
1536	2048	1	270	238	1.67191
1536	2048	1	376	96	4.29183
1536	2048	2	490	74	0.00000
1536	2048	2	242	354	0.00000
1024	2560	1	404	42	3.48049
1024	2560	1	266	32	1.15332
1536	2048	1	212	470	4.36641
1536	2048	1	336	388	3.36262
1536	2048	1	444	320	2.60253
1536	2048	1	408	450	0.88108
1536	2048	1	450	510	3.80286
1024	2560	1	464	102	4.04535
1536	2560	1	86	108	0.81471
1024	2560	1	418	256	2.00350
1024	2560	1	472	200	2.02619
1536	2560	1	264	236	5.87756
1536	2560	1	362	130	5.80342
1536	2560	1	494	104	0.06601
1024	2560	1	138	306	2.91859
1024	2560	1	36	292	2.26208
1024	2560	1	162	438	2.21936
1024	2560	1	18	420	5.83217
1024	2560	1	294	394	3.96311
1024	2560	1	296	286	4.77412
1024	2048	2	262	14	0.00000
1024	2560	2	90	184	0.00000
1024	2560	2	210	282	0.00000
1024	2560	2	78	512	0.00000
1536	2560	1	74	438	5.13942
1536	2560	1	218	494	3.11678
1536	2560	1	290	422	2.91073
1536	2560	1	404	436	2.15744
1536	2560	1	454	328	5.32337
1536	2560	1	506	264	5.90095
1024	2560	1	90	54	0.00000
1536	2560	2	480	416	0.00000
1536	2560	2	368	496	0.00000
1024	2560	1	428	344	2.20438
1536	2560	1	56	276	0.55254
1536	2560	1	144	326	2.83130
1024	2560	1	320	500	4.83580
1024	2560	1	400	418	5.33876
1024	2560	1	282	194	4.41968
1536	2560	1	94	512	5.33715
1024	3072	1	126	168	0.22845
1024	3072	1	178	200	0.45282
1024	3072	1	232	284	6.00894
1024	3072	1	322	288	0.37460
1024	3072	1	314	154	3.46119
1024	3072	1	420	170	2.98071
1024	3072	1	178	60	2.63560
1024	3072	1	332	56	4.22064
1024	3072	1	102	346	2.28315
1024	3072	1	200	382	2.99198
1024	3072	1	158	506	1.00633
1024	3072	1	54	506	4.15425
1024	3072	1	310	476	1.78721
1024	3072	1	332	410	1.94805
1024	3584	1	296	78	2.63972
1024	3584	1	122	114	5.01466
1024	3584	1	376	68	2.74515
1024	3584	1	276	190	5.02784
1024	3584	1	100	234	4.00376
1024	3072	1	472	352	1.83476
1024	3072	1	440	450	0.78214
1024	3584	1	482	32	0.36006
1536	3072	1	80	318	0.30288
1536	3072	1	104	112	2.00418
1536	3072	1	190	250	0.63235
1536	3072	1	250	124	3.20328
1536	3072	1	366	252	2.85904
1536	3072	1	270	368	5.51100
1536	3072	1	164	432	5.50621
1536	3072	1	94	468	5.82144
1536	3584	1	250	104	1.52887
1536	3584	1	282	10	2.54362
1536	3072	1	426	384	1.55396
1536	3072	1	390	460	4.27483
1536	3584	1	460	14	4.80040
1536	3584	1	378	144	0.54855
1536	3584	1	306	234	5.30214
1536	3072	1	368	34	0.00000
1024	3072	1	76	32	0.00000
1024	3072	1	54	224	0.00000
1536	3072	1	118	34	2.39136
1536	3584	1	478	226	5.36154
1024	3584	1	184	292	0.91445
1024	3584	1	388	368	0.52464
1024	3584	1	90	356	3.33305
1024	3584	1	468	410	0.22680
1536	3584	1	46	430	0.00000
1536	3584	1	328	400	5.78295
1024	3584	1	250	390	4.76235
1536	3584	1	100	290	2.57456
1024	3584	1	430	212	4.95207
1536	3584	1	168	286	2.68147
1536	3584	1	220	232	1.95446
1536	3584	1	398	320	4.89971
1536	3584	1	146	440	0.41241
1536	3584	1	202	474	0.19740
1536	3584	1	276	472	0.00000
1536	3584	1	460	428	0.00000
1024	3584	1	138	462	0.00000
1536	3072	1	494	88	1.81272
1536	3584	2	462	106	0.00000
1536	3584	2	44	202	0.00000
1024	3072	2	506	296	0.00000
1024	3072	2	476	34	0.00000
2048	2048	1	110	154	1.47770
2048	2048	2	186	68	0.00000
2048	2048	1	386	130	5.56272
2048	2048	2	496	72	0.00000
2048	2048	1	78	398	5.31034
2048	2048	1	186	320	2.59224
2048	2048	1	284	290	5.63636
2048	2048	1	464	258	1.18896
2560	2048	1	110	254	5.63956
2560	2048	1	72	122	3.39557
2560	2048	1	210	114	0.40494
2560	2048	1	304	94	0.00000
2560	2048	1	386	90	5.87053
2560	2048	1	352	236	4.71166
2560	2048	1	216	270	3.76061
2048	2048	1	476	380	5.90325
2048	2048	1	396	462	0.54467
2048	2560	2	84	90	0.00000
2048	2048	1	290	478	2.40028
2048	2560	1	298	94	2.44282
2048	2560	2	168	146	0.00000
2048	2560	2	230	152	0.00000
2560	2560	1	84	48	5.44764
2048	2560	2	408	48	0.00000
2560	2560	2	28	164	0.00000
2048	2560	2	318	208	0.00000
2560	2048	1	202	502	4.69751
2560	2048	1	82	366	5.57871
2560	2048	1	384	452	3.17373
2560	2560	1	348	52	1.09604
2560	2560	1	212	140	3.93844
2560	2560	1	362	150	4.17301
2560	2048	1	488	446	3.27942
2048	2048	1	140	504	4.01252
2048	2560	1	152	266	2.04219
2048	2560	1	422	454	1.40785
2560	2560	1	260	396	4.05269
2560	2560	1	386	366	3.78908
2560	2560	1	374	230	0.86508
2560	2560	1	122	282	0.00000
2048	2560	2	506	314	0.00000
2048	2560	2	436	316	0.00000
2560	2560	2	24	482	0.00000
2048	2560	2	174	370	0.00000
2048	2560	2	204	428	0.00000
2560	2560	1	432	452	4.65256
2560	2560	2	470	326	0.00000
2048	2560	2	320	420	0.00000
2560	2560	2	310	490	0.00000
2048	2560	1	110	456	5.72158
2048	2560	1	312	328	3.70553
3584	2560	1	68	426	5.28731
3072	2560	1	474	464	3.29719
3584	2560	1	288	380	4.23217
3584	2560	1	434	302	4.19020
3072	2560	1	136	300	3.53917
3072	2560	1	74	512	3.08326
3072	2560	1	318	320	3.12689
3072	2560	1	252	374	3.09503
3584	2560	1	498	446	1.57080
3072	2560	1	222	510	5.91651
3584	2560	1	478	392	4.62006
3584	2560	1	248	334	3.29369
3584	2560	1	436	512	3.06770
3584	2560	1	340	254	3.86860
3584	2560	1	236	450	4.23874
3072	2560	1	42	350	3.48225
3072	2560	1	170	388	0.00000
3584	2560	1	506	178	3.07702
3584	2560	2	338	444	0.00000
3584	2560	1	28	288	3.11986
3072	2560	1	362	454	0.75362
3584	2560	1	424	128	5.88899
3072	2560	1	30	182	4.88060
3072	2560	1	382	290	3.72297
3584	2560	1	242	210	2.05542
3584	2560	1	46	502	1.54952
3584	2560	1	186	330	0.21455
3584	2560	2	364	512	0.00000
3584	2560	1	108	366	2.27055
3072	2560	1	460	320	3.32505
3584	2560	1	190	470	3.24799
3584	2560	1	118	212	3.00617
3584	2560	1	308	40	2.03840
3584	2560	2	340	134	0.00000
3584	2048	1	334	452	5.07295
3584	2560	1	246	96	2.25509
3584	2560	1	136	24	3.72546
3072	2560	1	504	138	2.48055
3072	2560	1	390	122	2.59688
3072	2560	2	476	194	0.00000
3072	2560	1	262	170	2.62644
3072	2560	2	162	70	0.00000
3072	2560	1	112	74	2.73670
3072	2560	1	202	26	2.57702
3584	2048	1	90	450	3.98941
3584	2048	1	282	280	4.87536
3584	2048	1	362	230	5.38840
3584	2048	1	464	56	0.00000
3584	2048	1	298	132	0.00000
3584	2048	1	128	104	0.23462
3584	2048	1	58	56	3.13940
3072	2048	1	486	382	4.30750
3072	2048	1	486	488	3.54648
3072	2560	1	364	30	0.70889
3072	2048	1	358	424	2.18855
3072	2048	1	370	298	5.40006
3072	2048	1	146	398	5.71957
3072	2560	2	256	10	0.00000
3072	2048	1	56	402	0.14190
3072	2048	1	78	174	2.33376
3072	2048	1	262	342	4.15515
3072	2048	1	252	268	1.06120
3072	2048	1	376	152	2.15107
3072	2048	1	506	110	2.80686
3072	2048	1	330	84	1.32724
3072	2048	1	188	184	5.91358
3072	2048	1	112	54	1.86378
3584	2048	1	378	72	0.00000
3584	2048	1	224	0	0.00000
3584	2048	1	220	102	4.23041
3072	2048	1	242	46	3.39415
3072	2048	1	372	0	0.81209
3072	2048	1	446	260	5.19869
3072	2560	2	308	26	0.00000
3584	3072	1	146	466	0.00000
3584	3072	1	226	448	0.00000
3072	3072	1	132	92	1.23773
3072	3072	1	248	50	5.81954
3072	3072	1	408	84	0.00000
3072	3072	1	468	216	1.36354
3072	3072	1	334	354	2.08064
3072	3072	1	450	390	0.81171
3072	3072	1	234	446	3.49609
3072	3072	1	304	464	3.75217
3072	3584	1	218	124	0.00000
3584	3584	1	390	66	0.00000
3584	3584	1	462	52	0.32268
3584	3072	1	430	478	1.17550
3072	3072	1	212	322	5.03414
3072	3072	1	112	434	5.58968
3072	3072	1	356	228	0.68619
3072	3072	1	268	138	0.91171
3072	3072	1	132	192	4.96820
3072	3072	1	82	294	0.00000
3584	3072	1	162	162	0.00000
3584	3072	1	364	224	5.72850
3584	3584	1	122	156	5.47851
3072	3072	1	362	482	5.48347
3072	3584	1	350	56	0.00000
3584	3584	1	8	48	0.32858
3072	3584	1	492	210	2.50372
3072	3584	1	156	134	0.00000
3072	3584	1	60	150	0.93211
3584	3584	1	294	246	1.77293
3072	3584	1	70	272	0.50861
3584	3584	1	286	362	4.84218
3584	3584	1	360	408	5.80301
3584	3584	1	282	10	2.54829
3584	3584	1	326	134	2.63999
3584	3584	1	418	510	5.26486
3584	3584	1	492	258	0.00000
3584	3584	1	96	406	0.00000
3584	3584	1	440	308	0.00000
3072	3584	1	294	274	4.66769
3584	3072	1	272	256	1.18698
3584	3072	1	70	330	4.77935
3072	3072	1	482	318	4.47445
3584	3072	1	82	184	1.33513
3072	3072	1	66	498	5.83262
3584	3584	1	180	54	5.03236
3584	3072	1	398	136	5.97058
3584	3072	1	436	402	5.27696
3584	3072	1	306	398	3.79255
3584	3072	1	162	296	0.00000
3584	3072	1	228	36	0.92965
3584	3072	1	486	60	0.00000
3584	3072	1	182	138	4.75584
3072	3072	1	24	214	0.00000
3584	3584	1	100	212	0.00000
3584	3072	1	260	334	0.00000
3584	3072	1	490	278	0.53834
3584	3072	1	512	176	0.10881
3584	3584	1	202	148	2.31993
3584	3584	1	432	172	0.00000
3072	3584	1	118	298	0.00000
3072	3584	1	242	360	6.21492
3072	3584	1	388	416	0.00000
3584	3584	1	42	420	0.00000
3072	3584	1	184	264	0.40815
3072	3584	1	380	150	0.00000
3584	3584	2	70	324	0.00000
3072	3584	2	148	38	0.00000
3584	3072	2	38	440	0.00000
3584	3584	2	290	494	0.00000
3584	3584	1	180	298	5.20464
3584	3584	2	176	508	0.00000
2560	3072	1	500	254	3.62682
2048	3584	1	388	280	5.97130
2560	3072	1	512	324	0.56032
2048	3584	1	154	268	4.24175
2560	3584	1	280	234	5.07901
2560	3584	1	188	296	2.10970
2048	3584	1	48	230	0.00000
2048	3584	1	296	290	0.10769
2560	3584	1	276	494	0.50862
2560	3584	1	168	164	0.00000
2048	3584	1	458	170	0.55860
2048	3584	1	428	406	0.77759
2560	3584	1	440	226	0.30529
2560	3584	1	14	252	1.08390
2560	3584	1	170	434	1.57673
2560	3584	1	468	400	0.52288
2048	3584	1	198	446	6.00596
2560	3584	1	512	452	5.88526
2048	3584	1	80	456	5.97614
2048	3584	1	318	466	0.12832
2560	3584	1	22	358	0.57033
2560	3584	1	326	170	1.99719
2560	3584	1	512	286	0.65499
2560	3584	1	512	186	0.70139
2560	3584	1	468	292	0.61987
2560	3584	1	468	512	5.64342
2560	3584	1	350	358	2.11944
2048	3584	1	458	496	1.49145
2048	3584	1	392	104	0.99634
2048	3072	1	68	510	2.93472
2048	3584	1	138	70	6.15621
2048	3584	1	172	176	1.98686
2048	3584	1	34	106	5.44083
2560	3584	1	64	160	5.30833
2048	3584	1	148	350	4.24874
2560	3584	1	460	32	1.12899
2560	3072	1	386	484	3.95015
2560	3072	1	510	428	0.08847
2560	3584	1	488	82	1.22632
2560	3584	1	332	68	2.28458
2048	3584	2	14	30	0.00000
2048	3584	1	262	46	4.88430
2560	3072	1	326	454	3.70491
2560	3072	1	228	462	6.13214
2048	3072	1	64	366	4.49372
2560	3584	1	104	20	1.81981
2560	3072	1	122	462	5.36808
2048	3072	1	446	494	1.42214
2560	3584	1	36	80	4.70563
2560	3072	1	388	362	2.32679
2560	3072	1	228	342	0.80060
2048	3072	1	408	426	4.52681
2560	3072	1	440	318	2.76726
2560	3072	1	292	384	0.29006
2048	3072	1	502	370	2.69635
2048	3072	1	354	360	1.23818
2048	3072	1	204	402	5.36657
2560	3072	1	474	152	0.64490
2560	3072	1	438	50	5.17247
2560	3072	1	236	248	3.81723
2560	3072	1	126	304	0.28549
2560	3072	1	188	160	3.12211
2560	3072	1	68	154	5.50104
2560	3072	1	384	88	2.20420
2560	3072	1	224	26	6.12327
2560	3072	1	298	116	6.07067
2560	3072	1	76	42	3.85205
2048	3072	1	438	30	0.77911
2048	3072	1	312	206	1.81290
2560	3072	1	18	304	2.23645
2048	3072	1	460	126	3.11691
2048	3072	1	84	262	1.51591
2048	3072	1	260	270	4.78677
2048	3072	1	384	152	5.61247
2048	3072	1	288	76	6.00303
2048	3072	1	178	6	5.45916
2048	3072	1	56	4	5.28412
2048	3072	1	26	170	3.84209
2048	3072	1	168	104	5.66538
2048	3072	2	188	220	0.00000
2048	3072	2	202	320	0.00000
2048	3072	2	162	480	0.00000
2048	3072	2	306	430	0.00000
2048	3072	2	438	236	0.00000
2560	3072	2	16	178	0.00000
2560	3072	2	94	236	0.00000
2560	3072	2	352	244	0.00000
2560	3072	2	134	80	0.00000
2560	3072	2	38	438	0.00000
2560	3072	2	12	494	0.00000
2560	3584	2	208	360	0.00000
2560	3584	2	264	350	0.00000
2560	3584	2	118	304	0.00000
2048	3584	2	366	28	0.00000
