1024	2048	1	18	142	2.95616
1024	2048	1	398	86	3.00976
1024	2048	1	256	370	0.00000
1024	2560	1	160	4	3.16983
1024	2560	1	290	28	1.11689
1024	2560	1	494	74	1.99233
1536	2048	1	104	434	0.00000
1536	2048	1	234	150	0.00000
1536	2048	2	106	114	0.00000
1024	2048	1	506	224	3.04522
1024	2048	1	100	234	1.01309
1024	2048	2	214	92	0.00000
1536	2048	1	16	30	0.00000
1536	2048	1	382	68	4.65202
1536	2048	1	334	150	5.05834
1536	2048	1	238	32	0.00000
1536	2048	1	416	284	3.42784
1536	2048	1	344	358	2.29583
1536	2048	2	266	354	0.00000
1536	2048	1	200	482	2.55963
1536	2048	2	506	54	0.00000
1536	2048	1	512	292	0.00000
1536	2048	1	500	432	3.39328
1536	2560	1	440	4	3.80377
1536	2048	1	312	466	3.89932
1024	2560	1	82	268	3.15161
1024	2560	2	102	132	0.00000
1024	2560	1	160	212	3.33026
1024	2560	1	272	310	4.29229
1024	2560	2	190	288	0.00000
1024	2560	1	428	298	2.80166
1024	2560	1	504	256	2.32381
1536	2560	1	62	186	2.47211
1536	2560	1	96	106	0.00000
1536	2560	1	144	200	0.00000
1536	2560	1	268	252	5.67612
1536	2560	1	406	208	0.00000
1536	2560	1	304	108	3.16159
1536	2560	2	410	104	0.00000
1536	2560	1	466	338	2.49260
1536	2560	1	342	370	1.36795
1536	2560	1	178	366	3.24404
1024	2560	2	506	408	0.00000
1536	2560	1	80	430	4.91111
1024	2560	1	268	386	1.61788
1024	2560	1	138	386	2.46791
1536	2560	1	388	434	2.10554
1536	2560	1	266	426	2.02996
1536	2560	1	224	500	2.27114
1536	2560	1	70	326	1.05165
1024	2560	1	374	488	4.41283
1024	2560	1	116	512	4.79729
1536	2560	1	512	78	5.62160
1024	3072	1	12	34	2.54176
1024	3072	1	138	22	1.61049
1024	3072	1	248	62	2.97850
1024	3072	1	184	186	2.37356
1024	3072	1	370	96	5.29547
1024	3072	1	46	232	0.10622
1024	3072	1	80	126	1.49402
1536	3072	1	26	68	3.86310
1024	3072	2	472	32	0.00000
1536	3072	1	128	78	2.66590
1536	3072	1	214	68	3.04834
1536	3072	1	342	58	0.00000
1536	3072	1	476	126	4.03547
1536	3072	1	418	60	0.32175
1024	3072	1	288	166	0.00000
1536	3072	1	50	170	4.51126
1024	3072	1	114	242	3.08694
1024	3072	1	152	328	3.76708
1024	3072	1	238	328	0.00000
1024	3072	1	326	270	0.34465
1536	3072	1	82	280	0.63231
1536	3072	1	198	262	5.69809
1536	3072	1	308	192	0.00000
1536	3072	1	454	214	0.92599
1024	3072	1	490	360	1.11087
1536	3072	1	32	396	4.17540
1024	3072	1	122	448	5.70243
1024	3072	1	50	476	0.00000
1024	3072	1	2	432	0.00000
1024	3072	1	240	438	3.84703
1024	3072	1	420	442	2.60845
1024	3072	1	288	494	0.36041
1536	3072	1	22	480	5.16185
1536	3072	1	164	440	5.30834
1536	3072	1	296	504	2.14163
1536	3072	1	422	342	1.14673
1536	3072	1	294	324	2.70735
1536	3584	1	452	2	4.48706
1536	3072	2	372	452	0.00000
1024	3584	1	98	90	1.06503
1024	3584	1	224	126	5.57558
1024	3584	1	392	34	2.58980
1024	3584	1	482	60	3.61180
1024	3584	1	330	134	1.51392
1024	3584	1	24	186	5.97257
1536	3584	1	382	142	2.48482
1536	3584	2	462	102	0.00000
1024	3584	1	502	134	4.21597
1024	3584	1	288	202	4.96434
1536	3584	1	118	198	0.18311
1536	3584	1	258	120	0.92780
1536	3584	1	262	282	2.03879
1024	3584	1	464	318	2.29282
1024	3584	1	192	280	0.84662
1024	3584	1	28	368	2.76627
1024	3584	1	286	430	0.00000
1024	3584	1	442	432	6.20564
1536	3584	1	62	416	0.02174
1536	3584	1	152	422	0.28806
1536	3584	1	96	312	1.81722
1536	3584	1	248	398	0.68892
1536	3584	1	390	264	4.95398
1536	3584	1	448	324	1.44761
1536	3584	1	498	398	2.63832
1536	3584	1	294	486	0.00000
1024	3584	2	24	516	0.00000
2048	2048	1	194	54	0.00000
2560	2048	1	442	268	0.18499
2048	2048	1	506	148	0.00000
2048	2048	1	272	232	5.68401
2048	2048	1	372	438	4.59766
2048	2048	1	218	310	2.19365
2048	2048	1	128	306	3.31835
2048	2048	1	38	268	0.25600
2560	2048	1	198	104	6.18380
2560	2048	1	394	98	1.98615
2560	2048	1	454	384	0.53669
2560	2560	1	26	40	3.75562
2048	2560	1	394	2	3.94356
2048	2560	1	262	90	4.73384
2048	2560	1	140	26	3.42236
2048	2560	2	408	164	0.00000
2560	2560	2	24	170	0.00000
2048	2560	2	228	160	0.00000
2048	2560	2	166	146	0.00000
2560	2560	2	28	486	0.00000
2048	2560	2	326	432	0.00000
2048	2560	2	198	412	0.00000
2048	2560	2	170	372	0.00000
2560	2560	2	464	332	0.00000
2560	2560	2	300	16	0.00000
2560	2048	1	360	464	0.45186
2560	2048	1	210	260	0.00000
2560	2048	1	120	264	5.63076
2048	2048	1	392	98	2.18017
2048	2048	2	476	424	0.00000
2560	2048	1	62	366	4.51174
2560	2048	1	212	392	1.83661
2560	2048	1	380	236	3.19511
2560	2048	1	460	494	3.51593
2560	2560	1	412	136	2.12194
2560	2560	1	302	150	3.30197
2560	2560	1	176	188	2.03444
2560	2560	1	354	272	5.44330
2560	2560	2	10	126	0.00000
2560	2560	2	318	488	0.00000
2048	2560	1	58	274	0.26978
2048	2560	1	126	308	0.34404
2048	2560	1	260	280	3.15462
2048	2560	1	412	496	1.28728
2048	2560	1	364	268	1.09694
2560	2560	1	452	466	4.71239
2560	2560	1	194	418	5.20124
2560	2560	1	30	284	5.07956
2560	2560	1	90	418	3.17729
2560	2560	1	324	352	5.37580
2560	2560	1	166	274	5.10545
2048	2560	1	248	474	3.44501
2048	2560	2	158	512	0.00000
2560	2048	1	294	100	0.00000
2560	2048	1	140	68	3.08609
2560	2560	1	510	164	2.57550
2048	2048	2	384	194	0.00000
2048	2048	1	44	426	2.09329
2048	2560	2	440	314	0.00000
2048	2048	2	384	196	0.00000
3072	2048	1	70	88	4.94511
3072	2048	1	172	80	3.69743
3072	2048	1	238	108	0.00000
3072	2048	1	352	108	4.73085
3584	2048	1	6	38	1.56955
3584	2048	1	222	84	4.05450
3584	2048	1	378	98	0.00000
3584	2048	1	468	60	0.00000
3584	2048	1	362	226	5.65476
3584	2048	1	274	254	2.37363
3584	2048	1	140	92	0.00000
3584	2048	1	122	218	1.77476
3072	2048	1	470	180	2.14844
3072	2048	1	502	272	1.18392
3072	2048	1	348	242	3.00383
3072	2048	1	198	222	4.50206
3072	2048	1	70	244	4.22018
3072	2048	1	244	320	5.34913
3072	2048	1	88	348	5.37908
3584	2048	1	58	366	0.00000
3584	2048	1	152	350	0.64350
3584	2048	1	308	378	1.99563
3584	2048	1	260	450	2.43714
3584	2048	1	478	492	3.95243
3584	2560	1	372	16	2.72140
3584	2048	1	238	512	2.62775
3584	2048	1	52	482	4.87888
3072	2048	1	420	412	1.47447
3072	2560	1	434	10	2.83978
3072	2048	1	110	474	2.55664
3072	2560	1	206	70	0.00000
3072	2560	2	254	26	0.00000
3072	2560	2	298	24	0.00000
3584	2560	2	344	132	0.00000
3072	2560	1	76	88	0.93603
3072	2560	1	330	96	4.98364
3072	2560	1	466	114	2.06579
3584	2560	1	58	46	1.29561
3584	2560	1	156	138	1.10306
3584	2560	1	422	186	4.66993
3584	2560	1	264	172	3.39491
3584	2560	1	150	258	0.00000
3584	2560	1	64	186	3.08404
3072	2560	1	440	234	3.97271
3072	2560	1	350	228	4.02393
3072	2560	1	262	188	0.86977
3072	2560	1	142	160	3.13052
3072	2560	1	56	222	2.51539
3072	2560	1	150	320	1.47430
3072	2560	1	272	346	2.93050
3072	2560	1	464	322	2.02090
3584	2560	1	88	346	2.14302
3584	2560	1	448	282	3.58823
3584	2560	1	356	274	5.64487
3584	2560	1	302	334	2.71414
3584	2560	1	480	414	2.39398
3584	2560	1	406	412	2.49328
3584	2560	1	110	426	3.86117
3072	2560	2	170	418	0.00000
3584	2560	2	250	472	0.00000
3584	2560	2	180	368	0.00000
3584	2560	2	376	468	0.00000
3584	2560	1	250	392	5.23154
3584	2560	2	238	326	0.00000
3072	2560	1	512	440	0.38743
3072	2560	1	398	390	5.50002
3072	2560	1	254	470	0.84036
3584	3072	1	316	96	6.07400
3584	3072	1	68	224	1.24905
3072	3072	1	398	76	6.04944
3072	3072	1	322	298	1.76547
3072	3072	1	346	214	1.05580
3072	3072	1	254	120	0.64900
3072	3072	1	86	122	5.79629
3072	3072	1	194	82	3.80564
3072	3072	1	120	272	3.38259
3072	3072	1	244	356	2.26487
3584	3072	1	158	338	1.00623
3072	3072	1	212	438	2.08994
3072	3072	1	76	460	1.56266
3072	3584	1	282	54	2.35788
3072	3072	1	340	414	3.66884
3072	3584	1	64	64	1.37714
3072	3584	1	204	98	1.82160
3584	3072	1	288	454	2.36757
3072	3584	1	418	126	4.02105
3072	3584	1	408	30	1.61279
3584	3072	1	50	490	3.73559
3072	3072	1	494	426	3.95773
3072	3584	1	266	186	4.60744
3584	3072	1	4	144	0.33977
3584	3072	1	166	106	2.80745
3072	3072	1	248	220	3.93862
3584	3584	1	104	110	1.80229
3584	3584	1	128	14	1.33878
3072	3584	1	138	184	5.88003
3584	3584	1	350	106	5.79925
3584	3072	1	410	458	0.91199
3072	3584	1	418	288	6.14564
3072	3072	2	440	246	0.00000
3584	3072	2	362	268	0.00000
3584	3072	2	396	352	0.00000
3584	3072	1	10	308	5.23154
3072	3072	1	434	386	3.76184
3584	3072	1	80	38	4.43409
3584	3072	1	236	74	5.74487
3584	3584	1	448	338	4.22980
3584	3072	1	496	374	0.00000
3584	3072	1	452	146	2.59682
3584	3584	1	232	184	2.11241
3584	3584	1	250	12	2.19347
3584	3584	1	240	94	2.18400
3584	3584	1	4	192	0.66104
3072	3072	1	40	352	0.49216
3072	3072	2	36	234	0.00000
3584	3072	2	372	70	0.00000
3584	3072	2	478	42	0.00000
3072	3584	1	46	232	2.06722
3584	3072	2	282	214	0.00000
3584	3072	1	154	236	0.99713
3584	3584	1	432	142	0.58800
3584	3584	1	430	22	0.34302
3584	3072	2	504	494	0.00000
3584	3584	1	500	130	0.00000
3584	3072	2	272	350	0.00000
3072	3584	1	296	240	1.15060
3584	3584	1	116	242	2.49382
3584	3584	1	404	256	0.66891
3072	3584	1	284	414	6.07569
3072	3584	1	446	450	0.00000
3584	3584	1	2	430	0.00000
3072	3584	1	184	462	0.70946
3584	3584	2	108	512	0.00000
3584	3584	2	300	450	0.00000
3072	3584	1	76	370	4.98656
3072	3584	2	132	300	0.00000
3072	3584	1	336	354	2.81029
3072	3584	1	86	468	0.88507
3584	3584	1	14	302	0.55944
3584	3584	1	198	262	2.41604
3584	3584	1	134	334	2.84442
3584	3584	1	310	274	0.40123
3584	3584	2	242	390	0.00000
3072	3584	1	208	374	5.66294
3072	3584	2	248	512	0.00000
3584	3584	1	202	460	0.36532
2048	3072	2	310	426	0.00000
2048	3072	2	142	482	0.00000
2048	3584	2	378	16	0.00000
2560	3072	2	108	228	0.00000
2560	3072	2	140	86	0.00000
2560	3072	2	12	182	0.00000
2560	3072	2	230	126	0.00000
2560	3072	2	350	246	0.00000
2048	3072	2	200	216	0.00000
2048	3072	2	310	276	0.00000
2560	3584	1	108	172	2.18011
2048	3072	1	254	174	5.77025
2048	3072	1	292	88	5.82598
2048	3072	1	136	16	0.58027
2048	3072	1	128	140	5.21643
2048	3072	1	48	242	4.07964
2048	3072	1	210	358	4.77552
2048	3072	1	74	448	2.59199
2560	3072	1	12	80	3.20623
2048	3072	1	432	56	0.95055
2560	3072	1	188	176	5.49779
2560	3072	1	104	154	5.69424
2560	3072	1	196	40	5.08446
2560	3072	1	370	54	5.08569
2560	3072	1	498	86	1.07159
2560	3072	1	410	188	1.55517
2560	3072	1	508	254	1.09640
2560	3072	1	392	318	0.64346
2560	3072	1	188	332	6.06705
2048	3072	1	476	234	3.18341
2048	3072	1	432	326	5.48691
2048	3072	1	374	390	2.48009
2560	3072	1	84	354	1.25962
2048	3072	1	484	452	2.36239
2560	3584	1	102	8	2.37348
2560	3072	2	122	418	0.00000
2048	3584	1	258	40	3.28128
2048	3584	1	82	80	0.00000
2048	3584	1	172	66	0.00000
2048	3584	1	284	176	0.23344
2048	3584	1	172	212	5.35525
2048	3584	1	68	236	2.87575
2048	3584	1	468	60	1.24643
2560	3072	1	324	458	3.91822
2560	3072	1	418	452	3.40700
2560	3584	1	422	42	1.41870
2560	3584	1	230	62	3.70722
2560	3072	1	222	466	6.14545
2560	3072	1	510	376	0.40791
2560	3584	1	322	148	3.70117
2560	3584	1	454	128	2.08472
2048	3584	1	506	196	1.14875
2560	3584	1	56	248	1.83039
2048	3584	1	438	286	5.25587
2048	3584	1	414	166	0.96473
2560	3584	1	242	142	1.12048
2560	3584	1	94	74	2.36877
2560	3584	1	214	242	1.91620
2048	3584	1	246	344	3.98766
2048	3584	1	52	350	1.86746
2048	3584	1	144	452	0.44106
2048	3584	1	234	462	0.00000
2048	3584	1	400	420	0.00000
2048	3584	1	488	486	0.58432
2560	3584	1	2	390	1.15819
2560	3584	1	134	444	5.95113
2048	3584	1	326	460	0.00000
2560	3584	1	204	332	4.24683
2560	3584	1	242	404	4.50127
2560	3584	1	318	274	0.32540
2560	3584	1	392	300	3.70803
2560	3584	1	456	226	5.79667
2560	3584	1	484	364	2.19347
2560	3584	1	418	468	3.97908
2048	3072	1	392	156	2.21494
2048	3584	1	140	248	5.45656
2560	3072	1	230	210	2.33185
