1536	2560	1	336	512	5.30726
1536	2560	1	500	378	5.65634
1536	2560	1	430	410	2.60616
1536	2560	1	66	452	4.80645
1536	2560	1	218	472	1.06880
1024	2560	1	440	400	2.75330
1024	2560	1	204	484	1.12734
1024	2560	1	124	452	1.16420
1024	2560	1	58	392	3.94846
1024	2560	1	274	416	5.57738
1024	2560	1	56	122	2.66227
1024	2560	1	112	320	2.12186
1536	2560	1	234	358	2.03827
1024	2560	1	206	270	1.36435
1024	2560	1	302	326	4.67254
1024	2560	1	70	226	4.76528
1536	2560	1	410	164	4.01031
1536	2560	1	314	288	5.86324
1536	2560	1	472	238	0.00000
1536	2560	1	308	118	0.00000
1536	2560	1	376	76	3.23453
1536	2560	1	216	124	2.64901
1536	2560	1	166	254	5.90387
1536	2048	1	270	508	0.94965
1536	2560	1	488	8	3.24352
1536	2048	1	394	378	0.00000
1536	2048	1	274	418	3.04147
1536	2560	1	80	270	2.42296
1024	2560	1	484	204	1.11012
1536	2560	1	126	90	2.46084
1024	2048	1	454	460	0.87981
1536	2560	1	64	108	0.00000
1024	2560	1	378	224	4.00446
1024	2560	1	484	88	0.40403
1536	2048	1	72	446	3.64841
1536	2048	1	166	430	3.46469
1024	2560	1	314	34	1.05258
1536	2048	1	340	248	1.29774
1536	2048	1	238	300	5.64091
1536	2048	2	504	60	0.00000
1536	2048	1	200	114	0.85704
1536	2048	1	304	138	5.29216
1536	2048	2	276	78	0.00000
1536	2048	1	18	328	2.79971
1024	2048	1	460	220	3.65248
1536	2048	1	168	56	3.50296
1536	2048	1	98	10	3.29676
1536	2048	1	14	2	0.00000
1024	2048	1	482	122	1.78434
1536	2048	1	102	204	0.00000
1024	2048	1	266	0	0.00000
1024	2048	2	238	68	0.00000
1024	2048	1	152	90	2.76657
1024	2048	1	14	108	2.76638
1024	2048	1	136	236	3.01884
1024	2048	1	230	364	0.19964
1024	3072	1	418	134	6.13324
1024	3072	1	348	246	0.00000
1536	3072	1	98	244	0.00000
1536	3072	1	14	194	5.90686
1536	3072	1	388	126	0.00000
1536	3072	1	298	82	5.95976
1536	3072	1	490	66	6.15883
1536	3072	1	378	24	1.80899
1024	3072	1	288	96	5.43348
1024	3072	1	338	22	5.76078
1024	3072	1	146	74	0.99253
1024	3072	1	76	194	2.03386
1024	3072	1	190	160	0.43455
1024	3072	1	222	230	0.51714
1024	3072	1	280	242	3.59042
1536	3072	1	196	216	0.50652
1536	3072	1	188	90	1.29026
1024	3072	1	30	10	6.00265
1536	3072	1	168	4	0.45732
1536	3072	1	450	300	0.84441
1536	3072	1	510	308	0.81240
1536	3072	1	374	256	4.51279
1536	3072	1	168	348	4.18832
1536	3072	1	22	356	1.61805
1024	3072	1	438	436	5.62168
1024	3072	1	276	406	6.17831
1024	3072	1	130	322	4.69320
1024	3072	1	152	460	0.20860
1536	3072	1	226	382	0.72497
1536	3072	1	322	390	0.19539
1536	3072	2	374	452	0.00000
1536	3072	1	504	438	5.60230
1536	3072	1	436	454	3.38988
1536	3584	1	430	68	3.81756
1536	3584	2	468	110	0.00000
1536	3584	2	512	118	0.00000
1536	3072	1	102	468	3.46334
1536	3584	1	190	26	5.75643
1536	3072	1	262	510	0.00000
1536	3584	1	100	82	4.03007
1024	3584	1	256	54	1.56275
1024	3584	1	102	130	0.27952
1024	3584	1	34	58	0.31186
1024	3584	1	184	176	1.05165
1024	3584	1	334	190	1.25121
1024	3584	1	448	132	1.89121
1536	3584	1	58	228	2.49403
1536	3584	1	180	258	0.11583
1536	3584	1	272	222	2.31385
1536	3584	1	240	120	4.72236
1536	3584	1	374	184	1.52890
1536	3584	1	510	238	2.01452
1536	3584	1	360	330	4.68537
1024	3584	1	394	304	0.31790
1536	3584	1	18	324	1.94378
1536	3584	1	166	366	1.49674
1536	3584	1	446	308	5.69743
1536	3584	2	352	260	0.00000
1024	3584	1	304	302	5.98774
1024	3584	1	248	334	5.67896
1024	3584	1	98	326	0.84198
1024	3584	1	486	452	0.11352
1024	3584	1	112	500	2.59444
1536	3584	1	68	482	0.26482
1536	3584	1	182	484	0.17892
1536	3584	1	320	488	5.77368
1536	3584	1	494	428	1.12669
1024	3584	1	14	514	6.07840
2048	2560	2	172	364	0.00000
2048	2560	2	198	414	0.00000
2048	2560	2	314	420	0.00000
2048	2560	2	468	478	0.00000
2560	2560	2	312	484	0.00000
2560	2560	2	466	332	0.00000
2048	2560	2	378	88	0.00000
2048	2560	2	418	52	0.00000
2048	2048	2	206	502	0.00000
2048	2048	2	254	498	0.00000
2048	2560	2	224	148	0.00000
2048	2560	2	174	156	0.00000
2048	2560	2	318	200	0.00000
2048	2048	2	194	86	0.00000
2560	2560	2	282	6	0.00000
2560	2560	2	26	164	0.00000
2048	2560	2	440	320	0.00000
2048	2560	2	370	512	0.00000
2048	2048	1	110	64	0.00000
2048	2048	1	60	216	0.26776
2048	2048	1	166	252	5.63485
2048	2048	1	292	332	5.90044
2048	2048	1	170	394	0.00000
2048	2048	1	76	456	3.22431
2048	2560	1	100	92	5.74835
2048	2560	1	46	144	2.99094
2048	2048	1	366	440	4.92348
2048	2048	1	420	376	2.59368
2048	2048	1	504	330	5.03949
2048	2048	1	490	64	0.50272
2560	2048	1	8	208	5.88674
2560	2048	1	110	218	0.36654
2560	2048	1	170	202	0.40873
2560	2048	1	50	118	3.38354
2560	2048	1	218	32	2.33600
2560	2048	1	302	72	0.00000
2560	2048	1	284	204	4.91471
2560	2048	1	166	96	2.24276
2560	2048	1	494	174	0.97762
2560	2048	1	388	122	3.76774
2560	2048	1	220	276	4.35940
2560	2048	1	354	300	1.35731
2560	2048	1	466	348	1.26730
2560	2048	1	366	418	5.61851
2560	2048	1	188	476	0.78165
2048	2048	1	506	456	4.19623
2560	2560	1	90	26	2.02633
2048	2048	1	352	506	0.97790
2048	2560	1	424	130	3.22142
2048	2560	1	490	144	0.12105
2048	2560	1	314	124	5.05509
2560	2048	1	330	480	5.67935
2560	2560	1	434	60	0.85473
2560	2560	1	152	130	4.18991
2048	2560	1	172	260	1.89552
2048	2560	1	2	386	5.92583
2560	2560	1	308	180	6.05328
2560	2560	1	512	114	5.37414
2560	2560	1	40	224	0.70401
2560	2560	1	164	224	3.80640
2560	2560	1	354	378	6.13121
2560	2560	1	452	210	2.50313
2560	2560	1	268	296	5.44427
2560	2560	1	432	424	3.16266
2560	2560	1	512	422	4.15481
2560	2560	1	222	404	1.19951
2560	2560	1	56	456	0.36398
2560	2560	1	20	332	0.75915
2048	2560	1	384	352	5.58366
2048	2560	1	296	286	0.77179
2048	2560	1	210	478	4.91860
2048	2560	1	102	512	2.67795
2048	2560	1	42	296	5.87284
2048	2048	2	410	2	0.00000
2560	2048	2	128	0	0.00000
2560	2560	1	372	512	0.01502
2560	2048	2	430	460	0.00000
2560	2560	2	512	14	0.00000
2560	2048	1	512	458	3.98692
3584	2560	1	382	512	0.36024
3584	2560	1	176	496	2.10376
3072	2560	2	468	166	0.00000
3584	2560	1	66	402	3.41702
3072	2560	1	484	472	3.40262
3584	2560	1	178	406	4.60222
3072	2560	1	246	324	2.86904
3072	2560	1	440	262	5.22413
3584	2560	1	298	308	3.15529
3072	2560	1	168	426	1.30402
3072	2560	1	362	482	0.00000
3584	2560	1	194	180	6.21088
3072	2560	1	22	368	3.84546
3072	2560	1	444	356	1.82918
3072	2560	1	294	454	3.82442
3584	2560	1	424	430	5.56895
3584	2560	1	268	488	5.62359
3584	2560	1	474	330	0.17985
3584	2560	2	332	446	0.00000
3584	2560	2	396	238	0.00000
3584	2560	1	142	244	5.98469
3584	2560	1	28	252	2.99744
3072	2560	1	278	182	0.19580
3072	2560	1	204	186	0.48072
3072	2560	2	160	72	0.00000
3072	2560	1	118	144	2.92324
3072	2560	1	380	128	1.40240
3072	2560	1	350	274	3.37601
3584	2560	1	296	132	3.95728
3584	2560	1	376	158	3.95597
3584	2560	1	432	32	3.83780
3584	2560	1	486	180	3.90745
3584	2560	1	40	134	4.96971
3584	2560	1	48	38	5.41938
3584	2560	1	264	58	1.37340
3584	2048	1	378	456	3.18066
3584	2048	1	232	468	3.79311
3584	2048	1	92	482	4.33834
3584	2048	1	92	404	4.11157
3072	2560	1	416	60	4.72249
3072	2560	1	240	40	1.79322
3072	2048	1	446	430	2.99650
3072	2048	1	352	452	3.27712
3072	2048	1	216	440	0.99123
3072	2048	1	358	62	5.58034
3584	2048	1	12	170	3.70549
3072	2048	1	76	28	0.00000
3072	2048	1	212	22	4.93003
3072	2048	1	234	112	4.76597
3072	2048	2	112	126	0.00000
3072	2048	1	66	250	2.82540
3072	2048	1	340	318	2.07878
3584	2048	1	174	236	5.42136
3584	2048	1	466	50	0.00000
3584	2048	1	390	86	0.00000
3584	2048	1	260	80	3.71163
3584	2048	1	136	116	0.68098
3584	2048	1	66	298	5.97210
3584	2048	1	384	226	5.38469
3072	2048	1	320	210	2.87495
3072	2048	1	154	376	4.39064
3072	2048	1	498	336	2.99970
3072	2048	1	430	224	3.73821
3072	2048	1	48	414	4.06313
3072	2560	1	10	160	1.85858
3072	3072	2	426	252	0.00000
3584	3072	2	6	204	0.00000
3584	3072	2	246	146	0.00000
3072	3584	2	122	150	0.00000
3584	3072	2	358	334	0.00000
3072	3072	2	374	52	0.00000
3072	3072	1	196	48	5.72250
3072	3072	1	84	70	2.71740
3072	3072	1	10	132	2.23227
3072	3072	1	160	230	2.52530
3072	3072	1	138	352	6.16140
3072	3072	1	274	200	1.58501
3072	3072	1	410	148	0.31394
3072	3072	1	488	88	0.36007
3584	3072	1	108	38	1.86564
3072	3072	1	58	382	0.58800
3072	3072	1	178	178	3.43614
3072	3584	1	44	8	4.15682
3072	3584	1	52	106	0.95336
3072	3584	1	170	80	0.00000
3072	3072	1	266	486	3.14817
3072	3072	1	186	436	3.58717
3584	3072	1	84	296	0.00000
3072	3072	1	316	304	3.85930
3072	3072	1	384	372	3.86689
3072	3072	1	472	438	0.00000
3584	3072	1	24	414	0.00000
3584	3072	1	118	454	5.95405
3584	3072	1	188	406	5.53602
3584	3072	1	258	378	5.64578
3584	3072	1	36	134	3.31924
3072	3584	1	358	50	2.09223
3072	3584	1	298	100	2.27800
3072	3584	1	226	206	0.97981
3584	3072	1	378	20	0.22619
3584	3072	1	304	198	1.61764
3584	3072	1	418	126	0.86630
3584	3072	1	508	168	4.68568
3584	3072	1	462	256	5.52001
3584	3072	1	342	274	4.02757
3584	3072	1	238	258	5.15238
3584	3072	1	226	54	5.70218
3584	3072	1	440	356	3.59156
3072	3584	1	468	44	0.94621
3584	3584	1	20	88	0.33597
3584	3584	1	74	136	0.37089
3584	3584	1	148	76	0.21867
3584	3584	1	256	12	2.16388
3584	3072	1	314	470	1.26949
3584	3072	1	412	486	1.23670
3584	3584	1	458	84	5.78149
3584	3584	1	338	212	3.61426
3072	3584	1	402	134	1.54449
3072	3584	1	400	200	1.41085
3584	3584	1	134	204	0.00000
3584	3584	1	228	116	4.00241
3584	3584	1	330	102	3.26954
3584	3584	1	470	234	3.80819
3584	3584	1	356	310	3.91869
3584	3584	1	28	254	0.42020
3584	3584	1	200	290	3.42789
3584	3584	1	258	242	0.00000
3584	3584	1	406	150	6.08728
3072	3584	1	208	368	0.41094
3072	3584	1	28	288	2.36458
3072	3584	1	140	466	3.03826
3072	3584	1	302	400	3.47248
3072	3584	1	374	376	0.73915
3072	3584	1	324	280	1.97472
3072	3584	1	494	366	4.63428
3072	3584	1	464	458	5.80998
3584	3584	1	118	318	2.43667
3072	3584	1	430	270	2.17556
3072	3072	1	408	442	3.51696
3584	3584	1	280	396	5.71646
3584	3584	1	424	380	4.09129
3072	3584	1	218	512	0.51630
3584	3072	1	156	244	2.68750
3072	3072	1	0	240	4.67669
3584	3072	1	360	116	1.67719
3584	3072	1	512	364	0.47776
2048	3584	1	314	310	5.79646
2048	3584	1	166	478	5.80535
2048	3584	1	66	328	0.95112
2048	3584	1	144	98	2.74307
2048	3584	1	184	298	3.35397
2048	3584	1	204	408	5.55389
2048	3584	1	432	236	3.64087
2560	3584	1	32	494	6.00103
2560	3584	1	112	366	4.86376
2560	3584	1	24	196	0.48108
2048	3584	1	4	208	5.54234
2048	3584	1	54	140	2.05424
2048	3584	1	452	354	5.07956
2048	3584	1	342	468	5.96999
2560	3584	1	124	446	1.78137
2560	3584	1	252	448	5.96998
2560	3584	1	158	502	4.67181
2560	3584	1	4	116	0.34487
2560	3584	1	70	258	3.86505
2048	3584	1	288	134	0.00000
2560	3584	1	344	416	5.74282
2048	3584	1	212	46	5.36415
2048	3584	1	360	190	0.00000
2048	3584	1	186	198	1.15839
2560	3584	1	428	470	0.38610
2560	3584	1	512	266	2.02720
2560	3584	1	494	512	0.46763
2560	3584	1	388	358	6.03063
2560	3584	1	258	312	1.32255
2560	3584	1	470	338	2.16603
2560	3584	1	412	206	0.24047
2560	3584	1	202	222	1.62072
2560	3584	1	512	16	0.64350
2560	3584	1	316	180	0.00000
2560	3584	1	512	122	0.73450
2560	3584	1	440	42	6.11270
2560	3584	1	218	142	3.96068
2560	3584	1	170	106	4.02653
2048	3072	1	4	438	5.90117
2048	3072	2	156	482	0.00000
2560	3072	2	94	432	0.00000
2560	3072	2	136	70	0.00000
2560	3072	2	222	132	0.00000
2560	3072	2	106	228	0.00000
2048	3072	2	454	284	0.00000
2048	3072	2	310	432	0.00000
2560	3072	2	350	238	0.00000
2560	3584	1	330	68	2.32495
2560	3584	1	178	26	1.73397
2560	3072	1	212	454	5.74608
2560	3072	1	298	420	5.11455
2048	3072	1	296	494	4.39265
2048	3584	1	360	42	3.91494
2048	3072	1	62	284	1.09492
2048	3072	2	46	374	0.00000
2048	3072	1	200	376	1.11472
2048	3072	1	478	390	5.85663
2560	3072	1	34	402	4.44772
2560	3072	1	180	368	0.29850
2560	3072	1	400	322	3.54544
2560	3072	1	488	326	0.42976
2560	3072	1	480	224	5.13323
2560	3072	1	284	290	3.04165
2560	3072	1	336	158	4.63602
2560	3072	1	496	106	2.06052
2560	3072	1	356	46	0.00000
2048	3072	1	392	404	2.72200
2560	3072	1	58	278	6.02491
2560	3072	1	132	162	2.36082
2048	3072	1	70	0	0.00000
2048	3072	1	6	56	0.00000
2048	3072	1	98	100	0.35454
2048	3072	1	184	186	4.32080
2048	3072	1	282	232	3.96142
2048	3072	2	212	272	0.00000
2048	3072	1	354	272	0.50882
2048	3072	1	378	136	5.62921
2048	3072	1	478	190	2.72830
2560	3072	1	2	94	5.73394
2048	3072	1	404	60	2.59190
2560	3072	1	50	0	0.00000
2560	3584	1	322	512	0.00000
