1024	2048	1	324	84	5.27170
1024	2048	1	238	374	0.31733
1024	2048	1	200	72	0.45393
1024	2048	1	56	124	2.04724
1536	2048	1	16	16	0.22292
1536	2048	1	4	220	2.99422
1536	2048	1	228	140	0.00000
1024	2048	1	88	224	1.23340
1024	2560	1	266	40	0.92245
1024	2560	1	478	72	2.27598
1536	2048	1	146	408	0.00000
1536	2048	1	224	490	2.56521
1536	2048	1	278	354	4.62784
1536	2048	1	324	218	4.14318
1536	2560	1	104	84	0.84680
1536	2048	1	380	334	2.25783
1536	2048	1	458	256	3.20025
1536	2048	1	352	72	5.43636
1536	2048	1	446	98	5.81868
1024	2560	1	76	132	2.93301
1024	2560	1	300	286	4.92300
1536	2048	1	318	508	3.56689
1536	2048	1	418	508	3.83848
1024	2560	1	482	262	2.17676
1024	2560	1	60	268	0.52131
1024	2560	1	174	110	3.11678
1536	2560	1	78	202	1.17331
1536	2560	1	160	172	0.00000
1536	2560	1	262	220	5.52244
1536	2560	1	350	188	3.03702
1536	2560	1	406	158	0.00000
1536	2560	1	508	112	5.91494
1024	2560	1	220	446	2.52957
1024	2560	1	352	388	1.67347
1536	2560	1	36	426	5.13658
1536	2560	1	246	346	5.91815
1536	2560	1	374	334	1.15330
1536	2560	1	98	346	2.57680
1024	2560	1	354	490	4.45258
1024	2560	1	440	314	2.13634
1536	2560	1	168	408	2.80599
1536	2048	1	102	62	0.00000
1536	2048	1	234	44	0.00000
1536	2048	1	500	66	2.71072
1024	2560	1	232	282	1.50672
1536	2560	1	402	430	1.82627
1024	2560	1	136	328	3.28426
1024	2560	1	62	482	3.57478
1536	2560	1	292	476	2.34038
1536	2560	1	512	356	1.78708
1024	3072	1	38	114	4.44519
1024	3072	1	184	64	1.54224
1024	3072	1	302	150	5.88426
1024	3072	1	158	200	3.05189
1024	3072	1	78	220	0.15840
1024	3072	1	82	372	3.58525
1024	3072	1	218	402	2.62166
1024	3072	1	298	392	5.40788
1024	3072	1	232	242	0.17356
1024	3072	1	82	470	1.49046
1024	3072	1	188	492	2.75757
1024	3584	1	92	130	0.82386
1024	3584	1	28	36	5.46336
1024	3584	1	128	288	0.25457
1024	3584	1	40	392	2.05074
1024	3584	1	296	426	0.22065
1024	3584	1	454	406	0.29188
1536	3584	1	58	440	0.00000
1536	3584	1	172	418	0.42187
1536	3584	1	248	392	0.38142
1536	3584	1	286	494	0.00000
1536	3584	1	484	480	0.11826
1536	3584	1	410	390	4.00876
1024	3584	1	476	294	0.73731
1536	3584	1	124	310	1.63180
1024	3584	1	332	244	5.75994
1024	3584	1	268	272	2.00038
1024	3584	1	218	134	5.93982
1024	3584	1	336	126	1.49292
1024	3584	1	296	2	0.93710
1024	3584	1	386	32	1.46645
1024	3072	1	440	490	1.57745
1024	3072	1	342	276	0.56064
1024	3584	1	474	80	3.93951
1024	3584	1	456	168	4.46560
1536	3584	2	36	208	0.00000
1536	3584	1	118	186	5.25298
1024	3072	1	474	374	0.91353
1536	3072	1	30	410	3.76995
1024	3072	1	420	76	2.48369
1024	3072	1	502	176	3.41621
1536	3072	1	64	294	5.29914
1536	3072	1	164	276	5.38866
1536	3072	1	138	424	5.12272
1536	3584	1	280	10	2.73955
1536	3584	2	368	60	0.00000
1536	3584	1	292	156	0.95466
1536	3072	1	302	250	2.96951
1536	3072	1	172	160	1.54078
1536	3072	1	134	76	4.44002
1536	3072	1	184	8	2.00607
1536	3072	2	268	40	0.00000
1536	3072	1	402	46	0.46073
1536	3072	1	306	152	5.45069
1536	3072	1	416	158	4.39350
1536	3072	2	512	140	0.00000
1536	3072	2	496	20	0.00000
1536	3072	1	430	330	0.24434
1536	3072	1	268	406	4.70377
1536	3072	2	370	448	0.00000
1536	3072	1	406	510	4.85641
1536	3584	1	406	132	0.20876
1536	3584	2	478	110	0.00000
1536	3072	2	502	486	0.00000
1536	3584	1	308	314	2.18158
1536	3584	1	396	240	4.76424
2560	2560	1	432	464	4.91693
2560	2560	1	106	442	1.85483
2048	2560	1	464	420	1.10715
2048	2560	1	356	512	1.99742
2560	2560	1	146	372	4.35607
2560	2560	1	364	264	0.11781
2048	2560	1	404	244	1.82812
2560	2560	1	458	374	2.54242
2560	2560	1	500	206	1.71535
2560	2560	1	18	266	3.50293
2560	2560	1	124	242	5.55533
2048	2560	1	446	288	0.00000
2048	2560	1	88	226	0.59620
2560	2560	1	430	106	2.00222
2048	2560	1	148	286	0.62143
2048	2560	1	24	132	5.76154
2048	2560	1	114	30	4.46741
2048	2560	1	256	86	5.13902
2048	2560	1	344	16	4.31760
2560	2560	1	168	116	1.01220
2560	2560	1	302	140	3.49885
2560	2560	1	482	4	3.20186
2560	2048	1	458	384	2.09909
2048	2560	1	250	462	3.56137
2048	2560	1	328	336	0.76905
2048	2048	1	110	462	3.92699
2560	2560	1	20	62	3.87931
2560	2560	1	250	500	5.90136
2048	2560	1	146	512	0.59277
2560	2560	2	310	490	0.00000
2560	2560	2	14	490	0.00000
2048	2560	2	202	416	0.00000
2048	2560	2	166	354	0.00000
2048	2560	2	330	208	0.00000
2048	2560	2	168	142	0.00000
2048	2560	2	226	156	0.00000
2560	2560	2	286	10	0.00000
2048	2560	2	322	420	0.00000
2048	2560	2	402	166	0.00000
2560	2560	2	26	160	0.00000
2048	2560	2	408	56	0.00000
2560	2048	2	286	386	0.00000
2048	2560	1	34	342	1.52925
2560	2048	1	204	454	2.10503
2048	2048	1	196	318	3.24017
2048	2048	1	284	264	5.38930
2048	2048	1	376	144	2.77744
2560	2048	1	44	68	0.00000
2560	2048	1	194	92	0.00000
2560	2048	1	310	90	0.00000
2560	2048	1	102	246	5.77887
2048	2048	2	500	62	0.00000
2048	2048	1	172	78	4.85864
2048	2048	1	24	254	0.19064
2048	2048	1	44	382	4.79553
2048	2048	1	462	390	6.00571
2048	2048	1	454	150	5.96808
2560	2048	1	492	64	4.82561
2560	2048	1	444	260	0.00000
2560	2048	1	378	248	3.14159
2560	2048	1	406	136	1.99880
2560	2048	1	236	186	4.25572
2560	2048	1	276	308	1.75336
2560	2048	1	64	354	4.77918
2048	2048	1	374	426	4.66830
2048	2048	2	400	12	0.00000
2560	2048	1	88	130	3.77148
2048	2048	2	18	34	0.00000
3072	2048	1	16	90	1.88370
3072	2048	2	114	18	0.00000
3072	2048	1	36	28	2.01052
3072	2048	1	168	56	3.98201
3072	2048	1	300	62	2.07197
3584	2048	1	34	46	2.27598
3584	2048	1	130	44	3.42227
3584	2048	1	224	100	3.94417
3584	2048	1	384	84	0.00000
3584	2048	1	472	70	0.00000
3584	2048	2	226	12	0.00000
3072	2048	2	106	114	0.00000
3072	2048	1	28	178	5.51148
3072	2048	1	198	216	4.61793
3072	2048	1	260	160	4.68914
3072	2048	1	450	152	5.31872
3584	2048	1	200	324	2.68816
3072	2048	2	116	364	0.00000
3584	2048	1	118	134	0.00000
3584	2048	1	360	220	5.42283
3584	2048	1	316	288	2.76805
3584	2048	1	76	314	2.18678
3072	2048	1	350	252	2.86298
3072	2048	1	430	270	2.76137
3072	2048	1	178	302	4.90619
3072	2048	1	28	314	5.76967
3072	2048	1	104	472	1.26871
3072	2048	1	216	468	6.11719
3072	2048	1	350	422	2.06406
3072	2048	1	454	406	5.44210
3584	2048	1	36	360	5.13271
3584	2048	1	218	466	2.14312
3584	2048	1	100	470	1.19453
3584	2048	1	348	466	3.41934
3072	2560	1	76	56	4.19696
3072	2560	1	150	128	2.76035
3072	2560	1	222	108	0.00000
3072	2560	1	342	64	4.07755
3072	2560	1	446	20	2.72515
3584	2560	1	56	40	4.84001
3584	2560	1	22	110	5.57141
3072	2560	1	358	192	4.92415
3072	2560	2	430	120	0.00000
3072	2560	2	458	176	0.00000
3584	2560	1	32	218	1.98206
3584	2560	1	124	226	2.89641
3584	2560	1	178	68	3.68587
3584	2560	1	296	64	1.06901
3584	2560	1	398	52	3.14900
3584	2560	1	450	4	2.57894
3584	2048	1	512	472	5.28121
3584	2048	1	512	110	0.00000
3584	2560	1	470	132	4.08831
3584	2560	1	488	190	4.22243
3072	2560	1	252	250	5.04761
3072	2560	1	44	216	1.41460
3072	2560	1	118	274	3.05098
3072	2560	1	38	368	6.00343
3072	2560	1	266	348	2.51280
3072	2560	1	148	376	5.59585
3072	2560	1	210	468	6.19518
3584	2560	1	246	324	0.70701
3584	2560	1	206	162	1.33768
3584	2560	1	314	246	1.96542
3584	2560	1	216	260	0.27896
3584	2560	1	388	210	2.71679
3584	2560	2	338	442	0.00000
3584	2560	2	264	458	0.00000
3584	2560	1	44	358	1.59061
3072	2560	1	412	364	5.83556
3072	2560	1	510	468	1.00130
3584	2560	1	394	412	2.70192
3072	2560	1	290	452	0.00000
3072	2560	1	348	512	0.00000
3584	2560	1	92	496	4.16449
3584	2560	1	456	402	2.86997
3584	2560	1	462	276	1.11506
3584	2560	1	512	342	2.74732
3584	2560	1	470	496	4.16227
3584	2560	1	268	508	3.94779
3072	3072	1	54	80	4.80199
3072	3072	1	90	270	4.52858
3072	3072	1	230	156	2.69260
3072	3072	1	172	214	2.66158
3072	3072	1	334	48	0.24017
3072	3072	1	404	70	0.00000
3072	3072	1	68	440	0.50710
3072	3072	1	96	512	1.15473
3072	3584	1	186	46	1.40068
3072	3584	1	120	248	2.23134
3072	3584	1	86	450	1.11743
3072	3584	1	26	264	0.00000
3072	3584	1	98	358	2.53931
3072	3072	1	218	298	4.49586
3072	3072	1	250	350	1.51756
3072	3072	1	210	446	2.20783
3072	3072	1	350	192	5.73257
3072	3072	1	458	194	5.04741
3584	3072	1	14	120	0.00000
3584	3072	1	160	76	3.14390
3584	3072	1	244	36	3.60318
3584	3072	1	374	36	5.35216
3072	3072	1	422	294	1.02918
3072	3072	1	334	450	3.62426
3072	3072	1	448	380	3.72852
3072	3072	1	454	492	3.90261
3072	3584	1	326	70	4.13222
3072	3584	1	386	184	5.21711
3072	3584	1	276	210	2.58748
3072	3584	1	198	260	6.18540
3072	3584	1	272	378	0.19205
3584	3584	1	56	18	0.81341
3584	3072	1	38	302	3.56822
3584	3072	1	114	306	4.12308
3584	3072	1	174	358	1.22203
3584	3072	1	76	434	4.61636
3584	3072	1	208	184	0.97211
3584	3072	1	266	256	4.59388
3584	3072	1	450	96	3.70887
3584	3072	1	490	166	3.35264
3584	3072	1	402	228	2.33018
3584	3072	1	404	322	2.14607
3584	3072	1	270	364	0.51577
3584	3072	1	364	424	1.40565
3584	3072	1	330	494	2.13056
3584	3584	1	38	152	0.00000
3584	3584	1	174	26	1.23021
3584	3072	1	452	496	0.55205
3584	3584	1	346	100	1.56343
3584	3584	1	462	116	1.31019
3584	3584	1	494	176	4.62195
3584	3584	1	286	182	5.50454
3072	3584	1	382	266	2.16122
3072	3584	1	406	352	2.09945
3072	3584	1	378	418	2.53400
3072	3584	1	512	322	5.75146
3584	3584	1	206	222	1.87921
3584	3584	1	70	248	0.55166
3584	3584	1	102	304	2.89364
3584	3584	1	244	314	2.12126
3584	3584	1	372	256	1.26791
3584	3584	1	320	390	2.80487
3584	3584	1	388	330	4.46280
3584	3584	1	426	392	4.65473
3584	3584	1	500	320	5.64816
3584	3584	1	32	446	0.00000
3584	3584	1	106	398	5.39159
3072	3072	2	202	26	0.00000
3072	3584	1	154	512	5.91921
3072	3584	1	22	114	1.26149
2048	3072	1	132	42	0.49500
2048	3072	1	100	178	4.07624
2048	3072	1	226	160	5.72459
2048	3072	1	296	90	5.93817
2048	3072	1	462	68	3.90549
2560	3072	1	78	56	0.81242
2560	3072	1	218	74	5.85342
2560	3072	2	142	76	0.00000
2048	3072	2	158	484	0.00000
2560	3072	2	102	226	0.00000
2560	3072	1	378	176	2.23511
2560	3072	1	416	60	5.53049
2048	3072	1	396	288	5.79520
2048	3072	2	304	270	0.00000
2048	3072	1	52	256	4.40715
2048	3072	1	208	372	4.67148
2048	3072	1	60	402	0.00000
2048	3584	1	40	12	5.83196
2048	3072	1	358	406	3.61922
2048	3584	1	342	62	4.68920
2048	3584	2	200	60	0.00000
2048	3584	1	60	244	3.51884
2048	3584	1	170	254	4.44779
2048	3584	1	278	164	0.43926
2048	3584	1	380	168	0.85024
2048	3072	1	458	452	6.11204
2048	3072	1	484	264	2.96350
2560	3072	1	58	348	0.00000
2560	3072	1	156	324	0.38769
2560	3072	1	306	306	2.33161
2560	3072	1	452	284	0.56435
2560	3072	1	248	388	4.90197
2560	3072	1	438	508	3.08718
2560	3584	1	332	22	5.39844
2560	3072	1	74	488	2.16559
2560	3072	2	114	414	0.00000
2560	3584	1	156	24	3.31378
2560	3584	1	278	86	5.60179
2560	3072	2	226	480	0.00000
2560	3584	1	202	132	3.05294
2560	3584	1	96	120	2.68552
2560	3584	1	16	178	0.64350
2048	3584	1	512	72	0.77869
2560	3584	1	370	162	0.31423
2560	3584	1	260	218	3.88939
2048	3584	1	378	268	5.00385
2048	3584	1	126	364	3.37844
2048	3584	1	170	468	0.00000
2048	3584	1	236	452	0.00000
2048	3584	1	368	416	5.90268
2560	3584	1	106	404	5.94588
2048	3584	1	502	476	1.04856
2048	3584	1	498	390	0.85702
2560	3584	1	4	278	2.14445
2560	3584	1	86	220	3.13407
2560	3584	1	156	242	3.23404
2560	3584	1	214	338	3.78509
2560	3584	1	432	312	0.34302
2560	3584	1	326	392	4.84459
2048	3584	1	284	378	2.78015
2560	3584	1	480	368	3.35899
2560	3584	1	494	148	0.63361
2560	3584	1	358	286	3.51973
2560	3584	2	428	460	0.00000
2048	3072	2	196	226	0.00000
2560	3072	1	2	150	2.94866
2048	3072	2	36	110	0.00000
2560	3072	2	288	46	0.00000
