1536	2560	1	164	368	0.00000
1536	2560	1	478	260	5.99365
1024	2560	1	28	404	0.00000
1536	2560	1	426	354	4.17510
1536	2560	1	44	424	5.48521
1024	2560	1	152	220	4.62709
1024	2560	1	272	436	5.91587
1024	2560	1	310	314	4.74921
1024	2560	1	164	498	0.91529
1536	2560	1	258	358	0.90296
1536	2560	1	212	214	0.54042
1024	2560	1	70	256	1.69837
1536	2560	1	90	352	4.76519
1024	2560	1	504	292	2.09217
1024	2560	1	226	288	1.77829
1024	2560	1	82	136	3.29162
1536	2560	1	288	234	5.86051
1024	2560	1	120	360	5.67764
1536	2560	1	346	484	0.00000
1024	2560	1	374	510	2.44574
1536	2560	1	394	102	3.73667
1536	2560	1	322	96	3.34174
1536	2560	1	80	222	2.26201
1536	2560	1	442	512	0.66978
1024	2048	2	58	466	0.00000
1536	2560	1	194	88	0.94522
1536	2560	1	480	108	3.80080
1024	2560	1	356	172	3.35269
1536	2560	1	76	86	6.03405
1024	2560	1	498	90	0.58196
1536	2560	1	384	232	2.85262
1536	2048	1	176	410	2.98765
1024	2560	1	430	384	2.76834
1024	2560	1	288	42	0.81414
1024	2048	1	242	354	0.60780
1536	2048	1	234	312	2.43337
1536	2048	1	460	396	2.98168
1536	2048	1	368	384	3.06731
1536	2048	1	274	462	1.05618
1536	2048	1	68	496	1.72936
1536	2048	1	102	370	3.10712
1536	2048	1	26	292	3.18771
1536	2048	1	96	174	6.10759
1536	2048	1	404	68	4.85429
1536	2048	2	490	68	0.00000
1536	2048	1	252	68	5.33036
1536	2048	1	208	118	0.00000
1536	2048	1	328	192	4.34432
1024	2048	1	492	200	3.48046
1536	2048	1	24	0	0.00000
1024	2048	1	346	0	0.00000
1024	2048	1	202	46	0.00000
1024	2048	1	32	56	4.57375
1024	2048	1	88	246	1.56087
1024	2048	1	174	158	1.41057
1024	2560	1	12	44	1.32035
1024	2560	2	352	450	0.00000
1024	2048	1	110	14	2.57635
1536	3584	1	498	272	1.37359
1024	3584	1	282	250	1.57022
1536	3584	1	74	106	2.35565
1536	3584	1	472	434	2.25155
1536	3072	1	476	426	3.82078
1536	3584	1	374	312	4.77545
1536	3584	1	190	260	5.84662
1536	3584	1	48	448	0.67839
1024	3584	1	280	416	0.00000
1536	3584	1	338	478	5.91221
1536	3072	1	196	486	0.63787
1024	3584	1	144	448	0.00000
1024	3584	1	482	400	0.44389
1536	3584	1	164	480	0.00000
1024	3584	1	90	94	0.37872
1536	3072	1	112	466	3.66110
1536	3072	1	368	364	0.42852
1024	3584	1	194	346	0.00000
1024	3584	1	390	280	0.00000
1536	3584	1	112	288	3.05333
1536	3584	1	50	220	2.30093
1024	3584	1	470	268	2.44766
1536	3072	1	496	278	4.02912
1536	3584	1	296	236	4.79771
1024	3584	1	30	490	5.67606
1024	3584	1	248	52	0.00000
1024	3584	1	58	46	0.39710
1024	3072	1	394	498	1.74023
1024	3584	1	68	334	2.01546
1536	3072	1	314	306	0.48758
1536	3584	1	296	188	4.65495
1536	3584	1	176	128	2.92593
1536	3584	1	260	118	1.49690
1536	3584	1	448	20	4.88850
1536	3584	1	262	32	4.30495
1024	3584	1	64	204	4.09871
1536	3072	1	248	236	3.75096
1536	3584	1	512	388	2.54215
1536	3072	1	104	260	2.20098
1024	3072	1	416	276	2.33229
1024	3072	1	112	354	0.22849
1024	3072	1	6	436	0.00000
1536	3584	2	466	104	0.00000
1536	3584	2	352	42	0.00000
1536	3072	2	372	464	0.00000
1024	3584	2	174	28	0.00000
1024	3072	1	186	410	2.12417
1024	3072	1	198	310	0.00000
1024	3072	1	308	256	0.00000
1024	3072	1	40	214	2.72822
1024	3072	1	26	310	2.45440
1536	3072	1	460	72	5.07857
1536	3072	1	446	158	2.53179
1536	3072	1	372	186	5.38776
1536	3072	1	440	4	0.00000
1536	3072	1	336	8	0.00000
1536	3072	1	210	164	3.65777
1536	3072	1	204	38	0.00000
1536	3072	1	108	48	0.68840
1536	3072	1	2	164	5.73457
1024	3072	1	414	152	1.86802
1024	3072	2	474	32	0.00000
1024	3072	1	388	20	2.12331
1024	3072	1	278	86	5.54589
1024	3072	1	258	212	2.85349
1024	3072	1	154	180	0.00000
1024	3072	1	178	96	0.76313
1024	3072	1	116	8	0.70782
1024	3072	2	512	294	0.00000
1536	3584	2	246	356	0.00000
1536	3584	2	308	372	0.00000
2048	2560	1	494	434	1.21031
2560	2560	1	182	424	0.00000
2048	2560	1	260	298	0.54475
2048	2560	1	484	236	1.49545
2560	2560	1	86	438	0.00000
2560	2560	1	84	306	4.85117
2560	2560	1	256	314	5.47111
2560	2560	1	286	64	1.61756
2560	2560	1	374	256	4.57167
2560	2560	1	470	102	2.93512
2048	2560	1	360	490	5.68884
2048	2560	1	444	120	3.94325
2560	2048	1	234	452	1.88443
2560	2560	1	140	162	3.75997
2048	2560	1	364	324	0.00000
2560	2560	1	354	152	1.58808
2560	2048	1	42	458	4.39711
2048	2560	1	258	502	2.48878
2048	2560	1	194	62	0.88608
2560	2560	1	226	124	0.00000
2048	2560	1	296	126	5.37796
2560	2560	1	384	10	5.45061
2560	2560	1	108	34	2.07249
2048	2560	1	98	508	3.08139
2560	2048	1	402	432	4.51030
2560	2048	1	466	330	0.79994
2560	2048	1	316	300	0.82214
2048	2048	1	384	474	5.85312
2560	2048	1	498	200	0.00000
2560	2048	1	394	154	4.31915
2048	2560	1	42	404	0.00000
2560	2560	1	444	512	3.34681
2560	2560	1	442	414	3.96209
2048	2560	1	132	264	3.39457
2048	2560	1	32	142	0.00000
2560	2560	1	252	462	2.66064
2560	2560	2	470	334	0.00000
2560	2560	2	323	487	0.00000
2560	2560	2	24	472	0.00000
2048	2560	2	460	502	0.00000
2048	2560	2	316	420	0.00000
2048	2560	2	192	416	0.00000
2048	2560	2	170	366	0.00000
2048	2560	2	162	148	0.00000
2048	2560	2	234	156	0.00000
2048	2560	2	310	212	0.00000
2048	2560	2	442	320	0.00000
2560	2560	2	18	156	0.00000
2048	2560	2	410	58	0.00000
2048	2560	2	378	100	0.00000
2560	2048	2	302	394	0.00000
2560	2048	1	458	36	0.00000
2560	2048	1	386	36	0.00000
2560	2048	1	318	68	0.00000
2560	2048	1	170	96	0.00000
2560	2048	1	218	234	5.61714
2560	2048	1	114	258	0.00000
2560	2048	1	74	114	1.58361
2048	2048	1	512	32	1.79272
2048	2048	2	394	14	0.00000
2560	2048	1	138	0	0.00000
2048	2048	1	100	34	0.00000
2048	2048	1	426	146	0.64674
2048	2048	1	496	398	4.79714
2048	2048	1	374	322	2.88626
2048	2048	1	280	310	0.00000
2048	2048	1	150	90	0.00000
2048	2048	1	170	382	3.34154
2048	2048	2	214	498	0.00000
2048	2048	1	54	494	3.31750
2048	2048	1	162	258	6.04576
2048	2048	1	64	224	0.00000
2560	2048	1	512	442	4.74184
2560	2560	2	512	18	0.00000
3072	2048	1	368	72	4.66931
3072	2048	1	194	44	4.29458
3072	2048	1	214	114	4.59906
3072	2048	1	84	48	0.39756
3072	2048	1	76	178	5.56272
3072	2048	1	324	234	2.87013
3072	2048	1	420	258	3.70216
3584	2048	1	42	62	3.26783
3584	2048	1	162	136	6.22914
3584	2048	1	246	108	3.81814
3584	2048	1	388	92	5.96019
3584	2048	1	458	54	0.00000
3584	2048	1	218	262	5.17356
3584	2048	1	376	214	5.22614
3584	2048	1	512	222	1.92377
3072	2048	1	298	338	2.33113
3072	2048	1	76	334	4.81935
3072	2048	1	206	384	4.81177
3072	2048	1	498	330	3.10435
3584	2048	2	60	312	0.00000
3584	2048	1	382	450	2.49517
3584	2048	1	60	426	3.88890
3072	2048	1	452	440	2.57176
3072	2048	1	352	476	1.86599
3072	2048	1	154	504	0.00000
3072	2048	1	42	440	4.05861
3072	2560	1	340	56	4.28256
3072	2560	1	84	60	3.33516
3072	2560	2	236	18	0.00000
3072	2560	2	162	72	0.00000
3072	2560	1	136	162	0.86571
3072	2560	1	234	202	1.50173
3072	2560	1	362	134	1.14379
3072	2560	1	500	66	2.49325
3584	2048	1	100	492	4.44367
3584	2560	1	218	4	0.24712
3584	2560	1	450	62	3.44654
3584	2560	1	320	70	4.95389
3584	2560	1	126	122	3.57945
3072	2560	1	258	324	3.02945
3072	2560	1	352	250	3.27372
3072	2560	1	372	482	0.00000
3072	2560	2	164	401	0.00000
3072	2560	1	204	512	0.27458
3072	2560	1	384	372	5.25945
3072	2560	1	490	422	3.18429
3072	2560	1	424	258	3.23388
3072	2560	2	468	182	0.00000
3072	2560	2	446	130	0.00000
3584	2560	1	32	196	0.00000
3584	2560	1	142	228	3.56345
3584	2560	1	204	190	6.02345
3584	2560	1	274	186	6.09230
3584	2560	1	370	190	3.58117
3584	2560	2	344	136	0.00000
3584	2560	1	486	224	3.07130
3584	2560	1	430	304	6.07003
3584	2560	1	102	392	0.12081
3584	2560	1	30	512	0.94496
3584	2560	1	14	342	5.66582
3584	2560	1	268	294	1.44016
3584	2560	1	194	384	5.70011
3584	2560	1	188	504	2.60661
3584	2560	1	274	470	3.71645
3584	2560	2	350	459	0.00000
3584	2560	1	376	372	5.22885
3584	2560	1	512	444	1.38655
3584	3584	1	512	390	1.42893
3584	3584	1	512	456	2.36509
3584	3584	1	430	346	4.21245
3072	3584	1	432	452	0.93357
3584	3584	1	338	512	5.57479
3584	3584	1	2	394	0.39168
3584	3584	1	300	348	1.09463
3072	3584	1	254	406	0.59377
3584	3584	1	464	512	5.98529
3584	3584	1	140	374	4.64746
3584	3584	1	280	436	4.78625
3072	3584	1	350	188	0.00000
3584	3584	1	74	480	5.83980
3584	3584	1	162	486	4.70504
3584	3584	1	458	242	3.88860
3584	3584	1	238	124	0.83106
3072	3584	1	504	494	3.89919
3584	3584	1	486	144	4.72694
3072	3584	1	466	342	2.38779
3072	3584	1	304	482	4.77535
3584	3584	1	68	346	2.17306
3072	3584	1	364	374	0.00000
3072	3584	1	244	244	0.00000
3072	3584	1	154	458	3.61367
3584	3584	1	30	192	1.28006
3072	3584	1	28	274	2.47702
3072	3584	1	52	446	0.71412
3072	3584	1	26	398	4.04749
3584	3584	1	350	224	2.36860
3584	3584	1	460	60	5.91122
3584	3584	1	274	250	0.00000
3072	3584	1	160	258	0.00000
3584	3584	1	116	286	2.41487
3584	3584	1	164	208	2.39011
3584	3584	1	392	112	2.82561
3072	3584	1	404	220	0.00000
3072	3584	1	502	268	1.72996
3584	3584	1	302	88	3.34637
3584	3072	1	360	496	0.81687
3584	3072	1	512	474	0.81410
3584	3072	1	512	430	3.51442
3584	3072	1	512	322	0.00000
3584	3072	1	404	316	2.21678
3584	3072	1	380	398	5.47199
3584	3072	1	286	502	0.71299
3584	3072	1	256	458	4.13590
3584	3584	1	128	62	2.19884
3584	3584	1	18	102	2.28510
3072	3584	1	444	116	2.44836
3584	3072	1	138	478	4.22904
3072	3584	1	512	12	2.71954
3072	3584	1	422	8	3.85368
3072	3584	1	266	96	0.55217
3072	3072	2	248	458	0.00000
3072	3584	1	50	134	2.38209
3072	3584	1	144	132	1.94831
3072	3584	1	152	26	2.29474
3072	3072	1	42	464	0.64732
3072	3072	1	150	378	3.69106
3072	3072	1	70	322	1.19682
3072	3072	1	312	344	3.94062
3072	3072	1	404	422	4.39882
3584	3072	1	42	414	0.00000
3584	3072	1	102	374	2.94975
3584	3072	1	180	354	5.55812
3584	3072	1	216	286	0.03927
3584	3072	1	346	242	0.36996
3584	3072	1	456	182	0.00000
3584	3072	1	424	30	2.77850
3584	3072	1	512	58	2.22749
3584	3072	1	392	84	5.53807
3584	3072	1	324	124	4.94761
3584	3072	1	280	50	4.71264
3584	3072	1	274	198	0.93705
3584	3072	1	240	132	4.07448
3584	3072	1	110	248	0.49674
3072	3072	1	506	306	2.92222
3072	3072	1	420	314	3.05772
3072	3072	1	446	188	5.95499
3072	3072	1	260	214	2.57286
3584	3072	1	180	134	3.06503
3584	3072	1	88	132	0.44558
3584	3072	1	46	24	1.02867
3072	3072	1	400	0	0.00000
3072	3072	1	328	124	5.29764
3072	3072	1	200	24	0.00000
3072	3072	1	82	66	3.21437
3584	3072	2	8	192	0.00000
2048	3584	1	48	390	5.93854
2048	3584	1	0	298	1.35494
2048	3584	1	206	396	0.00000
2048	3584	1	202	512	5.78441
2048	3584	1	338	512	5.86214
2048	3584	1	332	438	4.66124
2048	3584	1	342	332	0.00000
2048	3584	1	458	336	0.26625
2048	3584	2	186	264	0.00000
2048	3584	1	114	34	2.59304
2048	3584	1	70	106	0.82203
2048	3584	1	136	192	3.34811
2048	3584	1	250	144	5.02093
2048	3584	1	214	44	5.40284
2048	3584	1	390	208	1.53104
2048	3072	1	118	422	5.56103
2048	3072	1	288	476	5.17820
2048	3584	2	370	26	0.00000
2048	3072	1	396	380	3.42806
2048	3072	1	288	386	0.30181
2048	3072	2	182	332	0.00000
2048	3072	1	44	230	5.99334
2048	3072	1	86	116	1.70222
2048	3072	2	72	10	0.00000
2048	3072	2	200	10	0.00000
2048	3072	1	292	18	2.42044
2048	3072	1	364	0	5.53810
2048	3072	1	456	72	0.35081
2048	3072	1	376	142	5.50877
2048	3072	1	358	250	6.13994
2048	3072	1	266	190	5.74870
2048	3072	2	284	280	0.00000
2048	3072	2	222	276	0.00000
2048	3072	2	192	226	0.00000
2048	3072	2	42	374	0.00000
2048	3072	1	456	236	4.11304
2560	3072	1	64	110	2.06976
2560	3072	1	218	104	6.21141
2560	3072	1	320	134	3.35479
2560	3072	1	270	0	2.83593
2560	3072	2	138	78	0.00000
2560	3072	1	448	58	2.81795
2560	3072	1	438	158	4.22071
2560	3072	1	390	292	4.52473
2560	3072	2	346	242	0.00000
2560	3072	2	102	234	0.00000
2560	3072	1	170	260	3.89029
2560	3072	1	466	390	0.87931
2560	3072	1	512	508	1.02041
2560	3072	1	370	480	5.04269
2560	3072	1	158	356	4.41210
2560	3072	1	2	350	4.83752
2560	3072	2	94	436	0.00000
2560	3072	1	4	456	0.77441
2560	3584	1	14	38	0.92995
2560	3584	1	24	118	0.89168
2560	3072	1	140	506	0.12659
2560	3072	2	220	466	0.00000
2560	3584	1	312	28	4.42147
2560	3584	1	468	134	5.69444
2560	3584	2	512	98	0.00000
2560	3584	2	512	258	0.00000
2560	3584	1	494	416	4.10876
2560	3584	1	512	512	4.70190
2560	3584	1	262	512	0.00000
2560	3584	1	156	478	6.15383
2560	3584	1	362	420	5.13044
2560	3584	1	422	378	2.03276
2560	3584	1	356	288	0.19557
2560	3584	1	270	322	0.39387
2560	3584	1	184	380	5.37077
2560	3584	1	44	452	1.59472
2560	3584	1	48	388	4.67597
2560	3584	1	20	208	0.73456
2560	3584	1	86	234	3.40658
2560	3584	1	186	278	1.60037
2560	3584	1	196	210	1.89384
2560	3584	1	346	124	1.93489
2560	3584	1	288	174	5.16932
2560	3584	1	188	92	3.99215
