1024	2048	1	252	344	0.32175
1024	2048	2	198	96	0.00000
1024	2048	1	490	244	3.40612
1536	2048	1	92	140	0.00000
1536	2048	2	214	144	0.00000
1024	2048	1	284	42	4.52109
1024	2048	2	86	248	0.00000
1024	2048	2	58	132	0.00000
1024	2560	1	308	36	1.03574
1536	2048	1	248	208	4.47261
1536	2048	1	474	228	1.12092
1536	2048	1	288	82	5.18769
1536	2048	1	402	58	5.12087
1536	2048	1	240	288	5.00507
1536	2048	1	48	292	3.29453
1536	2048	1	138	308	2.60815
1024	2048	1	432	484	3.30479
1536	2048	1	24	484	5.87167
1536	2048	1	190	426	1.34617
1536	2048	1	344	366	1.95155
1024	2560	2	78	88	0.00000
1024	2560	2	42	476	0.00000
1024	2560	2	184	286	0.00000
1536	2048	2	496	356	0.00000
1024	2560	1	170	220	4.52960
1024	2560	1	46	286	0.88002
1024	2560	1	128	332	3.24302
1536	2048	2	30	34	0.00000
1024	2048	2	454	24	0.00000
1536	2048	2	144	44	0.00000
1536	2048	2	492	64	0.00000
1536	2048	1	326	500	4.97149
1536	2048	1	488	486	4.64425
1024	2560	1	472	90	1.57684
1536	2560	1	90	90	0.27806
1536	2560	1	204	24	0.67687
1536	2560	1	282	92	0.55468
1536	2560	1	460	78	5.46044
1536	2560	1	70	214	1.90770
1536	2560	1	216	232	5.72946
1024	2560	1	184	488	5.32088
1024	2560	1	372	494	1.66565
1536	2560	1	4	300	2.15721
1024	2560	2	104	510	0.00000
1024	2560	1	382	330	0.13263
1024	2560	1	462	428	2.37486
1536	2560	1	50	428	5.12079
1536	2560	1	204	444	0.68753
1024	2048	1	142	412	0.00000
1536	2560	1	310	250	5.56436
1536	2560	2	454	254	0.00000
1536	2560	1	144	350	3.52534
1536	2560	1	410	428	2.01468
1536	2560	1	406	172	4.12759
1536	2560	1	408	308	2.70259
1536	2560	1	278	502	0.88396
1024	3072	1	306	238	0.00000
1024	3072	1	150	174	0.44370
1024	3072	1	230	202	3.44823
1024	3072	1	292	90	5.37346
1024	3072	1	442	166	2.17929
1536	3072	1	44	80	0.63629
1024	3072	1	72	46	4.52626
1024	3072	1	108	98	4.42320
1024	3072	1	92	330	2.60378
1024	3072	1	194	342	5.75285
1536	3072	1	116	142	4.25698
1536	3072	1	188	200	4.03527
1536	3072	1	252	222	3.76725
1536	3072	1	338	248	4.04791
1536	3072	1	394	58	2.42858
1536	3072	1	238	20	0.91845
1536	3072	1	456	262	6.07505
1536	3072	1	196	348	4.40362
1536	3072	1	52	382	2.10690
1024	3072	1	440	420	0.48975
1024	3584	1	230	62	0.44340
1024	3072	1	72	428	5.94653
1024	3584	1	76	96	0.98146
1024	3584	1	316	130	2.73995
1024	3584	1	394	104	2.34265
1024	3584	1	462	52	2.89241
1536	3072	1	144	476	4.34967
1536	3072	1	248	400	0.81537
1536	3584	1	142	64	1.23046
1536	3072	1	254	498	3.48465
1536	3072	1	372	402	1.19991
1536	3584	1	210	136	2.46743
1536	3584	1	304	212	0.00000
1536	3584	1	372	114	4.75759
1024	3584	1	260	194	5.50355
1536	3584	1	158	240	1.23170
1536	3584	1	46	212	0.00000
1024	3584	1	150	308	1.67802
1024	3584	1	52	340	2.65542
1024	3584	1	130	448	0.48879
1024	3584	1	252	396	0.56177
1024	3584	1	402	362	1.54224
1024	3584	1	488	434	0.66569
1536	3584	1	182	372	0.73417
1536	3584	1	398	320	5.78768
1536	3584	1	306	432	5.90974
1536	3584	1	184	460	0.79074
1536	3584	1	64	488	0.68270
1536	3072	2	372	472	0.00000
1024	3072	2	32	133	0.00000
2048	2048	1	84	100	0.53230
2048	2048	1	168	70	2.85576
2048	2048	1	262	100	4.59044
2048	2048	1	138	232	5.89721
2048	2048	1	22	320	0.60874
2048	2048	1	104	356	1.05662
2048	2048	1	332	170	0.62171
2048	2048	1	380	288	0.00000
2048	2048	1	452	202	2.81310
2560	2048	1	12	198	0.09393
2560	2048	1	126	254	5.86448
2560	2048	1	66	120	3.02873
2048	2048	1	294	356	0.00000
2048	2048	1	192	378	3.21385
2560	2048	1	204	124	0.00000
2560	2048	1	304	106	0.00000
2560	2048	1	438	60	6.18807
2560	2048	1	368	44	0.00000
2560	2048	1	512	182	0.46516
2560	2048	1	350	260	3.37132
2560	2048	1	466	334	1.34163
2048	2048	1	380	466	5.44441
2560	2048	1	94	430	3.89098
2048	2048	1	10	490	4.44090
2048	2560	1	154	50	1.59883
2560	2560	1	414	18	4.17387
2048	2560	1	40	338	5.75149
2048	2048	2	504	63	0.00000
2048	2048	2	414	13	0.00000
2560	2048	2	310	391	0.00000
2560	2048	1	232	350	0.42146
2048	2560	1	12	116	0.72414
2048	2048	1	208	498	4.72541
2048	2560	2	166	143	0.00000
2048	2560	2	424	49	0.00000
2048	2560	2	312	199	0.00000
2048	2560	2	394	125	0.00000
2048	2560	1	272	92	0.74797
2048	2048	1	508	444	3.46719
2560	2560	1	226	32	3.40708
2560	2560	1	108	20	1.23889
2048	2560	1	468	76	4.38034
2048	2560	1	120	252	1.79863
2560	2560	1	304	100	0.00000
2560	2560	1	446	96	5.12847
2560	2560	1	382	214	0.00000
2560	2560	1	314	210	0.43266
2560	2560	1	216	196	0.44193
2560	2560	2	18	155	0.00000
2560	2560	1	132	164	3.72942
2048	2560	1	496	252	1.34149
2560	2560	1	164	292	5.61910
2560	2560	1	508	228	4.67038
2048	2560	1	356	338	1.96165
2048	2560	1	160	324	2.40918
2560	2560	1	452	352	5.80567
2560	2560	1	388	448	6.00989
2560	2560	1	262	386	3.83955
2560	2560	1	178	470	6.16871
2560	2560	1	84	440	5.82682
2048	2560	1	386	504	0.64954
2048	2560	1	272	406	0.37544
2048	2560	1	152	508	0.43132
2048	2560	1	508	344	3.05795
2048	2560	1	14	466	0.39100
2048	2560	2	326	427	0.00000
2048	2560	2	468	477	0.00000
2560	2560	2	14	493	0.00000
2560	2560	2	310	485	0.00000
2048	2560	2	432	319	0.00000
2048	2560	2	192	413	0.00000
2560	2048	2	292	505	0.00000
2048	2560	2	232	157	0.00000
2560	2048	2	130	21	0.00000
2560	2048	2	496	13	0.00000
2560	2048	2	512	61	0.00000
2560	2560	2	512	14	0.00000
3072	2048	1	0	102	3.70157
3072	2048	1	106	0	3.72267
3072	2048	1	66	160	3.57169
3072	2048	1	130	238	6.10170
3072	2048	1	202	44	4.29608
3072	2048	1	212	122	4.09864
3072	2048	1	364	48	4.20409
3072	2048	1	496	108	6.19182
3072	2048	1	316	142	4.62504
3072	2048	1	396	202	1.70162
3072	2048	1	338	254	2.03022
3584	2048	1	170	122	0.00000
3584	2048	1	240	280	5.04154
3072	2048	1	496	334	0.00000
3072	2048	1	208	316	2.92753
3584	2048	1	252	78	3.64305
3584	2048	1	384	88	6.16338
3584	2048	1	472	54	0.00000
3584	2048	1	100	28	0.75729
3072	2048	1	418	382	3.10671
3584	2048	1	56	422	3.98249
3584	2048	1	392	210	5.52933
3072	2048	1	318	362	4.17197
3072	2048	1	100	432	2.94420
3072	2048	1	298	454	1.66632
3584	2048	1	378	446	1.96245
3584	2048	1	494	470	2.86015
3584	2560	1	310	10	5.42828
3584	2048	1	122	510	4.67994
3072	2560	1	476	22	3.05248
3072	2560	1	202	2	5.47265
3584	2560	1	242	94	0.00000
3072	2560	2	432	126	0.00000
3072	2560	2	464	182	0.00000
3584	2560	1	444	78	4.11096
3584	2560	1	466	204	2.60032
3584	2560	1	310	202	4.94874
3584	2560	2	404	242	0.00000
3584	2560	2	336	136	0.00000
3072	2560	1	272	144	2.69126
3584	2560	1	112	194	3.04077
3584	2560	1	170	146	3.04643
3072	2560	1	162	174	1.69675
3072	2560	1	250	300	2.91607
3072	2560	1	114	60	2.77023
3072	2560	1	456	254	3.89079
3072	2560	1	350	242	3.14345
3584	2560	1	44	188	0.00000
3584	2560	1	80	80	1.26998
3072	2560	1	370	476	6.26046
3072	2560	1	488	422	3.38368
3584	2560	1	60	458	5.66998
3584	2560	1	188	312	0.00000
3584	2560	1	76	318	0.86921
3584	2560	1	396	364	2.78836
3072	2560	1	56	508	3.06561
3072	2560	1	2	240	4.29998
3072	2560	1	0	106	5.04261
3072	2560	1	356	46	0.68947
3584	2560	1	280	390	4.00644
3584	2560	1	176	502	2.57803
3584	2560	1	240	478	2.65397
3584	2560	1	458	328	5.91020
3584	2560	1	512	332	2.73697
3584	2560	1	482	468	5.88227
3584	2560	1	410	512	3.42556
3584	2560	1	314	512	2.79144
3072	2560	2	158	394	0.00000
3072	2560	2	170	72	0.00000
3584	2560	1	240	340	3.74843
3072	3584	1	192	380	1.08369
3072	3584	1	380	464	2.54573
3072	3584	1	40	478	2.19499
3072	3584	1	296	420	0.71459
3072	3584	1	510	468	5.97360
3584	3584	1	12	342	3.25977
3584	3584	1	436	328	4.47388
3072	3584	1	462	444	5.72551
3584	3584	1	116	356	5.25443
3584	3584	1	180	280	1.65422
3072	3584	1	342	328	1.20279
3072	3584	1	334	260	1.43411
3584	3584	1	380	434	0.71141
3072	3584	1	120	266	2.40052
3584	3584	1	102	218	3.80247
3584	3584	1	476	470	5.99741
3072	3584	1	74	340	1.48346
3072	3584	1	182	470	0.81904
3584	3584	1	32	202	0.11900
3072	3584	1	32	404	5.34230
3584	3584	1	214	410	6.12262
3584	3584	1	326	232	0.75824
3072	3584	1	468	180	0.40287
3584	3584	1	162	472	4.06252
3584	3584	1	86	448	2.76504
3584	3584	1	278	374	5.86028
3584	3584	1	488	152	5.78567
3584	3584	1	372	72	3.13589
3072	3584	1	354	184	5.05265
3072	3584	1	190	218	1.61735
3584	3584	1	100	104	3.27525
3584	3584	1	348	304	3.84467
3584	3584	1	454	226	2.47330
3072	3584	1	252	80	5.53339
3584	3584	1	202	88	5.08446
3072	3584	1	40	174	1.33480
3584	3584	1	214	186	1.69507
3072	3584	1	404	66	6.15348
3072	3584	1	182	124	1.95826
3072	3584	1	474	56	5.57033
3072	3584	1	46	46	0.88113
3584	3584	1	492	24	4.78503
3584	3072	1	188	508	2.14721
3072	3072	1	482	480	2.21873
3584	3584	1	290	48	2.95820
3584	3584	1	72	6	0.40921
3072	3584	1	300	20	5.17434
3072	3072	1	96	396	3.28257
3584	3072	1	234	466	1.59782
3584	3072	1	126	422	1.77926
3072	3072	1	300	384	3.57212
3072	3072	1	126	268	5.53269
3072	3072	1	42	278	2.46688
3584	3072	1	8	372	3.29272
3584	3072	1	176	358	1.48460
3072	3072	1	422	346	3.93057
3072	3072	1	18	398	6.13033
3584	3072	1	478	390	0.27397
3584	3072	1	278	386	1.46511
3072	3072	1	192	240	2.60018
3072	3072	1	226	156	6.04879
3584	3072	1	94	254	3.10930
3584	3072	1	184	298	4.18935
3072	3072	1	172	456	0.29137
3072	3072	1	378	252	2.90238
3584	3072	1	378	402	3.89646
3072	3072	1	130	96	3.96863
3072	3072	1	298	224	3.55842
3072	3072	1	368	122	5.69125
3072	3072	1	484	220	2.74444
3072	3072	1	486	58	0.99162
3072	3072	1	370	22	5.87318
3584	3072	1	10	142	0.58788
3584	3072	1	106	92	3.10670
3584	3072	1	232	140	0.54973
3584	3072	1	414	232	5.55772
3584	3072	1	324	242	0.11138
3584	3072	1	262	250	0.00000
3584	3072	1	510	226	3.61655
3584	3072	1	318	18	5.73235
3584	3072	1	352	126	1.87593
3584	3072	1	442	58	3.66967
3584	3072	1	470	150	0.71654
3584	3072	1	222	54	4.98981
3072	3584	1	458	318	0.37453
3072	3584	2	180	40	0.00000
3584	3072	2	360	311	0.00000
3072	3072	2	438	256	0.00000
2048	3072	1	120	22	0.85644
2048	3072	1	334	14	0.73254
2560	3072	2	338	240	0.00000
2560	3072	2	136	74	0.00000
2560	3072	2	228	134	0.00000
2560	3072	2	88	438	0.00000
2560	3072	2	104	342	0.00000
2560	3072	2	92	220	0.00000
2048	3072	2	160	482	0.00000
2048	3584	2	90	492	0.00000
2048	3072	1	448	44	1.12328
2560	3072	1	32	90	1.19574
2560	3072	1	308	60	4.42725
2560	3072	1	452	88	0.90487
2560	3072	1	14	178	4.06741
2560	3072	1	250	192	4.61029
2560	3072	1	390	290	4.72672
2048	3072	1	152	120	1.60652
2048	3072	2	36	60	0.00000
2048	3072	1	54	152	5.89271
2048	3072	1	136	196	0.77160
2048	3072	1	308	252	5.55551
2048	3072	1	422	246	3.63944
2048	3072	1	40	290	2.56006
2048	3072	1	166	370	1.08775
2048	3072	1	260	394	4.27227
2048	3072	1	360	374	0.23261
2048	3072	1	480	312	3.92938
2560	3072	1	50	314	0.58420
2560	3072	1	162	326	6.04120
2560	3072	1	286	430	5.35731
2560	3072	1	480	454	6.15024
2048	3584	1	80	30	5.85185
2048	3072	1	442	448	5.46904
2048	3072	1	326	502	1.46882
2560	3584	1	152	34	6.14354
2560	3072	2	206	460	0.00000
2560	3584	1	424	46	0.00000
2560	3584	1	268	44	1.53716
2560	3584	1	318	144	5.60779
2560	3584	1	512	114	4.27856
2560	3584	1	34	104	1.01641
2048	3584	1	394	182	0.11954
2048	3584	1	218	46	5.53096
2048	3584	1	102	214	3.17515
2048	3584	1	226	250	6.08219
2048	3584	1	244	134	4.89663
2048	3584	1	34	108	2.13588
2560	3584	1	30	208	0.50764
2560	3584	1	174	142	1.71571
2560	3584	1	98	230	3.56285
2560	3584	1	414	218	4.68662
2560	3584	1	512	186	1.42332
2560	3584	1	220	214	1.57056
2560	3584	1	512	294	0.73390
2560	3584	1	398	298	4.91198
2560	3584	1	184	300	2.99256
2560	3584	1	328	390	5.83113
2560	3584	1	406	416	0.24389
2048	3584	1	332	336	0.00000
2048	3584	1	72	390	5.97869
2048	3584	1	508	314	2.26839
2048	3584	1	392	386	0.20313
2560	3584	1	96	422	0.00000
2560	3584	1	266	394	5.76407
2560	3584	1	262	482	2.12535
2048	3584	2	324	452	0.00000
2048	3584	2	184	474	0.00000
2048	3584	1	452	442	0.62487
2560	3584	1	20	454	0.00000
2560	3584	1	172	460	0.00000
2048	3584	1	244	480	2.96034
