1536	2560	1	440	512	2.55128
1536	2560	1	164	482	3.94869
1536	2560	1	32	474	1.10639
1536	2560	1	74	392	4.16357
1024	2560	1	236	342	5.03658
1024	2560	1	394	372	0.62096
1024	2560	1	70	344	3.70315
1024	2560	1	466	404	0.76457
1536	2560	1	72	242	3.72660
1024	2560	1	476	300	2.09019
1536	2048	1	476	416	2.76804
1024	2560	1	268	460	0.00000
1536	2048	1	440	494	1.63461
1536	2560	1	268	124	1.31469
1536	2048	1	326	458	0.99714
1024	2560	1	126	508	3.42914
1536	2048	1	316	406	4.30651
1536	2560	1	158	22	1.72027
1536	2560	1	36	36	0.00000
1536	2560	1	172	86	1.53179
1536	2048	1	90	430	1.53072
1024	2560	1	144	416	1.96399
1536	2048	1	214	374	0.30163
1536	2048	1	328	242	4.48057
1024	2560	1	0	282	4.38274
1536	2048	1	414	310	4.70557
1024	2048	1	210	384	0.40715
1536	2048	1	142	314	4.61024
1024	2560	1	402	194	1.53178
1024	2560	1	120	188	3.23803
1536	2560	1	176	246	0.94733
1536	2560	1	494	434	3.71632
1536	2560	1	382	374	0.00000
1536	2560	1	446	282	1.27590
1536	2560	1	320	504	5.17151
1536	2560	1	244	360	5.20683
1024	2560	1	184	302	2.19079
1536	2560	1	308	254	5.67147
1536	2560	1	388	138	2.82025
1536	2560	1	504	186	4.58026
1024	2048	1	328	446	4.99070
1024	2048	1	470	322	0.00000
1024	2560	1	290	12	1.21723
1024	2048	1	182	272	1.64606
1536	2560	1	496	68	2.72993
1024	2048	1	310	206	3.97518
1536	2048	1	114	198	2.30252
1536	2048	1	512	156	0.00000
1536	2048	1	498	96	2.91646
1536	2048	1	422	26	3.45639
1536	2048	1	398	150	1.15449
1536	2048	1	250	24	4.59342
1536	2048	1	256	80	5.94858
1536	2048	1	222	146	0.00000
1536	2048	1	144	0	0.00000
1024	2048	1	504	0	0.00000
1024	2048	1	364	0	0.00000
1024	2048	1	266	0	0.00000
1024	2048	1	140	26	2.90162
1024	2048	1	248	130	0.00000
1024	2048	1	200	62	0.00000
1024	3072	1	124	188	2.85257
1024	3072	1	200	70	1.16880
1024	3072	1	124	30	4.13808
1024	3072	1	262	182	5.26523
1024	3072	1	188	246	0.49890
1024	3072	1	246	330	0.53728
1024	3072	1	88	302	2.27719
1024	3072	1	46	414	1.17825
1024	3072	1	96	504	4.64458
1024	3584	1	256	62	0.17704
1024	3584	1	402	42	1.27474
1024	3072	1	432	336	4.93457
1024	3072	1	442	180	0.00000
1024	3072	2	394	96	0.00000
1024	3072	1	322	106	3.00727
1536	3072	1	4	76	3.56445
1536	3072	1	46	118	0.79020
1536	3072	1	38	228	4.77906
1536	3072	1	288	214	2.10383
1536	3072	1	486	198	3.18025
1536	3072	2	428	142	0.00000
1536	3072	2	350	338	0.00000
1536	3072	2	422	386	0.00000
1536	3072	2	512	446	0.00000
1536	3072	1	352	454	5.77001
1536	3072	1	252	498	0.00000
1536	3072	1	246	272	4.93106
1536	3072	2	128	300	0.00000
1536	3072	2	254	358	0.00000
1536	3072	1	114	458	3.56483
1536	3072	1	62	442	3.66619
1536	3584	1	88	84	2.05857
1024	3584	1	454	154	5.41770
1024	3584	1	356	156	1.98629
1024	3584	1	276	268	0.00000
1024	3584	1	408	268	0.92730
1024	3584	2	78	78	0.00000
1024	3584	2	50	118	0.00000
1024	3584	1	102	484	5.46554
1024	3584	1	414	360	0.50635
1536	3584	1	68	350	5.71607
1536	3584	1	156	204	3.46640
1536	3584	1	376	206	2.62041
1536	3584	1	260	210	4.77100
1536	3584	1	336	286	3.68791
1536	3584	1	220	334	0.64350
1536	3584	1	62	480	0.30421
1536	3584	1	176	486	0.26667
1536	3584	1	240	516	0.00000
1536	3584	1	310	492	6.00761
1536	3584	1	364	432	5.63743
1536	3584	1	390	358	0.00000
1536	3584	1	470	452	0.00000
1536	3584	1	470	230	0.00000
1536	3584	2	392	122	0.00000
1536	3584	2	484	108	0.00000
2048	2048	1	102	74	5.97219
2048	2048	1	38	108	0.12062
2048	2048	1	102	202	5.63968
2048	2048	1	66	294	6.13575
2048	2048	1	228	254	0.18410
2048	2048	1	240	64	3.43583
2048	2048	1	164	48	0.00000
2048	2048	1	376	140	1.65967
2048	2048	2	502	64	0.00000
2048	2048	2	408	28	0.00000
2048	2560	2	410	48	0.00000
2048	2560	2	236	152	0.00000
2048	2560	2	172	154	0.00000
2048	2560	2	320	218	0.00000
2048	2560	2	452	324	0.00000
2048	2560	2	470	470	0.00000
2048	2560	2	152	370	0.00000
2048	2560	2	194	426	0.00000
2560	2560	2	14	488	0.00000
2560	2560	2	456	338	0.00000
2560	2048	1	48	152	3.79615
2048	2048	1	440	266	2.73391
2560	2048	1	86	246	2.83370
2560	2048	1	172	216	5.89085
2560	2048	1	200	88	0.00000
2560	2048	1	300	88	0.00000
2560	2048	1	420	56	0.00000
2560	2048	1	500	162	0.51073
2560	2048	1	268	252	3.83633
2560	2048	1	362	230	5.14043
2560	2048	1	412	382	1.97196
2560	2048	1	46	398	2.87763
2560	2048	1	256	438	4.43987
2560	2048	1	416	472	4.85226
2048	2048	1	368	440	5.04906
2048	2560	1	76	8	3.69241
2048	2048	1	34	448	3.01803
2048	2560	1	308	20	3.54183
2048	2048	2	206	496	0.00000
2048	2048	2	264	496	0.00000
2048	2560	1	494	4	4.67907
2560	2560	1	72	92	0.26421
2560	2560	1	220	48	1.14961
2560	2560	1	388	48	4.57686
2560	2560	1	308	118	5.48333
2560	2560	1	212	150	5.92198
2560	2560	1	138	218	4.79553
2560	2560	1	300	268	3.26505
2560	2560	1	470	206	4.09918
2048	2560	1	482	144	3.47659
2048	2560	1	342	114	4.18999
2048	2560	1	196	66	2.25375
2048	2560	1	68	112	4.07221
2048	2560	1	42	200	4.82727
2048	2560	1	78	310	3.11219
2048	2560	1	248	320	0.00000
2048	2560	1	328	350	0.00000
2048	2560	1	392	204	0.19342
2048	2560	1	504	330	3.44906
2560	2560	1	118	314	4.25006
2560	2560	1	160	422	0.52877
2560	2560	1	288	392	4.20049
2560	2560	1	378	478	2.90003
2560	2560	1	250	498	3.40092
2048	2560	1	60	482	3.92699
2048	2560	1	344	498	4.85429
2560	2048	1	512	310	0.00000
3072	2560	1	232	502	1.43611
3072	2560	1	50	512	1.89901
3072	2560	1	232	362	2.81018
3072	2560	1	138	390	4.54075
3072	2560	1	88	280	2.99338
3072	2560	1	318	398	2.93820
3072	2560	1	18	350	2.79940
3072	2560	2	28	179	0.00000
3072	2560	1	394	230	2.25608
3072	2560	1	464	336	0.39474
3072	2560	1	352	312	2.39430
3584	2560	1	42	340	0.35169
3072	2560	1	504	486	5.94320
3072	2560	1	396	458	0.00000
3584	2560	1	92	432	2.69044
3584	2560	1	130	318	3.37644
3584	2560	1	208	476	0.66575
3584	2560	1	240	378	5.86433
3584	2560	1	490	322	5.77855
3584	2560	1	426	324	5.78124
3584	2560	1	394	390	2.21012
3584	2560	1	348	250	3.79516
3584	2560	2	347	455	0.00000
3584	2560	1	138	208	3.85177
3584	2560	1	258	240	3.80518
3072	2560	1	386	96	0.00000
3584	2560	1	230	140	1.37900
3072	2560	2	468	195	0.00000
3072	2560	2	448	135	0.00000
3584	2560	1	6	206	0.11980
3584	2560	1	70	118	2.13311
3072	2560	1	44	56	0.80684
3072	2560	1	126	148	2.49835
3072	2560	1	262	68	0.19054
3072	2048	1	190	466	2.61463
3072	2560	1	158	16	2.57986
3072	2048	1	432	496	5.84979
3584	2048	1	6	498	2.97796
3072	2048	1	512	398	4.66129
3584	2048	1	148	462	5.20703
3584	2048	1	216	430	5.47340
3584	2560	1	102	34	4.85233
3584	2560	1	208	74	3.97731
3584	2560	1	410	106	5.87162
3584	2560	1	342	22	3.44960
3584	2560	1	480	172	3.26207
3584	2048	1	434	436	2.55557
3584	2048	1	388	318	5.04286
3072	2048	1	288	442	5.22406
3072	2048	1	100	360	5.25791
3072	2048	1	24	312	0.00000
3072	2048	1	232	326	2.17505
3072	2048	1	268	246	2.15340
3072	2048	1	100	172	1.63348
3072	2048	1	130	40	1.54359
3072	2048	1	212	100	1.54382
3072	2048	2	280	157	0.00000
3072	2048	1	352	70	4.46383
3072	2048	1	372	184	0.00000
3072	2048	1	456	118	4.87329
3072	2048	1	358	332	3.56817
3072	2048	1	450	316	3.70546
3584	2048	1	56	296	3.30311
3584	2048	1	148	114	0.00000
3584	2048	1	246	230	4.29135
3584	2048	2	212	21	0.00000
3584	2048	1	254	92	3.42899
3584	2048	1	380	86	0.00000
3584	2048	1	480	68	0.00000
3584	2048	1	370	212	5.48640
3072	2048	2	28	85	0.00000
3072	3584	1	0	206	5.76490
3072	3584	1	20	512	0.66543
3072	3584	1	326	368	0.45230
3072	3584	1	206	278	3.34592
3584	3584	1	72	426	6.16451
3584	3584	1	120	512	2.89011
3072	3584	1	126	450	2.36049
3584	3584	1	512	332	1.07145
3584	3584	1	394	252	0.26316
3072	3584	1	452	372	1.58908
3072	3584	1	370	512	0.26981
3584	3584	1	344	106	5.92866
3584	3584	1	410	32	2.94954
3584	3584	1	88	330	5.20792
3584	3072	1	330	492	2.41561
3072	3584	1	100	512	2.37776
3072	3584	1	294	504	0.66524
3584	3584	1	174	488	0.05936
3584	3584	1	264	468	0.15551
3584	3584	1	420	512	5.23177
3584	3584	1	490	136	6.22769
3072	3584	1	114	284	5.86435
3584	3072	1	476	230	0.60161
3584	3584	1	66	140	0.91494
3584	3584	1	222	32	0.38118
3584	3072	1	512	358	2.17106
3584	3072	1	512	276	0.43640
3584	3584	1	504	6	5.53441
3584	3584	1	58	218	0.77708
3584	3584	1	290	154	5.81662
3584	3584	1	252	190	5.72642
3072	3584	1	470	216	6.14470
3072	3584	1	384	254	5.83985
3072	3584	1	0	460	2.05822
3072	3584	1	28	346	2.65533
3072	3584	1	206	512	3.65763
3584	3584	1	130	232	0.50035
3584	3584	1	218	286	6.07304
3072	3584	1	498	428	0.61895
3584	3584	1	48	512	0.00000
3584	3584	1	310	470	5.95683
3584	3584	1	480	286	0.93199
3584	3584	1	316	382	4.97864
3584	3584	1	144	406	4.43606
3072	3584	1	232	416	0.46894
3584	3584	1	482	410	1.88134
3072	3584	1	164	40	3.26114
3072	3584	1	52	96	2.19628
3072	3584	1	152	184	3.10398
3072	3072	1	122	498	0.28310
3072	3584	1	236	38	6.21667
3584	3584	1	6	84	1.12116
3072	3584	1	330	126	2.33316
3584	3584	1	162	72	0.09805
3584	3072	1	512	426	2.32855
3072	3584	1	268	208	5.81188
3072	3584	1	430	60	0.65606
3072	3584	1	324	12	5.19498
3072	3072	2	436	253	0.00000
3072	3072	1	92	380	6.25195
3072	3072	2	244	457	0.00000
3072	3072	1	32	392	3.07227
3072	3072	1	32	246	5.31409
3584	3072	1	10	500	5.37057
3584	3072	1	88	428	1.27324
3072	3072	1	400	398	3.04491
3584	3072	1	4	398	0.90797
3584	3072	1	180	458	1.19504
3072	3072	1	474	320	0.49482
3072	3072	1	302	384	5.49550
3072	3072	1	178	300	4.88777
3072	3072	1	304	290	2.52530
3584	3072	1	104	348	1.98877
3584	3072	1	422	418	2.20768
3584	3072	1	458	22	0.74010
3584	3072	1	382	12	3.68712
3584	3072	1	296	52	3.29983
3584	3072	1	158	260	2.48595
3584	3072	1	398	110	1.48440
3584	3072	1	394	230	3.78835
3584	3072	1	512	96	3.05741
3584	3072	1	232	138	3.51850
3584	3072	1	286	338	1.57080
3584	3072	2	378	318	0.00000
3584	3072	1	328	202	0.00304
3584	3072	1	178	0	0.85844
3584	3072	1	218	52	1.58976
3584	3072	1	10	224	4.79913
3072	3072	1	512	122	5.97348
3584	3072	1	102	96	2.79742
3584	3072	1	202	206	2.94812
3072	3072	1	434	140	3.02847
3584	3072	1	12	24	5.96925
3072	3072	1	334	224	5.61204
3072	3072	1	332	94	3.78054
3072	3072	1	386	0	0.23685
3072	3072	1	158	214	4.26120
3072	3072	1	240	124	2.82592
3072	3072	1	96	158	3.29831
3072	3072	1	202	6	1.23643
3072	3072	1	14	106	5.10866
3072	3072	1	68	10	1.71939
2048	3072	1	60	104	4.45336
2560	3072	1	98	144	1.82866
2560	3072	2	136	78	0.00000
2560	3072	2	232	130	0.00000
2560	3072	2	346	244	0.00000
2560	3072	1	406	172	2.82101
2560	3072	1	258	42	3.29905
2048	3072	1	484	78	5.87354
2048	3072	1	370	140	5.71841
2048	3072	1	318	206	0.00000
2048	3072	1	238	188	0.21867
2048	3072	1	52	220	0.41952
2048	3072	1	94	314	0.22260
2048	3072	2	306	432	0.00000
2048	3072	2	288	280	0.00000
2560	3072	2	98	230	0.00000
2048	3584	2	196	262	0.00000
2048	3072	2	154	474	0.00000
2048	3072	2	460	290	0.00000
2560	3584	2	262	248	0.00000
2560	3584	2	280	354	0.00000
2048	3072	1	512	256	2.45524
2048	3072	1	388	280	0.00000
2048	3072	1	158	364	3.98814
2048	3072	1	226	390	4.00789
2048	3072	1	194	496	3.35994
2048	3584	2	134	102	0.00000
2048	3072	1	30	478	2.35619
2048	3584	1	56	100	3.69001
2048	3584	1	156	180	1.52972
2048	3584	1	272	54	3.40626
2048	3584	1	348	24	0.00000
2048	3584	1	424	42	3.00674
2048	3072	1	458	458	5.02691
2560	3072	2	82	442	0.00000
2560	3072	1	34	418	3.17844
2560	3072	1	124	386	5.83366
2560	3072	1	176	322	5.70732
2560	3072	1	216	276	5.54334
2560	3072	1	284	234	2.32056
2560	3072	1	472	408	5.93483
2560	3072	1	362	404	0.00000
2560	3072	1	280	462	0.00000
2560	3072	1	112	506	4.37128
2560	3072	2	202	478	0.00000
2560	3584	1	350	12	4.81241
2560	3584	1	218	76	4.73420
2560	3584	1	92	84	5.22274
2560	3584	1	2	88	0.00000
2048	3584	1	420	216	0.00000
2048	3584	1	316	182	4.65748
2048	3584	1	296	272	1.29069
2048	3584	1	72	244	1.47432
2048	3584	1	110	340	5.64916
2048	3584	1	40	398	0.00000
2048	3584	1	92	484	4.37350
2048	3584	1	422	426	0.29146
2048	3584	1	330	486	0.19176
2048	3584	1	212	492	0.48690
2560	3584	1	64	210	0.50710
2560	3584	1	32	392	0.23747
2560	3584	1	228	164	1.44962
2560	3584	1	158	234	1.53855
2560	3584	1	158	340	1.26988
2560	3584	1	218	460	6.18188
2560	3584	1	120	484	0.00000
2560	3584	1	370	188	0.19092
2560	3584	1	484	188	5.84171
2560	3584	1	440	348	2.40274
2560	3584	1	358	382	5.33582
2560	3584	1	374	496	4.84322
2560	3584	1	502	466	2.20355
2048	3072	1	158	50	0.00000
2048	3072	1	238	50	3.17189
2560	3072	1	484	90	5.25281
