1536	2560	1	448	184	6.08579
1536	2560	1	66	472	5.51894
1536	2560	1	342	396	4.15318
1536	2560	1	354	512	4.88798
1536	2560	1	374	458	4.71239
1536	2560	1	432	312	5.55890
1536	2560	1	474	512	2.32079
1024	2560	1	422	478	1.13884
1024	2560	1	288	426	4.28177
1536	2560	1	250	316	2.23916
1024	2560	1	154	512	1.17634
1536	2560	1	312	268	5.49779
1536	2560	1	206	354	2.05154
1536	2560	1	102	380	5.22288
1024	2560	1	222	362	1.62811
1024	2560	1	316	298	4.76271
1024	2560	1	176	214	3.93068
1536	2560	1	48	246	2.18994
1024	2560	1	30	360	3.08644
1024	2560	1	110	398	0.00000
1536	2560	1	138	232	6.14545
1024	2560	1	334	162	3.84856
1024	2560	1	488	322	4.84331
1536	2560	1	330	158	2.87443
1536	2560	1	202	154	5.71646
1536	2560	1	116	70	0.21033
1536	2560	1	472	82	2.33427
1536	2560	1	326	52	2.03534
1024	2560	1	34	162	4.91304
1024	2560	1	484	128	5.82888
1024	2560	1	312	48	0.86630
1536	2048	1	60	498	0.31100
1536	2048	1	232	402	0.16515
1536	2048	1	338	422	0.03856
1536	2048	1	404	346	3.23337
1536	2048	1	498	244	4.65603
1536	2048	1	432	70	1.48727
1536	2048	1	168	22	2.43728
1536	2048	1	262	248	1.16164
1536	2048	1	166	472	2.57792
1536	2048	2	284	94	0.00000
1536	2048	2	220	160	0.00000
1536	2048	2	510	122	0.00000
1536	2048	1	512	488	3.31085
1536	2048	1	120	344	2.37211
1024	2048	1	474	436	0.97162
1024	2048	1	218	376	0.41784
1024	2048	1	64	288	4.31427
1024	2048	1	494	302	3.81090
1536	2048	1	104	214	6.03807
1024	2048	1	190	184	2.66590
1536	2048	1	34	140	3.55600
1536	2048	1	18	6	0.24585
1024	2048	1	414	222	1.83922
1024	2048	1	58	154	5.02339
1024	2048	2	208	84	0.00000
1024	2048	2	264	24	0.00000
1024	2048	1	88	0	3.24647
1024	2560	2	188	302	0.00000
1536	3072	1	478	38	5.62448
1536	3072	1	376	14	4.73870
1536	3072	1	92	24	4.67477
1024	3072	1	318	30	4.70908
1024	3072	2	470	36	0.00000
1024	3072	2	250	46	0.00000
1024	3072	1	174	8	1.34407
1024	3072	1	138	76	1.98142
1024	3072	1	294	120	5.04386
1024	3072	1	456	180	6.17986
1536	3072	1	20	196	6.22688
1536	3072	1	98	148	6.04588
1536	3072	1	218	78	4.62300
1536	3072	1	412	94	1.67691
1536	3072	1	208	208	4.25511
1536	3072	1	360	208	0.22752
1536	3072	1	500	218	0.43616
1536	3072	2	512	306	0.00000
1024	3072	2	22	170	0.00000
1024	3072	1	134	208	0.00000
1024	3072	1	218	220	0.64315
1024	3072	1	276	252	3.59343
1024	3072	1	346	256	0.25409
1024	3072	2	488	290	0.00000
1536	3072	1	32	302	0.85617
1536	3072	1	128	382	4.75213
1536	3072	1	188	300	5.40941
1536	3072	1	320	328	1.88894
1536	3072	1	468	394	5.30039
1536	3072	1	512	490	1.75391
1536	3072	2	374	456	0.00000
1536	3584	2	478	114	0.00000
1536	3584	2	368	60	0.00000
1536	3072	1	242	442	0.72156
1536	3072	1	98	470	3.65625
1536	3072	1	8	464	3.83466
1536	3584	2	22	46	0.00000
1024	3072	1	272	422	6.16376
1024	3072	1	162	326	2.10690
1024	3072	1	72	364	3.35701
1024	3072	2	22	458	0.00000
1024	3072	1	166	486	0.61466
1024	3584	1	286	24	0.79821
1024	3584	1	356	82	3.98249
1024	3584	1	92	134	0.43793
1024	3584	1	186	136	1.39612
1024	3584	1	48	22	5.30686
1536	3584	1	120	58	4.64931
1536	3584	1	410	94	3.68493
1024	3584	1	430	154	4.49745
1024	3584	1	340	232	2.58338
1024	3584	1	484	280	0.00000
1536	3584	1	74	242	2.03660
1536	3584	1	168	108	0.61444
1536	3584	1	246	164	4.53986
1536	3584	1	280	224	1.16444
1536	3584	1	176	316	0.00000
1536	3584	1	452	234	5.28675
1024	3584	1	92	326	0.83390
1024	3584	1	258	334	4.82204
1024	3584	1	392	396	0.33092
1536	3584	1	24	406	0.44363
1536	3584	1	70	464	0.64350
1536	3584	1	186	460	0.38274
1536	3584	1	322	354	0.10858
1536	3584	1	398	348	6.10333
1536	3584	1	498	324	0.78047
1024	3584	1	98	472	5.64660
1024	3584	1	22	490	5.87829
1536	3584	1	326	494	5.16246
1536	3584	2	244	366	0.00000
1536	3584	2	112	516	0.00000
2048	2048	1	242	274	6.21430
2048	2048	1	338	348	3.83209
2048	2560	1	120	16	6.06517
2048	2048	1	364	436	4.22466
2048	2560	1	374	8	1.60712
2048	2560	1	304	90	5.69313
2048	2560	2	228	153	0.00000
2048	2560	2	380	97	0.00000
2048	2560	2	416	53	0.00000
2048	2560	2	318	195	0.00000
2048	2560	2	466	477	0.00000
2560	2560	2	20	477	0.00000
2048	2560	2	170	363	0.00000
2048	2560	2	198	417	0.00000
2560	2560	2	312	487	0.00000
2048	2560	2	74	512	0.00000
2048	2560	2	202	512	0.00000
2048	2048	2	208	503	0.00000
2048	2048	2	172	89	0.00000
2048	2048	2	506	59	0.00000
2560	2560	2	302	3	0.00000
2048	2048	2	255	503	0.00000
2048	2560	1	100	232	6.25190
2048	2560	1	56	114	3.30313
2048	2048	1	14	494	3.52497
2048	2048	1	98	312	4.29699
2048	2048	1	24	238	4.51936
2560	2048	1	360	178	3.49480
2048	2048	1	68	34	2.48328
2048	2048	1	138	12	3.82905
2048	2048	1	368	114	4.90437
2048	2048	1	464	20	4.17125
2048	2048	1	464	192	0.56641
2048	2048	1	472	372	4.29897
2560	2048	1	104	240	5.47112
2560	2048	1	102	122	5.87470
2560	2048	1	182	154	5.75118
2560	2048	1	182	10	1.02889
2560	2048	1	314	96	0.03253
2560	2048	1	424	54	6.03392
2560	2048	1	494	170	1.21711
2560	2048	1	176	392	6.16402
2560	2048	1	312	296	2.33220
2560	2048	1	444	252	1.75431
2560	2048	1	466	344	1.46352
2560	2048	1	320	412	4.41252
2560	2048	1	28	460	3.89670
2560	2048	1	386	474	0.89406
2560	2560	1	462	18	0.87729
2560	2560	1	348	156	0.00000
2560	2560	1	234	34	2.36101
2560	2560	1	502	148	0.56095
2560	2560	1	110	116	6.17062
2048	2560	1	468	118	6.14124
2560	2560	1	30	160	6.12983
2560	2560	1	186	162	0.00000
2560	2560	1	252	222	0.00000
2048	2560	1	368	238	0.56634
2560	2560	1	146	322	0.00000
2560	2560	1	338	306	4.37117
2560	2560	1	428	312	0.34665
2048	2560	1	500	276	2.19189
2048	2048	1	166	406	3.40862
2048	2048	1	70	116	1.66416
2048	2560	1	186	236	2.86088
2048	2560	1	322	368	4.54505
2560	2560	1	240	426	5.98808
2560	2560	1	78	456	5.40175
2048	2560	1	72	450	5.03119
2048	2560	1	352	450	5.21968
2560	2560	1	450	444	3.22060
2560	2560	1	512	248	1.09591
2048	2560	2	440	311	0.00000
3584	2048	1	20	106	2.36989
3584	2048	1	160	98	0.00000
3584	2048	1	262	92	3.73575
3584	2048	1	392	94	6.07667
3584	2048	1	466	58	0.00000
3072	2048	1	90	46	0.25532
3072	2048	1	194	40	4.28060
3072	2048	1	226	112	4.52349
3072	2048	1	340	52	3.90600
3072	2048	1	402	168	5.90855
3072	2048	1	344	230	6.04709
3072	2048	1	286	250	2.80979
3072	2048	1	182	290	1.89464
3072	2048	1	166	364	4.97472
3584	2048	1	394	208	5.06348
3072	2048	1	80	458	2.76507
3072	2048	1	430	324	4.28342
3584	2048	1	22	254	5.27877
3584	2048	1	192	220	1.60589
3584	2048	1	180	290	4.29680
3072	2048	1	272	420	0.36811
3072	2048	1	384	440	2.82846
3584	2048	1	10	378	4.39493
3584	2048	1	60	430	4.11904
3584	2560	1	486	24	3.27145
3584	2048	1	390	472	2.99293
3072	2560	1	150	174	5.95197
3072	2560	1	46	234	1.20394
3584	2560	1	98	24	1.82790
3584	2048	2	140	482	0.00000
3584	2048	1	264	474	3.52476
3072	2560	2	324	28	0.00000
3072	2560	2	166	74	0.00000
3072	2560	1	248	120	2.93256
3072	2560	1	352	118	0.45952
3072	2048	2	118	128	0.00000
3072	2560	2	432	126	0.00000
3072	2560	2	466	190	0.00000
3072	2560	1	504	42	2.18062
3584	2560	1	40	164	5.36255
3584	2560	1	274	60	0.47342
3584	2560	1	176	96	2.30361
3584	2560	1	108	132	2.35892
3584	2560	1	274	156	3.74503
3584	2560	1	348	216	3.97806
3072	2560	1	362	222	4.17553
3072	2560	1	78	384	3.79524
3072	2560	1	184	454	4.57140
3072	2560	1	244	320	2.98887
3072	2560	1	332	342	2.56582
3072	2560	1	468	296	3.69872
3584	2560	1	38	308	3.19706
3584	2560	1	168	228	3.26150
3584	2560	1	492	320	1.00990
3584	2560	1	410	276	0.97434
3584	2560	1	472	466	0.00000
3584	2560	2	346	458	0.00000
3584	2560	2	392	502	0.00000
3072	2560	1	364	478	0.00000
3584	2560	1	4	446	2.46665
3072	2560	1	462	512	2.94805
3584	2560	1	98	328	0.00000
3584	2560	1	234	302	1.39627
3584	2560	1	356	382	4.55418
3584	2560	1	122	432	0.55207
3584	2560	1	230	376	0.69641
3584	2560	1	198	502	2.68549
3584	2560	1	264	484	5.11713
3072	2560	2	18	12	0.00000
3072	2048	2	16	152	0.00000
3072	2048	2	18	26	0.00000
3584	2048	2	212	20	0.00000
3584	2048	2	512	160	0.00000
3584	3584	1	346	192	4.13617
3584	3584	1	348	512	0.71576
3584	3584	1	46	304	0.12819
3072	3584	1	40	476	1.27483
3584	3584	1	254	414	5.87311
3072	3584	1	36	370	2.44923
3072	3584	1	58	298	2.36489
3584	3584	1	506	378	4.05950
3584	3584	1	90	346	3.51173
3584	3584	1	412	250	2.52429
3072	3584	1	66	206	2.27837
3584	3584	1	438	482	1.88882
3584	3584	1	78	460	5.81152
3584	3584	1	296	388	0.07415
3072	3584	1	220	496	3.87687
3584	3584	1	512	258	4.43409
3072	3584	1	232	360	0.95847
3072	3584	1	158	260	2.81701
3584	3584	1	156	310	3.50394
3584	3584	1	220	504	1.93019
3584	3584	1	178	402	4.28624
3584	3584	1	488	160	3.99830
3072	3584	1	504	480	5.91524
3072	3584	1	234	220	3.05810
3072	3584	1	442	352	0.00000
3072	3584	1	134	464	3.37280
3072	3584	1	342	440	1.98007
3072	3584	1	340	170	0.90759
3072	3584	1	336	262	1.29673
3584	3584	1	434	100	0.00000
3584	3584	1	86	170	0.90673
3072	3584	1	374	374	5.83175
3072	3584	1	156	112	5.08930
3072	3584	1	496	290	0.00000
3072	3584	1	40	100	2.82562
3584	3584	1	170	218	0.81764
3584	3584	1	236	234	0.59001
3584	3584	1	260	302	4.24874
3584	3584	1	512	46	2.48749
3584	3584	1	344	312	5.92333
3072	3072	1	54	460	3.90068
3072	3072	1	160	404	2.54390
3072	3072	1	440	354	2.83541
3072	3072	1	498	448	4.27001
3584	3072	1	158	412	4.25631
3584	3072	1	140	342	4.43570
3584	3072	1	406	364	1.30008
3584	3072	1	410	266	5.16669
3584	3072	1	512	352	2.40878
3584	3072	1	478	480	0.89051
3584	3072	1	380	466	0.03251
3584	3072	1	462	426	1.14024
3072	3584	1	462	60	0.24760
3072	3584	1	340	42	2.03497
3072	3584	1	250	34	2.80214
3584	3584	1	342	100	3.22474
3584	3584	1	280	16	0.92025
3584	3584	1	222	114	4.96987
3072	3584	1	156	30	4.43409
3584	3584	1	86	90	4.63790
3584	3584	1	86	2	4.72444
3584	3072	1	512	200	1.64963
3584	3072	1	466	182	3.58212
3584	3072	1	478	0	0.00000
3584	3072	1	298	54	4.28993
3584	3072	1	412	60	2.87449
3584	3072	1	334	98	4.25754
3584	3072	1	342	170	1.93797
3584	3072	1	300	314	0.90556
3584	3072	1	282	248	1.09465
3584	3072	1	232	148	3.95137
3584	3072	1	194	56	1.52084
3584	3072	1	148	142	5.96143
3584	3072	1	84	152	2.84691
3584	3072	1	8	132	3.86264
3072	3072	1	466	60	3.09090
3072	3072	1	340	170	5.18187
3072	3072	1	316	276	1.97894
3072	3072	1	280	336	5.39884
3072	3072	1	108	338	4.09512
3072	3072	1	208	60	5.15946
3072	3072	1	378	16	0.00000
3072	3072	1	404	144	5.68679
3072	3072	1	194	146	2.91812
3072	3072	1	34	24	5.71646
3072	3072	1	18	164	3.87648
3072	3072	1	4	384	3.90341
3072	3072	2	430	251	0.00000
3072	3072	2	512	203	0.00000
3584	3072	1	112	258	1.33284
3584	3072	2	14	3	0.00000
3584	3072	2	250	418	0.00000
3072	3584	2	122	370	0.00000
2048	3072	1	80	116	0.00000
2048	3072	1	182	190	4.02060
2048	3072	1	290	234	4.66366
2048	3072	1	426	58	5.29697
2560	3072	1	30	108	5.83192
2560	3072	1	132	148	2.78522
2048	3072	2	82	14	0.00000
2560	3072	2	170	80	0.00000
2560	3072	2	234	142	0.00000
2560	3072	1	410	62	5.50800
2560	3072	1	354	148	3.58564
2048	3072	1	346	352	3.20785
2048	3072	2	402	178	0.00000
2048	3072	2	444	270	0.00000
2048	3072	1	498	334	0.45956
2560	3072	1	56	334	0.53101
2560	3072	1	154	396	5.77691
2560	3072	1	212	248	0.00000
2560	3072	1	290	286	3.08945
2560	3072	2	362	252	0.00000
2560	3072	1	424	296	4.69393
2048	3072	1	70	272	1.23054
2048	3072	1	214	346	5.39167
2048	3072	2	42	380	0.00000
2560	3584	1	462	138	0.00000
2560	3584	1	38	160	0.88322
2048	3584	1	130	176	6.05223
2048	3584	1	46	88	1.52881
2048	3072	1	32	496	2.07088
2048	3072	1	190	484	3.95375
2048	3584	1	238	42	5.36778
2048	3584	1	382	80	0.00000
2048	3584	1	444	28	2.52977
2048	3072	1	340	496	3.58961
2560	3072	2	2	450	0.00000
2560	3072	2	82	432	0.00000
2560	3584	1	2	98	0.51913
2560	3584	1	152	54	5.15029
2560	3072	1	260	386	5.09271
2560	3584	1	346	88	1.45333
2560	3072	1	428	476	5.17112
2560	3072	1	390	372	2.35315
2560	3072	2	496	408	0.00000
2560	3072	2	486	208	0.00000
2048	3584	1	184	138	5.81277
2048	3584	1	406	180	0.77964
2560	3584	1	162	200	3.41857
2048	3584	1	68	252	5.39100
2048	3584	1	80	450	0.00000
2048	3584	1	154	450	5.96295
2048	3584	2	182	254	0.00000
2048	3584	1	440	386	0.40063
2048	3584	1	266	338	0.28335
2560	3584	1	328	254	0.47684
2560	3584	1	72	434	5.35990
2560	3584	1	286	424	0.03231
2048	3584	1	396	282	4.57195
2560	3584	1	58	324	4.96880
2560	3584	1	490	306	0.32044
2560	3584	1	414	270	3.11308
2560	3584	1	240	150	5.60032
2560	3584	2	226	248	0.00000
2560	3072	2	220	474	0.00000
2048	3072	2	20	462	0.00000
2048	3584	1	346	488	5.66727
2560	3584	1	394	398	5.33215
2560	3584	1	200	330	1.70876
2048	3584	1	168	370	5.26545
2560	3584	1	6	484	5.86865
2560	3584	1	106	502	5.35909
2560	3584	2	508	501	0.00000
2560	3584	2	172	412	0.00000
2560	3584	2	512	60	0.00000
