1024	2048	1	380	162	1.50641
1024	2048	1	70	152	1.78233
1024	2048	2	192	96	0.00000
1024	2048	1	114	52	0.31829
1024	2048	2	346	18	0.00000
1536	2048	2	10	48	0.00000
1536	2048	2	292	98	0.00000
1536	2048	2	218	174	0.00000
1536	2048	2	488	66	0.00000
1024	2048	1	116	262	1.55597
1536	2048	1	320	12	4.57297
1536	2048	1	82	240	5.80158
1024	2048	1	216	358	0.45771
1024	2048	1	274	482	0.98353
1024	2560	1	38	6	1.91559
1024	2048	1	444	384	3.84261
1536	2048	1	34	412	2.42060
1536	2048	1	296	242	4.48559
1536	2048	1	162	318	0.54776
1536	2048	2	250	356	0.00000
1536	2048	1	412	224	3.08031
1536	2048	1	348	372	5.92802
1536	2560	1	14	18	5.47716
1536	2560	1	178	14	1.23227
1536	2048	1	348	494	1.32582
1536	2560	1	66	208	1.62021
1024	2560	1	170	108	3.83035
1024	2560	1	418	58	2.86721
1536	2560	1	134	104	4.39430
1024	2560	1	46	142	2.26719
1536	2560	1	286	82	1.89729
1536	2048	1	240	424	1.06129
1536	2048	1	466	392	0.74177
1024	2560	1	310	40	0.88398
1024	2560	1	266	452	0.55018
1536	2560	1	414	388	0.98228
1536	2560	1	304	252	5.45020
1536	2560	1	436	98	1.20195
1536	2560	1	468	28	1.27005
1024	2560	1	166	210	1.07664
1024	2560	2	190	293	0.00000
1024	2560	1	330	314	3.09883
1024	2560	1	496	368	5.04517
1024	2560	1	252	292	0.40576
1024	2560	1	170	408	3.70953
1024	2560	1	424	184	1.59155
1536	2560	1	144	486	1.27230
1536	2560	1	52	482	1.12643
1536	2560	1	6	286	2.03114
1536	2560	1	342	512	4.82040
1024	2560	1	420	422	5.37341
1536	2560	1	144	310	0.80540
1536	2560	1	424	194	0.48392
1536	2560	2	506	228	0.00000
1536	2560	1	230	322	0.50672
1536	2560	2	198	226	0.00000
1024	2560	1	82	486	3.47262
1536	2048	2	512	460	0.00000
1024	2560	2	30	428	0.00000
1536	2048	1	512	176	4.70535
1536	2560	2	472	416	0.00000
1024	2560	2	380	486	0.00000
1536	3584	1	478	440	6.05233
1536	3584	1	414	344	0.00000
1536	3584	1	322	486	5.56112
1536	3584	1	194	458	0.00000
1536	3584	1	94	468	0.77268
1536	3584	1	50	408	0.18175
1024	3584	1	334	276	6.06823
1024	3584	1	106	276	0.00000
1024	3584	1	24	272	6.10707
1024	3584	1	188	200	5.15774
1024	3584	1	84	130	0.48641
1024	3584	1	244	112	4.35164
1024	3584	1	234	34	1.22978
1024	3072	1	126	478	0.38063
1024	3072	1	268	424	1.40048
1024	3072	1	240	322	5.98938
1024	3072	1	114	382	3.79855
1024	3072	1	64	300	3.33866
1024	3072	1	38	172	0.72664
1024	3072	1	122	180	4.32233
1024	3072	1	216	82	0.98923
1024	3072	1	148	28	1.32808
1024	3072	1	342	234	5.83857
1024	3072	1	254	216	6.25604
1536	3072	1	42	100	5.76459
1024	3072	1	478	194	5.11924
1536	3072	1	220	70	4.22263
1536	3072	1	186	304	5.23004
1536	3072	1	46	312	0.88137
1536	3072	1	180	388	2.36194
1536	3072	1	94	488	3.65951
1536	3072	1	4	484	2.14768
1024	3072	1	352	476	1.13374
1024	3584	1	478	76	5.82708
1536	3584	1	142	146	2.06368
1536	3584	1	180	42	5.86801
1536	3072	1	268	466	0.48565
1536	3584	1	308	34	1.27243
1536	3584	1	362	136	1.28011
1536	3584	1	370	238	0.99413
1536	3584	1	88	252	0.93935
1024	3584	1	506	230	5.19497
1536	3584	1	176	298	0.43072
1536	3584	1	486	210	0.00000
1536	3584	2	472	116	0.00000
1536	3072	1	466	462	0.70813
1536	3072	1	482	360	1.23747
1536	3072	2	380	460	0.00000
1536	3072	1	358	284	1.49744
1536	3072	1	392	168	2.48618
1536	3072	1	456	124	5.43247
1024	3584	2	26	30	0.00000
1024	3072	2	12	418	0.00000
1024	3584	2	78	394	0.00000
1024	3584	2	446	400	0.00000
1536	3584	2	248	368	0.00000
1536	3584	2	258	260	0.00000
1536	3584	2	512	44	0.00000
1536	3072	1	484	246	4.55503
1536	3072	2	370	18	0.00000
1536	3072	2	120	22	0.00000
1024	3072	2	494	52	0.00000
1024	3072	1	326	38	0.93284
1024	3072	2	0	88	0.00000
1024	3072	1	170	272	0.00000
1024	3072	2	422	446	0.00000
1024	3584	1	92	464	5.62324
2560	2560	1	338	300	5.24569
2560	2560	1	144	408	5.60722
2048	2560	1	142	470	2.77367
2560	2560	1	416	144	5.32856
2560	2560	1	490	512	0.84077
2048	2560	1	90	240	0.28190
2560	2048	1	476	246	0.86541
2048	2560	1	158	316	1.39312
2048	2560	1	290	480	2.79226
2560	2560	1	138	232	3.00433
2560	2560	1	202	230	2.61065
2048	2560	1	12	386	0.00000
2048	2560	1	292	278	3.96066
2560	2560	1	302	158	1.96197
2560	2560	1	282	416	2.17135
2560	2560	1	30	442	2.52125
2048	2560	1	382	444	5.38954
2560	2560	1	458	472	0.56814
2048	2560	1	338	138	5.53480
2560	2048	1	498	432	0.00000
2560	2560	1	430	354	4.55085
2048	2560	1	88	512	2.47741
2048	2560	1	448	260	1.90856
2560	2560	1	462	34	5.79136
2560	2048	1	360	480	3.04480
2048	2560	1	68	60	1.07999
2560	2560	1	44	266	0.00000
2560	2560	1	512	268	0.32681
2560	2048	1	496	326	0.75164
2560	2560	1	128	62	3.35737
2560	2560	1	248	84	1.61167
2048	2560	1	450	124	3.84897
2048	2048	1	92	484	1.63381
2048	2560	1	252	382	4.41472
2560	2560	1	34	54	3.31677
2048	2560	1	88	110	4.01805
2048	2560	1	214	58	4.65288
2048	2048	1	414	502	3.73078
2048	2048	1	396	426	0.00000
2048	2048	1	350	400	4.07532
2048	2048	1	242	318	0.00000
2048	2560	2	456	477	0.00000
2048	2560	2	399	103	0.00000
2048	2560	2	440	313	0.00000
2048	2560	2	203	500	0.00000
2560	2560	2	22	150	0.00000
2048	2560	2	148	153	0.00000
2048	2560	2	232	134	0.00000
2048	2560	2	414	48	0.00000
2048	2048	2	230	440	0.00000
2048	2048	2	210	500	0.00000
2048	2048	2	164	444	0.00000
2048	2048	1	32	422	0.91659
2560	2560	1	218	6	4.96922
2560	2048	1	366	352	5.27708
2560	2048	1	100	438	4.26062
2560	2048	1	86	300	1.83896
2048	2048	1	148	384	4.10950
2048	2048	1	68	308	5.12397
2048	2048	1	124	284	5.20571
2560	2048	1	180	274	2.27832
2560	2048	1	296	234	4.18832
2560	2048	1	512	172	1.01225
2560	2048	1	498	54	3.18130
2560	2048	1	428	72	0.00000
2560	2048	1	394	68	0.00000
2560	2048	1	310	78	0.00000
2560	2048	1	212	44	0.00000
2560	2048	1	302	146	5.66317
2560	2048	1	184	142	5.41373
2560	2048	1	96	122	4.68016
2048	2048	1	490	190	0.82030
2048	2048	1	376	142	1.49722
2048	2048	1	444	42	0.24525
2560	2048	2	2	74	0.00000
2048	2048	1	60	174	4.68252
2048	2048	1	96	64	1.25638
2048	2048	1	304	14	2.76143
3584	2560	1	184	512	2.92528
3584	2560	1	412	480	3.13076
3584	2560	1	354	512	5.74933
3584	2560	1	404	304	1.29250
3584	2560	1	512	432	2.00320
3072	2560	1	380	472	0.00000
3072	2560	1	116	512	3.46034
3072	2560	1	132	286	3.62682
3072	2560	1	204	482	0.57076
3072	2560	1	76	126	1.61838
3072	2560	1	308	350	3.84487
3584	2560	1	46	266	1.84174
3584	2560	1	184	300	0.74868
3584	2560	1	144	402	1.34446
3072	2560	1	422	328	3.97731
3584	2560	1	260	476	2.29183
3072	2560	1	350	232	2.88867
3584	2560	1	346	450	2.94697
3584	2560	1	458	348	4.36553
3072	2560	1	90	414	4.79222
3584	2560	1	494	214	2.71478
3584	2560	1	52	364	0.75321
3584	2560	1	274	354	5.95574
3584	2560	2	76	488	0.00000
3072	2560	2	464	186	0.00000
3072	2560	2	434	128	0.00000
3072	2560	1	284	174	3.19709
3072	2560	1	218	78	0.53059
3584	2048	1	462	406	2.25817
3584	2560	1	236	54	5.58539
3584	2560	1	280	172	5.01753
3584	2560	1	432	74	1.90725
3584	2048	1	324	506	0.00000
3584	2048	1	382	222	5.53481
3584	2048	1	432	462	2.38844
3072	2560	1	496	48	1.27934
3584	2560	1	16	104	1.71117
3584	2048	1	148	490	0.00000
3584	2560	1	170	138	5.95093
3584	2560	1	58	166	4.75360
3072	2048	1	108	486	2.87860
3072	2560	1	24	268	0.46365
3072	2560	1	334	10	2.16171
3072	2048	1	430	474	2.73002
3072	2048	1	480	406	3.62057
3584	2048	1	46	458	2.52148
3584	2048	1	74	354	0.57310
3584	2048	1	274	448	3.93837
3584	2048	1	198	368	3.82914
3584	2048	1	146	106	0.08490
3584	2048	1	472	62	6.26685
3584	2048	1	388	86	0.00000
3584	2048	1	266	90	3.58770
3584	2048	1	220	0	0.00000
3584	2048	1	176	242	4.77682
3072	2048	1	168	470	3.00862
3072	2048	1	0	488	5.47350
3072	2048	1	298	426	4.61778
3072	2048	1	346	342	1.58650
3584	2560	1	314	252	1.62442
3072	2048	1	486	90	4.03216
3072	2048	1	366	40	4.17863
3072	2048	1	224	30	4.27303
3584	2048	1	22	224	4.57049
3072	2048	1	400	208	4.11855
3072	2048	1	420	296	5.02177
3072	2048	1	82	50	0.23685
3072	2048	1	152	358	4.87893
3072	2048	1	224	84	4.66894
3072	2048	1	342	148	0.83881
3072	2048	1	280	226	2.08994
3072	2048	1	98	264	3.07885
3072	2048	1	0	186	0.52918
3072	2048	2	110	132	0.00000
3072	3584	1	264	112	5.60279
3072	3584	1	404	168	1.53771
3072	3584	1	336	54	1.92587
3072	3584	1	430	118	2.29744
3584	3584	1	272	50	4.24874
3584	3584	1	298	362	5.73607
3584	3584	1	366	356	2.15060
3584	3584	1	118	326	1.02518
3584	3584	1	276	408	2.63126
3584	3584	1	446	236	2.49123
3584	3584	1	402	300	2.03113
3584	3584	1	512	58	3.34225
3584	3584	1	166	442	0.32122
3584	3584	1	304	264	5.88115
3072	3584	1	66	304	2.02827
3584	3584	1	462	46	3.45001
3072	3584	1	0	176	0.40525
3584	3584	1	216	170	6.11738
3584	3584	1	512	314	0.45907
3584	3584	1	500	446	3.29196
3072	3584	1	292	312	1.55005
3584	3584	1	204	304	0.60555
3072	3584	1	392	512	4.19358
3584	3584	1	464	162	5.03414
3584	3584	1	376	460	1.13644
3584	3584	1	84	458	0.00000
3584	3584	1	10	426	0.37742
3072	3584	1	452	386	6.07616
3072	3584	1	346	474	1.11716
3072	3584	1	322	392	1.98718
3072	3584	1	204	234	2.92852
3072	3584	1	88	250	1.77107
3072	3584	1	122	106	4.12051
3072	3584	1	24	382	2.82797
3072	3584	1	328	250	5.27983
3584	3584	1	6	202	0.98959
3072	3584	1	414	284	5.99468
3072	3584	1	484	310	5.83924
3584	3584	1	142	202	5.94123
3584	3584	1	334	170	5.15849
3584	3584	1	360	84	0.00000
3072	3072	1	70	460	1.46257
3072	3072	1	356	498	5.42488
3072	3072	1	36	362	3.17300
3072	3072	1	100	348	0.00000
3584	3072	1	502	440	5.30351
3072	3072	1	418	496	3.11721
3072	3072	1	184	492	3.44516
3072	3072	1	468	392	1.48766
3072	3072	1	424	344	3.89367
3072	3072	1	334	298	3.03851
3584	3072	1	388	492	2.82885
3072	3072	1	262	320	3.30279
3584	3072	1	96	460	1.28371
3584	3072	1	234	488	4.10051
3584	3072	1	336	382	1.36772
3584	3072	1	474	310	2.74540
3584	3072	1	358	262	0.99077
3072	3584	1	36	36	2.70120
3584	3072	1	276	256	1.47886
3584	3072	1	300	170	4.25792
3584	3072	1	454	172	1.66589
3584	3072	1	476	56	0.00000
3584	3072	1	386	52	5.75839
3584	3072	1	300	52	1.41896
3584	3072	1	346	108	1.24904
3584	3072	1	230	142	3.71626
3584	3072	1	212	36	2.27419
3584	3072	1	138	94	0.00000
3584	3072	1	64	30	0.34302
3584	3072	1	70	182	3.14159
3072	3072	1	484	180	0.20090
3072	3072	1	398	162	4.29522
3072	3072	1	394	82	4.44168
3072	3072	1	370	0	0.00000
3072	3072	1	196	0	0.00000
3072	3072	1	86	24	3.46071
3072	3072	1	164	138	2.58544
3072	3072	1	82	184	5.44427
3072	3072	1	288	134	0.00000
3072	3072	1	194	298	0.00000
3584	3584	1	118	80	1.41214
3072	3072	2	246	446	0.00000
3072	3072	2	430	250	0.00000
3072	3584	2	510	126	0.00000
3072	3584	2	168	476	0.00000
3072	3584	2	238	464	0.00000
3072	3584	2	116	360	0.00000
3072	3584	2	124	152	0.00000
3584	3072	2	252	414	0.00000
2048	3072	2	280	270	0.00000
2048	3072	2	462	282	0.00000
2048	3072	2	510	382	0.00000
2560	3072	2	98	438	0.00000
2048	3072	2	488	434	0.00000
2560	3072	2	344	236	0.00000
2560	3072	2	230	132	0.00000
2560	3072	2	98	232	0.00000
2048	3072	2	314	430	0.00000
2048	3584	2	186	22	0.00000
2560	3584	2	268	350	0.00000
2048	3072	2	44	372	0.00000
2560	3584	1	360	280	0.66489
2560	3584	1	234	274	0.02708
2560	3584	1	362	406	5.41560
2560	3584	1	214	386	5.66827
2560	3584	1	178	494	5.54960
2560	3584	1	42	416	5.46743
2560	3584	1	6	512	6.04879
2560	3584	1	62	316	4.68542
2560	3584	1	14	192	0.74141
2560	3584	1	134	224	2.01607
2048	3584	1	428	398	0.12387
2048	3584	1	356	364	5.81489
2048	3584	1	302	376	0.07042
2048	3584	1	252	324	0.20567
2048	3584	1	416	210	0.02492
2560	3072	1	446	442	5.99432
2560	3072	1	342	422	4.60132
2560	3072	1	254	318	5.82306
2560	3584	1	506	198	0.63147
2560	3072	1	430	288	0.00000
2048	3584	1	60	280	3.56885
2048	3584	1	320	148	2.43375
2048	3584	1	276	44	4.43787
2048	3584	1	140	92	5.74938
2048	3584	1	194	432	5.56176
2048	3072	1	32	244	4.89735
2048	3584	1	110	436	5.38346
2048	3584	1	106	170	1.84382
2048	3584	1	506	98	0.52407
2048	3584	1	370	268	5.30835
2048	3584	1	188	226	0.00000
2048	3584	2	142	286	0.00000
2048	3072	1	198	270	0.00000
2048	3072	1	114	468	3.59480
2048	3584	1	30	10	0.43398
2048	3072	1	460	82	0.53130
2048	3072	1	110	132	4.00852
2048	3072	1	152	20	0.00000
2048	3072	1	262	176	4.75106
2048	3072	1	82	268	0.43590
2560	3072	1	160	376	0.00000
2560	3072	1	350	72	4.49814
2560	3072	1	494	146	0.00000
2560	3072	1	392	184	5.94820
2560	3072	1	180	52	5.49848
2560	3072	1	132	176	2.65080
2560	3072	1	10	166	4.63653
2048	3072	1	278	28	3.26105
2048	3072	1	382	150	5.61102
2048	3072	1	376	348	0.00000
2048	3584	1	378	6	2.84074
2048	3584	1	452	30	3.46318
2560	3584	1	102	96	5.78535
2560	3584	1	206	76	1.30524
2560	3072	1	214	470	0.00000
2560	3584	1	352	28	5.21306
2560	3584	1	336	120	1.23075
2560	3584	1	438	132	0.93487
2560	3584	1	490	358	0.00000
2560	3072	1	78	326	5.06044
2048	3072	1	64	2	5.19430
2560	3072	1	492	0	0.98288
