1024	2048	1	100	10	3.16777
1024	2048	1	44	146	5.03616
1024	2048	1	170	160	2.62885
1024	2048	2	204	75	0.00000
1024	2048	2	236	19	0.00000
1536	2048	1	12	4	0.19023
1536	2048	1	26	134	3.59998
1024	2048	1	418	210	1.81965
1024	2048	1	68	276	4.30509
1024	2048	1	218	374	0.30024
1536	2048	1	168	36	2.48981
1536	2048	2	230	143	0.00000
1536	2048	2	276	87	0.00000
1536	2048	2	508	161	0.00000
1536	2048	2	496	59	0.00000
1536	2048	1	428	86	2.28594
1536	2048	1	424	338	2.86127
1536	2048	1	272	248	0.69144
1536	2048	1	104	214	6.10592
1536	2048	1	2	302	3.50811
1024	2048	1	456	430	0.97098
1536	2048	1	128	350	2.45730
1536	2048	1	82	486	6.23927
1024	2560	1	300	42	1.02910
1024	2560	1	354	128	3.75128
1024	2560	1	484	114	6.07842
1536	2048	1	340	414	0.11761
1536	2048	1	162	472	2.52505
1536	2048	1	232	394	0.35181
1536	2560	1	320	40	1.93361
1536	2048	1	512	498	3.60809
1536	2560	1	446	46	2.54377
1024	2560	1	168	208	4.03311
1024	2560	2	196	275	0.00000
1024	2560	1	316	284	4.64739
1024	2560	1	492	310	4.43049
1536	2560	1	46	250	2.46061
1536	2560	1	134	228	0.00000
1536	2560	1	204	156	6.11215
1536	2560	1	130	68	0.73154
1024	2560	1	300	410	4.17601
1536	2560	1	444	156	5.89423
1536	2560	1	344	170	2.97063
1536	2560	1	436	296	5.78784
1536	2560	1	308	248	5.72505
1536	2560	1	232	306	2.25262
1536	2560	1	170	338	2.20292
1536	2560	1	118	396	5.35770
1536	2560	1	74	434	5.31721
1024	2560	1	422	474	1.19490
1024	2560	1	212	362	1.58650
1024	2560	1	102	362	0.00000
1024	2560	1	26	340	3.20809
1024	2560	1	54	164	1.69521
1024	2048	1	420	298	0.00000
1536	2560	1	342	512	4.81294
1536	2560	1	386	452	4.80151
1536	2560	1	352	388	4.13465
1024	2560	1	188	512	1.23922
1024	3072	1	132	88	5.25587
1024	3072	1	324	40	4.79931
1024	3072	2	124	20	0.00000
1024	3072	1	288	126	5.15297
1024	3072	1	132	220	0.46365
1024	3072	1	204	228	0.53342
1024	3072	1	270	248	0.47835
1024	3072	1	340	254	0.00000
1024	3072	1	64	324	0.00000
1024	3072	1	140	334	5.69018
1024	3072	1	428	210	0.31404
1536	3072	1	28	190	0.05696
1536	3072	1	74	126	5.79036
1536	3072	1	120	40	4.88131
1536	3072	1	224	80	4.51533
1536	3584	2	102	106	0.00000
1536	3072	1	388	100	1.57815
1024	3072	1	270	426	5.91582
1024	3072	1	156	490	0.37026
1024	3584	1	100	132	0.15789
1024	3584	1	196	154	1.48014
1024	3584	1	298	40	1.18675
1024	3584	1	364	84	4.22874
1536	3072	1	216	196	4.34984
1536	3072	1	370	208	0.31529
1536	3072	1	496	212	0.58990
1536	3584	2	12	48	0.00000
1536	3072	2	380	460	0.00000
1024	3072	2	474	42	0.00000
1536	3072	1	46	304	0.84860
1536	3072	1	184	312	5.23190
1536	3072	1	142	388	5.00126
1536	3072	1	330	332	1.93729
1536	3072	1	466	386	5.08776
1536	3584	2	474	112	0.00000
1536	3072	1	250	452	0.62466
1024	3584	1	444	156	4.74608
1536	3584	1	72	234	2.15739
1024	3584	1	354	222	2.10364
1024	3584	1	96	330	0.78993
1024	3584	1	264	328	5.23038
1024	3584	1	468	286	0.00000
1024	3584	1	392	390	0.49589
1536	3584	1	170	108	0.38254
1536	3584	1	144	26	0.52607
1536	3584	2	368	66	0.00000
1024	3072	2	356	356	0.00000
1024	3072	2	494	292	0.00000
1024	3072	2	28	158	0.00000
1536	3584	1	250	238	1.45981
1536	3584	1	182	310	0.02343
1536	3584	1	8	416	0.68514
1536	3584	1	452	230	4.97791
1536	3584	1	406	102	3.77039
1536	3072	1	512	494	1.99447
1536	3584	1	318	368	0.00000
1536	3584	1	396	332	6.24703
1536	3584	1	330	486	5.23830
1536	3584	1	188	466	0.38665
1024	3584	1	26	20	5.03414
1536	3072	1	104	474	3.44062
1536	3072	1	2	458	3.82151
1536	3584	1	68	466	0.37171
1024	3584	1	16	498	5.75709
1024	3584	1	96	456	5.28448
1536	3584	1	492	338	1.32636
1024	3072	2	20	450	0.00000
1536	3072	1	498	60	2.47045
1536	3072	1	344	20	4.57049
1536	3072	2	406	416	0.00000
1536	3584	1	256	174	4.41174
2048	2560	1	362	452	2.03444
2048	2560	1	308	360	4.34617
2048	2560	1	78	440	5.35900
2048	2560	2	70	512	0.00000
2048	2560	2	192	512	0.00000
2048	2560	2	472	476	0.00000
2560	2560	2	16	480	0.00000
2560	2560	1	88	448	5.50319
2048	2560	2	166	366	0.00000
2048	2560	2	190	412	0.00000
2560	2560	1	140	320	0.00000
2560	2560	1	238	446	6.10648
2048	2560	2	436	324	0.00000
2560	2560	2	310	484	0.00000
2560	2560	1	450	438	3.74077
2560	2560	1	432	356	0.70351
2560	2560	1	348	312	4.34833
2560	2560	1	262	222	0.00000
2560	2560	1	342	156	0.32822
2560	2560	1	500	150	0.44118
2560	2560	1	512	242	1.59296
2560	2560	1	192	158	3.18093
2560	2560	1	116	156	0.00000
2560	2560	1	52	172	6.19253
2048	2560	1	474	128	6.10333
2048	2560	1	488	282	2.43894
2048	2560	2	320	200	0.00000
2048	2560	1	354	238	0.59560
2048	2560	2	228	148	0.00000
2048	2560	2	172	148	0.00000
2048	2560	1	190	240	2.62638
2048	2560	1	104	232	0.20656
2048	2560	1	52	116	3.23877
2048	2560	1	118	10	6.06236
2048	2048	1	0	470	3.98575
2048	2048	2	202	500	0.00000
2048	2048	2	258	500	0.00000
2048	2560	2	414	48	0.00000
2048	2560	2	384	102	0.00000
2048	2560	1	298	90	5.47359
2048	2560	1	382	4	1.58118
2048	2048	1	160	408	3.00519
2048	2048	1	354	436	4.17719
2048	2048	1	110	302	4.50230
2048	2048	1	252	262	0.00000
2048	2048	1	348	330	3.76190
2048	2048	2	486	376	0.00000
2560	2048	1	8	448	3.63214
2560	2560	1	260	50	1.84581
2560	2560	1	454	18	0.78540
2560	2048	1	386	468	0.96808
2560	2048	1	320	420	4.20335
2560	2048	1	162	382	5.94210
2560	2048	1	458	340	1.02010
2560	2048	1	460	262	1.52052
2560	2048	1	496	170	1.04202
2560	2048	1	316	268	2.16441
2560	2048	1	376	168	3.35695
2560	2048	1	426	60	6.07679
2560	2048	1	314	80	0.00000
2560	2048	1	188	166	5.94389
2560	2048	1	88	122	5.90358
2560	2048	1	150	0	0.51623
2560	2048	1	214	60	3.39527
2048	2048	1	478	18	3.84475
2048	2048	2	510	64	0.00000
2560	2048	1	94	238	5.53226
2048	2048	1	468	202	0.89413
2048	2048	1	382	80	5.36110
2048	2048	1	102	196	4.24874
2048	2048	2	174	72	0.00000
2048	2048	1	34	122	1.65479
3584	2560	1	252	372	3.39269
3584	2560	1	366	404	4.80602
3584	2560	1	184	226	3.92443
3584	2560	1	352	228	4.26630
3584	2560	1	284	62	0.31067
3584	2560	1	482	312	1.11438
3584	2560	1	442	282	1.13937
3584	2560	1	300	154	4.01051
3584	2560	1	202	312	0.73090
3584	2560	1	174	456	0.00000
3584	2560	1	482	488	0.00000
3584	2560	1	268	466	5.18599
3584	2560	2	362	512	0.00000
3584	2560	2	333	455	0.00000
3072	2560	1	490	408	2.40445
3072	2560	1	464	512	3.17004
3072	2560	1	486	284	3.78812
3584	2560	1	64	320	3.56955
3584	2560	1	90	366	0.73185
3072	2560	1	368	476	0.00000
3584	2560	1	132	446	0.67981
3072	2560	2	466	184	0.00000
3072	2560	2	422	128	0.00000
3072	2560	1	96	362	3.44786
3072	2560	1	206	462	4.47734
3584	2560	1	118	124	2.10890
3584	2560	1	46	180	5.33118
3584	2560	1	196	114	2.37547
3584	2048	1	256	472	3.42799
3072	2560	1	502	52	2.06504
3072	2560	1	46	244	1.12907
3072	2560	1	150	178	6.10551
3072	2560	1	238	300	3.23527
3072	2560	1	256	100	3.43166
3072	2560	1	340	128	0.69458
3072	2560	1	374	240	4.67590
3584	2048	1	6	382	4.41662
3584	2048	1	62	414	4.21377
3072	2560	2	170	80	0.00000
3072	2560	2	174	24	0.00000
3072	2560	2	312	14	0.00000
3584	2560	1	82	22	2.09575
3584	2048	1	142	494	6.05272
3072	2048	1	458	332	4.36861
3072	2048	1	384	426	2.81945
3072	2048	1	250	444	0.63842
3072	2048	1	162	364	4.96984
3072	2048	1	50	438	3.42123
3072	2048	1	166	262	2.48278
3072	2048	1	282	256	2.81961
3072	2048	1	328	264	0.00000
3072	2048	1	408	168	5.52110
3072	2048	1	118	26	0.00000
3072	2048	2	40	168	0.00000
3072	2048	1	238	38	1.22093
3072	2048	1	224	96	4.74710
3072	2048	1	348	40	4.18090
3072	2048	1	506	88	2.13536
3584	2048	1	36	238	5.39466
3584	2048	1	176	100	5.74919
3584	2048	1	190	216	1.59270
3584	2048	1	158	270	4.16270
3584	2048	1	218	14	0.00000
3584	2048	1	268	76	3.71051
3584	2560	1	488	26	3.18905
3584	2048	1	378	454	2.58663
3584	2048	1	512	102	0.00000
3584	2048	1	462	54	0.00000
3584	2048	1	386	84	0.00000
3584	2048	1	382	222	5.49833
3072	2048	2	12	72	0.00000
3072	3584	1	130	460	3.23806
3072	3584	1	444	152	0.00000
3072	3584	1	340	132	2.74937
3072	3584	1	16	380	2.25475
3584	3584	1	282	274	3.55765
3072	3584	1	30	294	2.13289
3584	3584	1	430	506	1.98211
3584	3584	1	364	320	0.00000
3584	3584	1	448	354	1.13839
3584	3584	1	264	414	5.70888
3584	3584	1	226	234	0.54209
3584	3584	1	170	414	3.94826
3584	3584	1	218	492	2.04750
3072	3584	1	502	464	0.00000
3584	3584	1	380	430	4.41311
3584	3584	1	76	460	5.64235
3072	3584	1	356	458	1.97040
3072	3584	1	378	408	5.67538
3072	3584	1	442	344	0.00000
3072	3584	1	488	290	0.00000
3584	3584	1	40	318	0.00000
3584	3584	1	98	342	3.42490
3584	3584	1	152	316	3.09382
3584	3584	1	130	202	1.32888
3072	3584	1	216	496	1.15473
3072	3584	1	142	266	3.20672
3584	3584	1	40	184	0.00000
3072	3584	1	304	284	1.62338
3072	3584	1	228	350	1.37340
3072	3584	1	56	198	2.65956
3072	3584	1	232	220	3.60524
3584	3072	1	180	52	1.52694
3584	3072	1	394	370	1.41227
3584	3584	1	348	90	3.41576
3584	3584	1	388	178	4.59144
3584	3072	1	424	274	5.22914
3584	3584	1	426	250	1.89898
3584	3584	1	434	68	0.37325
3584	3072	1	100	148	2.99543
3584	3072	1	300	316	0.79096
3584	3072	1	16	454	3.87081
3584	3072	1	52	264	1.61838
3584	3584	1	202	130	4.29913
3584	3584	1	248	52	1.06328
3584	3072	1	360	476	0.00000
3584	3072	1	468	478	0.91182
3584	3584	1	508	170	3.41229
3584	3072	1	440	446	0.89110
3584	3072	1	512	310	3.01017
3584	3584	1	72	76	5.54321
3584	3584	1	104	30	5.60978
3584	3072	1	168	412	4.34327
3072	3072	1	448	374	3.15630
3584	3072	1	138	336	4.45987
3584	3072	1	170	174	5.48529
3584	3072	1	484	168	3.71330
3584	3072	1	474	0	0.00000
3584	3072	1	414	60	2.81054
3584	3072	1	268	56	3.88157
3584	3072	1	354	174	1.68505
3584	3072	1	330	110	4.22122
3584	3072	1	234	148	3.84149
3072	3072	1	474	56	3.16617
3072	3072	1	410	148	5.84201
3072	3072	1	324	272	2.10882
3072	3072	1	284	338	5.56528
3072	3072	1	322	506	2.95095
3072	3072	1	262	496	3.15581
3072	3584	1	160	110	4.71239
3072	3584	1	24	88	2.32050
3072	3072	1	52	508	4.82618
3072	3072	1	156	436	3.24270
3072	3072	1	136	332	4.46271
3072	3072	1	206	56	5.50531
3072	3072	1	184	148	2.60117
3072	3072	1	34	40	5.71646
3072	3072	1	14	370	0.50642
3072	3072	1	386	0	0.00000
3072	3072	1	320	178	5.28277
3072	3072	2	432	256	0.00000
3584	3072	2	12	202	0.00000
3584	3072	1	26	106	3.62933
3584	3072	1	244	252	4.53200
3072	3072	1	20	162	3.67047
3584	3072	2	246	422	0.00000
3072	3584	2	122	370	0.00000
3072	3584	2	118	152	0.00000
3072	3584	1	170	12	3.93192
2048	3072	1	308	222	4.55055
2048	3072	1	376	134	5.62823
2048	3072	1	184	190	4.25043
2048	3072	1	90	144	6.08186
2048	3072	2	72	14	0.00000
2048	3072	2	194	16	0.00000
2048	3072	1	58	304	1.10306
2048	3072	1	428	64	5.40237
2560	3072	1	40	108	0.00000
2560	3072	1	128	150	2.86396
2560	3072	2	136	72	0.00000
2560	3072	2	216	126	0.00000
2560	3072	1	416	70	5.64994
2048	3072	2	220	272	0.00000
2048	3072	2	278	282	0.00000
2048	3072	1	18	94	2.60847
2048	3072	1	6	192	0.97096
2048	3072	2	44	368	0.00000
2048	3072	1	200	360	6.04975
2048	3072	1	214	470	4.00376
2048	3072	2	156	474	0.00000
2048	3072	1	488	428	3.81274
2048	3072	1	504	342	0.29897
2560	3072	1	68	340	0.43984
2560	3072	2	94	224	0.00000
2048	3072	2	462	294	0.00000
2560	3072	1	148	400	0.00000
2560	3072	1	198	262	0.20065
2560	3072	1	276	218	2.54702
2560	3072	2	352	242	0.00000
2560	3072	1	366	148	3.31718
2560	3072	1	424	284	4.49307
2560	3072	1	512	188	3.62566
2560	3072	1	342	352	2.00296
2560	3072	1	256	400	4.76808
2048	3072	1	38	484	1.74192
2048	3584	1	48	88	3.91740
2048	3584	1	124	140	3.63341
2048	3584	1	54	240	5.62344
2048	3584	1	208	148	3.01451
2048	3584	1	228	48	5.20317
2048	3072	1	354	462	0.34860
2048	3584	1	446	18	2.86560
2560	3072	2	16	442	0.00000
2560	3072	2	88	432	0.00000
2560	3584	1	148	54	5.01110
2560	3072	1	218	470	0.00000
2560	3072	1	422	484	5.38112
2560	3072	1	512	402	0.49461
2560	3072	1	464	362	4.01453
2048	3584	1	352	86	0.11943
2048	3584	1	408	178	0.43002
2048	3584	1	506	92	0.45667
2560	3584	1	32	166	0.30088
2560	3584	1	160	198	3.01725
2048	3584	2	188	250	0.00000
2048	3584	1	272	322	0.20818
2048	3584	1	388	292	4.86195
2560	3584	1	234	140	5.15272
2560	3584	1	342	84	1.57324
2560	3584	1	458	154	5.76710
2560	3584	1	500	62	2.19105
2048	3584	1	454	380	0.40562
2560	3584	1	64	310	4.90051
2560	3584	1	240	236	0.00000
2560	3584	1	330	232	0.41492
2560	3584	1	402	268	3.20030
2048	3072	1	358	364	3.63897
2048	3584	1	68	472	2.33405
2048	3584	1	170	362	5.26320
2048	3584	1	134	456	5.86033
2048	3584	1	346	476	5.76544
2560	3584	1	12	496	5.27123
2560	3584	1	82	420	5.14641
2560	3584	2	90	490	0.00000
2560	3584	1	284	434	0.18453
2560	3584	1	368	380	5.70261
2560	3584	1	452	298	0.00517
2560	3584	1	512	360	5.34134
2560	3584	1	512	276	5.34742
2560	3584	1	194	332	1.82037
2560	3584	1	140	384	4.80655
2560	3584	1	496	492	0.63150
2560	3584	1	374	502	5.67209
2560	3584	1	224	512	0.00000
2048	3584	1	4	300	2.25720
