1536	2560	1	320	262	5.69683
1536	2560	1	512	266	3.74164
1536	2560	1	172	314	2.02730
1024	2560	1	138	476	3.59225
1024	2560	1	216	464	3.67510
1536	2560	1	382	218	0.15991
1024	2560	1	58	248	5.58845
1536	2560	1	52	428	5.15668
1024	2560	1	462	248	1.12588
1024	2560	1	464	454	2.14870
1536	2560	1	240	434	1.67105
1024	2560	1	464	62	1.94064
1536	2560	1	450	228	0.00000
1024	2560	1	60	512	3.39774
1024	2560	1	46	302	2.29571
1024	2560	1	400	376	1.32326
1536	2560	1	382	432	2.09993
1024	2560	1	74	122	3.36630
1536	2560	1	444	358	1.61034
1024	2560	1	170	214	4.92035
1024	2560	1	26	400	4.48495
1024	2560	2	198	280	0.00000
1024	2560	1	260	48	1.01712
1536	2560	1	50	206	2.25286
1536	2560	1	194	192	0.39454
1536	2560	1	324	132	2.87246
1536	2560	1	94	128	5.73247
1536	2560	1	130	84	5.70133
1024	2560	1	498	314	2.02160
1536	2560	1	512	172	2.93213
1536	2560	1	448	82	4.05544
1536	2048	1	484	448	1.07935
1536	2048	1	242	498	1.76198
1536	2048	1	22	480	5.03038
1024	2048	1	242	368	0.24749
1024	2048	1	100	242	0.49597
1024	2048	1	48	104	0.00000
1024	2048	1	126	28	0.00000
1024	2048	1	190	40	0.00000
1024	2048	1	252	0	0.00000
1024	2048	1	322	0	3.29819
1024	2048	1	444	0	0.00000
1536	2048	1	12	0	0.00000
1024	2048	1	486	224	3.41296
1536	2048	1	90	0	3.26760
1536	2048	1	110	126	0.00000
1536	2048	1	44	300	3.45090
1536	2048	1	128	330	3.11077
1536	2048	1	360	426	4.21649
1536	2048	1	242	376	1.66766
1536	2048	1	488	340	4.73870
1536	2048	1	222	282	5.21893
1536	2048	1	224	118	0.00000
1536	2048	1	268	202	1.01562
1536	2048	1	512	248	5.18846
1536	2048	1	512	32	0.00000
1536	2048	1	360	102	2.24554
1536	2048	1	404	0	3.10161
1024	2560	2	360	448	0.00000
1024	3072	2	500	301	0.00000
1536	3584	2	62	53	0.00000
1536	3584	2	254	361	0.00000
1536	3072	1	26	396	0.00000
1536	3072	1	156	410	5.30842
1024	3072	1	320	292	0.34433
1024	3072	1	132	88	1.10640
1024	3072	1	114	212	0.00000
1024	3072	1	176	210	0.13278
1024	3072	1	232	204	0.00000
1024	3072	1	302	94	5.53618
1024	3072	1	368	70	0.00000
1536	3072	1	58	220	0.36696
1024	3072	1	234	340	0.47598
1024	3072	1	458	110	1.93128
1536	3072	1	136	62	1.39934
1536	3072	1	272	136	5.84024
1536	3072	1	408	384	0.00335
1024	3072	1	398	486	2.35970
1536	3072	1	240	326	2.22049
1536	3072	1	186	182	5.75216
1024	3072	1	38	40	3.80129
1536	3072	1	502	56	6.06043
1536	3072	1	512	240	4.04986
1536	3072	1	440	176	2.61844
1536	3072	1	328	42	2.77340
1536	3072	1	442	292	5.61687
1536	3072	1	350	276	5.09833
1536	3584	1	258	46	2.69346
1536	3584	1	40	158	4.27719
1536	3072	1	176	506	2.78372
1536	3584	1	438	244	5.56551
1536	3072	1	276	456	1.17214
1536	3584	1	392	286	4.08217
1536	3584	1	112	18	2.58394
1536	3584	1	362	134	4.22701
1024	3584	1	478	62	3.24100
1536	3584	1	100	272	1.55389
1536	3584	1	272	218	4.56087
1536	3584	1	158	260	2.73413
1536	3072	1	404	512	0.81509
1536	3072	2	367	453	0.00000
1536	3584	2	464	119	0.00000
1536	3584	1	34	502	0.59186
1536	3584	1	146	372	1.46060
1024	3584	1	54	388	0.00000
1024	3584	1	338	124	1.62371
1536	3584	1	504	446	1.49282
1536	3584	1	478	514	2.21995
1536	3584	1	172	458	0.96232
1024	3584	1	400	210	4.87795
1024	3584	1	362	350	1.74523
1024	3584	1	468	470	0.53991
1024	3584	1	224	380	5.80300
1024	3584	1	220	170	1.41602
1024	3584	1	94	252	5.45656
1024	3584	1	188	82	3.72747
1536	3584	1	336	464	0.75223
1024	3584	1	76	132	0.69090
1024	3584	1	42	40	1.55234
1024	3584	1	20	482	2.41351
1024	3072	1	18	464	2.64245
2048	2048	2	510	70	0.00000
2048	2048	2	410	18	0.00000
2560	2048	2	296	394	0.00000
2560	2560	2	286	6	0.00000
2048	2048	2	270	510	0.00000
2048	2560	2	164	154	0.00000
2048	2560	2	224	156	0.00000
2048	2560	2	318	202	0.00000
2048	2560	2	408	60	0.00000
2560	2560	2	20	164	0.00000
2560	2560	2	306	496	0.00000
2560	2560	2	14	472	0.00000
2048	2560	2	466	486	0.00000
2560	2560	2	8	502	0.00000
2560	2048	1	414	128	4.64747
2560	2048	1	18	236	2.46630
2560	2048	1	114	250	5.88771
2048	2048	1	402	114	2.11633
2560	2048	1	306	110	0.15118
2560	2048	1	196	288	3.58745
2048	2048	1	394	272	0.00000
2048	2048	1	480	374	1.20133
2560	2048	1	436	40	0.71688
2560	2048	1	454	210	1.60406
2048	2048	1	308	324	0.00000
2560	2048	1	444	300	1.62511
2560	2048	1	240	202	5.02791
2560	2048	1	222	110	4.71573
2560	2048	1	150	126	0.00000
2560	2048	1	98	436	1.54351
2560	2048	1	400	512	4.41753
2560	2048	1	512	454	4.65064
2048	2048	1	136	114	5.48770
2560	2048	2	440	450	0.00000
2560	2560	2	512	8	0.00000
2048	2048	1	62	70	0.00000
2048	2560	1	494	236	1.44962
2048	2048	1	216	258	1.47290
2048	2048	1	390	464	5.02578
2048	2048	1	212	488	4.25681
2560	2560	1	306	90	5.09454
2560	2560	1	254	226	0.00000
2048	2048	1	178	72	3.74108
2560	2560	1	50	84	1.13226
2560	2560	1	470	198	1.21788
2560	2560	1	130	148	3.91748
2560	2048	1	138	14	0.00000
2560	2048	1	326	10	4.64278
2560	2560	1	512	116	4.60157
2560	2560	1	160	290	5.23120
2560	2560	1	412	364	6.22277
2560	2560	1	482	290	5.30317
2560	2560	1	324	408	5.87306
2560	2560	1	210	446	0.00000
2560	2560	1	60	324	5.19358
2560	2560	1	80	438	5.93705
2560	2048	1	68	138	3.51713
2560	2560	2	470	340	0.00000
2048	2560	2	432	314	0.00000
2048	2048	1	88	246	6.00053
2048	2048	1	178	376	3.61266
2048	2048	1	30	276	5.86108
2048	2048	1	24	346	5.40855
2048	2048	1	100	456	0.13743
2048	2048	1	10	454	1.31530
2048	2560	1	154	84	4.28235
2048	2560	1	282	102	0.83512
2048	2560	1	468	122	3.96746
2048	2560	1	380	90	0.00000
2048	2560	1	32	240	3.99774
2048	2560	1	2	134	0.00000
2048	2560	1	176	260	0.17053
2048	2560	1	272	330	3.38192
2048	2560	1	240	470	0.00000
2048	2560	1	444	440	1.01642
2048	2560	1	328	504	4.05819
2048	2560	1	108	286	3.41104
2048	2560	1	42	378	3.32392
2048	2560	1	82	490	3.35291
2048	2560	1	168	494	0.00000
2048	2560	2	160	370	0.00000
2048	2560	2	198	424	0.00000
2048	2560	2	314	430	0.00000
3072	2048	1	230	86	5.68477
3072	2048	1	156	88	0.00000
3072	2048	1	326	122	5.64391
3072	2048	1	384	58	5.07203
3072	2560	2	170	410	0.00000
3072	2048	1	508	48	5.74505
3584	2048	1	152	138	0.11868
3584	2048	1	276	74	0.77320
3584	2048	1	224	0	0.00000
3584	2048	1	398	114	0.00000
3584	2048	1	464	68	0.00000
3072	2048	1	196	226	5.61664
3072	2048	1	274	224	5.60087
3072	2048	1	474	178	5.09622
3072	2048	1	428	262	5.46077
3584	2048	1	306	350	1.04702
3584	2048	1	420	286	1.72755
3072	2048	1	136	350	4.38004
3072	2048	1	390	402	3.30911
3072	2048	1	336	376	3.47648
3584	2048	1	6	358	4.49372
3584	2048	1	96	414	4.08651
3584	2048	1	138	492	4.37310
3584	2560	1	218	66	3.08940
3584	2048	1	392	412	0.32710
3584	2048	1	470	486	1.54702
3584	2560	1	460	60	3.95510
3072	2048	1	262	442	5.14663
3072	2048	1	36	464	4.92225
3072	2048	1	92	196	0.00000
3072	2048	1	202	504	5.82246
3072	2560	1	50	86	4.18153
3072	2560	1	92	164	3.98641
3072	2560	1	0	284	5.13346
3072	2560	1	356	74	4.01393
3072	2560	1	298	162	0.00000
3072	2560	2	224	164	0.00000
3072	2560	1	44	442	3.33952
3072	2560	1	270	382	2.18131
3072	2560	1	272	292	2.26586
3072	2560	1	460	132	1.53613
3584	2560	2	24	80	0.00000
3072	2560	1	370	192	3.15714
3072	2560	1	278	480	1.27934
3072	2560	1	400	388	0.00000
3072	2560	1	464	232	4.18949
3584	2560	1	116	150	4.30487
3072	2560	1	464	414	2.90015
3584	2560	1	56	328	5.01319
3584	2560	1	106	262	2.27388
3584	2560	1	214	216	0.93721
3584	2560	1	304	236	3.08094
3584	2560	1	440	172	2.21730
3584	2560	1	392	246	5.51472
3584	2560	1	386	370	6.06397
3584	2560	1	178	340	3.84586
3584	2560	1	240	380	4.22694
3584	2560	1	50	406	5.52155
3584	2560	1	2	512	4.04765
3584	2560	1	152	462	5.55962
3584	2560	1	262	430	0.99172
3584	2560	1	302	474	3.36909
3584	2560	1	474	440	5.82695
3584	2560	1	500	372	2.98769
3584	3072	1	18	400	5.79320
3584	3072	1	96	256	0.00000
3072	3072	1	294	162	0.31409
3072	3072	1	156	72	3.60524
3072	3072	1	56	80	0.68232
3584	3584	1	40	50	0.09773
3584	3584	1	212	42	0.28061
3072	3584	1	316	114	2.99102
3072	3584	1	232	10	3.71740
3072	3072	1	340	444	0.69125
3072	3072	1	336	362	1.13583
3072	3072	1	388	288	4.64981
3072	3072	1	384	170	0.94317
3072	3072	1	446	210	1.01849
3584	3072	1	218	178	5.01607
3584	3072	2	248	110	0.00000
3584	3072	2	340	106	0.00000
3584	3072	2	358	322	0.00000
3584	3072	2	382	388	0.00000
3584	3584	2	178	140	0.00000
3072	3072	2	54	394	0.00000
3072	3072	1	208	252	1.86978
3072	3072	1	84	212	2.80692
3072	3584	1	90	4	2.41371
3072	3584	1	156	112	1.67356
3072	3584	1	422	34	5.45789
3072	3072	1	222	142	3.71304
3584	3072	1	156	420	1.14713
3584	3072	1	490	72	3.48145
3584	3584	1	334	66	4.24469
3072	3584	1	426	176	2.21430
3584	3072	1	132	116	4.21963
3584	3072	1	38	74	4.12493
3584	3584	1	172	234	6.05773
3584	3584	1	330	238	3.67361
3584	3584	1	402	238	3.55650
3584	3072	1	358	484	2.38595
3584	3072	1	300	372	1.99742
3584	3072	1	202	272	2.83952
3584	3072	1	130	354	4.02587
3072	3072	1	492	278	5.48480
3072	3072	1	398	38	0.46238
3584	3072	1	506	168	2.22731
3072	3584	1	66	214	2.11122
3584	3584	1	512	40	1.98215
3584	3584	1	390	384	5.65927
3072	3584	1	496	290	3.11721
3072	3584	1	316	230	1.09315
3584	3072	1	500	424	5.60924
3584	3584	1	468	320	0.88632
3584	3584	1	252	356	4.57905
3072	3584	1	198	202	5.15213
3072	3584	1	392	434	4.84178
3584	3584	1	34	240	2.64075
3072	3072	1	196	312	2.00348
3584	3072	1	490	302	4.07366
3584	3072	1	176	48	4.77682
3072	3072	1	512	30	4.11010
3584	3072	1	308	234	4.02194
3072	3072	1	454	414	3.22742
3584	3072	2	470	488	0.00000
3584	3584	1	510	120	1.90632
3584	3072	1	26	188	0.00000
3584	3584	1	270	196	0.67776
3072	3584	1	238	352	0.75683
3072	3584	1	404	282	4.52255
3584	3072	1	156	508	0.47570
3584	3584	1	92	198	0.00000
3584	3584	1	60	446	1.63552
3072	3584	1	232	442	0.78114
3072	3584	2	116	364	0.00000
3584	3584	2	44	380	0.00000
3072	3584	1	36	454	2.32107
3072	3584	1	66	336	2.95337
3072	3584	1	18	110	2.26617
2048	3072	1	96	144	1.92158
2048	3072	1	154	52	0.18981
2048	3072	1	244	24	0.00000
2048	3072	1	478	36	1.34842
2560	3072	1	62	88	0.79664
2560	3072	1	194	90	0.57257
2560	3072	2	126	68	0.00000
2560	3072	2	230	132	0.00000
2560	3072	1	450	52	5.17901
2560	3072	1	332	128	0.72866
2048	3072	1	388	152	5.45784
2048	3072	1	284	168	5.96582
2048	3072	1	226	190	3.09645
2048	3072	1	192	330	0.49218
2048	3072	2	282	272	0.00000
2048	3072	1	46	222	1.33105
2560	3072	1	152	288	0.33839
2560	3072	2	94	234	0.00000
2560	3072	2	340	242	0.00000
2560	3072	1	446	310	4.47404
2560	3072	1	266	328	4.95264
2048	3072	1	482	274	4.30868
2048	3072	1	388	398	2.64714
2560	3072	1	42	344	5.41735
2048	3072	1	244	412	4.19762
2560	3072	1	406	400	4.57800
2560	3072	1	272	432	5.68752
2560	3584	1	112	18	3.63569
2560	3072	2	94	440	0.00000
2560	3072	1	220	464	0.00000
2560	3072	1	456	506	3.40012
2560	3584	1	328	18	5.46018
2560	3584	1	224	40	5.02604
2560	3584	1	194	98	2.17874
2560	3584	1	188	316	3.30452
2560	3584	1	316	140	0.83181
2560	3584	1	276	436	0.40845
2560	3584	1	178	454	3.80965
2560	3584	1	184	182	2.18239
2560	3584	1	306	300	3.09979
2560	3584	1	470	384	0.11437
2560	3584	1	506	270	1.15419
2560	3584	1	512	120	2.62670
2560	3584	1	382	380	3.58300
2560	3584	1	386	190	2.29320
2048	3584	1	452	406	5.55556
2560	3584	1	34	274	0.36121
2560	3584	1	60	450	2.37969
2560	3584	1	16	502	5.19753
2560	3584	1	112	202	2.83474
2048	3584	1	440	502	5.62380
2048	3584	1	382	182	4.30612
2048	3584	1	344	330	0.05791
2048	3584	1	478	12	4.35297
2560	3584	1	108	386	2.26357
2048	3584	1	262	338	5.12976
2048	3584	1	346	474	0.00000
2048	3584	1	126	370	1.86533
2048	3584	1	266	450	6.07652
2048	3584	1	242	216	4.47295
2048	3584	1	316	12	1.32627
2048	3584	1	304	138	1.57067
2048	3584	1	88	236	4.76318
2048	3584	1	26	210	0.00000
2048	3072	2	158	486	0.00000
2048	3072	2	50	378	0.00000
2048	3584	1	94	82	0.59503
2048	3584	1	212	44	5.50714
2048	3072	1	36	512	0.29722
2560	3584	1	328	490	0.00000
2048	3072	2	324	432	0.00000
2048	3584	1	30	446	1.39694
