1536	2048	1	150	396	0.44447
1024	2048	1	236	370	0.43606
1024	2048	1	98	458	0.00000
1024	2560	1	268	32	1.22456
1024	2048	1	88	84	0.00000
1536	2048	1	32	276	0.00000
1536	2560	1	42	220	0.00000
1024	2560	2	426	62	0.00000
1024	2048	1	480	500	4.15813
1024	2048	1	430	230	2.40885
1536	2048	1	218	140	2.80230
1024	2048	1	492	100	1.74021
1536	2048	1	38	20	0.00000
1024	2048	2	466	16	0.00000
1024	2048	2	260	24	0.00000
1024	2048	2	194	84	0.00000
1024	2048	1	214	188	2.70100
1536	2048	1	416	162	1.00651
1536	2048	1	220	410	0.27603
1536	2048	1	436	376	4.40333
1536	2048	1	442	266	0.34416
1536	2048	2	512	182	0.00000
1536	2048	1	220	30	3.34789
1536	2048	1	290	96	2.07690
1536	2560	1	416	172	5.56202
1536	2560	1	234	112	0.60689
1536	2048	1	324	472	3.70685
1536	2048	1	164	266	1.90747
1536	2048	1	322	280	1.39213
1024	2048	1	6	202	0.45441
1024	2560	1	110	144	4.22478
1024	2560	1	368	196	1.64099
1536	2560	1	386	18	3.41857
1536	2560	1	508	144	1.86019
1536	2560	1	504	46	3.04025
1536	2048	1	428	78	2.23541
1536	2048	1	512	68	5.24895
1536	2048	1	466	10	1.59063
1536	2560	1	172	216	2.25134
1024	2560	1	266	320	5.93175
1024	2560	2	190	294	0.00000
1536	2560	1	280	262	5.91997
1536	2560	1	356	204	2.01206
1024	2560	2	18	368	0.00000
1024	2560	1	52	302	0.58800
1024	2560	1	132	384	0.89796
1024	2560	1	82	500	0.88495
1536	2560	1	22	494	1.35267
1024	2560	2	410	312	0.00000
1024	2560	1	288	492	3.20427
1024	2560	1	430	466	3.99389
1536	2560	1	28	336	5.27594
1536	2560	1	146	352	5.40126
1536	2560	1	86	436	5.14658
1536	2560	1	374	436	2.18645
1536	2560	1	332	512	1.20292
1536	2560	2	150	512	0.00000
1536	2560	2	332	336	0.00000
1536	2560	1	406	282	2.06412
1536	2560	1	486	264	1.94579
1536	2560	2	478	488	0.00000
1536	2560	2	432	458	0.00000
1536	2560	1	428	370	5.15007
1024	3072	1	86	430	0.00000
1024	3072	1	222	476	0.88809
1536	3584	1	482	484	0.00000
1024	3072	1	508	448	0.00000
1024	3584	1	238	200	6.24844
1536	3584	1	414	238	1.03743
1024	3584	1	178	326	0.78285
1536	3584	1	12	410	0.25531
1536	3584	1	196	396	0.00000
1536	3072	1	340	480	0.00000
1536	3072	1	164	346	0.00000
1536	3584	1	174	32	0.00000
1536	3584	1	60	10	0.00000
1024	3584	1	474	208	5.61814
1024	3584	1	36	516	5.37836
1024	3584	1	66	266	4.65463
1024	3072	1	450	512	2.76242
1536	3072	1	464	386	0.00000
1536	3584	1	420	370	5.51862
1536	3584	1	436	110	0.32356
1024	3584	1	384	52	2.15880
1024	3584	1	130	152	0.00000
1024	3584	1	148	480	0.00000
1024	3584	1	48	172	4.43485
1536	3584	1	124	162	3.04162
1536	3584	1	382	504	5.96925
1536	3072	1	344	230	0.16617
1024	3584	1	248	442	2.16171
1024	3584	1	50	374	5.99861
1024	3584	1	336	138	1.13264
1024	3584	1	400	276	5.79804
1536	3584	1	282	16	0.00000
1024	3584	1	26	12	2.92785
1024	3072	1	266	340	0.15660
1024	3072	1	396	294	2.22854
1024	3072	1	376	410	1.09940
1024	3072	1	158	248	0.76468
1024	3072	1	118	118	0.85989
1024	3072	1	314	104	4.18402
1024	3072	1	218	68	0.00000
1024	3072	1	500	92	3.71530
1536	3072	1	108	34	0.93577
1536	3072	1	96	118	0.88618
1536	3072	1	240	106	2.90866
1536	3072	1	372	120	0.53711
1536	3072	1	458	104	0.99227
1536	3072	1	106	230	2.02439
1536	3072	1	220	224	4.43409
1536	3072	1	264	296	1.91957
1536	3072	1	256	440	0.00000
1536	3072	1	380	374	5.46382
1536	3072	1	422	346	5.63659
1024	3072	1	448	182	5.59628
2048	2048	1	384	484	5.17054
2560	2560	1	116	58	5.10215
2048	2048	1	76	352	2.63064
2048	2048	1	134	238	5.88470
2560	2048	1	92	268	4.65363
2048	2560	1	90	114	4.05204
2048	2560	2	174	150	0.00000
2048	2560	2	78	304	0.00000
2048	2560	2	200	412	0.00000
2048	2560	2	160	366	0.00000
2048	2560	2	326	420	0.00000
2048	2560	2	318	206	0.00000
2048	2560	2	442	316	0.00000
2048	2560	2	512	310	0.00000
2560	2560	2	466	334	0.00000
2560	2560	2	314	486	0.00000
2560	2560	2	16	164	0.00000
2048	2560	2	352	54	0.00000
2560	2048	2	438	468	0.00000
2560	2560	2	512	16	0.00000
2048	2048	2	492	58	0.00000
2048	2048	1	390	336	0.53763
2048	2048	1	414	196	4.81547
2048	2048	1	412	102	2.47062
2048	2048	1	276	436	1.25049
2560	2560	1	288	22	3.74969
2560	2560	1	462	178	1.97209
2560	2560	1	292	158	4.89800
2560	2560	1	200	264	4.54567
2560	2560	1	192	424	1.97002
2048	2048	1	232	314	0.39186
2048	2048	1	50	166	0.81008
2048	2048	1	200	154	2.22378
2048	2048	1	278	130	2.66243
2048	2048	2	134	26	0.00000
2048	2048	2	238	20	0.00000
2048	2048	1	178	70	3.39141
2560	2048	1	464	58	1.07891
2560	2048	1	228	136	0.00000
2560	2048	1	312	218	1.16615
2560	2048	1	364	284	1.93224
2560	2048	1	406	364	1.86249
2560	2048	2	356	402	0.00000
2048	2048	1	512	350	5.78577
2048	2048	1	456	430	5.76505
2560	2048	1	144	466	0.76363
2560	2048	1	238	436	0.00000
2048	2560	1	310	68	2.93842
2048	2560	1	250	150	0.00000
2048	2560	1	148	252	1.45886
2048	2560	1	42	190	2.71039
2048	2560	1	32	66	2.77461
2560	2048	1	322	96	0.00000
2560	2048	1	168	0	3.60154
2560	2048	1	228	12	2.98748
2560	2048	1	512	430	4.52581
2560	2560	1	44	440	0.00000
2048	2560	1	402	472	0.00000
2048	2560	1	62	406	5.56909
2048	2560	1	248	354	4.99335
2048	2560	1	502	76	3.77288
2048	2560	1	416	92	3.23455
2048	2560	1	486	238	5.09399
2560	2560	1	162	172	2.65376
2560	2560	1	328	334	0.00000
2560	2560	1	442	414	2.00320
2560	2560	1	368	476	2.20498
2560	2560	1	406	260	2.86088
2048	2560	1	280	482	5.66423
2048	2560	1	22	494	4.77074
2560	2560	1	74	188	6.16707
2048	2560	2	196	512	0.00000
3072	2560	1	164	286	0.14491
3584	2560	1	220	432	4.68794
3584	2560	1	54	456	1.64496
3584	2560	1	372	214	3.08945
3072	2560	1	360	158	0.00000
3072	2560	1	462	362	0.11006
3584	2560	1	316	324	2.87289
3584	2560	1	50	318	0.00000
3072	2560	1	238	450	5.39032
3584	2560	1	400	370	0.00000
3584	2560	1	324	466	3.43445
3584	2560	1	138	266	5.06070
3072	2560	1	480	200	1.93741
3072	2560	1	264	272	2.60117
3072	2560	1	330	412	5.15919
3584	2560	1	474	456	5.94960
3584	2560	1	224	356	2.29978
3072	2560	1	42	384	0.61062
3584	2560	1	150	174	4.14099
3584	2560	1	52	44	3.87391
3584	2560	1	104	122	4.41726
3072	2560	1	378	294	3.08543
3584	2560	1	492	302	1.71445
3584	2560	1	496	366	1.50708
3072	2560	1	188	138	1.96960
3584	2560	1	498	134	3.53530
3584	2048	1	272	462	4.47192
3072	2560	1	286	162	2.85644
3584	2048	1	166	494	3.19764
3584	2560	1	412	104	5.91459
3072	2560	1	96	216	3.80227
3584	2560	1	278	26	4.76789
3584	2560	1	292	126	2.62406
3584	2560	1	248	212	3.50322
3072	2048	1	504	454	0.71360
3072	2048	1	192	402	5.33913
3072	2048	1	120	486	1.10193
3072	2048	1	50	398	4.31036
3072	2048	1	464	336	4.36429
3072	2048	1	370	496	3.40412
3072	2560	1	448	72	5.23474
3584	2048	1	342	312	1.80339
3584	2048	1	306	378	4.72083
3584	2560	1	450	4	5.67176
3584	2048	1	466	316	0.31190
3584	2048	1	156	344	4.89252
3584	2048	1	88	442	5.70094
3584	2048	1	256	176	4.18999
3584	2048	1	160	244	4.77511
3072	2048	1	512	78	4.98140
3584	2048	1	250	64	4.24323
3584	2048	1	468	78	0.00000
3072	2048	1	406	208	3.09344
3584	2048	1	74	182	0.54761
3584	2048	1	366	230	5.71185
3072	2048	1	178	224	5.31036
3072	2048	1	194	70	0.56332
3072	2560	2	316	24	0.00000
3072	2560	2	256	24	0.00000
3072	2560	2	172	76	0.00000
3072	2560	2	434	126	0.00000
3072	2560	2	162	390	0.00000
3584	2560	2	194	84	0.00000
3584	2048	2	398	127	0.00000
3072	2048	2	376	401	0.00000
3584	2560	2	284	254	0.00000
3584	2048	1	508	420	3.79693
3072	2048	2	142	167	0.00000
3584	3072	2	362	316	0.00000
3072	3072	2	434	254	0.00000
3584	3072	2	358	188	0.00000
3072	3072	1	104	50	0.64879
3072	3072	1	208	96	3.51092
3072	3072	1	276	116	3.12516
3072	3072	1	414	86	5.92034
3584	3072	1	26	30	5.41014
3584	3072	1	42	136	2.49073
3584	3072	1	160	130	0.93496
3584	3072	1	166	12	0.34986
3584	3072	1	252	12	6.15198
3584	3072	1	298	168	6.09118
3584	3072	1	422	174	0.00000
3584	3072	1	502	174	0.00000
3584	3072	1	120	416	5.51723
3072	3072	1	82	240	2.85287
3072	3072	1	198	238	3.69557
3072	3072	1	442	184	1.04688
3072	3072	1	340	256	4.61919
3072	3072	1	510	254	0.00000
3584	3072	1	216	240	2.44150
3584	3072	1	310	284	0.37299
3584	3072	1	442	344	5.94678
3584	3072	1	354	392	5.89937
3584	3072	1	512	432	0.00000
3584	3072	1	286	474	3.84779
3584	3584	1	406	34	0.32740
3584	3584	1	324	24	3.78490
3584	3584	1	484	62	0.61830
3584	3072	1	188	368	2.36436
3072	3072	1	176	240	0.00000
3072	3072	1	508	394	4.15758
3072	3072	1	252	332	1.48972
3072	3072	1	376	358	4.27320
3072	3072	1	378	464	4.74001
3072	3072	1	88	418	0.70015
3072	3072	1	132	456	0.55329
3072	3072	1	226	470	6.24949
3072	3072	1	368	508	4.84357
3584	3584	1	158	14	5.10524
3072	3072	2	510	476	0.00000
3584	3072	2	54	440	0.00000
3584	3584	1	72	68	5.95837
3072	3584	1	474	106	1.36367
3072	3584	1	346	100	0.00000
3072	3584	1	236	86	0.00000
3072	3584	1	138	64	0.20561
3072	3584	1	46	78	0.00000
3072	3584	1	38	204	5.65086
3584	3584	1	36	174	2.30389
3584	3584	1	240	232	3.16924
3584	3584	1	336	202	3.56934
3072	3584	1	386	280	6.01693
3072	3584	1	292	262	2.30738
3072	3584	1	140	202	5.43009
3072	3584	1	170	298	4.76844
3072	3584	1	232	374	0.48163
3072	3584	1	42	326	0.58040
3072	3584	1	144	370	5.60115
3584	3584	1	436	386	5.78584
3072	3584	1	498	246	5.99824
3072	3584	1	486	410	0.31359
3584	3584	1	212	118	0.43241
3584	3584	1	352	344	0.78671
3584	3584	1	268	332	0.45104
3072	3584	1	350	384	0.00000
3584	3584	1	62	306	3.28349
3584	3584	2	182	318	0.00000
3584	3584	2	122	318	0.00000
3584	3584	2	176	254	0.00000
3584	3584	2	462	246	0.00000
3584	3584	2	478	334	0.00000
3072	3584	2	248	464	0.00000
3072	3584	2	406	470	0.00000
3584	3584	1	372	436	0.15559
3584	3584	2	132	382	0.00000
3072	3584	2	158	480	0.00000
3072	3584	2	52	434	0.00000
2048	3072	1	472	374	5.83366
2560	3072	2	252	490	0.00000
2048	3072	2	434	228	0.00000
2560	3072	2	98	228	0.00000
2048	3072	2	164	478	0.00000
2048	3072	2	198	322	0.00000
2560	3072	2	228	132	0.00000
2560	3072	2	350	236	0.00000
2048	3072	2	314	426	0.00000
2048	3072	1	112	116	1.61489
2048	3072	1	248	92	5.74277
2048	3072	1	106	236	3.26790
2048	3072	2	76	404	0.00000
2048	3072	1	60	480	4.75584
2048	3584	2	198	190	0.00000
2048	3072	1	286	0	5.71185
2048	3072	1	410	0	5.82658
2560	3072	1	118	120	2.77346
2560	3072	1	190	34	1.14596
2560	3072	1	416	84	5.21725
2560	3072	1	324	102	5.20633
2560	3072	1	358	190	4.45980
2560	3072	2	344	444	0.00000
2048	3072	1	272	242	2.96174
2048	3072	1	492	134	5.01761
2048	3072	1	336	282	3.18702
2048	3072	1	220	386	4.57049
2048	3072	1	242	492	3.63802
2048	3584	1	180	108	4.93322
2048	3584	1	354	86	1.03335
2560	3072	1	18	268	3.67444
2048	3072	1	24	258	3.23605
2560	3072	1	86	324	4.21334
2560	3072	1	220	242	0.00000
2560	3072	1	318	326	1.89255
2048	3584	1	486	22	5.20178
2560	3584	1	154	20	4.52549
2560	3072	1	414	430	0.22715
2560	3072	1	450	292	0.00000
2560	3072	1	512	254	3.12476
2560	3072	1	504	502	0.16515
2560	3584	1	374	52	2.00487
2560	3584	1	420	124	4.60860
2560	3072	1	80	440	0.44237
2048	3072	1	386	148	5.46099
2048	3584	1	34	142	0.71992
2048	3584	1	70	260	0.00000
2048	3584	1	194	294	0.54679
2048	3584	1	322	288	0.02692
2048	3584	1	398	220	6.18659
2048	3584	1	466	146	6.11377
2560	3584	1	154	130	2.38844
2560	3584	1	238	176	3.13378
2560	3584	1	144	212	1.65332
2560	3584	1	298	176	3.29297
2048	3584	1	100	476	0.18362
2048	3584	1	210	478	1.34180
2048	3584	1	290	476	0.00000
2048	3584	1	352	458	5.68227
2048	3584	1	444	346	0.39708
2560	3584	1	26	292	0.00000
2048	3584	1	466	446	0.52240
2560	3584	1	22	466	3.95744
2560	3584	1	170	338	0.94200
2560	3584	1	222	370	3.90335
2560	3584	1	376	276	6.19578
2560	3584	1	464	244	6.11447
2560	3584	1	326	344	2.68509
2560	3584	1	452	348	2.59174
2560	3584	1	166	512	0.00000
2560	3584	1	250	496	0.00000
2560	3584	1	512	492	0.00000
2048	3584	2	370	24	0.00000
2560	3072	2	500	88	0.00000
2048	3072	2	194	220	0.00000
