1024	2048	1	24	126	2.94743
1024	2048	1	108	72	2.96306
1024	2048	1	198	64	0.00296
1024	2048	1	116	252	2.88532
1024	2048	1	238	376	0.26103
1024	2048	1	468	124	1.62811
1024	2048	1	508	224	3.53422
1536	2048	1	94	198	5.77297
1536	2048	1	22	8	6.20290
1536	2048	1	154	64	3.57133
1536	2048	1	290	154	5.50669
1536	2048	2	214	144	0.00000
1536	2048	2	272	74	0.00000
1536	2048	2	492	60	0.00000
1024	2048	2	256	10	0.00000
1536	2048	2	92	14	0.00000
1024	2560	1	304	44	0.72004
1024	2048	1	436	436	1.27536
1536	2048	1	30	328	4.01231
1536	2048	1	242	306	5.21179
1536	2048	1	340	250	1.40681
1536	2048	1	358	408	0.28255
1536	2048	1	456	478	3.43922
1536	2048	1	86	418	3.55059
1536	2048	1	164	434	3.37844
1536	2048	2	260	418	0.00000
1536	2560	1	62	94	5.94797
1024	2560	1	492	94	0.52386
1536	2560	1	142	76	2.80403
1536	2560	1	252	4	1.11421
1536	2560	1	370	70	2.61674
1024	2560	1	68	138	2.65637
1024	2560	1	120	232	4.40921
1024	2560	1	378	208	3.83068
1536	2560	1	226	138	3.08804
1536	2560	1	300	134	5.80651
1536	2560	1	452	166	4.60148
1536	2560	1	464	230	6.02703
1024	2560	1	120	326	1.98584
1024	2560	2	196	284	0.00000
1024	2560	1	298	316	4.59177
1536	2560	1	164	252	5.75866
1024	2560	1	484	256	6.18823
1536	2560	1	62	244	2.34841
1536	2560	1	312	248	5.57456
1024	2560	1	26	386	4.31116
1024	2560	1	128	430	1.16761
1024	2560	1	192	488	1.20327
1024	2560	1	270	412	5.34091
1024	2560	1	440	422	3.09747
1024	2560	2	320	510	0.00000
1536	2560	1	62	446	5.05260
1536	2560	1	226	358	2.05373
1536	2560	1	406	426	2.55028
1536	2560	2	188	466	0.00000
1536	2560	2	150	512	0.00000
1536	2560	1	356	512	5.14795
1536	2560	2	468	414	0.00000
1536	2560	1	512	446	6.13475
1024	2560	2	360	442	0.00000
1024	3072	1	144	74	1.05706
1024	3072	1	80	168	0.99371
1024	3072	1	204	164	0.79359
1024	3072	1	292	110	5.57491
1024	3072	1	330	36	5.49433
1024	3072	1	416	148	0.00000
1536	3072	1	24	190	5.78384
1536	3072	1	172	68	0.96586
1536	3072	1	306	124	0.00000
1536	3072	1	378	128	0.00000
1536	3072	1	488	84	5.83920
1536	3072	1	100	286	0.00000
1024	3072	1	462	358	1.65570
1536	3072	1	202	200	4.00085
1536	3072	1	390	332	1.15567
1536	3072	1	484	380	3.86190
1536	3072	1	180	326	4.01537
1024	3072	1	342	266	0.00000
1024	3072	1	276	268	3.37598
1024	3072	1	102	310	5.16185
1024	3072	1	204	262	0.64350
1024	3072	1	280	426	0.00000
1024	3072	1	146	466	0.00000
1536	3072	1	390	260	3.66074
1536	3072	1	210	404	0.99309
1536	3072	1	102	456	3.44946
1536	3072	1	320	452	0.00000
1536	3072	1	384	480	2.99937
1536	3584	1	468	26	3.88152
1536	3584	1	264	10	0.00000
1536	3584	1	198	24	6.07835
1536	3584	1	102	70	4.08451
1024	3072	1	464	508	5.88196
1024	3584	1	242	60	1.42422
1024	3584	1	400	84	2.03444
1536	3584	1	304	122	4.79329
1024	3584	1	78	134	0.81574
1024	3584	1	310	194	1.10462
1024	3584	1	170	170	1.03517
1536	3584	1	66	224	2.65164
1536	3584	1	270	230	2.34292
1536	3584	1	384	194	1.74481
1024	3584	1	396	282	0.47570
1024	3584	1	100	322	1.03038
1536	3584	1	6	304	2.27518
1536	3584	1	174	250	0.00000
1536	3584	1	144	352	1.86968
1536	3584	1	322	334	4.58211
1536	3584	1	466	312	5.56995
1536	3584	1	178	480	0.43663
1536	3584	1	60	472	0.42990
1024	3584	1	484	432	0.54652
1024	3584	1	288	292	2.47839
1024	3584	1	100	484	5.75995
1536	3584	1	336	494	5.55712
1024	3584	1	240	340	5.56909
1536	3584	1	494	430	1.16868
1536	3584	2	458	106	0.00000
1536	3584	2	484	182	0.00000
2560	2560	1	324	398	0.37129
2560	2560	1	320	202	5.79149
2560	2560	1	438	42	0.61466
2560	2560	1	434	390	3.26595
2560	2560	1	50	426	0.10801
2560	2560	1	396	512	0.26233
2560	2560	1	154	344	2.00325
2560	2560	1	430	200	2.48714
2048	2560	1	170	278	1.87338
2560	2560	1	248	286	6.19709
2560	2560	1	506	144	2.43584
2048	2048	2	224	386	0.00000
2048	2560	1	220	482	4.62925
2048	2560	1	308	274	0.50959
2048	2560	1	490	352	0.33604
2048	2560	2	218	146	0.00000
2048	2560	2	172	160	0.00000
2048	2560	2	312	210	0.00000
2048	2560	2	394	52	0.00000
2048	2560	2	374	98	0.00000
2560	2560	2	20	162	0.00000
2560	2560	2	294	8	0.00000
2560	2048	2	304	404	0.00000
2048	2560	2	184	422	0.00000
2048	2560	2	174	352	0.00000
2048	2560	2	328	420	0.00000
2048	2560	2	470	466	0.00000
2560	2560	2	314	482	0.00000
2560	2560	2	472	320	0.00000
2048	2048	1	162	86	4.87620
2048	2048	1	108	46	0.00000
2048	2048	1	60	226	0.38988
2560	2048	1	492	166	0.78118
2560	2048	1	400	110	4.41902
2560	2048	1	434	26	0.00000
2560	2048	1	348	190	4.92416
2560	2048	1	472	340	1.32504
2560	2048	1	368	410	5.51913
2560	2048	2	494	486	0.00000
2560	2048	1	348	304	1.30683
2560	2048	1	310	14	2.94028
2560	2048	1	204	24	2.68513
2560	2048	1	182	186	0.65736
2560	2048	1	242	262	4.29894
2560	2048	1	102	262	0.00000
2560	2048	1	30	210	5.90268
2048	2048	1	498	78	1.00840
2560	2048	1	152	58	2.20919
2560	2048	1	70	86	2.77544
2048	2048	2	252	508	0.00000
2048	2048	2	214	502	0.00000
2048	2560	1	40	296	0.00000
2048	2560	1	18	460	0.00000
2048	2560	1	78	500	3.08284
2048	2560	1	382	354	5.97348
2048	2560	1	30	114	2.88641
2048	2560	1	138	72	0.14850
2048	2560	1	280	102	5.31793
2048	2560	1	478	202	0.00000
2560	2560	1	58	238	1.00265
2560	2560	1	138	134	4.51697
2560	2048	1	184	482	0.98106
2560	2048	1	324	478	5.24487
2560	2560	1	142	240	3.77743
2048	2560	1	336	4	1.05165
2560	2560	1	70	32	2.32103
2048	2560	1	422	138	3.35216
2048	2048	1	496	308	5.13902
2560	2048	1	18	438	4.25212
2048	2048	1	428	348	2.01011
2048	2048	1	302	302	0.00000
2048	2048	1	362	422	4.62671
2048	2048	1	166	232	5.45174
2048	2048	1	96	464	2.07324
2048	2048	1	174	390	3.01041
2048	2560	2	452	306	0.00000
3584	2560	2	348	446	0.00000
3072	2560	2	467	184	0.00000
3072	2560	2	314	20	0.00000
3072	2560	2	168	72	0.00000
3072	2048	1	388	86	5.25439
3072	2048	1	218	46	4.88449
3072	2048	1	248	124	4.81980
3072	2048	1	100	48	0.24194
3072	2048	1	38	10	0.27390
3072	2048	1	70	248	3.22263
3072	2048	1	318	236	2.96466
3072	2048	1	428	234	3.94165
3584	2048	1	18	170	3.42540
3072	2048	1	488	324	3.19648
3584	2048	1	57	304	0.00000
3584	2048	1	134	122	0.23928
3584	2048	1	204	250	5.21858
3584	2048	1	260	94	3.71462
3584	2048	1	217	0	0.00000
3584	2048	1	388	222	5.29880
3584	2048	1	394	98	6.04297
3584	2048	1	464	70	0.00000
3584	2048	1	512	122	0.00000
3072	2048	1	46	408	4.14965
3072	2048	1	327	336	1.98425
3072	2048	1	204	370	4.70130
3072	2048	1	250	436	1.11167
3072	2560	1	4	176	2.15222
3072	2560	1	118	104	2.58188
3072	2560	1	230	44	2.52296
3072	2560	1	194	192	0.23283
3072	2560	1	70	296	4.00837
3072	2048	1	376	480	2.87145
3072	2048	1	450	454	2.66698
3584	2048	1	66	426	3.85635
3584	2048	1	98	490	4.43959
3584	2048	1	382	460	3.05488
3584	2048	1	244	484	3.88922
3072	2560	1	464	74	5.80423
3584	2560	1	74	78	5.05689
3072	2560	1	278	184	0.24090
3072	2560	1	346	128	0.69658
3072	2560	1	344	256	3.43922
3072	2560	1	474	284	5.12499
3584	2560	1	44	240	3.10247
3072	2560	1	248	312	2.78953
3584	2560	1	110	182	5.42419
3584	2560	1	202	190	5.51639
3584	2560	1	244	72	1.18088
3584	2560	1	428	58	3.92980
3072	2560	1	150	432	1.69939
3584	2560	1	314	150	3.95633
3072	2560	1	381	472	0.00000
3072	2560	1	304	412	3.55303
3072	2560	1	458	360	2.09125
3584	2560	1	166	312	5.19889
3072	2560	1	504	496	3.51407
3584	2560	1	70	410	3.15919
3584	2560	1	162	480	2.14860
3584	2560	1	210	402	1.73380
3584	2560	1	294	314	3.46307
3584	2560	1	420	478	2.90837
3584	2560	1	512	476	1.92284
3584	2560	1	410	288	0.89073
3584	2560	1	400	194	4.02393
3584	2560	1	490	352	0.56042
3584	2560	1	512	46	3.63156
3072	3072	1	80	92	2.98683
3072	3072	1	222	48	5.48933
3072	3072	1	376	18	6.23587
3072	3072	1	482	4	3.58349
3584	3072	1	124	34	1.93149
3584	3072	1	294	0	5.92109
3584	3072	1	384	36	5.77216
3584	3072	1	486	40	4.11630
3072	3072	1	24	224	4.69841
3072	3072	1	258	200	2.55176
3072	3072	1	418	140	0.34758
3584	3072	1	8	116	0.00000
3584	3072	1	60	192	3.45190
3584	3072	1	160	176	2.03782
3584	3072	2	244	138	0.00000
3584	3072	1	262	70	4.98870
3584	3072	2	354	124	0.00000
3584	3072	1	390	166	0.78525
3072	3072	1	148	264	2.01796
3072	3072	2	432	250	0.00000
3584	3072	1	286	192	1.08352
3584	3072	1	512	194	4.65881
3072	3072	1	330	310	3.69003
3072	3072	1	382	366	3.25739
3072	3072	1	448	388	3.57121
3584	3072	1	44	370	0.00000
3584	3072	1	138	262	2.57633
3584	3072	1	260	278	5.11869
3584	3072	1	382	262	4.42593
3584	3072	1	512	294	5.58817
3584	3072	1	436	342	3.62862
3584	3072	2	356	326	0.00000
3584	3072	1	488	434	0.25359
3584	3072	1	334	390	4.66265
3584	3072	1	176	392	5.25399
3584	3072	1	260	400	6.07589
3072	3072	1	28	428	0.42846
3072	3072	1	96	504	4.27708
3072	3072	1	328	496	2.07434
3072	3072	1	204	396	3.46948
3072	3072	1	262	462	3.25508
3072	3072	1	474	484	0.98243
3584	3584	1	42	26	0.23082
3584	3072	1	134	500	5.80653
3584	3584	1	226	14	2.19882
3584	3072	1	314	470	0.96805
3584	3072	1	380	506	1.53754
3584	3584	1	460	80	5.46206
3072	3584	1	170	72	0.22144
3072	3584	1	40	134	1.20965
3072	3584	2	128	158	0.00000
3584	3072	2	10	212	0.00000
3072	3584	1	434	44	1.53955
3072	3584	1	166	228	0.00000
3072	3584	1	250	144	1.44900
3072	3584	1	386	98	1.53349
3072	3584	1	464	158	0.36501
3584	3584	1	22	176	0.52939
3584	3584	1	112	96	0.00000
3584	3584	1	216	112	4.32553
3584	3584	1	326	98	3.15560
3584	3584	1	396	148	6.00284
3584	3584	1	504	188	5.31103
3072	3584	1	18	286	2.18672
3072	3584	1	340	196	0.61520
3072	3584	1	220	356	0.51572
3072	3584	1	436	242	2.00116
3584	3584	1	122	214	6.00454
3584	3584	1	192	240	3.46125
3584	3584	1	336	218	3.62237
3584	3584	1	258	258	0.17967
3584	3584	1	456	306	1.48593
3584	3584	1	362	298	3.30590
3072	3584	1	130	432	3.36275
3072	3584	1	362	286	1.43471
3072	3584	1	502	326	0.79609
3584	3584	1	130	312	2.17155
3584	3584	1	448	394	4.41227
3072	3584	1	310	412	3.53406
3072	3584	1	388	378	0.54273
3584	3584	1	206	416	3.62191
3584	3584	1	62	472	3.04623
3072	3584	2	362	492	0.00000
3072	3584	2	414	494	0.00000
3584	3584	1	312	430	6.04658
3584	3584	1	36	374	4.54333
3072	3584	2	250	472	0.00000
2048	3584	1	144	472	5.62937
2560	3584	1	108	438	2.01198
2560	3584	1	250	452	0.00000
2560	3584	1	138	388	5.17604
2560	3584	1	244	312	1.64116
2048	3584	1	494	370	4.66236
2560	3584	1	376	358	5.83541
2048	3584	1	352	202	0.00000
2560	3584	1	458	344	2.26976
2048	3584	1	336	480	5.99994
2048	3584	1	68	310	1.59056
2560	3584	1	340	416	5.47721
2560	3584	1	30	188	0.75687
2048	3584	1	242	448	5.14128
2048	3584	1	314	322	5.71019
2048	3584	2	182	292	0.00000
2048	3584	2	28	226	0.00000
2560	3584	2	506	150	0.00000
2560	3584	2	482	499	0.00000
2560	3584	2	498	264	0.00000
2560	3584	1	92	236	3.50919
2560	3584	1	196	226	2.36498
2048	3584	1	272	154	0.00000
2048	3584	1	194	190	1.19812
2560	3584	1	2	100	0.28546
2048	3584	1	422	190	3.15435
2048	3584	1	56	136	2.20324
2560	3584	1	290	228	5.84002
2560	3584	1	404	204	6.13318
2048	3584	1	160	104	2.31603
2048	3072	2	170	477	0.00000
2048	3584	2	234	49	0.00000
2048	3072	1	46	462	5.43750
2048	3584	2	378	31	0.00000
2048	3072	1	334	500	4.06756
2560	3584	1	256	140	4.43696
2560	3584	1	182	94	4.19157
2560	3584	1	444	38	5.88753
2560	3584	1	310	40	2.63601
2560	3584	1	192	20	1.55331
2560	3072	2	224	469	0.00000
2560	3072	2	476	369	0.00000
2560	3072	2	102	439	0.00000
2048	3072	1	84	292	0.99123
2048	3072	1	188	374	1.64476
2560	3072	2	148	75	0.00000
2560	3072	2	100	225	0.00000
2560	3072	2	232	127	0.00000
2560	3072	2	360	237	0.00000
2560	3072	1	512	464	0.56800
2048	3072	1	498	404	5.94389
2048	3072	1	378	402	3.21019
2048	3072	1	344	286	0.67510
2560	3072	1	82	360	4.18687
2560	3072	1	190	372	0.47952
2560	3072	1	318	414	5.18342
2560	3072	1	48	288	5.10099
2560	3072	1	276	270	3.08609
2560	3072	1	408	300	3.84061
2560	3072	1	498	210	4.78125
2560	3072	1	354	158	4.78916
2560	3072	1	474	80	2.87281
2560	3072	1	358	48	0.69377
2560	3072	1	108	146	2.12870
2048	3072	1	118	94	0.58963
2048	3072	2	22	110	0.00000
2048	3072	2	80	20	0.00000
2048	3072	1	216	174	4.48868
2048	3072	1	282	218	4.34306
2048	3072	1	388	30	1.90896
2048	3072	1	444	136	2.61491
2048	3072	1	508	108	5.96546
