1024	2048	1	244	364	0.39228
1024	2560	1	264	44	0.86472
1024	2048	1	100	244	0.95035
1024	2048	2	208	74	0.00000
1024	2048	1	50	102	0.00000
1024	2048	1	144	14	0.21406
1024	2048	2	250	8	0.00000
1024	2048	2	438	8	0.00000
1536	2048	1	30	0	0.00000
1536	2048	1	100	112	0.00000
1536	2048	2	224	136	0.00000
1536	2048	2	496	50	0.00000
1536	2048	1	434	318	5.18607
1024	2048	1	498	234	3.36737
1536	2048	1	42	312	3.62472
1536	2048	1	116	338	3.25225
1536	2048	1	326	170	0.91510
1536	2048	1	266	294	5.26856
1536	2048	1	256	372	2.04551
1536	2048	1	310	482	4.03991
1536	2048	1	512	442	1.14596
1536	2560	1	464	32	4.99170
1536	2048	1	166	498	2.69842
1536	2048	1	30	472	3.72955
1536	2560	1	108	52	6.00489
1536	2560	1	64	118	5.81307
1024	2560	1	464	56	2.42669
1024	2560	1	480	212	0.40489
1536	2560	1	274	94	4.91641
1536	2560	1	180	194	0.17233
1536	2560	1	306	256	5.63721
1536	2560	1	358	214	5.75456
1536	2560	1	510	150	5.95386
1536	2560	1	454	222	0.24085
1536	2560	2	512	274	0.00000
1536	2560	1	432	356	1.55886
1536	2560	1	408	432	1.80189
1536	2560	1	258	440	1.85373
1536	2560	1	214	334	1.66273
1536	2560	1	76	252	2.69941
1536	2560	1	14	314	1.90148
1536	2560	1	46	430	5.09423
1024	2560	1	170	220	4.85516
1024	2560	1	76	124	3.19511
1024	2560	1	60	316	1.87255
1024	2560	1	34	210	5.47077
1024	2560	2	202	286	0.00000
1024	2560	1	370	396	1.03367
1024	2560	1	438	448	2.52511
1024	2560	1	234	478	3.92699
1024	2560	1	148	476	3.54919
1024	2560	1	64	492	3.64126
1536	2048	1	388	68	0.80358
1536	2560	2	498	466	0.00000
1536	2048	2	510	254	0.00000
1024	3072	1	136	88	1.11165
1024	3072	1	100	222	0.07216
1024	3072	1	162	220	0.00000
1024	3072	2	224	206	0.00000
1024	3072	1	226	338	0.53041
1024	3072	1	308	294	0.21584
1024	3072	1	288	86	5.57762
1024	3072	2	438	114	0.00000
1536	3072	1	136	50	1.61263
1536	3072	1	344	60	2.01863
1536	3072	1	254	132	5.23432
1536	3072	1	52	218	0.40250
1536	3072	1	160	160	5.85959
1536	3072	1	414	242	5.81400
1536	3072	2	470	192	0.00000
1536	3072	2	484	62	0.00000
1024	3072	2	346	38	0.00000
1536	3072	1	12	410	6.03200
1536	3072	1	138	392	5.31969
1536	3072	1	214	324	2.09030
1536	3072	2	372	468	0.00000
1536	3584	2	484	120	0.00000
1024	3072	1	390	504	3.02794
1024	3584	1	464	58	3.32815
1536	3584	1	74	56	4.37675
1536	3584	1	174	10	2.69972
1536	3072	1	318	432	0.24115
1536	3072	1	334	232	4.63477
1536	3584	1	404	12	1.04735
1024	3584	1	340	136	1.65394
1536	3584	1	44	166	4.38918
1536	3584	1	374	116	3.99585
1536	3584	1	258	48	2.95624
1536	3584	1	404	224	4.99293
1536	3584	1	250	206	5.37470
1536	3584	1	172	254	2.44051
1536	3584	1	392	312	4.33965
1024	3584	1	400	216	4.87754
1536	3584	1	72	296	1.29436
1024	3584	1	346	354	1.55111
1024	3584	1	220	184	1.50926
1024	3584	1	136	140	4.19228
1024	3584	1	90	266	5.06012
1024	3584	1	68	110	0.74182
1024	3584	1	60	42	0.89365
1024	3072	2	24	480	0.00000
1536	3072	1	416	376	5.93203
1024	3584	1	214	402	6.13625
1536	3584	1	312	466	0.00000
1536	3584	2	470	504	0.00000
1536	3584	1	170	466	0.90026
1536	3584	1	30	498	0.68319
1024	3584	1	472	458	0.00000
1536	3584	1	136	354	1.37717
2048	2560	1	248	488	0.00000
2048	2560	1	474	408	0.98294
2048	2560	1	164	512	0.00000
2048	2560	2	190	414	0.00000
2048	2560	2	174	359	0.00000
2048	2560	2	180	155	0.00000
2048	2048	2	263	507	0.00000
2048	2048	2	202	495	0.00000
2048	2560	2	318	429	0.00000
2048	2560	2	482	479	0.00000
2048	2560	2	313	199	0.00000
2560	2560	2	21	475	0.00000
2560	2560	2	314	481	0.00000
2560	2560	2	482	337	0.00000
2048	2560	2	458	311	0.00000
2048	2560	2	370	101	0.00000
2048	2560	2	418	57	0.00000
2560	2560	2	22	165	0.00000
2560	2560	2	512	25	0.00000
2560	2560	2	288	11	0.00000
2560	2048	2	282	389	0.00000
2048	2048	2	174	88	0.00000
2048	2048	2	392	16	0.00000
2048	2048	2	500	70	0.00000
2560	2048	2	144	4	0.00000
2048	2560	2	346	499	0.00000
2048	2560	2	84	485	0.00000
2560	2560	1	82	424	5.88422
2560	2560	1	512	476	4.27929
2560	2560	1	430	368	5.62334
2560	2560	1	324	318	0.00000
2560	2560	1	218	432	0.00000
2048	2560	1	276	310	3.14219
2560	2560	1	132	274	5.34674
2560	2560	1	400	224	5.59758
2560	2560	1	36	310	4.62090
2560	2560	1	256	178	0.35016
2048	2560	1	28	368	3.13736
2560	2560	1	484	104	4.11758
2560	2560	2	500	198	0.00000
2560	2560	1	90	50	0.70674
2048	2560	1	156	94	4.45077
2048	2560	1	466	116	3.67667
2048	2560	1	296	104	0.18094
2560	2560	1	110	162	3.63441
2048	2560	1	490	232	1.30258
2048	2560	1	158	254	5.99035
2048	2560	1	108	316	2.83875
2048	2560	2	2	169	0.00000
2048	2560	1	28	250	0.60703
2048	2048	1	30	286	5.75318
2048	2048	1	392	468	5.46624
2048	2048	1	76	244	6.08264
2048	2048	1	96	480	0.01066
2048	2048	2	43	439	0.00000
2048	2560	2	20	31	0.00000
2560	2560	1	384	16	4.23109
2560	2560	1	264	60	4.86298
2560	2048	1	464	314	1.57903
2048	2048	1	180	402	3.16561
2048	2048	1	246	234	0.74796
2048	2048	1	30	46	0.00000
2048	2048	1	112	98	5.56407
2048	2048	1	312	308	6.17665
2048	2048	1	406	252	0.35928
2048	2048	1	400	122	2.11212
2560	2048	1	24	230	2.39432
2560	2048	1	118	244	5.73223
2560	2048	1	74	122	3.62879
2560	2048	1	154	440	1.09509
2560	2048	1	178	100	0.00000
2560	2048	1	318	88	0.00000
2560	2048	1	234	196	6.07573
2560	2048	1	442	38	0.72643
2560	2048	1	374	190	3.35046
2560	2048	1	468	236	1.53187
2560	2048	1	202	314	3.64216
2048	2048	1	484	376	4.40609
2560	2048	2	344	0	0.00000
3584	2560	1	158	466	2.43152
3584	2560	1	162	348	3.63004
3584	2560	1	38	328	5.25281
3072	2560	1	510	512	1.08735
3072	2560	1	476	414	2.92608
3584	2560	1	348	322	6.03174
3072	2560	1	270	308	2.11289
3072	2560	1	398	512	0.55049
3072	2560	1	286	390	1.77060
3072	2560	1	380	444	0.72006
3072	2560	1	28	428	3.55877
3584	2560	1	70	444	2.53605
3584	2560	1	512	338	0.00000
3584	2560	1	296	474	3.52378
3584	2560	1	462	420	5.94417
3072	2560	2	152	384	0.00000
3072	2560	1	386	310	0.00000
3584	2560	1	364	176	5.85391
3584	2560	1	420	62	4.04290
3584	2560	1	458	194	2.46237
3072	2560	1	166	220	4.14289
3584	2560	1	214	192	0.60928
3584	2048	1	488	390	4.00614
3584	2048	1	500	478	0.70633
3584	2560	1	296	246	3.52655
3584	2560	1	248	376	4.28152
3584	2560	1	116	120	2.86214
3584	2560	1	102	238	2.55359
3072	2560	1	170	124	1.16893
3072	2560	1	362	184	3.46869
3584	2048	1	460	292	2.12820
3584	2560	1	252	78	2.25097
3584	2048	1	394	418	3.14746
3072	2560	1	16	190	2.09838
3072	2560	1	464	244	3.71590
3072	2560	1	294	160	0.00000
3584	2560	1	2	148	2.15329
3072	2048	1	176	496	6.00815
3072	2560	2	250	28	0.00000
3072	2560	2	312	16	0.00000
3072	2560	1	414	46	1.47986
3584	2560	2	18	82	0.00000
3584	2048	1	128	494	4.37560
3584	2048	1	56	424	4.03927
3072	2048	1	416	416	3.29598
3072	2048	1	508	350	4.31619
3584	2048	1	310	340	1.23122
3072	2048	1	258	422	5.43132
3072	2048	1	22	424	0.00000
3072	2048	1	136	318	4.21682
3072	2048	1	338	352	4.24639
3584	2048	1	384	212	5.28932
3584	2048	1	466	64	0.00000
3584	2048	1	394	76	6.02454
3584	2048	1	240	86	3.45652
3584	2048	1	158	120	0.00000
3584	2048	1	42	116	2.53020
3072	2048	1	454	164	5.04263
3072	2048	1	436	246	5.44229
3072	2048	1	322	234	2.59111
3072	2048	1	212	242	2.32745
3072	2048	1	406	42	4.08845
3072	2048	1	314	120	2.56147
3072	2048	1	232	92	2.67501
3072	2048	1	152	68	5.88693
3072	2048	1	54	116	0.63559
3584	3584	1	366	460	1.24905
3072	3584	1	304	312	5.38806
3584	3584	1	18	512	5.56909
3584	3584	1	266	96	4.21211
3072	3584	1	350	468	4.79180
3072	3584	1	426	322	5.69518
3584	3584	1	180	254	6.06886
3584	3584	1	304	188	1.15478
3584	3584	1	512	204	5.84127
3072	3584	1	54	368	2.83871
3072	3584	1	188	488	3.55684
3072	3584	1	334	392	1.41815
3584	3584	1	44	262	2.80563
3072	3584	1	86	270	1.94660
3584	3584	1	312	314	4.65689
3072	3584	1	326	6	5.97042
3072	3072	1	412	480	4.90116
3584	3584	1	216	366	4.87436
3584	3584	1	434	266	2.35619
3072	3584	1	42	500	1.60046
3584	3584	1	102	446	5.93525
3584	3584	1	126	278	3.20035
3584	3584	1	148	142	5.54707
3584	3584	1	96	220	0.00000
3072	3584	1	22	178	1.96982
3072	3584	1	484	304	2.55924
3584	3072	1	398	388	0.10131
3072	3584	1	338	142	1.97937
3584	3584	1	404	40	3.61971
3072	3584	1	494	166	3.65282
3584	3072	1	18	506	0.00000
3072	3584	1	438	82	1.39861
3072	3584	1	206	338	0.52262
3072	3584	1	134	118	2.15467
3072	3584	1	186	212	4.18007
3584	3072	2	350	332	0.00000
3072	3584	1	204	28	3.50557
3584	3072	1	164	428	1.11549
3072	3584	1	346	220	1.45666
3584	3072	1	346	510	0.65230
3584	3584	1	200	64	0.83642
3584	3072	1	180	504	1.07286
3584	3072	1	482	334	3.10411
3584	3584	1	488	6	2.08994
3584	3584	1	288	422	0.78866
3584	3584	1	506	398	4.72709
3072	3584	2	124	344	0.00000
3072	3072	1	416	404	1.76244
3072	3072	1	458	324	5.25281
3072	3072	1	194	376	2.63220
3072	3072	1	38	392	0.27830
3072	3072	1	110	512	2.85753
3584	3072	1	276	388	1.69430
3584	3072	1	510	170	1.82412
3584	3072	1	488	54	3.35133
3584	3072	1	344	146	5.51112
3584	3072	1	272	18	3.43436
3584	3072	1	110	394	3.83633
3584	3072	1	284	246	3.12405
3584	3072	1	206	268	0.00000
3584	3072	1	182	46	4.54418
3584	3072	1	248	128	4.10166
3584	3072	1	384	16	5.44655
3072	3072	1	490	30	4.19250
3584	3072	1	30	68	4.09827
3584	3072	1	118	112	4.54718
3584	3072	1	2	264	2.43064
3584	3072	1	78	248	2.52306
3584	3072	1	22	204	0.00000
3072	3072	1	416	202	1.50012
3072	3072	1	374	170	0.80540
3072	3072	1	378	36	0.00000
3072	3072	1	278	140	5.90486
3072	3072	1	228	236	2.42630
3072	3072	1	296	344	0.90376
3072	3072	1	42	220	3.40920
3072	3072	1	80	50	0.97586
3072	3072	1	194	64	4.56580
3072	3072	1	142	128	4.66481
3072	3072	1	380	270	4.79359
3584	3072	1	178	182	4.58385
2048	3072	1	152	40	0.34302
2048	3072	2	250	28	0.00000
2048	3072	1	438	52	1.18491
2560	3072	1	20	104	1.01283
2560	3072	1	416	46	5.47651
2560	3072	1	342	136	1.54322
2560	3072	2	134	74	0.00000
2560	3072	2	94	228	0.00000
2560	3072	2	348	236	0.00000
2560	3072	1	188	70	6.00596
2560	3072	1	440	292	4.26424
2560	3072	1	252	310	5.25137
2560	3072	1	148	288	0.22371
2560	3072	1	48	346	0.00000
2048	3072	1	122	156	2.14129
2048	3072	1	16	256	4.17450
2048	3072	1	228	172	2.94708
2048	3072	1	298	192	6.00902
2048	3072	1	490	276	4.17553
2048	3072	1	436	360	5.19562
2048	3072	1	218	322	0.16864
2048	3072	2	44	374	0.00000
2048	3072	1	36	508	0.41080
2560	3072	1	418	392	4.00535
2560	3072	1	256	398	5.61046
2560	3072	1	210	450	2.81310
2560	3072	2	90	426	0.00000
2048	3072	1	382	162	5.40212
2560	3584	1	440	8	3.70739
2048	3072	1	264	398	3.92480
2048	3584	1	114	132	2.58033
2048	3584	1	38	174	0.38524
2048	3584	1	214	46	2.28713
2048	3584	1	314	114	1.64872
2048	3072	1	346	490	1.15905
2560	3072	1	38	492	1.62880
2048	3072	2	492	436	0.00000
2560	3584	1	298	8	5.21190
2560	3584	1	110	54	3.44864
2560	3584	1	200	30	5.33595
2048	3584	1	482	98	5.27051
2048	3072	2	162	476	0.00000
2048	3072	2	276	274	0.00000
2048	3584	1	112	234	1.22777
2048	3584	1	224	234	4.47115
2048	3584	1	354	178	4.72381
2560	3584	1	16	252	3.52334
2560	3584	1	86	256	3.57400
2560	3584	1	208	112	1.96792
2560	3584	1	384	114	1.47113
2560	3584	1	512	96	2.10866
2560	3584	1	446	230	2.22150
2560	3584	1	252	192	1.68408
2560	3584	1	194	322	3.25311
2048	3584	1	352	338	3.12832
2048	3584	1	268	334	5.29413
2048	3584	1	152	390	1.59831
2048	3584	1	436	422	4.78504
2560	3584	1	34	440	2.70891
2560	3584	1	136	422	2.17403
2560	3584	1	216	436	3.67060
2560	3584	1	288	458	0.41393
2560	3584	1	308	314	3.34847
2560	3584	1	378	386	2.81444
2560	3584	1	466	402	6.16617
2048	3584	1	268	476	5.96143
2048	3584	1	18	434	1.36927
