1024	2048	1	252	186	0.00000
1024	2048	1	138	82	2.21142
1024	2048	1	100	450	0.00000
1024	2048	1	246	368	0.29337
1024	2048	1	440	240	0.00000
1024	2048	1	504	106	0.00000
1536	2048	1	78	296	5.95998
1536	2048	1	158	268	0.00000
1024	2048	1	494	510	3.57070
1024	2560	1	250	38	1.21203
1536	2048	1	244	128	0.00000
1536	2048	1	314	120	4.84792
1536	2048	1	412	140	1.41112
1536	2048	1	406	42	1.81921
1536	2048	1	218	400	0.30451
1536	2048	1	292	274	4.38936
1536	2048	1	442	276	0.00000
1536	2048	1	446	362	4.12061
1536	2048	1	340	468	0.00000
1536	2560	1	366	74	4.10282
1536	2560	1	492	36	1.52749
1536	2560	1	190	88	0.00000
1536	2560	1	70	216	6.05916
1024	2560	1	392	186	1.88179
1024	2560	1	262	210	0.00000
1024	2560	1	114	134	4.55579
1024	2560	1	460	70	5.07956
1536	2560	1	162	202	5.47177
1536	2560	1	356	170	1.28029
1536	2560	1	498	194	1.26791
1536	2560	1	508	286	1.50637
1536	2560	1	474	362	5.44618
1536	2048	1	164	378	0.00000
1536	2560	1	116	344	4.63684
1024	2560	1	508	292	0.00000
1024	2560	1	414	344	0.00000
1024	2560	1	188	378	0.80742
1024	2560	1	44	298	0.94200
1024	2560	1	400	466	1.14042
1536	2560	1	68	430	4.95662
1536	2560	1	336	310	0.00000
1536	2560	1	264	262	0.00000
1536	2560	1	400	308	0.00000
1536	2560	1	372	436	4.72173
1536	2560	1	500	484	0.00000
1024	3072	2	50	42	0.00000
1024	3072	1	122	134	0.28095
1024	3072	1	204	66	0.36045
1024	3072	1	268	58	3.32333
1024	3072	2	476	30	0.00000
1024	3072	2	378	82	0.00000
1024	3072	1	318	112	3.38153
1024	3072	1	16	230	0.85799
1536	3072	1	316	34	0.00000
1536	3072	1	136	16	1.11602
1536	3072	1	8	66	3.88981
1024	3072	1	184	226	0.79792
1024	3072	1	92	416	0.17768
1024	3072	1	258	332	0.30521
1024	3072	2	346	340	0.00000
1536	3072	1	102	120	0.77416
1024	3072	1	480	214	4.33796
1536	3072	1	92	226	2.13436
1536	3072	1	256	84	3.20938
1536	3072	1	460	110	5.85082
1536	3072	1	326	150	0.39843
1536	3072	1	202	196	5.24462
1536	3072	1	74	318	5.16481
1536	3072	1	250	300	5.17761
1536	3072	1	374	220	1.20507
1536	3072	1	512	244	5.28864
1536	3072	1	460	312	5.69296
1536	3072	1	416	338	5.28133
1536	3072	1	512	436	5.61441
1536	3584	1	460	66	0.00000
1536	3584	2	382	118	0.00000
1536	3584	2	374	70	0.00000
1024	3072	2	498	288	0.00000
1536	3584	2	246	258	0.00000
1536	3584	2	490	266	0.00000
1536	3072	1	360	418	2.83491
1536	3072	1	230	450	0.30799
1024	3072	1	444	370	2.86727
1024	3072	1	232	454	1.13094
1024	3072	1	344	440	0.91024
1024	3584	1	52	26	2.69337
1536	3072	1	10	464	0.36615
1024	3584	1	450	26	2.62863
1024	3584	2	168	30	0.00000
1024	3584	2	302	96	0.00000
1024	3584	1	392	78	2.14141
1536	3584	1	56	32	3.30780
1536	3584	1	240	134	2.76138
1536	3584	1	118	162	2.71585
1536	3584	1	142	50	2.75665
1536	3584	2	512	156	0.00000
1536	3584	1	442	198	0.90805
1024	3584	1	224	158	0.00000
1024	3584	1	132	112	0.00000
1024	3584	1	16	118	0.91743
1024	3584	1	44	256	5.18065
1024	3584	1	144	278	0.00000
1024	3584	1	316	156	1.30300
1024	3584	1	390	256	0.00000
1024	3584	1	498	210	5.54748
1536	3584	1	64	400	0.63798
1024	3584	1	58	390	0.45858
1024	3584	1	508	314	4.00587
1024	3584	1	256	454	2.23420
1536	3584	1	200	402	0.00000
1536	3584	1	408	382	5.48659
1536	3584	2	254	370	0.00000
1024	3584	1	154	478	0.00000
1024	3584	1	18	494	4.87933
1536	3584	1	236	506	5.00077
1536	3584	1	366	494	5.59234
1536	3584	1	482	494	5.38163
1024	3072	1	20	396	3.75143
2560	2560	1	428	492	2.28536
2560	2560	1	148	56	3.75707
2560	2560	1	398	390	1.60330
2560	2560	1	198	424	1.33507
2560	2560	1	208	190	2.10979
2560	2560	1	474	160	1.81063
2048	2560	1	428	100	3.82732
2048	2560	1	504	116	3.93288
2048	2560	1	318	84	2.39611
2048	2560	1	230	180	1.17698
2048	2048	1	378	502	5.46922
2560	2048	1	430	380	3.13388
2048	2560	1	272	488	5.84738
2048	2560	1	24	340	1.80670
2048	2048	1	286	406	1.20639
2048	2560	1	44	242	1.92900
2560	2048	1	72	480	0.00000
2560	2560	1	332	282	1.06389
2048	2048	1	112	432	2.67083
2048	2560	1	422	240	5.69891
2048	2048	1	268	284	0.87606
2560	2048	1	240	428	0.30048
2560	2560	1	342	166	3.25337
2048	2560	1	54	178	1.75046
2048	2560	1	92	434	0.00000
2048	2560	1	422	468	6.14372
2560	2560	1	52	446	0.64031
2560	2560	1	174	300	4.83874
2560	2560	1	480	294	1.67152
2048	2560	1	232	278	1.78623
2048	2560	1	212	346	5.10131
2560	2048	1	176	384	0.70305
2560	2560	2	316	492	0.00000
2048	2560	2	434	332	0.00000
2048	2560	2	512	326	0.00000
2048	2560	2	320	440	0.00000
2560	2560	1	270	64	3.24576
2560	2048	1	396	248	1.47167
2560	2048	1	370	176	1.32957
2560	2048	1	42	254	5.59861
2048	2048	1	138	234	6.03490
2048	2048	1	92	134	0.72729
2048	2048	1	418	186	1.77397
2560	2048	1	458	58	0.93373
2560	2048	1	232	120	0.00000
2560	2048	1	310	98	0.00000
2048	2048	1	462	78	3.61459
2560	2048	1	166	34	1.18916
2048	2048	1	184	64	3.04462
2048	2048	1	270	116	2.22291
2048	2048	1	230	198	2.02206
2048	2048	1	332	320	0.64216
2048	2048	1	502	330	5.87975
2048	2048	1	436	396	0.00000
2048	2048	1	70	44	2.09609
2560	2560	1	90	170	0.00000
2048	2560	1	52	30	1.34337
2560	2048	2	366	398	0.00000
2560	2048	2	284	410	0.00000
2048	2048	2	202	356	0.00000
2560	2048	2	438	490	0.00000
2560	2048	2	512	430	0.00000
2560	2048	2	374	28	0.00000
3072	2048	1	70	54	0.94466
3072	2048	1	186	80	0.00000
3072	2048	1	242	102	5.89624
3072	2048	1	264	14	5.81764
3072	2048	1	50	376	4.20007
3072	2048	1	104	450	1.16202
3072	2560	1	218	110	1.11983
3072	2560	1	84	220	4.20111
3072	2560	1	240	262	2.99308
3072	2560	1	176	276	6.07575
3072	2048	1	454	42	5.31862
3584	2048	1	236	86	3.86794
3584	2048	1	86	172	0.00000
3072	2048	1	422	210	2.51226
3072	2048	1	420	338	4.60689
3072	2048	1	224	386	4.59351
3072	2048	1	482	432	0.35643
3584	2048	1	90	444	5.85348
3584	2560	1	30	14	2.80094
3584	2048	1	306	156	1.06808
3584	2048	1	368	246	5.90160
3584	2048	1	464	62	0.00000
3584	2048	1	452	342	0.00000
3584	2048	1	350	342	2.59264
3584	2048	1	100	326	4.74383
3584	2048	1	244	370	5.13177
3584	2048	1	180	232	5.18089
3072	2560	1	448	70	4.90485
3584	2048	1	148	456	2.94229
3584	2048	1	264	456	4.67683
3584	2560	1	278	32	4.44302
3584	2560	1	440	10	4.96149
3584	2560	1	150	86	4.95690
3072	2560	1	468	172	0.63748
3072	2560	2	444	132	0.00000
3072	2560	1	354	146	0.00000
3584	2560	1	110	174	5.17293
3584	2560	1	292	136	2.57980
3584	2560	1	396	114	5.90246
3584	2560	1	450	186	3.47661
3072	2048	1	186	202	5.04604
3584	2560	1	150	246	5.35788
3584	2560	1	234	230	2.99352
3584	2560	1	364	242	3.04041
3584	2560	1	300	338	3.07140
3584	2560	1	510	234	1.31761
3072	2560	1	402	252	2.65017
3072	2560	1	394	388	2.04735
3584	2560	1	4	252	0.70781
3072	2048	1	372	484	3.31967
3072	2560	1	204	398	4.93784
3072	2560	1	54	398	0.82287
3584	2560	1	408	370	0.18917
3584	2560	1	488	356	2.87366
3584	2560	1	478	466	5.73179
3584	2560	1	232	386	2.73855
3584	2560	1	44	298	0.51745
3584	2560	1	170	446	3.44134
3584	2560	1	34	406	0.71861
3072	2560	1	342	434	5.03062
3072	2560	1	60	506	3.75194
3072	2560	1	284	512	2.02304
3584	2560	1	328	494	3.30834
3072	2560	2	164	75	0.00000
3584	2048	2	6	23	0.00000
3584	3584	1	142	454	0.52342
3584	3584	1	282	342	0.77574
3072	3584	1	482	408	4.39912
3072	3584	1	348	370	5.88155
3072	3584	1	490	338	5.06854
3072	3584	1	268	452	0.67195
3072	3584	1	190	450	0.43335
3584	3584	1	470	424	3.22039
3072	3584	1	398	482	0.00000
3072	3584	1	110	388	6.09496
3584	3584	1	110	342	0.00000
3072	3584	1	498	272	5.07336
3072	3584	1	32	430	0.26120
3584	3584	1	352	446	4.27316
3584	3584	1	484	298	0.21867
3584	3584	1	48	178	5.01660
3072	3584	1	184	286	4.86509
3584	3584	1	174	156	2.57967
3072	3584	1	138	160	2.43125
3072	3584	1	274	172	3.36589
3072	3584	1	58	88	1.12888
3072	3584	1	434	174	1.94640
3072	3584	1	362	254	5.78709
3584	3584	1	422	162	5.41520
3584	3584	1	312	214	2.89085
3584	3584	1	396	248	5.97614
3584	3584	1	248	232	0.00000
3584	3584	1	350	380	0.98924
3584	3584	1	292	30	3.44514
3072	3584	1	460	50	4.01850
3584	3072	1	264	464	3.84714
3584	3584	1	410	34	0.27830
3584	3072	1	346	428	0.00000
3072	3584	1	176	46	2.91752
3072	3072	1	124	472	4.72941
3072	3072	1	512	494	2.46293
3072	3072	1	216	470	5.98378
3584	3584	1	112	10	5.87770
3584	3584	1	494	38	0.48593
3584	3584	1	216	54	2.54323
3584	3072	1	422	292	5.75814
3584	3072	1	498	156	0.00000
3072	3072	1	374	434	1.15942
3584	3072	1	140	414	2.52539
3584	3072	1	476	396	4.71239
3072	3072	1	372	360	1.14028
3072	3072	1	380	502	1.33971
3584	3072	2	368	330	0.00000
3584	3072	1	410	106	5.84656
3584	3072	1	6	392	5.21814
3584	3072	1	194	346	1.84602
3584	3072	1	306	310	3.27164
3584	3072	1	298	164	6.08112
3584	3072	1	146	84	3.53200
3584	3072	2	370	208	0.00000
3584	3072	1	260	46	5.61889
3584	3072	2	342	36	0.00000
3584	3072	1	190	118	0.56420
3584	3072	1	62	40	5.54732
3584	3072	1	224	214	2.79626
3584	3072	1	96	204	1.74188
3072	3072	1	506	266	4.05410
3072	3072	1	482	184	1.00049
3072	3072	1	394	72	0.00000
3072	3072	1	342	272	4.16178
3072	3072	1	246	382	2.64592
3072	3072	1	136	328	0.63275
3072	3072	1	76	296	3.21825
3072	3072	1	34	204	4.00107
3072	3072	1	200	228	5.43042
3072	3072	1	270	186	2.10932
3072	3072	1	162	92	4.01120
3072	3072	1	116	40	1.01696
3072	3072	1	302	0	2.37892
2048	3584	1	280	22	3.02565
2048	3072	1	138	294	3.81322
2048	3072	1	44	266	5.35139
2048	3072	1	176	132	2.39224
2048	3072	1	234	94	5.70159
2048	3072	1	300	18	5.40979
2560	3072	2	16	174	0.00000
2560	3072	2	88	234	0.00000
2560	3072	2	362	240	0.00000
2560	3072	2	225	142	0.00000
2560	3072	2	252	494	0.00000
2048	3072	2	312	438	0.00000
2048	3072	2	200	328	0.00000
2048	3072	2	162	478	0.00000
2560	3584	2	308	90	0.00000
2560	3072	2	342	448	0.00000
2560	3072	2	234	336	0.00000
2560	3072	2	268	290	0.00000
2560	3072	2	202	284	0.00000
2048	3584	2	362	18	0.00000
2048	3584	2	252	130	0.00000
2048	3072	2	428	222	0.00000
2048	3072	1	208	388	4.39319
2048	3072	1	72	390	3.73654
2048	3072	1	26	448	5.55419
2048	3584	1	118	30	5.31566
2048	3584	1	38	114	0.66663
2048	3584	1	184	188	1.27639
2048	3584	1	60	276	2.23471
2048	3584	1	214	448	0.00000
2048	3584	1	108	478	0.00000
2048	3584	1	296	488	5.79670
2048	3584	1	356	510	2.74566
2048	3584	1	466	436	0.67821
2048	3584	1	436	350	0.67411
2048	3584	1	336	272	6.19254
2048	3584	1	402	220	0.00000
2048	3584	1	190	278	0.44082
2048	3584	1	242	324	0.44658
2560	3584	1	30	290	0.00000
2048	3584	1	460	64	0.00000
2048	3584	1	330	86	0.98726
2048	3072	1	418	440	5.18853
2048	3072	1	352	306	2.74119
2048	3072	1	284	272	2.68941
2048	3072	1	450	98	5.16319
2560	3072	1	120	130	3.38678
2560	3072	1	188	30	1.07818
2560	3072	1	288	94	5.27954
2560	3072	1	358	54	5.20249
2048	3072	1	470	356	5.62124
2560	3072	1	30	262	3.53496
2560	3072	1	86	338	4.18574
2560	3072	1	74	466	3.60974
2560	3584	1	132	20	0.00000
2560	3584	1	324	192	6.15432
2560	3584	1	228	372	0.36736
2560	3584	1	170	318	1.06171
2560	3584	1	134	220	1.39572
2560	3584	1	154	144	1.75199
2560	3584	1	404	22	0.99024
2560	3072	1	420	414	1.25258
2560	3072	1	438	162	0.38140
2560	3072	2	460	68	0.00000
2560	3072	1	390	308	0.94648
2560	3072	1	342	168	4.95041
2560	3584	1	406	112	3.79246
2560	3584	1	254	160	3.24587
2560	3584	1	372	324	6.00685
2560	3584	1	328	358	2.92664
2560	3584	1	412	448	1.07303
2560	3584	1	260	512	0.00000
2560	3584	1	26	460	3.59498
2560	3584	1	166	512	0.00000
2560	3072	1	512	336	2.87351
2560	3072	1	512	502	0.41382
2560	3584	1	472	190	4.38022
2560	3584	1	512	246	1.19525
2560	3584	1	512	306	1.45135
2560	3584	1	472	380	2.43559
2048	3072	1	432	0	5.26848
2560	3584	1	512	96	1.79326
