1024	2048	1	220	188	2.65772
1024	2048	1	108	80	0.31871
1024	2048	1	200	60	0.45130
1024	2048	1	450	234	2.75231
1024	2048	1	504	104	1.70554
1536	2048	1	234	136	0.00000
1536	2048	1	32	276	5.85524
1024	2048	1	12	184	0.33802
1536	2048	1	36	18	0.00000
1536	2048	1	148	248	2.01064
1536	2048	1	316	112	1.75065
1536	2048	1	408	50	5.07603
1536	2048	1	438	148	0.94921
1536	2048	1	448	272	0.30529
1536	2048	1	326	274	1.42782
1536	2048	1	428	362	4.50867
1536	2048	1	150	386	0.36254
1536	2048	1	218	392	0.54332
1536	2048	1	300	392	3.85774
1536	2048	1	328	480	3.58570
1536	2560	1	480	490	4.31844
1536	2560	1	346	512	1.03038
1536	2560	1	414	354	5.75723
1536	2560	1	380	422	2.03444
1536	2560	1	450	314	2.61852
1536	2560	1	496	288	2.26124
1536	2560	1	468	190	2.22613
1536	2560	1	512	168	2.43989
1536	2560	1	506	22	2.82581
1536	2560	1	390	56	3.82065
1536	2560	1	356	202	1.91560
1536	2560	1	218	114	0.36933
1536	2560	1	274	256	0.00000
1536	2560	1	142	350	5.44706
1536	2560	1	36	228	0.00000
1536	2560	1	180	222	2.51738
1536	2560	1	74	442	5.11518
1536	2560	1	26	512	1.42140
1024	2560	1	512	312	5.73640
1024	2560	1	442	340	2.23557
1024	2560	1	302	494	3.23418
1024	2560	1	416	474	4.63562
1024	2560	1	268	288	5.76950
1024	2560	1	152	372	0.70592
1024	2560	1	104	500	1.16957
1024	2560	1	64	294	1.26274
1024	2560	1	374	180	1.65093
1024	2048	1	502	486	4.21845
1024	2560	1	216	512	0.00000
1024	2560	1	250	32	0.94978
1024	2048	1	102	448	0.00000
1024	2048	1	242	360	0.40350
1024	2560	1	98	156	3.67084
1024	2560	1	440	86	2.30070
1536	2560	2	330	332	0.00000
1024	2560	2	186	290	0.00000
1024	2560	2	26	372	0.00000
1536	3584	1	208	86	3.58186
1536	3584	1	204	396	0.00000
1536	3584	1	416	390	5.66596
1536	3584	1	452	74	0.00000
1536	3072	1	242	444	0.28255
1536	3072	1	126	512	3.11089
1536	3584	1	54	414	0.78540
1536	3584	1	54	38	2.61297
1024	3584	1	402	276	5.73764
1024	3584	1	234	178	5.90791
1024	3584	1	10	172	5.39812
1024	3584	1	456	192	5.50271
1536	3072	1	2	444	0.00000
1536	3072	1	90	318	4.56029
1024	3584	1	128	124	0.00000
1024	3584	1	168	300	0.70328
1024	3584	1	262	464	2.31164
1024	3584	1	34	372	0.00000
1536	3072	1	372	352	5.67380
1024	3584	1	136	488	0.00000
1024	3584	1	16	516	4.40882
1024	3584	1	46	260	4.59675
1536	3584	1	100	186	3.08609
1024	3584	1	456	24	2.76716
1024	3072	1	88	434	0.00000
1536	3584	1	414	232	1.05957
1536	3072	1	348	476	2.80548
1536	3072	2	512	474	0.00000
1536	3584	1	510	154	0.86393
1536	3072	1	444	324	5.69399
1536	3072	1	388	230	1.43373
1536	3072	1	370	102	0.71185
1536	3072	1	476	106	0.32956
1536	3072	1	246	86	2.97726
1536	3072	1	236	200	5.00290
1536	3072	1	248	306	4.95304
1536	3584	2	252	242	0.00000
1536	3584	1	412	128	1.52447
1536	3584	2	370	60	0.00000
1024	3584	1	0	4	2.53931
1024	3584	1	330	142	1.23150
1024	3584	1	370	22	2.53699
1024	3072	1	364	422	3.70109
1024	3072	1	280	332	0.22658
1024	3072	1	402	308	2.72839
1024	3072	1	292	104	3.77328
1024	3072	1	190	236	0.59942
1024	3072	1	114	116	0.70863
1536	3072	1	2	78	3.76455
1024	3072	2	388	72	0.00000
1024	3072	1	460	218	5.51029
1536	3072	1	112	116	0.68892
1024	3072	1	42	104	0.89251
1024	3072	1	0	256	3.96622
1536	3072	1	74	220	1.91009
1024	3072	1	202	34	0.00000
1536	3072	1	108	16	1.22898
1024	3072	1	248	464	1.06746
1024	3584	2	172	32	0.00000
1024	3584	2	300	88	0.00000
1536	3584	1	50	294	3.47554
1536	3584	1	350	500	5.77368
1536	3584	1	218	516	5.65188
2560	2048	1	224	106	0.00000
2048	2048	1	286	418	1.04591
2048	2048	1	502	322	5.82897
2560	2048	1	96	272	4.61439
2048	2048	1	392	188	5.83789
2048	2048	1	112	388	2.49793
2048	2048	1	234	304	0.36133
2560	2560	1	92	36	5.17794
2048	2048	1	146	250	5.98764
2560	2048	1	512	426	3.95187
2048	2048	1	262	140	2.05353
2048	2048	1	234	204	1.76398
2048	2560	1	450	226	5.11723
2048	2048	1	376	490	5.15862
2560	2048	1	374	260	1.39052
2560	2048	1	464	38	0.95663
2560	2560	1	302	150	5.20776
2048	2560	1	420	88	3.74450
2560	2560	1	314	304	5.94727
2560	2560	1	218	436	1.95423
2048	2560	1	230	156	0.30665
2560	2560	1	434	270	1.74981
2048	2560	1	28	174	2.15849
2048	2048	1	360	298	0.00000
2048	2048	1	454	418	6.20094
2560	2560	1	174	276	4.93191
2560	2048	1	174	436	0.29472
2560	2048	1	424	380	2.29168
2560	2560	1	292	24	3.61929
2560	2560	1	482	176	2.28603
2048	2560	1	302	66	2.88200
2560	2560	1	180	172	2.24033
2560	2048	1	246	448	0.17500
2048	2048	1	466	82	3.21479
2048	2560	1	206	348	5.26387
2048	2560	1	58	404	5.80941
2048	2560	1	412	462	6.10461
2560	2560	1	428	504	2.28914
2560	2048	1	310	204	1.20558
2048	2560	1	166	248	1.72740
2048	2560	1	508	378	0.00000
2560	2048	1	316	86	0.10643
2048	2048	1	168	68	3.52708
2560	2560	1	442	416	2.02489
2048	2560	1	276	490	5.82349
2048	2560	1	84	122	3.96172
2560	2048	2	436	464	0.00000
2560	2560	2	512	24	0.00000
2048	2560	1	494	110	3.52487
2560	2560	2	24	160	0.00000
2560	2560	1	76	188	6.10770
2048	2560	2	318	210	0.00000
2048	2560	2	170	152	0.00000
2048	2560	2	436	320	0.00000
2048	2560	2	510	308	0.00000
2560	2560	2	464	332	0.00000
2048	2560	2	358	56	0.00000
2048	2560	2	76	309	0.00000
2048	2560	1	0	66	2.42524
2560	2048	2	350	398	0.00000
2560	2048	1	184	26	4.35402
2560	2048	1	348	0	2.31801
2048	2048	1	64	148	0.97116
2048	2048	1	0	8	2.09991
2048	2048	1	134	0	0.00000
2048	2560	2	326	426	0.00000
2048	2560	2	192	420	0.00000
2048	2560	2	168	376	0.00000
2560	2560	1	42	404	0.00000
2560	2560	2	308	484	0.00000
3072	2048	1	176	216	5.16390
3072	2048	1	190	76	0.55751
3072	2048	1	274	52	5.58485
3072	2048	2	342	36	0.00000
3072	2048	2	82	50	0.00000
3072	2048	2	26	74	0.00000
3072	2048	1	472	58	5.14672
3584	2048	2	32	22	0.00000
3584	2048	1	240	74	4.08689
3584	2048	1	90	168	0.98022
3584	2048	1	268	160	1.02111
3072	2048	1	402	218	3.08501
3072	2048	1	440	338	4.39873
3072	2048	1	198	398	4.62391
3072	2048	1	40	402	4.14807
3072	2048	1	108	470	4.37313
3072	2048	1	374	482	3.48318
3072	2048	1	496	458	0.40313
3584	2048	1	82	444	5.87141
3584	2048	1	118	326	4.72125
3584	2048	1	136	238	4.07829
3584	2048	1	468	64	0.00000
3584	2048	1	370	218	5.53702
3584	2048	1	468	310	0.00000
3584	2048	1	372	308	1.33602
3584	2048	1	278	378	4.56030
3584	2048	1	162	480	3.36457
3584	2560	1	268	12	4.21125
3584	2048	2	262	462	0.00000
3072	2560	1	212	140	2.01604
3072	2560	2	260	30	0.00000
3072	2560	1	70	206	3.83955
3072	2560	1	168	266	0.00000
3072	2560	1	358	144	0.00000
3072	2560	2	434	134	0.00000
3072	2560	1	442	72	5.05254
3584	2560	1	40	54	3.78894
3584	2560	1	120	96	4.57217
3584	2560	1	114	178	4.62407
3584	2560	1	292	120	2.31938
3584	2560	1	242	188	3.42269
3584	2560	1	398	94	5.62652
3584	2048	1	446	508	5.25368
3584	2048	2	510	442	0.00000
3584	2560	1	484	144	3.71777
3584	2560	1	376	210	3.33135
3584	2560	1	226	328	2.75909
3584	2560	2	152	262	0.00000
3072	2560	1	304	218	2.56477
3072	2560	1	252	292	2.44042
3072	2560	1	54	354	1.40778
3072	2560	1	322	392	4.98289
3072	2560	2	164	386	0.00000
3072	2560	2	48	506	0.00000
3072	2560	2	308	22	0.00000
3072	2560	1	500	180	1.16066
3072	2560	1	392	296	3.18932
3072	2560	1	462	326	0.28770
3584	2560	1	40	294	0.35224
3584	2560	1	52	442	1.66536
3584	2560	1	186	436	4.20437
3584	2560	1	304	314	3.16247
3584	2560	1	398	354	0.00000
3584	2560	1	326	472	3.57790
3584	2560	2	196	512	0.00000
3584	2560	2	256	512	0.00000
3072	2560	1	268	466	2.25758
3072	2560	2	490	494	0.00000
3584	2560	1	476	452	5.58177
3584	2560	2	438	506	0.00000
3584	2560	2	512	226	0.00000
3584	2560	2	494	288	0.00000
3584	2560	2	502	358	0.00000
3072	2560	1	72	418	0.49623
3584	2048	2	396	124	0.00000
3584	2048	2	512	154	0.00000
3584	3072	2	368	312	0.00000
3072	3072	2	434	256	0.00000
3072	3072	1	112	44	0.75621
3072	3072	1	198	74	3.47797
3072	3072	1	406	80	6.01922
3584	3072	1	2	56	5.96143
3584	3072	1	184	24	3.77188
3584	3072	1	260	0	6.08803
3072	3072	1	118	180	6.09200
3072	3072	1	82	252	2.89105
3072	3072	1	18	304	2.96510
3072	3072	1	192	236	3.87914
3072	3072	1	280	148	3.12761
3072	3072	1	322	266	5.07245
3072	3072	1	446	190	1.06467
3584	3072	1	60	186	2.77442
3584	3072	1	166	128	0.98418
3072	3072	1	258	326	1.85685
3072	3072	1	94	400	0.62078
3072	3072	1	120	480	3.63553
3072	3072	1	226	468	0.00000
3072	3584	1	56	70	3.05322
3072	3584	1	162	72	3.20035
3072	3072	1	388	366	1.40299
3072	3072	1	364	446	1.36725
3072	3584	1	378	6	1.46614
3584	3072	1	504	170	0.00000
3584	3072	1	418	170	0.00000
3584	3072	2	364	182	0.00000
3584	3072	1	298	178	6.08434
3584	3072	1	226	268	2.94697
3584	3072	1	298	324	3.26534
3584	3072	1	446	318	5.99240
3072	3072	2	510	264	0.00000
3584	3072	1	190	374	2.04068
3072	3072	1	494	394	4.24874
3584	3072	2	44	444	0.00000
3584	3072	1	124	430	2.43181
3584	3072	1	344	424	0.00000
3584	3072	1	512	424	6.03615
3584	3584	1	406	34	0.00000
3584	3584	1	82	16	0.00000
3584	3584	1	178	34	2.20080
3584	3072	1	272	466	3.60777
3584	3584	1	326	24	3.86065
3584	3584	1	496	46	0.31557
3072	3584	1	484	82	4.68896
3072	3584	1	250	96	3.15903
3072	3584	1	344	114	2.23411
3072	3584	1	46	204	2.26700
3072	3584	1	118	198	2.47829
3584	3584	1	192	146	3.14579
3584	3584	1	318	198	3.27414
3584	3584	1	10	176	5.12854
3584	3584	1	410	210	5.83092
3072	3584	1	272	228	4.26263
3072	3584	1	46	322	0.32831
3072	3584	1	186	310	1.52084
3072	3584	1	234	388	0.62025
3072	3584	2	246	500	0.00000
3072	3584	2	344	400	0.00000
3072	3584	1	380	274	0.00000
3072	3584	1	496	424	3.94252
3584	3584	1	114	324	6.08264
3072	3584	1	484	256	5.36639
3584	3584	1	148	464	0.49589
3584	3584	1	238	234	0.00000
3584	3584	1	268	348	0.63977
3584	3584	1	352	342	0.33110
3584	3584	1	472	512	1.59711
3584	3584	1	422	350	0.00000
3584	3584	1	494	290	0.00000
3584	3584	2	190	330	0.00000
3584	3584	1	28	348	5.31036
3072	3584	1	410	504	2.74001
3072	3584	1	176	500	2.87157
3072	3584	1	0	512	3.78509
3584	3072	2	432	0	0.00000
3584	3584	2	274	512	0.00000
3584	3584	1	482	422	3.64499
2560	3072	1	62	340	4.12448
2048	3072	1	228	376	4.58503
2048	3072	1	368	246	0.00000
2048	3072	1	236	72	5.59812
2048	3072	1	116	110	1.50898
2048	3072	1	258	240	2.80030
2048	3072	2	188	222	0.00000
2048	3072	2	160	380	0.00000
2048	3072	2	190	326	0.00000
2048	3072	1	106	238	3.08315
2048	3072	1	48	244	4.41214
2048	3072	1	464	342	5.73741
2560	3072	1	306	92	4.97938
2048	3072	1	462	134	0.00000
2560	3072	1	368	56	5.12249
2560	3072	1	334	190	4.40507
2560	3072	1	198	32	1.17767
2560	3072	1	230	222	6.07230
2560	3072	1	18	274	3.63226
2560	3072	1	124	144	3.02738
2048	3584	1	200	126	0.00000
2048	3584	1	336	122	0.00000
2048	3584	1	180	12	0.00000
2560	3072	1	506	62	3.89903
2560	3072	1	342	322	1.48320
2560	3072	2	348	240	0.00000
2560	3072	2	222	126	0.00000
2560	3072	2	100	230	0.00000
2048	3072	1	382	142	5.39493
2048	3072	1	302	20	5.77571
2560	3584	1	138	18	5.38678
2048	3072	2	418	16	0.00000
2048	3072	1	448	492	5.33940
2048	3584	1	462	104	5.96335
2048	3584	1	346	72	1.10431
2048	3072	1	256	496	3.18196
2048	3072	2	318	426	0.00000
2048	3072	1	58	474	4.92092
2048	3072	1	62	406	4.04829
2560	3072	2	252	486	0.00000
2048	3584	1	38	122	0.59160
2048	3584	1	70	250	3.03030
2048	3584	1	136	88	5.68129
2560	3584	1	26	278	0.00000
2048	3584	1	194	280	0.50511
2048	3584	1	88	470	0.36777
2048	3584	1	396	184	0.00000
2560	3584	1	512	474	0.36777
2560	3072	1	418	414	0.39255
2560	3072	1	512	306	3.08685
2560	3072	1	500	490	6.25705
2560	3072	1	456	222	0.03635
2560	3584	1	308	164	6.19701
2560	3072	2	336	448	0.00000
2560	3584	1	394	36	1.01981
2560	3584	1	418	130	4.00652
2560	3584	1	464	246	0.23005
2560	3584	1	512	158	5.61921
2048	3584	1	230	364	0.43843
2560	3584	1	158	128	2.29937
2560	3584	1	256	466	0.00000
2048	3584	1	336	256	6.07955
2560	3584	1	242	180	3.10137
2560	3584	1	144	220	2.04465
2560	3584	1	370	282	6.06480
2560	3584	1	466	352	2.58504
2560	3584	1	226	366	3.61186
2560	3584	1	162	332	0.90661
2560	3584	1	326	350	2.77905
2048	3584	1	442	328	0.33179
2048	3584	1	476	430	0.56428
2560	3584	1	158	498	6.20179
2560	3584	1	412	456	0.70112
2560	3584	1	54	70	0.00000
2560	3072	1	76	434	0.43410
2048	3584	1	194	476	4.41810
2048	3072	2	434	230	0.00000
2048	3584	1	286	454	6.13030
2048	3584	1	346	438	0.00000
2560	3584	1	22	466	3.87142
2048	3584	1	198	182	1.24905
2048	3072	1	0	496	0.00000
2048	3072	1	346	298	2.53141
2560	3072	1	464	0	3.35695
