1024	2048	2	198	86	0.00000
1536	2048	2	250	364	0.00000
1024	2560	2	170	235	0.00000
1536	2048	2	512	413	0.00000
1536	2048	2	4	31	0.00000
1024	2048	2	42	145	0.00000
1024	2048	1	82	224	1.19952
1024	2048	1	242	374	0.26439
1024	2048	1	390	80	4.04621
1024	2048	1	510	220	2.85608
1536	2048	1	90	38	6.15131
1536	2048	2	234	155	0.00000
1536	2048	1	358	70	4.81273
1536	2048	1	334	158	5.21267
1536	2048	1	106	428	0.00000
1536	2048	1	458	272	3.02823
1536	2048	1	348	332	2.42492
1536	2048	1	242	30	6.02499
1024	2560	1	150	24	3.09874
1024	2560	1	254	48	1.10779
1024	2560	1	484	58	1.95605
1536	2048	1	200	478	2.79363
1536	2048	1	316	480	3.67104
1536	2560	1	424	16	3.39559
1536	2560	1	94	108	0.35746
1536	2560	1	324	104	3.09597
1536	2560	1	42	214	2.01854
1536	2560	1	404	196	0.24222
1536	2560	1	262	234	5.94363
1536	2560	1	144	202	0.00000
1536	2048	2	512	305	0.00000
1536	2560	1	460	326	5.52737
1024	2560	1	238	334	4.12782
1024	2560	1	50	112	2.06835
1024	2560	1	466	248	2.53793
1024	2560	1	410	308	2.74365
1536	2560	1	52	328	1.28790
1536	2560	1	338	348	1.42043
1024	2560	1	380	484	4.66632
1536	2560	1	56	436	5.30536
1024	2560	1	296	376	1.10958
1536	2560	1	236	416	1.49372
1536	2560	1	164	374	3.38735
1536	2560	1	408	428	1.96442
1024	2560	1	106	502	1.43458
1024	3072	1	74	204	0.65618
1024	3072	1	20	92	5.04605
1024	3072	1	182	44	1.32638
1024	3072	1	184	144	2.99970
1024	3072	1	286	184	5.72613
1024	3072	1	362	110	2.42728
1024	3072	1	432	64	5.27301
1536	3072	1	6	142	4.25528
1024	3072	1	240	288	0.00000
1024	3072	1	114	306	3.51093
1024	3072	1	176	380	3.07687
1024	3072	1	318	304	0.53172
1536	3072	1	56	188	4.11601
1536	3072	1	128	84	2.48291
1536	3072	1	198	50	2.60716
1536	3072	1	346	12	0.09922
1536	3072	1	308	178	0.00000
1536	3072	1	194	248	5.91979
1536	3072	1	82	276	0.96461
1536	3072	1	462	228	1.21781
1536	3072	1	462	144	3.90868
1536	3072	1	428	30	0.65499
1024	3072	1	40	486	0.00000
1024	3072	1	122	466	5.67524
1024	3072	1	236	460	3.93068
1536	3072	1	292	326	2.95994
1536	3072	1	388	338	2.65043
1536	3072	1	284	500	2.49809
1024	3072	1	300	484	0.86630
1024	3584	1	376	18	2.68983
1024	3072	1	410	472	2.53193
1024	3072	1	496	472	5.30995
1024	3072	1	482	366	1.24905
1536	3072	1	34	396	4.33309
1024	3072	2	492	300	0.00000
1536	3072	1	156	444	5.09811
1024	3584	1	464	48	3.58308
1536	3072	1	460	512	4.50648
1536	3072	2	382	464	0.00000
1536	3584	2	454	120	0.00000
1024	3584	1	492	156	4.35237
1024	3584	1	354	132	1.40378
1024	3584	1	112	90	0.88364
1024	3584	1	216	138	5.68477
1024	3584	1	156	292	0.00000
1024	3584	1	74	204	0.90975
1024	3584	1	300	274	5.54411
1536	3584	1	110	196	0.00000
1024	3584	1	458	300	1.74048
1536	3584	1	88	306	1.67691
1536	3584	1	276	160	1.67726
1536	3584	1	266	284	1.99957
1536	3584	1	406	246	4.87042
1536	3584	1	376	148	2.43345
1536	3584	1	512	168	3.02590
1024	3584	1	40	388	3.04975
1024	3584	1	306	406	0.14998
1024	3584	1	428	420	0.00000
1536	3584	1	68	442	0.00000
1536	3584	1	150	436	0.48122
1536	3584	1	262	406	0.65069
1536	3584	1	410	400	2.58393
1536	3584	1	278	516	0.00000
1536	3584	1	504	418	2.24554
1536	3584	1	442	514	5.64275
1536	3584	2	374	58	0.00000
1536	3584	2	304	60	0.00000
2048	2560	1	158	490	0.39774
2560	2560	1	404	312	2.96873
2560	2560	1	160	264	5.25281
2560	2560	1	416	132	2.43995
2560	2560	1	176	178	1.65455
2048	2560	1	238	476	3.47432
2560	2560	1	170	374	5.07770
2560	2560	1	80	422	2.50298
2048	2560	1	130	322	0.31544
2048	2560	1	388	260	1.73374
2048	2560	1	420	478	1.03845
2560	2560	1	322	364	5.70528
2048	2560	1	268	306	2.29401
2560	2560	1	452	466	4.80740
2560	2560	1	308	182	3.20283
2560	2560	1	38	284	4.68753
2048	2560	1	64	266	0.00000
2560	2560	2	28	512	0.00000
2560	2560	2	316	484	0.00000
2560	2560	2	14	472	0.00000
2048	2560	2	198	412	0.00000
2560	2560	2	232	430	0.00000
2560	2560	2	466	328	0.00000
2048	2560	2	320	430	0.00000
2048	2560	2	182	358	0.00000
2048	2560	2	0	356	0.00000
2560	2560	2	178	512	0.00000
2048	2560	1	264	94	4.50434
2048	2560	1	382	22	3.88620
2048	2560	2	168	147	0.00000
2048	2560	2	230	151	0.00000
2048	2560	2	324	205	0.00000
2048	2560	2	414	151	0.00000
2560	2560	2	22	167	0.00000
2560	2560	2	296	7	0.00000
2560	2560	1	24	34	4.01290
2048	2560	1	134	34	3.46904
2048	2560	1	44	64	3.25938
2048	2048	1	212	320	3.27636
2048	2048	1	116	340	3.19221
2048	2048	1	52	440	2.46380
2048	2048	1	382	434	4.39582
2048	2048	1	462	366	6.23627
2560	2048	1	468	508	3.40475
2560	2048	1	502	386	1.11934
2048	2048	1	268	234	5.62304
2048	2048	1	26	246	0.38579
2560	2048	1	76	370	4.04446
2560	2048	1	362	444	1.09391
2560	2048	1	214	402	2.04121
2560	2048	1	112	264	5.66294
2560	2048	1	458	282	0.32963
2560	2048	1	372	286	3.34706
2560	2048	1	220	258	2.53862
2048	2048	1	198	88	1.56716
2048	2048	1	398	200	2.02816
2048	2048	1	344	80	2.05270
2048	2048	1	496	140	0.43111
2560	2048	1	196	108	0.14260
2560	2048	1	310	114	0.00000
2560	2048	1	392	102	1.79363
2560	2048	2	296	384	0.00000
2560	2560	1	512	204	2.08460
2560	2048	2	258	455	0.00000
2048	2560	2	414	46	0.00000
2048	2560	2	166	254	0.00000
3584	2560	1	426	308	3.56007
3584	2560	1	444	466	2.34931
3584	2560	1	300	396	2.49391
3584	2560	1	414	162	4.69485
3072	2560	1	452	312	1.76819
3584	2560	1	48	420	3.53459
3072	2560	1	316	512	3.04192
3584	2560	1	138	216	6.23269
3584	2560	1	10	442	0.00000
3072	2560	1	396	394	5.64275
3072	2560	1	276	398	2.39893
3072	2560	1	152	378	5.78290
3584	2560	1	76	338	1.36559
3072	2560	1	234	502	0.29125
3072	2560	1	130	510	2.72148
3584	2560	1	202	204	2.84592
3072	2560	1	318	214	4.04843
3072	2560	1	56	482	0.44951
3072	2560	1	54	208	1.84614
3072	2560	1	120	334	1.85090
3072	2560	1	368	276	3.71293
3584	2560	1	26	250	3.78564
3584	2560	1	176	360	0.00000
3584	2560	1	338	326	2.44533
3584	2560	1	490	420	2.28040
3072	2560	2	444	128	0.00000
3584	2560	2	242	320	0.00000
3072	2560	2	486	180	0.00000
3584	2560	2	360	448	0.00000
3584	2560	1	214	462	4.77354
3584	2560	1	390	278	2.29016
3584	2560	1	372	24	2.51280
3584	2048	1	472	470	4.31734
3072	2560	1	490	104	2.42330
3584	2560	1	238	28	2.30098
3584	2048	1	280	498	2.66071
3584	2048	1	382	390	1.55235
3584	2048	1	372	206	5.44349
3584	2048	1	376	82	0.00000
3584	2048	1	474	58	0.00000
3072	2560	1	222	24	0.00000
3072	2560	1	80	100	0.65707
3072	2048	1	104	462	2.38649
3072	2560	1	256	192	0.75594
3072	2560	1	160	126	2.81179
3072	2560	1	326	98	4.51969
3072	2560	1	484	38	2.48157
3584	2560	1	106	58	4.15203
3584	2560	1	170	126	0.86630
3072	2048	1	64	308	5.23718
3072	2048	1	214	268	5.08223
3584	2560	2	340	130	0.00000
3072	2048	1	234	108	0.43487
3584	2048	1	140	230	2.29744
3584	2048	1	8	266	0.86061
3584	2048	1	4	410	1.26828
3584	2048	1	200	334	0.00000
3072	2048	1	188	56	3.67153
3072	2048	1	44	98	3.66139
3072	2048	1	274	312	5.51264
3072	2048	1	366	216	2.73358
3072	2048	1	506	14	2.06088
3584	2048	1	134	120	0.00000
3584	2048	1	240	96	4.05772
3584	2048	1	304	262	1.80693
3072	2048	1	464	172	3.19405
3072	2048	1	330	140	4.38056
3072	2048	1	86	226	5.24066
3072	2048	1	212	212	4.89380
3584	2048	1	32	452	4.14991
3584	2048	1	82	506	1.48989
3072	3072	1	41	34	0.62824
3072	3072	1	136	36	2.54344
3072	3072	1	95	115	5.81389
3072	3072	1	231	5	0.63322
3072	3072	1	211	105	3.99276
3072	3072	1	314	7	3.23497
3072	3072	1	403	73	5.74536
3072	3072	1	248	139	0.78691
3584	3072	2	2	72	0.00000
3584	3072	1	195	24	1.64743
3584	3072	1	246	153	6.01187
3584	3072	1	313	88	0.00000
3584	3072	1	401	64	5.74702
3584	3072	1	384	167	2.54365
3584	3072	1	503	167	2.62232
3072	3072	1	485	163	3.74677
3072	3072	1	15	202	0.48373
3072	3072	1	118	260	3.68618
3072	3072	2	27	319	0.00000
3072	3072	1	239	246	3.62246
3072	3072	1	363	212	0.88046
3072	3072	1	362	303	1.89179
3584	3072	1	4	281	5.60175
3584	3072	1	52	226	2.45877
3072	3072	1	80	430	0.94550
3072	3072	1	236	361	2.05604
3072	3072	1	216	459	2.47887
3072	3072	1	326	452	3.10848
3072	3072	1	434	385	3.62443
3072	3072	1	496	398	3.66545
3584	3072	1	125	319	1.12360
3584	3072	1	125	384	4.53763
3584	3072	1	272	258	4.16952
3584	3072	2	360	274	0.00000
3584	3072	2	501	298	0.00000
3584	3072	1	288	388	1.05389
3584	3072	1	452	405	1.41655
3584	3072	1	340	463	1.80293
3584	3584	1	301	15	1.77873
3584	3584	1	407	23	0.41488
3584	3584	1	459	84	0.51963
3584	3584	1	496	154	0.55696
3072	3584	1	66	44	0.75980
3072	3584	1	233	68	1.44745
3072	3584	1	438	18	1.20571
3072	3584	1	343	101	3.71994
3072	3584	1	404	124	3.72604
3584	3072	1	173	510	0.15934
3584	3584	1	69	14	2.68773
3072	3584	1	50	138	1.24322
3072	3584	1	208	168	2.57526
3584	3584	1	170	110	0.90929
3584	3584	1	357	107	4.72685
3584	3584	1	273	148	1.99958
3584	3584	1	379	257	0.00000
3072	3584	1	77	246	2.10085
3072	3584	1	51	314	4.85846
3072	3584	1	294	272	1.02967
3584	3584	1	1	204	0.81118
3072	3584	1	419	280	0.20605
3072	3584	1	359	350	2.82866
3072	3584	2	128	197	0.00000
3584	3584	1	157	225	5.44871
3584	3584	1	239	222	2.74312
3584	3584	2	299	243	0.00000
3584	3584	1	490	249	4.29986
3584	3584	1	4	290	0.71223
3584	3584	1	135	278	2.39108
3584	3584	1	98	319	2.18977
3584	3584	1	469	352	3.79266
3072	3584	1	199	339	0.00000
3072	3584	1	62	373	5.11977
3072	3584	2	279	440	0.00000
3072	3584	2	408	473	0.00000
3072	3584	1	505	443	0.00000
3584	3584	1	63	415	0.00000
3584	3584	1	351	424	5.53987
3072	3584	1	175	480	0.31953
3072	3584	1	91	464	0.89388
2560	3072	1	410	286	0.68892
2560	3072	2	504	400	0.00000
2560	3072	1	420	168	1.59228
2560	3072	2	344	236	0.00000
2560	3072	2	230	130	0.00000
2560	3072	2	132	74	0.00000
2560	3072	1	352	58	5.59210
2560	3072	1	86	136	5.87504
2048	3072	1	110	148	4.70785
2048	3072	1	206	360	4.41376
2048	3072	1	500	462	2.15045
2560	3072	1	84	322	0.69674
2560	3072	1	178	338	0.00000
2560	3072	1	242	214	2.44685
2560	3072	2	108	236	0.00000
2048	3072	2	320	270	0.00000
2560	3072	2	20	146	0.00000
2048	3584	2	374	20	0.00000
2048	3072	2	168	474	0.00000
2048	3072	1	438	334	5.19718
2048	3072	1	480	240	2.64854
2048	3072	1	298	88	6.17158
2048	3072	2	58	244	0.00000
2048	3072	2	122	56	0.00000
2560	3072	1	10	44	3.46334
2048	3072	1	256	168	5.45410
2560	3072	1	218	46	5.48390
2560	3072	2	512	254	0.00000
2048	3072	1	402	36	1.23395
2048	3072	1	394	150	5.35684
2048	3072	1	62	434	1.39313
2048	3584	1	164	56	0.43120
2048	3584	1	470	188	1.32317
2048	3584	1	302	166	0.56513
2048	3584	1	274	80	4.15902
2048	3072	2	306	432	0.00000
2048	3584	1	72	84	5.96095
2560	3584	1	106	76	2.37639
2560	3072	1	338	438	4.24228
2560	3072	1	436	444	3.33539
2560	3584	1	364	50	4.80670
2560	3072	2	128	418	0.00000
2560	3072	2	224	486	0.00000
2048	3584	1	210	200	5.61856
2048	3584	2	172	258	0.00000
2560	3584	2	512	144	0.00000
2560	3072	1	126	500	2.45897
2048	3584	1	66	236	4.30424
2560	3584	1	218	62	3.73956
2560	3584	1	100	160	2.08771
2560	3584	1	306	160	3.81905
2560	3584	1	228	244	2.26493
2560	3584	2	236	144	0.00000
2560	3584	1	448	198	5.93736
2048	3584	1	496	382	1.07202
2048	3584	1	380	388	6.10648
2560	3584	1	48	258	1.38126
2048	3584	1	224	470	0.00000
2048	3584	1	464	76	1.52003
2560	3584	1	340	220	0.39880
2560	3584	1	362	402	4.55679
2048	3584	1	140	454	0.00000
2560	3584	1	172	336	3.95309
2048	3584	1	236	334	4.01412
2560	3584	1	190	436	4.04444
2560	3584	1	392	280	4.15804
2048	3584	2	402	258	0.00000
2560	3584	2	450	452	0.00000
2048	3584	2	56	344	0.00000
2560	3584	2	506	296	0.00000
2560	3584	1	94	448	0.00000
2048	3584	1	492	472	0.78002
2560	3584	1	496	386	2.00659
