1024	2048	1	234	364	0.40665
1024	2048	1	470	240	2.83947
1024	2048	1	172	230	3.10165
1024	2048	1	72	408	0.63689
1536	2048	1	166	210	1.97962
1536	2048	1	14	498	3.19155
1024	2048	2	198	74	0.00000
1536	2048	1	86	96	5.08845
1536	2048	1	4	22	2.54742
1536	2048	1	296	106	5.44093
1536	2048	1	296	246	0.00000
1536	2048	1	496	254	6.02937
1536	2048	1	416	332	3.24647
1536	2048	2	498	78	0.00000
1536	2048	2	222	142	0.00000
1536	2048	1	330	0	3.95654
1536	2048	1	252	428	4.57833
1536	2048	1	322	472	4.02632
1024	2560	1	436	62	0.35395
1024	2560	1	266	40	1.01506
1536	2560	1	78	96	0.83730
1536	2560	1	164	154	0.95569
1536	2560	1	204	26	2.50974
1024	2048	1	84	508	4.83301
1536	2048	1	190	288	1.47323
1536	2048	2	242	356	0.00000
1536	2560	1	270	236	5.86545
1536	2048	1	486	436	3.77039
1536	2560	1	508	76	0.00000
1024	2560	1	152	120	4.44173
1536	2560	1	398	216	2.67795
1024	2560	1	378	184	3.05093
1024	2560	1	280	254	5.32955
1024	2560	2	80	198	0.00000
1024	2560	2	208	276	0.00000
1024	2560	1	188	334	1.64462
1024	2560	1	82	480	2.03827
1536	2560	1	50	312	0.73015
1536	2560	1	50	432	4.99293
1024	2560	2	350	444	0.00000
1536	2560	1	234	434	2.41214
1024	2560	1	264	438	3.03823
1024	2560	1	178	440	2.61381
1536	2560	1	432	342	4.36511
1536	2560	1	344	484	2.22411
1536	2560	1	408	428	2.18152
1024	2560	1	442	422	2.84800
1536	2048	1	208	16	0.51143
1536	2560	1	164	502	3.35972
1024	2560	1	384	512	2.79857
1536	2560	1	354	296	0.79492
1024	2560	1	14	136	3.39181
1024	2048	1	22	368	4.13934
1536	2560	1	76	512	2.47371
1536	3584	1	424	390	6.11174
1536	3584	1	442	516	0.00000
1536	3584	1	338	516	0.33258
1536	3584	1	248	506	0.37229
1024	3584	1	260	392	5.51751
1024	3584	1	166	418	6.03633
1024	3584	1	16	486	5.71064
1024	3584	1	414	286	6.22831
1536	3584	1	132	322	1.57566
1536	3584	1	202	408	0.00000
1024	3584	1	186	276	2.16072
1536	3584	1	512	218	0.99649
1536	3584	1	176	188	0.44305
1536	3584	1	310	180	2.59457
1536	3584	1	430	224	2.16621
1536	3072	1	334	406	4.83674
1536	3072	1	284	512	3.51093
1536	3584	1	214	64	6.09784
1536	3584	1	98	114	1.15839
1536	3072	1	50	506	0.00000
1024	3584	1	462	116	2.48753
1024	3584	1	478	216	5.52481
1536	3584	2	30	202	0.00000
1024	3584	2	302	88	0.00000
1024	3072	2	154	396	0.00000
1536	3584	2	380	62	0.00000
1536	3584	2	390	112	0.00000
1536	3584	2	262	262	0.00000
1536	3584	2	452	118	0.00000
1536	3072	1	512	484	1.98715
1024	3584	1	336	202	3.00373
1024	3584	1	246	106	6.15805
1024	3584	1	26	130	5.65044
1024	3584	1	136	108	5.32560
1024	3584	1	100	10	5.87829
1024	3072	2	156	476	0.00000
1024	3072	1	4	504	0.00000
1024	3072	1	44	398	0.46684
1024	3072	1	42	300	1.99472
1024	3072	1	10	190	0.00000
1024	3072	1	104	198	0.94106
1024	3072	1	92	92	1.56022
1024	3072	1	204	258	0.00000
1024	3072	1	184	356	0.00000
1024	3072	1	288	312	0.00000
1024	3072	1	284	200	5.35915
1024	3072	1	182	60	5.50224
1024	3072	1	308	94	5.56885
1024	3072	1	378	26	2.55946
1024	3072	1	452	156	0.00000
1024	3072	1	396	288	0.00000
1024	3072	1	378	456	2.35619
1024	3584	1	384	92	2.68593
1024	3072	1	504	478	3.50580
1024	3072	1	512	334	4.34702
1536	3072	1	102	280	0.00000
1536	3072	1	114	182	0.00000
1536	3072	1	84	8	6.03133
1536	3072	1	154	4	3.38470
1536	3072	1	180	106	0.30464
1536	3072	1	256	112	3.17831
1536	3072	1	326	102	3.39370
1536	3072	1	242	244	0.73649
1536	3072	1	420	176	0.16253
1536	3072	1	450	84	5.27479
1536	3072	1	512	212	2.79881
1536	3072	1	284	346	1.49949
1536	3072	1	102	444	2.42691
1536	3072	1	186	428	5.26788
1536	3072	1	330	234	3.87422
1536	3072	2	350	318	0.00000
1024	3584	1	240	482	2.08431
2048	2048	1	90	214	1.02401
2048	2048	1	248	306	0.00000
2048	2048	1	472	346	6.04007
2560	2048	1	74	224	6.15300
2048	2048	1	32	32	5.35163
2048	2048	1	182	22	3.33874
2048	2048	1	200	148	5.50610
2048	2048	1	324	58	0.39771
2048	2048	1	418	64	0.72664
2048	2048	1	498	48	3.41661
2048	2048	1	466	146	1.91009
2560	2048	1	32	94	4.39064
2560	2048	1	208	120	0.00000
2560	2048	1	298	94	0.00000
2560	2048	1	420	62	1.49686
2560	2048	1	502	126	1.38457
2560	2048	1	390	222	1.44644
2560	2048	1	166	302	3.20181
2560	2048	1	92	378	5.66394
2048	2048	1	58	432	3.76214
2048	2048	1	152	452	3.26808
2048	2048	1	386	468	1.47078
2560	2048	1	494	322	1.29017
2560	2048	2	294	394	0.00000
2560	2048	1	216	418	0.26625
2560	2048	1	394	360	2.20692
2560	2048	2	352	412	0.00000
2048	2560	1	236	60	5.87450
2048	2560	1	320	94	5.67764
2048	2560	2	362	52	0.00000
2048	2560	1	62	114	3.52186
2048	2560	2	240	162	0.00000
2048	2560	2	184	154	0.00000
2048	2560	1	126	164	3.07374
2560	2560	1	98	44	2.55140
2560	2048	1	512	444	3.53220
2560	2048	1	402	498	2.54722
2560	2560	1	260	16	1.26141
2560	2560	1	304	78	3.57682
2048	2560	1	476	100	0.00000
2560	2560	1	460	150	5.50723
2560	2560	1	64	164	3.36889
2560	2560	1	396	222	5.84279
2560	2560	2	462	346	0.00000
2048	2560	1	360	242	3.55008
2048	2560	1	450	208	2.60399
2560	2560	1	240	210	2.30718
2048	2560	1	76	320	0.00000
2048	2560	1	22	464	2.99970
2048	2560	2	440	318	0.00000
2560	2560	1	140	264	5.56909
2560	2560	2	2	324	0.00000
2560	2560	1	362	370	2.88641
2560	2560	1	262	350	5.73015
2560	2560	1	188	432	3.52082
2560	2560	1	82	408	5.74948
2048	2560	1	272	320	0.00000
2048	2560	1	214	360	2.51367
2048	2560	1	142	470	4.20529
2048	2560	1	402	490	0.00000
2560	2560	1	384	500	3.92927
2560	2560	1	506	472	5.81022
2560	2560	2	326	484	0.00000
2560	2560	2	254	478	0.00000
2048	2560	1	296	498	5.71910
2048	2560	2	330	426	0.00000
3584	2048	1	312	350	4.87754
3584	2560	1	338	10	4.08407
3072	2048	1	98	28	1.82483
3072	2048	1	198	50	3.15765
3072	2048	1	336	86	4.10740
3072	2048	1	118	282	0.22706
3584	2048	1	34	126	5.38464
3584	2048	1	244	98	3.92901
3584	2048	1	10	380	5.68300
3584	2048	1	96	272	3.14159
3072	2048	1	338	304	3.12064
3584	2048	1	468	54	0.00000
3584	2048	1	378	218	5.42893
3072	2048	1	300	474	1.24905
3072	2048	1	186	402	3.29105
3072	2048	1	40	214	2.36837
3584	2048	1	94	512	5.04808
3584	2048	1	128	426	5.49779
3072	2048	1	440	340	5.73280
3072	2048	1	376	158	4.17943
3072	2048	1	458	250	4.88192
3072	2048	1	170	172	4.33514
3072	2048	1	22	128	1.75542
3072	2560	1	118	32	0.68262
3072	2048	1	194	248	4.01013
3072	2048	1	238	308	0.85596
3584	2048	1	140	74	0.00000
3584	2560	1	194	72	3.83215
3072	2560	1	164	224	3.63749
3072	2560	2	180	84	0.00000
3072	2048	1	50	496	3.53506
3072	2048	1	0	328	0.96048
3072	2048	1	386	508	4.01843
3584	2560	1	2	86	3.95188
3584	2560	1	304	198	5.94262
3584	2560	1	400	74	4.44540
3072	2560	1	352	130	6.26359
3072	2560	1	270	86	0.00000
3072	2560	1	96	152	0.95206
3584	2560	1	422	172	5.64735
3072	2048	2	284	18	0.00000
3072	2048	1	402	16	5.10731
3584	2560	1	502	334	5.85574
3584	2560	1	496	450	5.40713
3584	2560	2	460	504	0.00000
3584	2560	1	392	448	2.93316
3072	2560	1	56	350	2.78653
3072	2560	1	216	382	3.35405
3072	2560	1	144	372	0.00000
3072	2560	1	398	256	3.50331
3072	2560	2	432	124	0.00000
3072	2560	2	460	182	0.00000
3072	2560	1	452	64	1.33208
3584	2560	1	32	92	3.78689
3584	2560	1	68	146	5.34378
3584	2560	1	208	190	5.33103
3072	2560	1	468	292	3.41848
3584	2560	1	58	240	2.66289
3584	2560	1	302	336	3.55086
3584	2560	1	186	308	0.90166
3072	2560	1	318	258	3.24806
3072	2560	1	302	424	2.71248
3072	2560	1	400	458	5.80621
3072	2560	1	250	510	0.25066
3072	2560	1	86	512	3.49296
3072	2560	1	8	480	5.97177
3584	2560	1	66	462	2.95902
3584	2560	1	22	360	0.67543
3584	2560	1	268	462	2.68122
3584	2560	1	154	404	4.96949
3584	2560	1	396	310	4.10003
3584	2560	2	340	450	0.00000
3584	2560	1	136	246	4.55168
3584	2560	1	512	28	2.24963
3072	3072	1	400	74	5.91762
3072	3072	1	216	182	3.56471
3072	3072	1	106	158	4.39733
3072	3072	1	132	60	0.39133
3072	3072	1	76	236	1.51930
3072	3072	1	110	312	2.10783
3072	3072	1	236	308	2.08128
3072	3072	1	76	26	3.44775
3072	3072	1	442	174	4.31791
3072	3072	1	288	206	2.79229
3072	3072	1	364	274	3.41811
3072	3072	1	460	314	3.61840
3072	3072	1	228	472	0.00000
3072	3072	1	86	404	4.70873
3072	3584	1	132	38	3.79044
3072	3072	1	52	508	5.23479
3072	3584	1	50	160	1.15694
3072	3584	1	294	152	3.26426
3072	3584	1	188	106	2.49382
3584	3072	1	178	140	5.71424
3584	3072	1	196	64	2.36862
3584	3072	1	296	142	0.47680
3584	3072	1	358	44	1.92479
3584	3072	1	478	90	0.00000
3584	3072	1	418	156	5.37545
3584	3072	1	370	226	5.28906
3584	3072	1	460	248	3.40459
3584	3072	1	192	210	2.46685
3584	3072	1	134	274	6.09909
3072	3072	1	500	406	4.28756
3072	3072	1	484	480	0.87359
3584	3072	1	106	428	5.60477
3584	3072	1	128	490	5.18617
3584	3072	1	46	512	2.50180
3584	3072	1	268	434	0.86218
3584	3072	1	328	492	1.67240
3584	3584	1	188	54	2.42750
3584	3072	1	452	416	2.89499
3072	3584	1	204	236	4.24382
3072	3584	1	88	276	2.01317
3072	3584	1	32	336	3.10725
3072	3584	1	456	48	0.52971
3072	3584	1	306	36	4.49625
3072	3072	1	348	410	2.18614
3584	3072	1	72	330	5.40713
3584	3072	1	300	318	5.43903
3584	3584	1	76	230	0.29912
3072	3584	1	446	310	2.93497
3072	3584	2	352	246	0.00000
3072	3584	2	394	194	0.00000
3584	3584	2	478	184	0.00000
3584	3584	2	462	258	0.00000
3584	3584	2	340	92	0.00000
3584	3584	2	352	278	0.00000
3584	3584	2	94	344	0.00000
3584	3584	2	8	400	0.00000
3584	3584	1	52	90	4.89830
3584	3584	1	160	122	2.07519
3072	3584	1	226	308	4.78916
3072	3584	1	146	356	1.38010
3072	3584	1	248	402	0.71852
3584	3584	2	236	388	0.00000
3584	3584	1	232	234	2.29577
3584	3072	1	60	134	0.00000
2560	3072	2	14	176	0.00000
2560	3072	2	138	74	0.00000
2560	3072	2	98	230	0.00000
2560	3072	2	222	126	0.00000
2560	3072	2	348	238	0.00000
2048	3072	2	162	482	0.00000
2048	3072	2	198	324	0.00000
2048	3072	2	72	414	0.00000
2048	3072	2	426	228	0.00000
2048	3072	2	192	18	0.00000
2560	3072	2	352	446	0.00000
2560	3584	2	120	294	0.00000
2560	3584	2	206	352	0.00000
2560	3584	2	278	362	0.00000
2048	3584	2	120	240	0.00000
2048	3072	1	74	142	5.91531
2048	3072	1	156	90	5.82913
2048	3072	2	82	16	0.00000
2048	3072	1	292	110	5.65593
2048	3072	1	260	206	2.39980
2048	3072	1	118	280	0.78969
2048	3072	1	402	30	0.00000
2048	3072	1	314	16	5.66078
2048	3072	1	12	214	6.08579
2048	3072	1	218	390	5.20102
2048	3072	1	32	486	1.96140
2048	3584	1	100	66	0.38749
2048	3584	1	178	112	5.23773
2048	3584	1	46	192	1.19029
2048	3584	1	202	196	1.41725
2048	3584	1	284	240	0.42020
2048	3584	1	434	18	2.00793
2560	3072	1	4	360	4.31906
2048	3072	1	466	288	0.88937
2048	3072	1	468	444	2.67216
2048	3584	1	366	98	0.20918
2560	3072	1	162	322	2.66860
2560	3072	1	92	424	0.73094
2560	3072	1	260	152	0.32725
2048	3584	1	454	134	0.96796
2048	3584	1	352	298	0.00000
2560	3072	1	370	320	1.04272
2560	3072	1	246	268	1.30269
2560	3072	1	416	180	2.07772
2560	3072	1	462	86	5.35589
2560	3072	1	480	326	3.41280
2560	3072	1	382	406	2.02448
2560	3072	1	244	440	3.10867
2560	3584	1	458	30	2.02807
2560	3072	1	308	492	3.31626
2560	3584	1	194	38	2.07447
2560	3584	1	70	46	5.60376
2560	3072	1	150	478	4.22178
2560	3072	1	238	14	3.20120
2560	3072	1	362	16	3.63024
2560	3584	1	360	94	0.41606
2048	3584	1	458	242	3.89699
2048	3584	1	204	356	2.67248
2048	3584	1	60	464	0.00000
2048	3584	1	146	402	2.07998
2560	3584	1	194	262	2.65074
2560	3584	1	284	256	5.98626
2048	3072	2	310	430	0.00000
2560	3584	1	376	184	0.84948
2560	3584	1	46	292	0.00000
2560	3584	1	80	194	5.73903
2560	3584	1	188	118	4.73137
2048	3072	1	372	132	5.63968
2560	3584	1	424	218	0.30859
2560	3584	1	486	266	0.90975
2560	3584	1	462	114	4.63387
2560	3584	1	346	358	2.69106
2560	3584	1	88	410	0.00000
2560	3584	1	158	412	6.11856
2048	3584	1	266	394	0.00000
2560	3584	1	462	434	2.03027
2560	3584	1	464	356	5.50443
2560	3584	1	256	480	5.88466
2048	3584	1	468	492	0.53728
2560	3072	1	512	500	5.47651
