1024	2048	1	112	288	3.56954
1024	2048	2	212	68	0.00000
1024	2048	2	264	0	0.00000
1024	2048	2	78	18	0.00000
1536	2560	2	476	410	0.00000
1536	2048	2	488	66	0.00000
1024	2048	1	34	154	2.32644
1024	2048	1	148	122	2.49233
1024	2048	1	220	386	0.53933
1024	2048	1	414	176	2.21933
1536	2048	1	12	8	0.00000
1536	2048	1	40	130	3.43057
1024	2048	1	506	296	3.28920
1536	2048	1	114	230	5.96961
1536	2048	1	280	88	5.53746
1536	2048	1	142	16	2.48732
1536	2048	1	348	34	1.73483
1536	2048	1	126	340	2.28054
1536	2048	1	232	140	5.96503
1536	2048	1	256	288	6.00380
1536	2048	1	372	256	2.69261
1536	2048	1	364	406	5.73971
1536	2048	1	224	430	0.00796
1536	2048	1	162	480	2.63272
1536	2560	1	86	2	0.00000
1024	2048	1	446	452	1.24905
1024	2560	1	302	48	0.84639
1024	2560	1	440	52	4.30629
1024	2560	1	480	124	0.55660
1536	2560	1	110	126	0.90424
1536	2560	1	304	42	1.89787
1536	2560	1	436	26	2.62245
1536	2560	1	224	160	0.72606
1024	2560	1	176	216	4.46163
1024	2560	1	0	182	1.21475
1024	2560	1	42	260	3.89557
1024	2560	1	104	376	0.00000
1024	2560	1	150	342	5.77809
1024	2560	2	204	286	0.00000
1024	2560	1	296	308	3.86664
1024	2560	1	260	424	4.14930
1024	2560	1	164	488	1.59644
1024	2560	1	10	494	4.32261
1024	2560	1	338	478	1.58415
1024	2560	1	450	296	3.68312
1536	2560	1	58	262	2.45435
1536	2560	1	138	244	6.10459
1536	2560	1	228	310	1.69752
1536	2560	1	310	264	5.58859
1536	2560	1	352	176	2.94540
1536	2560	1	416	248	2.97339
1536	2560	1	484	236	2.41861
1536	2560	1	54	442	5.42507
1536	2560	1	186	416	1.29640
1536	2560	1	224	496	0.67906
1536	2560	1	426	398	0.46974
1536	2560	1	328	400	0.78540
1536	2560	1	512	380	2.44500
1536	2560	1	348	512	4.22767
1536	2560	1	452	512	2.73566
1024	3072	1	116	76	1.12482
1024	3072	1	296	112	5.66868
1024	3072	1	418	74	5.56408
1024	3072	1	392	150	5.80106
1536	3072	1	6	164	6.05828
1536	3072	1	86	148	6.01207
1536	3072	1	204	90	5.15210
1536	3072	1	338	106	0.96256
1536	3072	1	374	196	0.33412
1536	3072	1	468	214	0.00000
1536	3072	1	286	228	5.69958
1536	3072	1	208	234	2.26532
1536	3072	1	216	336	5.45703
1536	3072	1	472	46	2.75470
1024	3072	1	140	190	0.13577
1024	3072	1	224	192	0.34271
1024	3072	1	284	246	3.80526
1024	3072	1	352	250	0.00000
1024	3072	1	60	280	2.91039
1024	3072	1	144	328	3.31694
1536	3072	1	28	320	0.91311
1536	3072	1	46	394	3.93540
1536	3072	1	164	412	5.84068
1536	3072	1	96	476	3.45904
1536	3072	1	462	380	5.03347
1536	3072	1	512	482	1.40407
1024	3072	1	266	422	5.91116
1024	3072	1	158	480	0.27990
1024	3072	1	62	464	3.12063
1024	3584	1	278	54	1.30875
1024	3584	1	90	134	0.00000
1024	3584	1	174	172	0.94449
1024	3584	1	326	162	1.54089
1024	3584	1	408	106	4.63532
1024	3584	1	510	154	4.49778
1536	3584	1	126	70	3.89994
1536	3584	1	184	168	0.00000
1024	3584	1	78	348	1.14536
1024	3584	1	392	356	0.64711
1024	3584	1	274	350	4.87076
1024	3584	1	434	266	2.04802
1536	3584	1	80	252	2.48509
1536	3584	1	268	252	2.10936
1536	3584	1	408	328	5.67808
1536	3584	1	470	306	2.33565
1536	3584	1	140	358	0.63935
1024	3584	1	502	404	0.00000
1536	3584	1	60	478	0.27822
1536	3584	1	176	470	0.30920
1536	3584	1	296	382	0.81086
1536	3584	1	348	504	5.75572
1024	3584	1	100	474	5.57063
1536	3072	2	374	464	0.00000
1536	3584	2	400	112	0.00000
1536	3584	2	464	108	0.00000
1536	3584	2	212	28	0.00000
1536	3584	1	292	152	5.90521
1536	3584	1	422	194	5.45292
1536	3584	2	512	424	0.00000
2048	2560	2	412	56	0.00000
2048	2560	2	170	152	0.00000
2048	2560	2	224	152	0.00000
2560	2560	2	18	164	0.00000
2048	2560	2	310	206	0.00000
2048	2560	2	382	92	0.00000
2048	2048	2	498	62	0.00000
2048	2560	2	164	362	0.00000
2048	2560	2	198	418	0.00000
2048	2560	2	64	512	0.00000
2048	2560	2	324	420	0.00000
2048	2560	2	470	474	0.00000
2048	2560	2	432	512	0.00000
2560	2560	2	14	480	0.00000
2560	2560	2	310	486	0.00000
2560	2560	2	468	332	0.00000
2560	2560	2	512	20	0.00000
2048	2560	2	444	312	0.00000
2560	2048	2	512	68	0.00000
2048	2048	1	164	262	5.84831
2048	2048	1	64	192	0.00000
2048	2048	1	256	280	0.00000
2048	2048	1	164	114	3.64814
2048	2048	1	104	70	2.88539
2048	2048	1	416	100	5.92673
2048	2048	1	488	206	0.00000
2560	2048	1	66	134	0.00000
2560	2048	1	88	20	0.79181
2048	2048	1	496	0	4.18620
2560	2048	1	174	150	5.89409
2560	2048	1	204	34	3.08688
2560	2048	1	156	236	5.76889
2560	2048	1	312	96	0.10666
2560	2048	1	448	50	0.00000
2560	2048	1	384	158	3.33004
2560	2048	1	488	174	0.76653
2560	2048	1	442	260	1.26060
2560	2048	1	458	348	1.20325
2048	2048	1	494	372	4.41889
2048	2048	1	368	338	3.20623
2048	2048	1	154	408	2.89442
2048	2048	1	336	436	4.48920
2048	2048	1	4	474	4.45745
2560	2048	1	186	438	0.00000
2560	2048	1	252	254	3.30783
2560	2048	1	322	416	4.40952
2048	2048	1	504	472	4.83844
2048	2560	1	362	6	0.83533
2048	2048	1	200	492	4.98671
2048	2560	1	114	40	0.25973
2048	2560	1	282	94	5.09479
2048	2560	1	472	104	6.18951
2560	2048	1	324	490	0.81846
2560	2560	1	440	18	0.40428
2560	2560	1	216	36	1.71311
2560	2560	1	62	198	0.00000
2048	2560	1	356	262	1.54634
2048	2560	1	362	362	5.05138
2048	2560	1	14	102	2.78558
2048	2560	1	82	262	0.00000
2048	2560	1	170	250	2.08632
2048	2560	1	136	458	4.84300
2048	2560	1	10	388	5.67360
2048	2560	1	474	256	2.58890
2560	2560	1	138	230	0.00000
2560	2560	1	298	164	6.07971
2560	2560	1	490	164	0.78576
2560	2560	1	120	404	0.86069
2560	2560	1	252	294	0.00000
2560	2560	1	202	158	3.08026
2560	2560	1	320	406	0.94008
2560	2560	1	374	316	5.47322
2560	2560	1	490	270	1.22253
2560	2560	1	444	428	3.25355
2560	2560	1	246	512	5.70570
2560	2048	1	512	418	4.14201
2048	2048	1	182	0	3.25340
3072	2048	1	268	448	1.18759
3072	2048	1	192	366	4.43770
3072	2048	1	148	262	1.44241
3072	2048	1	82	68	0.48456
3072	2048	1	216	106	4.54055
3072	2048	1	218	34	4.81920
3072	2048	1	354	0	2.92292
3072	2048	1	486	82	1.85175
3072	2048	1	394	178	5.83173
3072	2048	1	360	238	5.71401
3072	2048	1	286	274	2.68715
3584	2048	1	102	212	2.21430
3584	2048	1	140	140	0.00000
3584	2048	1	274	98	3.52541
3584	2048	2	196	30	0.00000
3584	2048	1	386	86	0.00000
3584	2048	1	478	54	0.00000
3584	2048	1	380	216	5.33673
3584	2048	1	174	274	5.14512
3584	2048	2	60	292	0.00000
3072	2048	1	472	322	3.85832
3072	2048	1	400	418	2.24718
3584	2048	1	40	386	4.44060
3584	2048	1	74	428	4.29104
3584	2560	1	22	12	1.84653
3072	2560	1	276	86	2.85756
3072	2560	2	312	26	0.00000
3072	2560	1	176	172	0.00000
3072	2560	1	328	144	0.28379
3072	2560	1	510	116	1.36606
3584	2560	1	124	58	2.59145
3584	2560	1	192	36	5.75430
3584	2048	1	260	446	3.75626
3584	2048	1	396	448	3.32470
3584	2560	1	476	18	3.70832
3584	2560	1	510	174	2.10240
3584	2560	1	444	286	1.14593
3584	2560	1	468	340	1.28164
3584	2560	1	450	412	5.14902
3584	2560	1	458	500	1.38348
3584	2560	2	360	456	0.00000
3584	2560	2	256	472	0.00000
3584	2560	1	270	62	0.65472
3584	2560	1	256	172	4.34852
3584	2560	1	310	218	4.09918
3584	2560	1	102	176	4.60690
3072	2560	1	488	218	3.57635
3072	2560	1	396	232	4.88979
3072	2560	1	364	330	2.41461
3072	2560	1	238	308	2.92381
3072	2560	1	78	308	4.10899
3072	2560	1	72	486	4.33775
3072	2560	1	264	430	4.25879
3072	2560	1	362	472	0.00000
3072	2560	1	482	392	2.31563
3584	2560	1	46	312	3.07887
3584	2560	1	166	252	4.85747
3584	2560	1	122	352	1.45191
3584	2560	1	234	374	4.09715
3584	2560	1	60	446	0.74542
3072	2560	2	464	512	0.00000
3584	2560	2	160	456	0.00000
3584	3072	2	8	206	0.00000
3072	3072	2	426	256	0.00000
3072	3072	1	322	178	5.71347
3072	3072	1	154	118	2.27601
3072	3072	1	180	36	4.93919
3072	3072	1	36	162	3.27679
3072	3072	1	190	244	1.69007
3072	3072	1	134	334	3.96557
3072	3072	1	16	374	0.52974
3072	3072	1	204	492	3.53026
3072	3072	1	130	432	3.67417
3072	3072	1	282	340	4.44364
3072	3072	1	318	450	3.62177
3072	3072	1	434	366	1.97291
3072	3072	1	410	154	5.78441
3072	3072	1	506	124	3.62963
3072	3072	1	452	36	3.15784
3584	3072	1	130	330	4.34901
3072	3072	1	502	276	1.22466
3584	3072	1	76	142	3.38885
3584	3072	1	100	452	3.63464
3072	3072	1	442	478	4.93028
3072	3584	1	122	40	5.30361
3072	3584	1	62	154	2.88386
3072	3584	1	168	178	3.69443
3584	3072	1	198	486	2.49630
3584	3072	1	176	188	5.98811
3584	3072	2	168	54	0.00000
3584	3072	1	276	34	3.89367
3584	3072	1	340	292	0.57838
3584	3072	2	234	262	0.00000
3584	3072	2	228	148	0.00000
3584	3072	1	346	178	1.63316
3584	3072	2	318	112	0.00000
3584	3072	1	410	64	2.66366
3584	3072	1	494	224	2.14865
3584	3072	1	442	348	5.30977
3584	3072	1	464	286	2.04467
3584	3072	1	232	378	4.74294
3584	3072	1	350	422	1.32831
3072	3584	1	244	110	3.04782
3072	3584	1	302	54	4.83458
3072	3584	1	390	198	2.31187
3072	3584	1	276	222	1.70616
3072	3584	1	82	286	1.96788
3584	3584	1	84	62	5.12760
3072	3584	1	434	104	0.42809
3072	3584	1	504	140	0.03447
3584	3584	1	28	212	0.62753
3584	3584	1	108	196	0.77401
3584	3584	1	256	126	4.00771
3584	3584	1	278	28	0.48833
3584	3072	1	366	494	0.74348
3584	3072	1	452	502	0.65250
3584	3584	1	474	72	0.72353
3584	3584	1	346	90	3.71288
3584	3584	1	162	246	0.77748
3584	3584	1	242	232	0.51789
3584	3584	1	390	238	2.40514
3584	3584	1	512	178	3.49232
3584	3584	1	424	174	5.57921
3072	3584	1	32	368	2.22974
3072	3584	1	216	334	1.20861
3072	3584	1	352	312	0.76868
3072	3584	1	420	378	4.50739
3072	3584	1	454	322	1.57411
3584	3584	1	66	318	2.42924
3584	3584	1	156	350	2.99596
3584	3584	1	208	372	3.01540
3584	3584	1	416	478	2.11645
3584	3584	1	354	338	1.78825
3584	3584	1	464	352	0.57374
3584	3584	1	146	490	0.36019
3584	3584	1	34	434	5.99513
3072	3584	1	218	480	0.36273
3072	3584	1	126	468	3.41036
3584	3584	1	288	416	5.84852
2048	3584	1	88	92	3.83847
2048	3584	1	414	160	0.31100
2048	3584	1	186	240	0.00000
2560	3584	1	158	78	4.02116
2048	3584	1	136	450	6.01810
2560	3584	1	386	326	0.00000
2560	3584	1	322	232	0.64183
2560	3584	1	336	498	0.15559
2560	3584	1	22	302	5.19807
2560	3584	1	500	172	0.00000
2560	3584	1	142	400	5.26899
2560	3584	1	496	494	0.82637
2560	3584	1	250	346	4.95739
2560	3584	1	280	468	3.48152
2560	3584	1	450	372	0.15559
2560	3584	1	512	344	2.22414
2048	3584	1	34	430	2.23603
2048	3584	1	326	462	6.14766
2048	3584	1	446	358	0.12435
2560	3584	1	140	316	2.14744
2560	3072	1	512	198	3.85576
2560	3584	1	134	490	1.87437
2560	3584	1	154	220	2.99005
2560	3584	1	240	134	4.71265
2560	3584	1	242	220	0.25308
2560	3584	1	430	202	3.22823
2560	3584	1	366	80	1.76172
2560	3584	1	488	48	1.83379
2048	3584	1	274	282	0.00000
2048	3584	1	386	294	3.98344
2048	3584	1	68	294	5.74819
2048	3584	1	100	192	0.84785
2560	3584	1	46	156	0.75191
2560	3072	1	512	392	0.42227
2560	3072	1	410	452	5.16142
2048	3584	1	186	362	5.53254
2048	3584	1	184	148	2.37121
2048	3584	1	324	74	0.24936
2560	3584	1	6	76	0.39805
2048	3072	1	58	286	1.14847
2048	3072	1	310	480	4.23112
2560	3072	1	72	312	0.79063
2048	3072	1	46	492	1.49146
2048	3584	1	224	50	5.46186
2560	3072	1	216	458	0.00000
2048	3584	1	398	32	3.28323
2048	3072	2	46	376	0.00000
2048	3072	2	168	484	0.00000
2560	3072	1	512	26	3.92699
2560	3072	1	424	0	2.58270
2560	3072	1	260	2	5.43809
2560	3072	1	180	366	0.55098
2048	3072	1	428	402	1.24015
2560	3072	1	430	116	5.96143
2560	3072	1	392	300	4.48273
2560	3072	1	320	194	3.70832
2560	3072	1	230	60	5.46988
2560	3072	2	354	236	0.00000
2560	3072	1	230	168	2.71311
2560	3072	2	134	68	0.00000
2560	3072	2	100	224	0.00000
2560	3072	1	156	180	2.70198
2560	3072	1	190	278	0.98279
2560	3072	1	270	300	2.69814
2560	3072	1	254	398	4.55087
2048	3072	2	488	444	0.00000
2560	3072	1	8	402	5.51952
2560	3072	1	44	138	0.52156
2048	3072	1	206	356	5.92665
2048	3072	1	428	348	4.32767
2048	3072	1	294	380	3.51166
2048	3072	2	226	274	0.00000
2048	3072	2	290	284	0.00000
2048	3072	1	392	244	4.42990
2048	3072	1	454	60	5.57456
2048	3072	1	364	118	5.74715
2048	3072	1	180	186	4.34942
2048	3072	2	200	16	0.00000
2048	3072	1	98	104	0.37636
2560	3072	2	100	434	0.00000
2048	3072	2	70	10	0.00000
2560	3584	1	12	500	6.07719
