1024	2048	1	488	494	4.40332
1536	2560	1	248	440	3.14997
1024	2560	1	72	308	1.31427
1024	2560	1	260	352	3.74668
1024	2560	1	80	190	5.73067
1536	2560	1	468	66	5.47838
1536	2560	1	32	120	5.21787
1024	2560	1	20	190	0.00000
1024	2560	1	140	130	2.05291
1024	2560	1	486	332	2.01440
1536	2560	1	84	512	2.10681
1024	2560	1	390	496	4.69502
1024	2560	1	416	168	0.00000
1536	2560	1	182	220	3.40095
1024	2560	1	248	484	4.25885
1024	2560	1	134	512	4.70510
1536	2560	1	326	328	3.53505
1536	2560	1	266	248	0.00000
1536	2560	1	16	216	2.66153
1536	2560	1	512	242	0.94298
1024	2560	1	130	384	1.90774
1536	2560	1	318	472	0.00000
1536	2560	1	66	426	5.63617
1536	2560	1	400	426	1.98700
1536	2560	1	92	298	3.41644
1536	2560	1	370	512	3.94092
1536	2560	1	166	444	5.94405
1536	2560	2	503	391	0.00000
1024	2560	2	181	285	0.00000
1536	2560	2	458	423	0.00000
1024	2560	2	422	78	0.00000
1024	2560	1	232	62	0.70218
1024	2048	1	88	440	0.20110
1024	2048	1	224	366	0.00000
1536	2560	1	148	14	1.92763
1024	2048	1	414	436	4.27200
1536	2048	1	308	488	3.20556
1536	2048	1	476	412	4.55643
1536	2048	1	422	324	1.61016
1536	2048	1	474	262	5.90428
1536	2048	1	440	38	0.43159
1536	2048	1	512	110	2.58732
1536	2048	1	410	176	0.74629
1536	2048	1	354	70	5.69419
1536	2048	1	316	356	2.04030
1536	2048	1	236	392	0.00000
1536	2048	1	142	318	1.70214
1536	2048	1	248	78	2.31706
1536	2048	1	230	136	0.00000
1536	2048	1	128	182	2.29962
1536	2048	1	134	36	3.86710
1536	2048	1	42	0	0.00000
1024	2048	1	464	0	0.00000
1024	2048	1	446	200	3.09237
1024	2048	1	220	202	3.04424
1024	2048	1	278	0	0.00000
1024	2048	1	206	36	0.00000
1024	2048	1	96	132	3.38544
1024	2048	1	58	22	0.00000
1536	3072	1	240	302	5.23235
1024	3072	1	154	260	0.98408
1024	3072	1	120	144	0.00000
1024	3072	1	194	120	0.80993
1024	3072	1	152	32	4.85429
1024	3072	1	324	160	4.31030
1024	3584	1	124	62	0.00000
1024	3584	1	200	70	0.00000
1024	3072	1	136	426	0.00000
1024	3072	1	58	320	5.30039
1024	3072	1	260	336	0.27160
1024	3072	1	234	436	1.56379
1024	3584	1	290	6	4.01917
1024	3584	1	60	84	3.26222
1536	3584	2	166	232	0.00000
1024	3584	1	58	258	2.94060
1024	3584	1	186	182	3.92699
1024	3584	1	188	284	4.32551
1024	3584	1	336	180	2.86678
1024	3584	1	396	76	2.96813
1536	3072	1	26	494	1.87935
1536	3584	1	26	112	1.98462
1024	3584	1	492	226	5.64342
1024	3584	1	426	254	6.07793
1024	3584	1	286	352	4.19717
1536	3584	2	398	116	0.00000
1536	3584	2	450	140	0.00000
1536	3072	1	456	302	0.00000
1536	3072	1	392	314	6.01126
1536	3072	1	14	106	3.14159
1024	3072	1	458	136	3.46461
1024	3072	1	434	252	5.04254
1536	3072	1	76	262	4.63500
1536	3072	1	104	120	3.87993
1536	3072	1	124	178	4.46159
1536	3072	1	204	180	5.99173
1536	3072	1	258	82	0.00000
1536	3072	1	452	114	0.00000
1536	3072	1	336	204	1.30454
1536	3072	1	146	422	5.77591
1536	3584	1	116	28	0.53022
1536	3072	1	248	422	1.06086
1536	3072	1	288	484	3.97044
1536	3584	1	304	84	0.00000
1536	3584	1	188	410	0.00000
1024	3584	1	150	408	5.13104
1024	3584	1	26	502	1.70876
1536	3584	2	376	474	0.00000
1536	3584	1	184	168	2.83403
1536	3072	2	48	336	0.00000
1024	3584	1	322	434	0.70449
1536	3584	1	94	398	0.71676
1536	3584	1	416	378	5.51923
1536	3072	1	512	358	0.00000
1024	3072	1	16	46	0.00000
1536	3072	1	386	34	0.00000
1536	3072	1	316	30	0.00000
1536	3584	1	490	268	1.19389
2048	2048	1	50	48	2.36395
2048	2048	1	36	180	5.62861
2048	2048	1	118	192	0.20540
2048	2048	1	186	62	4.86785
2048	2048	1	350	102	5.24610
2560	2048	1	10	224	1.45997
2560	2048	2	484	168	0.00000
2560	2560	2	512	102	0.00000
2560	2048	1	388	248	0.00000
2560	2048	1	172	108	3.13375
2560	2048	1	320	70	0.00000
2560	2048	1	232	122	0.00000
2560	2048	2	486	26	0.00000
2048	2048	1	150	256	3.79545
2048	2048	2	2	298	0.00000
2048	2048	2	10	408	0.00000
2048	2048	1	80	320	2.80324
2048	2048	1	108	418	1.36910
2048	2048	1	388	290	2.15932
2048	2048	1	238	310	0.37658
2048	2048	1	264	408	3.87868
2048	2560	1	164	10	1.05022
2048	2560	1	58	106	3.68591
2048	2048	1	330	376	2.10096
2048	2048	1	490	468	6.09272
2560	2048	1	52	342	5.38928
2560	2048	1	260	294	1.26375
2048	2560	2	40	494	0.00000
2560	2048	1	130	502	4.64390
2048	2048	1	360	498	5.03855
2048	2048	1	406	412	2.46107
2048	2560	1	228	52	2.93410
2048	2560	1	288	136	0.90794
2048	2560	1	400	208	2.89556
2048	2560	1	276	250	1.95235
2560	2048	1	224	434	6.26446
2560	2048	1	364	474	3.17929
2560	2560	1	416	86	1.15498
2560	2048	1	500	444	3.96064
2048	2560	1	488	100	1.77486
2560	2560	1	94	164	1.14056
2560	2560	1	122	54	2.19543
2560	2560	1	274	196	2.00540
2048	2560	1	66	312	4.37571
2048	2560	1	74	332	4.90978
2048	2560	1	200	456	4.18797
2048	2560	1	224	330	1.77035
2048	2560	1	378	380	5.62684
2048	2560	2	322	432	0.00000
2560	2560	2	20	316	0.00000
2048	2560	2	442	322	0.00000
2560	2560	1	400	236	2.68228
2560	2560	1	250	280	5.33395
2560	2048	2	292	394	0.00000
2560	2560	1	78	416	0.60345
2048	2560	1	456	450	0.86975
2048	2560	1	116	180	3.22545
2560	2560	1	206	370	5.06373
2560	2560	1	126	284	4.29416
2560	2560	1	396	380	1.77965
2048	2560	1	80	412	5.00495
2560	2560	2	218	486	0.00000
3584	2560	1	348	400	3.08131
3584	2560	1	254	466	5.33157
3072	2560	1	160	512	0.00000
3072	2560	1	250	384	0.72322
3584	2560	1	158	352	2.21725
3584	2560	1	498	480	5.72459
3072	2560	1	16	382	0.00000
3584	2560	1	80	470	0.54636
3072	2560	1	354	424	6.05639
3072	2560	1	110	306	0.00000
3584	2560	1	296	362	0.60825
3072	2560	1	140	178	0.00000
3584	2560	1	474	334	3.82079
3072	2560	1	318	268	2.21318
3584	2560	1	16	228	2.27572
3072	2560	1	262	508	3.38510
3584	2560	1	384	332	6.07669
3584	2560	1	374	472	0.53412
3072	2560	1	10	202	5.10718
3072	2560	1	354	144	0.00000
3584	2560	1	92	80	3.54896
3072	2560	1	500	366	4.56711
3584	2560	1	236	328	3.28040
3072	2560	1	434	282	3.44440
3072	2560	1	200	264	3.04107
3584	2048	1	400	490	5.99075
3584	2560	1	402	196	2.30563
3072	2560	1	52	82	1.29357
3584	2560	1	168	140	0.33929
3584	2560	1	274	122	3.74238
3072	2560	1	504	108	0.65184
3584	2560	1	324	208	3.83986
3584	2560	1	512	78	1.78505
3584	2048	1	480	508	5.22146
3072	2560	1	274	106	2.72732
3072	2560	2	166	80	0.00000
3584	2560	1	340	46	0.00000
3584	2048	1	468	410	4.60697
3584	2048	1	456	322	1.40471
3584	2048	2	448	246	0.00000
3072	2560	1	362	12	3.31710
3072	2560	2	308	14	0.00000
3072	2560	2	68	34	0.00000
3072	2560	2	254	10	0.00000
3072	2560	1	454	32	3.30785
3584	2560	1	206	10	4.24874
3584	2048	1	144	462	4.06977
3584	2048	1	152	406	4.55733
3584	2048	1	312	348	3.24889
3584	2048	1	334	230	5.52380
3584	2048	1	460	60	0.00000
3584	2048	1	244	88	4.03007
3584	2048	1	192	330	4.48359
3584	2048	1	54	376	0.00000
3072	2048	1	496	372	2.94189
3072	2048	1	424	366	2.83189
3072	2048	1	304	408	4.32764
3072	2048	1	186	398	4.26241
3072	2048	1	124	492	3.53153
3072	2048	1	26	416	4.36785
3072	2048	1	152	124	1.63617
3072	2048	1	192	30	0.00000
3072	2048	1	308	120	3.07965
3584	2048	1	24	120	1.49367
3584	2048	1	122	140	0.39153
3072	2048	1	170	198	5.39224
3072	2048	1	484	234	5.47576
3584	2048	1	146	236	4.32120
3072	2048	1	448	30	5.23058
3584	2048	1	46	0	1.00870
3584	2048	1	384	114	5.46554
3584	3584	1	434	412	0.92140
3584	3584	1	360	454	0.00000
3584	3584	1	258	462	3.67670
3584	3584	1	130	284	0.00000
3584	3584	1	512	212	1.11370
3584	3584	1	104	410	4.84408
3072	3584	1	368	450	3.92577
3072	3584	1	18	318	3.26832
3072	3584	1	288	314	2.07035
3584	3584	1	400	238	3.07022
3072	3584	1	446	346	1.00534
3584	3584	1	442	110	2.72519
3072	3584	1	354	276	0.00000
3072	3584	1	262	204	4.39257
3072	3584	1	418	198	5.70648
3584	3584	1	492	68	3.00833
3072	3584	1	48	478	5.86562
3072	3584	1	180	184	1.27444
3072	3584	1	28	148	3.81829
3584	3584	1	192	288	0.00000
3584	3584	1	280	194	2.95947
3584	3072	1	404	480	0.00000
3072	3584	1	504	196	0.00000
3584	3584	1	72	278	3.15027
3072	3584	1	216	512	0.00000
3072	3584	1	156	438	0.72995
3584	3584	1	322	52	3.18106
3072	3584	1	272	398	5.45119
3072	3584	1	58	346	2.85230
3072	3584	1	72	138	3.27229
3072	3584	1	488	390	3.59414
3072	3584	1	162	304	1.94824
3584	3584	1	274	58	0.00000
3584	3584	1	40	154	5.83357
3584	3584	1	180	160	1.74293
3072	3584	1	292	154	6.09093
3072	3584	1	168	98	4.29126
3072	3072	1	6	510	0.00000
3072	3584	1	112	20	1.72769
3072	3072	1	62	406	5.43431
3072	3072	1	240	464	0.00000
3072	3584	1	424	84	4.71145
3072	3584	1	426	4	4.57776
3072	3072	1	344	446	1.73426
3072	3072	1	444	360	2.29101
3584	3584	1	90	88	2.11272
3584	3584	1	122	18	2.28182
3584	3072	1	222	480	3.83809
3584	3072	1	178	448	1.12044
3584	3072	1	128	392	4.04568
3584	3072	1	18	420	0.00000
3584	3072	1	94	336	0.00000
3584	3072	1	346	386	4.29178
3584	3072	1	512	394	2.08817
3584	3072	1	490	294	5.06199
3584	3072	1	260	324	4.27503
3584	3072	1	308	218	5.73711
3584	3072	1	428	234	3.55358
3584	3072	1	354	170	0.00000
3584	3072	1	512	146	0.00000
3584	3072	1	474	104	0.00000
3584	3072	1	402	98	0.24238
3584	3072	1	374	0	0.00000
3584	3072	1	512	0	0.00000
3584	3072	1	288	94	0.91938
3584	3072	1	206	22	4.68819
3584	3072	1	118	58	3.48811
3584	3072	1	34	66	2.34610
3584	3072	1	116	216	6.00471
3584	3072	1	188	286	0.00000
3072	3072	1	412	70	0.00000
3072	3072	1	482	158	4.66509
3584	3072	1	36	226	4.01887
3072	3072	2	434	246	0.00000
3072	3072	1	336	226	6.19911
3072	3072	1	262	310	2.62351
3072	3072	1	178	352	4.08373
3072	3072	1	174	188	3.13972
3072	3072	1	86	278	3.29432
3072	3072	1	30	170	3.84143
3072	3072	1	66	48	0.00000
3072	3072	1	154	30	0.00000
3072	3072	1	258	38	3.56403
2048	3584	1	266	244	0.22680
2560	3584	1	44	118	0.19872
2048	3584	1	272	386	0.00000
2048	3584	1	188	190	1.26906
2048	3072	1	358	250	2.25279
2560	3584	1	244	482	0.00000
2048	3584	1	476	70	0.46919
2048	3072	1	210	172	2.18427
2048	3584	1	48	430	0.32696
2560	3584	1	48	310	0.00000
2560	3584	1	184	120	2.37453
2560	3072	1	414	386	1.89044
2048	3584	1	344	84	1.66146
2048	3584	1	248	50	0.78164
2048	3584	1	70	124	0.93805
2048	3584	1	166	300	1.38257
2048	3584	1	32	264	1.14992
2048	3584	1	326	256	0.09827
2048	3072	1	266	122	5.17999
2560	3584	1	404	34	1.54929
2560	3584	1	462	298	0.00000
2560	3584	1	304	186	0.00000
2048	3584	1	442	332	0.32879
2560	3584	1	412	142	3.26222
2560	3584	1	366	276	4.44614
2560	3584	1	422	380	1.95188
2048	3584	1	118	468	0.00000
2560	3584	1	32	468	0.44611
2560	3584	1	140	242	2.53307
2048	3072	1	98	260	2.35496
2048	3072	1	370	130	5.48861
2560	3072	1	332	190	0.00000
2560	3584	1	506	172	3.74996
2048	3072	1	22	364	0.00000
2048	3584	1	358	400	0.00000
2048	3584	1	202	504	4.91034
2560	3584	1	220	418	3.60524
2560	3584	1	422	488	4.12932
2560	3584	1	146	16	4.89550
2560	3584	1	508	12	0.00000
2048	3584	1	306	478	0.00000
2560	3584	1	144	478	6.02929
2560	3584	1	340	418	5.56373
2048	3584	1	462	468	0.36254
2560	3072	1	18	318	5.48886
2048	3072	1	370	360	0.00000
2560	3072	1	12	190	0.04758
2560	3072	1	206	322	0.00000
2048	3072	1	460	364	5.77849
2048	3072	1	280	346	0.00000
2048	3072	1	26	172	0.00000
2560	3072	1	374	62	0.00000
2048	3072	1	318	24	4.82058
2048	3072	1	482	72	5.79359
2048	3072	1	188	432	5.53272
2560	3072	2	152	74	0.00000
2560	3072	2	248	486	0.00000
2560	3072	1	144	234	3.46535
2560	3072	1	56	260	0.00000
2560	3072	1	396	294	1.15077
2560	3072	1	476	302	0.86854
2560	3072	1	482	54	0.00000
2560	3072	1	238	34	2.84282
2048	3072	1	78	28	2.83989
2048	3072	2	72	422	0.00000
2048	3072	2	158	480	0.00000
2048	3072	2	188	324	0.00000
2048	3072	2	138	362	0.00000
2560	3072	1	72	440	0.87341
2560	3072	2	352	462	0.00000
2560	3072	2	228	130	0.00000
2048	3584	2	364	24	0.00000
2048	3072	1	450	480	3.86379
2560	3072	1	246	262	3.52167
2560	3072	1	492	194	3.73482
2048	3072	2	434	232	0.00000
