1024	2048	2	198	94	0.00000
1024	2048	1	250	352	0.36717
1024	2048	1	30	246	0.50613
1024	2048	2	266	20	0.00000
1024	2048	1	462	110	2.26412
1536	2048	2	4	30	0.00000
1536	2048	1	122	40	3.49033
1536	2048	2	222	152	0.00000
1536	2048	2	254	56	0.00000
1536	2048	1	380	50	4.99069
1536	2048	2	492	60	0.00000
1536	2048	1	346	136	5.27912
1536	2048	1	468	240	3.50452
1536	2048	2	512	306	0.00000
1024	2048	2	50	122	0.00000
1024	2048	1	502	254	3.53346
1536	2048	2	250	354	0.00000
1536	2048	2	330	316	0.00000
1536	2560	1	452	6	3.21037
1536	2560	1	392	6	3.78162
1536	2048	1	224	512	3.17729
1536	2048	1	58	430	6.14326
1024	2048	1	166	494	2.97086
1024	2560	1	264	32	1.01326
1024	2560	1	482	66	1.98038
1536	2560	1	98	94	0.59448
1536	2560	1	308	122	3.41971
1024	2048	1	426	468	2.35855
1536	2560	1	34	222	2.20611
1024	2560	1	446	244	2.14760
1024	2560	1	94	226	5.76904
1024	2560	1	72	116	1.82141
1536	2560	1	134	188	0.44237
1536	2560	1	270	242	6.23287
1536	2560	1	370	220	0.20702
1536	2560	1	450	286	2.72242
1024	2560	2	188	150	0.00000
1024	2560	2	192	294	0.00000
1024	2560	1	28	284	0.00000
1024	2560	1	104	376	3.00907
1024	2560	1	276	298	5.78830
1024	2560	1	324	222	5.41139
1536	2560	1	52	360	2.19300
1536	2560	1	174	362	3.18173
1024	2560	1	280	384	2.05706
1024	2560	1	352	488	4.71239
1536	2560	1	62	428	5.03414
1536	2560	1	412	430	2.11045
1536	2560	1	340	352	1.43311
1536	2560	1	284	418	2.12036
1536	2560	2	38	512	0.00000
1536	2560	2	220	488	0.00000
1536	2560	2	406	502	0.00000
1024	2560	2	218	512	0.00000
1024	3072	1	0	22	6.01620
1024	3072	1	74	74	0.35622
1024	3072	1	138	92	3.67562
1536	3072	1	404	268	1.60890
1024	3072	1	256	52	2.12936
1536	3072	2	374	462	0.00000
1024	3072	2	468	38	0.00000
1024	3072	2	380	184	0.00000
1536	3584	2	38	204	0.00000
1536	3072	2	194	358	0.00000
1024	3584	2	168	28	0.00000
1024	3072	2	20	369	0.00000
1536	3584	2	462	122	0.00000
1024	3072	2	348	346	0.00000
1024	3072	1	394	72	5.05125
1536	3072	1	10	56	3.80603
1536	3072	1	94	76	3.80283
1536	3072	1	216	104	3.25921
1536	3072	1	368	78	5.96283
1536	3072	1	424	16	5.53912
1536	3072	1	488	112	4.58679
1024	3072	1	292	166	0.00000
1024	3072	1	48	226	6.19834
1024	3072	1	168	320	2.90897
1024	3072	1	90	328	3.41020
1024	3072	1	250	296	0.44775
1024	3072	1	320	290	0.41065
1024	3072	1	448	234	0.00000
1536	3072	1	100	180	4.39627
1536	3072	1	274	192	4.01706
1536	3072	1	376	174	5.50462
1536	3072	1	204	278	5.64280
1536	3072	1	96	346	4.22663
1536	3072	1	70	284	0.87470
1024	3072	1	484	372	1.14652
1024	3072	1	238	420	3.83769
1024	3072	1	58	498	6.03745
1024	3072	1	120	472	0.20292
1024	3072	1	292	500	0.57435
1024	3584	1	396	16	2.79322
1024	3072	1	468	466	2.04527
1536	3072	1	84	488	5.30574
1536	3584	1	312	4	2.05923
1536	3072	1	166	440	5.27467
1536	3072	2	504	268	0.00000
1536	3072	1	422	360	1.51759
1024	3072	1	166	172	3.61915
1024	3584	1	70	142	0.22872
1024	3584	1	206	118	5.23263
1024	3584	1	338	128	1.46715
1024	3584	1	482	68	3.58822
1536	3584	1	12	140	4.15564
1536	3584	1	250	130	0.80776
1536	3584	1	436	32	3.34423
1024	3584	1	74	250	4.99820
1024	3584	1	300	216	5.12323
1536	3584	1	112	218	5.75253
1536	3584	1	252	276	2.49784
1536	3584	1	352	150	4.28409
1024	3584	1	150	320	1.06582
1024	3584	1	38	368	2.75092
1024	3584	1	278	448	0.40390
1024	3584	1	432	302	2.36664
1536	3584	1	336	354	0.00000
1536	3584	1	436	242	5.26189
1536	3584	1	440	320	1.90075
1536	3584	1	74	324	1.65082
1024	3584	1	444	438	0.00000
1536	3584	1	58	442	0.00000
1536	3584	1	150	426	0.25128
1536	3584	1	228	416	0.66545
1024	3584	1	12	474	5.50061
1536	3584	1	292	490	6.06815
1536	3584	1	512	412	6.04567
1536	3584	1	398	516	0.00000
1536	3584	1	460	516	6.07523
1024	3584	1	348	516	5.07989
2048	2048	1	180	91	4.45582
2560	2560	1	486	484	4.42414
2560	2560	1	411	411	5.30329
2560	2560	2	316	480	0.00000
2560	2560	2	464	328	0.00000
2560	2560	2	20	485	0.00000
2048	2560	2	319	420	0.00000
2048	2560	2	197	413	0.00000
2048	2560	2	170	367	0.00000
2048	2560	1	247	465	3.46474
2048	2560	1	468	450	0.94225
2560	2560	1	221	436	4.51082
2560	2560	1	126	406	3.95135
2560	2560	1	22	300	5.07999
2048	2560	2	443	313	0.00000
2048	2560	1	418	259	1.32196
2048	2560	1	224	253	2.23792
2048	2560	1	100	345	0.82569
2048	2560	1	51	290	0.52388
2560	2560	1	226	304	4.93457
2560	2560	1	384	317	2.23668
2560	2560	1	201	208	2.29018
2560	2560	1	293	176	3.36743
2560	2560	1	377	111	3.08562
2560	2048	2	314	504	0.00000
2048	2560	2	174	154	0.00000
2048	2560	2	321	211	0.00000
2560	2560	2	22	156	0.00000
2048	2560	2	224	154	0.00000
2048	2560	1	266	111	4.91823
2048	2560	1	143	53	3.39451
2048	2560	1	34	67	3.27596
2048	2048	1	62	414	0.59793
2048	2560	2	433	160	0.00000
2560	2560	1	29	34	3.78213
2048	2560	1	382	19	4.00449
2048	2560	2	410	53	0.00000
2048	2048	1	390	447	4.57740
2048	2048	1	227	320	2.74208
2048	2048	1	121	213	2.90659
2048	2048	1	29	264	0.37232
2048	2048	1	284	264	5.28044
2048	2048	1	374	203	3.25176
2560	2560	1	269	37	1.93850
2560	2560	1	492	82	1.08865
2560	2048	1	408	404	1.24675
2560	2048	2	430	470	0.00000
2560	2048	1	484	499	3.52888
2560	2048	2	297	409	0.00000
2560	2048	1	203	404	0.94445
2048	2048	1	463	361	5.94524
2560	2048	1	78	363	4.58824
2560	2048	1	112	255	5.70792
2560	2048	1	207	265	3.31756
2560	2048	1	385	278	3.26689
2560	2048	1	451	279	0.46269
2048	2048	1	484	190	0.38391
2560	2048	1	66	124	3.72683
2048	2048	1	354	69	2.02484
2560	2048	1	199	90	0.00000
2560	2048	1	310	96	0.00000
2560	2048	1	414	109	1.89396
2048	2048	2	492	68	0.00000
2048	2048	2	416	20	0.00000
2560	2048	1	90	22	1.75954
2560	2048	1	391	11	0.89810
2560	2560	1	512	161	2.18596
3072	2048	1	36	88	5.80188
3072	2048	1	110	0	0.00000
3072	2048	1	202	12	0.51585
3072	2048	1	274	114	5.86936
3072	2048	1	362	94	5.48555
3072	2048	1	458	16	1.71687
3584	2048	1	138	118	0.00000
3584	2048	1	242	82	4.17974
3584	2048	1	228	0	0.00000
3584	2048	1	376	94	0.00000
3584	2048	1	460	58	0.00000
3584	2048	1	512	116	0.00000
3584	2048	1	372	230	5.57467
3584	2048	1	272	260	2.58165
3584	2048	1	162	236	2.29655
3072	2048	1	482	186	1.19360
3584	2048	1	48	270	1.54891
3072	2048	1	350	210	3.28744
3072	2048	1	242	212	5.37405
3072	2048	1	100	218	4.25974
3072	2048	1	72	336	4.85814
3072	2048	1	222	338	5.34175
3072	2048	1	440	320	1.55310
3584	2048	1	42	362	0.68909
3584	2048	1	138	404	0.00000
3584	2048	1	224	362	2.58083
3584	2048	1	322	460	2.54362
3584	2048	1	456	450	4.00493
3584	2048	1	230	490	2.30771
3584	2048	1	16	456	4.80180
3072	2048	1	338	426	1.08091
3072	2048	1	398	478	3.55501
3072	2048	1	92	482	2.23624
3072	2560	1	120	110	2.94851
3072	2560	1	228	94	0.00000
3072	2560	1	338	102	5.45946
3072	2560	1	420	70	1.83954
3584	2560	1	4	26	5.20265
3584	2560	1	186	52	3.12555
3584	2560	1	270	116	0.54356
3584	2560	1	386	64	3.88685
3584	2560	1	424	174	4.42891
3072	2560	1	44	178	2.91647
3072	2560	1	194	214	1.33003
3072	2560	1	140	328	0.88580
3072	2560	1	266	350	2.72044
3072	2560	2	168	404	0.00000
3072	2560	1	94	460	2.43175
3072	2560	1	24	486	4.40287
3072	2560	1	242	476	0.93307
3072	2560	1	388	222	3.96804
3584	2560	1	2	210	4.64509
3584	2560	1	98	150	5.28162
3584	2560	1	470	246	3.54610
3584	2560	1	364	256	5.33414
3584	2560	1	312	306	2.46493
3584	2560	1	80	292	3.35544
3072	2560	1	476	296	1.20440
3072	2560	1	412	448	2.62143
3072	2560	1	332	472	2.88554
3072	2560	1	492	382	0.56527
3584	2560	1	44	444	0.86953
3584	2560	1	442	382	2.85168
3584	2560	1	498	472	5.27887
3584	2560	1	512	340	3.43496
3584	2560	1	338	476	0.17241
3584	2560	1	386	422	0.00000
3584	2560	2	246	318	0.00000
3584	2560	2	188	328	0.00000
3584	2560	2	258	462	0.00000
3584	2560	1	252	390	1.02099
3584	2560	1	144	414	3.18601
3072	3584	1	494	338	0.42020
3584	3072	1	268	492	3.10315
3072	3584	1	142	226	6.00878
3072	3584	1	334	98	2.93419
3072	3584	1	218	154	1.65603
3072	3584	1	334	326	2.23390
3072	3584	1	476	156	0.94575
3072	3584	1	228	68	2.13824
3072	3584	1	386	34	1.35874
3072	3584	1	22	132	0.80596
3072	3584	1	440	102	3.57822
3072	3584	1	294	410	0.26436
3072	3584	1	0	496	3.78333
3584	3584	1	18	226	0.84396
3584	3584	1	78	120	2.43620
3584	3584	1	406	108	1.48160
3584	3584	1	102	512	1.85048
3072	3584	1	428	444	6.06695
3072	3584	1	104	450	0.88877
3584	3584	1	458	174	1.56617
3584	3584	1	292	82	0.97821
3584	3584	1	116	64	1.53358
3072	3584	1	406	506	2.80422
3584	3584	1	48	394	5.43115
3072	3584	1	230	386	0.70543
3584	3072	1	178	474	5.65149
3584	3072	1	80	512	1.70772
3584	3072	1	402	478	0.54042
3584	3584	1	412	454	5.63906
3584	3584	1	460	416	5.55717
3584	3584	1	396	302	0.58974
3584	3584	1	326	266	0.00000
3584	3584	1	304	446	1.79760
3584	3584	1	248	334	3.11834
3584	3584	1	152	396	5.02209
3584	3584	1	70	324	2.04609
3584	3584	1	124	280	2.23184
3584	3584	1	168	196	0.50633
3072	3584	1	432	316	0.00000
3072	3584	1	336	512	0.35299
3072	3584	1	86	374	4.86671
3072	3584	1	60	264	2.29135
3072	3584	1	224	302	4.23426
3584	3072	1	466	478	0.36520
3072	3584	1	322	226	1.35096
3584	3584	1	512	66	2.02556
3072	3072	1	100	472	1.73738
3072	3072	1	34	360	0.50320
3072	3072	1	222	448	2.69183
3072	3072	1	352	418	3.87406
3072	3072	1	248	336	2.31617
3072	3072	1	468	378	3.52800
3584	3072	1	10	434	4.05257
3584	3072	1	188	338	1.70577
3584	3072	1	58	348	5.26676
3584	3072	1	304	372	3.25693
3584	3072	1	358	428	3.46699
3584	3072	1	344	170	5.96934
3072	3072	1	398	70	6.04783
3584	3072	1	438	140	2.43934
3584	3072	1	416	294	4.01932
3584	3072	1	504	324	2.93004
3584	3072	1	220	8	5.32859
3584	3072	1	136	64	3.24325
3584	3072	1	428	42	5.50085
3584	3072	1	218	106	0.00000
3584	3072	1	348	28	3.06943
3584	3072	1	238	228	2.72708
3584	3072	1	102	256	1.30291
3584	3072	1	20	198	1.33513
3584	3072	1	2	102	0.63796
3584	3072	2	404	367	0.00000
3584	3072	2	356	269	0.00000
3072	3072	1	348	290	1.63322
3072	3072	1	366	196	1.47289
3072	3072	1	298	114	3.42030
3072	3072	1	218	168	0.52959
3072	3072	1	116	226	3.54648
3072	3072	1	204	68	4.19448
3072	3072	1	206	0	0.74195
3072	3072	1	82	82	5.54985
3072	3072	1	10	242	0.93400
3584	3584	1	250	512	0.58481
2048	3072	1	284	86	5.89419
2048	3072	1	166	124	0.40609
2048	3072	1	420	64	0.85875
2560	3072	1	358	56	5.25181
2560	3072	1	464	118	0.85370
2560	3072	1	212	130	2.79702
2560	3072	1	10	74	3.84253
2560	3072	1	100	178	5.51137
2048	3072	1	482	230	2.71571
2048	3072	1	238	190	5.16480
2048	3072	1	444	332	5.62750
2560	3072	1	50	352	3.14330
2560	3072	1	194	326	0.00000
2560	3072	1	354	204	1.77215
2560	3072	1	380	320	0.47039
2048	3072	1	268	400	3.48964
2048	3072	1	366	400	0.25294
2048	3072	1	312	258	4.37662
2048	3072	1	180	364	4.41133
2048	3072	1	48	360	3.37196
2048	3584	1	84	70	0.00000
2048	3072	2	160	471	0.00000
2560	3072	2	132	77	0.00000
2560	3072	2	342	249	0.00000
2560	3072	2	118	425	0.00000
2560	3072	2	36	431	0.00000
2048	3584	2	364	29	0.00000
2048	3072	1	474	464	1.92642
2560	3072	1	112	504	2.04395
2560	3072	1	362	452	3.87869
2560	3072	1	448	466	3.75779
2560	3584	1	254	38	3.73876
2560	3584	1	86	66	2.25687
2048	3584	1	476	96	1.22055
2048	3584	1	286	176	0.44201
2048	3584	1	180	132	5.65476
2048	3584	1	62	248	3.69268
2048	3584	1	176	222	5.77262
2048	3584	1	138	270	5.79482
2048	3584	1	286	284	3.90215
2048	3584	1	454	278	5.55415
2048	3584	1	470	182	1.03169
2560	3584	1	44	246	1.88588
2560	3584	1	90	166	1.96888
2560	3584	1	182	102	2.19057
2560	3584	1	198	242	1.32833
2560	3584	1	332	276	0.19249
2560	3584	1	218	314	4.11734
2560	3584	1	312	90	0.86191
2560	3584	1	350	146	3.77065
2560	3584	1	460	30	4.36279
2560	3584	1	468	232	5.71173
2560	3072	2	226	483	0.00000
2560	3584	1	352	402	3.87183
2048	3584	1	146	440	0.16515
2048	3584	1	354	342	0.22002
2048	3584	1	416	424	0.00000
2560	3584	1	4	384	0.60647
2048	3584	1	498	494	0.99649
2560	3584	1	116	454	5.73640
2560	3584	1	402	280	2.98499
2560	3584	1	410	474	3.84025
2048	3584	1	228	460	0.00000
2560	3072	1	506	250	0.76840
2048	3072	1	36	244	4.29755
