1024	2048	1	242	362	0.41198
1024	2048	1	496	220	3.51465
1536	2048	1	40	296	3.48457
1536	2048	1	140	334	2.87398
1536	2048	1	224	216	1.46886
1536	2048	2	226	152	0.00000
1536	2048	2	24	38	0.00000
1024	2048	2	254	26	0.00000
1024	2048	2	210	84	0.00000
1536	2048	2	94	66	0.00000
1536	2048	1	344	80	2.54956
1536	2048	2	500	68	0.00000
1024	2048	2	56	122	0.00000
1024	2048	2	142	56	0.00000
1024	2048	1	104	244	0.94407
1536	2048	1	52	436	1.47247
1536	2560	1	168	26	0.99836
1536	2048	1	246	310	5.31319
1536	2048	1	402	326	2.80835
1536	2048	1	290	500	2.39493
1536	2048	1	334	420	0.00000
1536	2048	1	454	462	2.05642
1024	2560	1	476	62	1.68025
1024	2560	1	272	34	0.97687
1024	2560	1	76	132	3.37051
1024	2560	1	62	232	5.90931
1024	2560	1	210	220	4.60110
1536	2560	1	110	158	5.40863
1536	2560	1	204	92	0.73686
1536	2560	1	216	202	0.60763
1536	2560	1	358	84	3.99921
1536	2560	1	318	264	5.56288
1536	2560	2	440	260	0.00000
1536	2560	2	392	164	0.00000
1536	2560	2	502	144	0.00000
1536	2560	1	154	288	1.95114
1536	2560	1	32	180	2.03444
1024	2560	1	452	238	1.45037
1024	2560	1	500	306	1.78131
1024	2560	1	406	376	1.47245
1024	2560	1	38	314	2.45042
1024	2560	1	20	446	3.44992
1024	2560	1	102	480	3.48971
1024	2560	1	154	474	3.54648
1536	2560	1	200	442	1.79429
1536	2560	1	388	416	1.89452
1024	2560	1	442	460	1.45856
1536	2560	1	64	434	5.01796
1024	2560	1	240	468	3.67084
1536	2560	2	310	506	0.00000
1536	2560	1	464	344	2.20856
1536	2560	2	512	342	0.00000
1536	2560	1	498	274	3.71868
1024	2560	2	194	294	0.00000
1024	3072	1	302	108	5.48703
1024	3072	1	126	90	1.30598
1536	3072	1	496	60	2.73107
1536	3072	1	512	148	0.88848
1536	3072	1	412	154	2.47190
1536	3072	1	470	316	2.93620
1536	3072	1	384	268	4.39556
1536	3072	2	512	242	0.00000
1536	3072	1	296	176	5.56963
1536	3072	1	402	376	0.00000
1536	3072	1	300	4	3.03094
1536	3072	1	154	64	0.74580
1536	3072	2	198	104	0.00000
1536	3072	1	188	184	0.42294
1536	3072	1	182	280	1.73843
1536	3072	1	258	390	0.33110
1536	3072	2	366	456	0.00000
1536	3584	1	388	18	1.32852
1536	3584	2	468	116	0.00000
1536	3584	1	374	120	4.27998
1536	3584	1	510	254	0.09647
1536	3584	1	444	228	6.01693
1536	3584	1	396	308	4.59686
1024	3072	1	392	66	5.95264
1024	3072	1	494	120	1.38883
1536	3072	1	60	220	0.84814
1536	3072	1	174	424	5.17057
1536	3072	2	90	382	0.00000
1536	3072	1	18	372	0.49130
1024	3072	1	318	292	0.19740
1024	3072	1	228	338	0.17414
1024	3072	1	176	222	0.26340
1024	3072	1	94	212	5.84334
1024	3072	2	238	214	0.00000
1536	3584	1	266	46	2.84615
1536	3072	1	170	504	2.16458
1536	3072	1	58	510	0.00000
1024	3072	1	398	494	1.35149
1024	3584	1	478	56	3.29819
1024	3584	1	264	52	4.20783
1024	3584	1	102	124	0.79615
1024	3584	1	60	40	1.13839
1024	3072	1	2	452	5.75482
1024	3584	1	354	130	1.37255
1024	3584	1	210	152	1.80044
1024	3584	1	124	204	0.35115
1024	3584	1	10	186	0.00000
1536	3584	1	98	148	4.59720
1536	3584	1	258	216	4.67467
1536	3584	1	446	366	1.20121
1536	3584	1	512	420	0.93972
1536	3584	1	300	458	5.98664
1536	3584	1	184	278	5.55654
1536	3584	1	96	268	1.33725
1024	3072	1	14	80	2.71201
1536	3584	2	506	56	0.00000
1536	3584	1	194	456	0.53259
1536	3584	1	124	368	1.64757
1536	3584	1	48	502	0.91424
1024	3584	1	450	454	0.00000
1024	3584	1	394	212	4.52174
1024	3584	1	330	332	1.03499
1024	3584	1	228	420	5.73971
1024	3584	1	54	392	2.50790
1024	3584	1	28	506	1.96958
2048	2560	1	182	76	4.27266
2560	2560	1	54	120	0.57093
2560	2560	1	250	270	5.93019
2560	2560	1	330	194	2.36937
2048	2560	1	26	250	3.95802
2560	2560	1	512	112	4.37996
2560	2560	1	330	100	5.31975
2048	2560	1	306	132	0.68851
2048	2560	1	506	84	3.58770
2048	2560	1	156	316	1.05866
2048	2048	1	114	512	0.33697
2048	2560	1	294	308	3.28162
2048	2560	1	370	124	0.00000
2048	2560	1	122	234	3.71198
2048	2560	1	186	500	0.00000
2048	2560	1	462	422	0.95067
2560	2048	1	512	452	4.18786
2560	2560	1	162	98	3.58259
2048	2560	1	502	256	1.54279
2560	2560	1	440	364	6.19253
2560	2048	1	412	498	4.20188
2048	2048	1	380	472	5.24745
2560	2560	1	152	286	5.67703
2560	2560	1	332	410	5.38601
2560	2560	1	44	338	4.37415
2560	2560	1	234	432	0.00000
2048	2048	1	202	504	4.27878
2560	2560	1	78	440	5.79837
2560	2560	2	306	490	0.00000
2048	2560	2	324	206	0.00000
2560	2560	2	512	28	0.00000
2560	2560	2	302	10	0.00000
2560	2048	2	296	396	0.00000
2560	2560	2	478	324	0.00000
2560	2560	2	34	478	0.00000
2048	2560	2	460	490	0.00000
2048	2560	2	242	158	0.00000
2048	2560	2	178	142	0.00000
2048	2560	2	416	58	0.00000
2048	2560	1	320	496	3.43037
2048	2560	1	256	472	0.00000
2048	2560	2	206	426	0.00000
2048	2560	2	168	362	0.00000
2048	2560	1	70	512	2.96523
2048	2560	2	298	410	0.00000
2048	2560	2	432	318	0.00000
2048	2560	1	24	362	3.06731
2048	2560	2	270	14	0.00000
2560	2048	1	46	448	3.31044
2560	2048	1	206	298	3.02477
2560	2048	1	442	278	1.45326
2048	2048	1	178	410	3.55886
2048	2048	1	64	392	4.08883
2048	2048	1	302	350	0.00000
2048	2048	1	464	356	1.08192
2048	2048	1	416	240	0.00000
2560	2048	1	28	254	3.08609
2560	2048	1	128	276	5.78520
2048	2048	1	188	270	2.31422
2048	2048	1	88	262	6.13377
2048	2048	1	60	114	0.32812
2048	2048	1	222	150	4.77495
2048	2048	1	170	76	3.95024
2560	2048	1	248	184	5.24116
2048	2048	2	508	68	0.00000
2048	2048	1	380	98	2.05898
2560	2048	1	76	136	3.65520
2560	2048	1	186	134	0.51555
2560	2048	1	512	128	2.05868
2560	2048	1	472	12	1.00645
2560	2048	1	398	168	2.21617
2560	2048	1	334	66	0.00000
2560	2048	1	216	32	2.04730
3072	2048	1	256	102	3.17254
3072	2048	1	174	74	0.53937
3072	2048	1	160	200	1.69275
3072	2048	1	190	340	4.29460
3072	2048	1	278	240	3.58144
3072	2048	1	398	80	5.51112
3072	2048	1	440	256	5.37569
3072	2048	1	484	184	4.69441
3072	2048	1	334	122	2.73362
3072	2048	1	58	184	5.98746
3072	2048	1	72	330	0.38183
3072	2048	1	174	472	5.99368
3072	2048	1	268	426	5.34334
3072	2048	1	332	302	3.21818
3072	2048	1	402	392	3.21620
3584	2048	1	2	350	4.70262
3584	2048	1	74	414	4.32373
3584	2048	1	136	502	4.84480
3072	2560	1	102	152	0.87090
3072	2560	2	158	74	0.00000
3072	2560	2	254	24	0.00000
3072	2560	2	318	26	0.00000
3072	2560	1	398	36	1.19029
3072	2560	1	490	120	2.22939
3584	2560	1	106	136	5.79897
3584	2560	1	196	86	4.36937
3072	2560	1	216	190	3.40561
3072	2560	1	322	250	5.79156
3072	2560	1	368	178	2.54002
3072	2560	2	468	190	0.00000
3072	2560	1	70	266	4.77009
3072	2560	1	56	72	3.89530
3072	2048	1	44	460	4.29416
3584	2048	1	160	134	0.16658
3584	2048	1	260	84	3.61672
3584	2048	1	392	90	6.00552
3584	2048	1	464	66	0.00000
3584	2048	1	380	278	2.09530
3584	2048	1	300	350	1.65235
3584	2048	1	418	392	4.21845
3584	2048	1	486	268	0.53210
3584	2048	1	442	488	1.12785
3584	2560	1	452	54	3.87096
3584	2560	1	310	220	2.54357
3584	2560	1	206	200	5.80421
3584	2560	1	102	242	2.19376
3072	2560	1	454	274	4.65646
3584	2560	1	164	346	4.02807
3072	2048	1	498	40	3.16754
3072	2560	1	248	384	2.23810
3584	2560	1	24	346	5.02777
3584	2560	1	448	166	1.68921
3584	2560	2	340	146	0.00000
3072	2560	1	188	484	1.06028
3072	2560	1	46	440	2.26788
3072	2560	1	458	418	3.03913
3072	2560	1	348	456	0.74195
3584	2560	1	50	436	2.26870
3584	2560	1	310	442	3.96752
3584	2560	1	390	406	6.08971
3584	2560	1	428	326	5.86520
3584	2560	1	240	376	4.07489
3584	2560	1	162	462	2.71840
3072	2560	2	172	410	0.00000
3584	2560	1	466	472	5.74106
3584	2560	1	496	350	3.00328
3072	3584	1	494	44	0.08241
3584	3072	1	178	50	4.83782
3072	3072	1	392	48	0.12659
3072	3072	1	498	32	4.02174
3584	3072	1	38	78	4.02279
3072	3072	1	102	182	2.90950
3072	3072	1	210	90	2.82199
3072	3072	1	264	54	2.74952
3072	3072	1	192	200	2.95722
3072	3072	1	288	206	0.42285
3072	3072	1	386	170	0.91510
3072	3072	1	434	212	1.07629
3072	3072	1	376	294	4.94871
3072	3072	1	220	312	1.67238
3072	3072	1	98	392	0.59166
3072	3072	1	116	502	1.94429
3072	3584	1	10	110	2.27506
3072	3584	1	22	192	2.12404
3072	3584	1	132	92	2.08525
3072	3584	1	236	12	4.08761
3072	3072	1	344	384	1.37589
3072	3072	1	478	286	3.01254
3584	3072	1	30	212	0.02274
3584	3072	1	126	122	4.12859
3584	3072	1	220	188	5.16234
3584	3072	1	244	130	0.22822
3584	3072	1	414	88	5.90198
3584	3072	1	348	122	5.15484
3584	3072	1	512	68	3.98700
3584	3072	1	490	202	2.34472
3584	3072	1	330	238	4.39637
3584	3072	1	102	238	3.57405
3584	3072	1	202	298	5.92943
3584	3072	1	96	344	4.13514
3072	3072	1	492	416	2.32103
3072	3584	1	436	2	0.00000
3584	3072	1	54	482	0.70024
3584	3072	1	168	396	4.23567
3584	3072	1	282	362	1.87882
3584	3072	1	444	336	4.61744
3584	3072	1	496	448	5.69735
3584	3072	1	338	454	5.20794
3584	3072	1	182	512	0.00000
3584	3584	1	242	10	0.00000
3584	3584	1	114	60	6.21804
3584	3072	1	426	508	1.25580
3584	3072	2	386	398	0.00000
3584	3584	1	326	32	5.83772
3584	3584	1	472	80	0.90848
3584	3584	1	362	122	1.77721
3584	3584	1	434	184	0.88582
3584	3584	1	506	218	0.00000
3072	3072	1	30	92	0.69702
3072	3072	1	168	0	0.87645
3072	3584	1	302	76	3.98373
3072	3584	1	338	148	1.11167
3584	3584	1	58	120	6.07692
3584	3584	1	216	182	6.10102
3584	3584	1	294	216	0.00000
3072	3584	1	468	232	2.76941
3584	3584	1	38	228	2.48055
3072	3584	1	350	220	1.30608
3072	3584	1	248	272	0.00000
3072	3584	1	134	274	1.40224
3072	3584	1	386	292	5.14088
3584	3584	1	140	252	0.00472
3584	3584	1	226	282	5.48574
3584	3584	1	228	368	1.20422
3584	3584	1	412	264	4.01967
3584	3584	1	484	402	3.08349
3072	3584	1	174	382	3.07750
3072	3584	1	28	436	3.18105
3072	3584	1	0	298	6.01890
3072	3584	1	268	352	0.62931
3072	3584	1	236	448	0.99022
3072	3584	1	316	476	1.11957
3072	3584	1	404	474	5.94173
3584	3584	1	16	376	1.48076
3072	3584	1	374	352	1.78189
3072	3584	2	108	364	0.00000
3584	3584	1	72	430	0.26006
3584	3584	1	238	424	0.57593
3584	3584	1	346	370	5.50514
2048	3072	1	230	182	6.07235
2048	3072	1	288	180	5.88171
2560	3072	2	86	434	0.00000
2048	3072	2	166	478	0.00000
2048	3584	2	370	22	0.00000
2560	3072	2	98	222	0.00000
2560	3072	2	352	244	0.00000
2560	3072	2	232	144	0.00000
2560	3072	2	142	78	0.00000
2560	3072	2	280	448	0.00000
2560	3072	2	220	462	0.00000
2048	3072	2	288	274	0.00000
2048	3072	1	372	278	3.87403
2560	3072	1	152	432	2.82449
2048	3072	1	212	350	1.15839
2048	3072	1	246	422	4.04683
2048	3072	1	488	274	4.09821
2048	3072	1	492	492	5.46685
2048	3072	1	330	494	1.10517
2048	3072	1	102	498	2.63689
2048	3584	1	46	88	5.75231
2048	3072	1	154	48	0.32151
2048	3072	1	36	126	0.60794
2048	3072	1	52	228	1.23987
2048	3072	1	452	36	0.89606
2048	3072	2	250	22	0.00000
2560	3072	1	50	80	0.97539
2560	3072	1	158	140	0.74696
2560	3072	1	324	144	0.39856
2560	3072	1	452	70	5.94507
2560	3072	1	446	290	4.31624
2560	3072	1	332	152	3.66731
2560	3072	1	280	352	3.84299
2048	3072	1	402	392	6.16538
2560	3072	1	82	326	6.18352
2560	3072	1	170	296	2.92819
2048	3584	1	200	36	5.52298
2560	3072	1	402	390	4.52154
2560	3072	1	468	454	3.89695
2560	3584	1	154	30	2.56047
2560	3584	1	322	38	5.86774
2560	3072	1	370	496	5.47501
2560	3584	1	246	60	5.40174
2048	3072	1	370	144	5.35552
2048	3072	1	310	22	3.71005
2048	3072	2	74	8	0.00000
2048	3072	2	40	376	0.00000
2048	3584	1	364	370	5.92164
2048	3584	1	252	348	5.61663
2048	3584	1	236	438	2.35619
2048	3584	1	462	422	5.79567
2560	3584	1	258	442	0.85013
2560	3584	1	204	408	1.03983
2560	3584	1	60	352	1.76000
2560	3584	1	470	382	5.89803
2048	3584	1	108	238	1.11864
2560	3584	1	364	396	3.84574
2560	3584	1	50	428	1.48488
2048	3584	1	10	262	6.18098
2560	3584	1	178	290	3.30652
2560	3584	1	168	158	2.92084
2560	3584	1	384	200	3.23214
2560	3584	1	256	172	0.39776
2560	3584	1	86	250	0.27626
2560	3584	1	356	310	1.46035
2560	3584	1	496	306	2.77510
2560	3584	2	512	96	0.00000
2560	3584	2	494	176	0.00000
2048	3584	2	42	506	0.00000
2048	3584	2	226	512	0.00000
2048	3584	2	340	464	0.00000
2560	3584	2	88	508	0.00000
2560	3584	2	332	502	0.00000
2560	3584	1	34	128	1.47872
2048	3584	1	412	154	3.70541
2048	3584	1	292	146	2.52134
2048	3584	1	254	194	3.54012
2560	3584	1	316	196	3.44257
2048	3072	2	502	432	0.00000
2048	3584	2	24	424	0.00000
2560	3584	2	282	258	0.00000
2048	3584	2	428	512	0.00000
