1024	2048	1	118	34	2.48663
1024	2048	2	252	22	0.00000
1024	2048	2	348	44	0.00000
1024	2048	2	440	20	0.00000
1024	2048	2	194	98	0.00000
1536	2048	2	14	38	0.00000
1024	2048	1	56	74	5.40713
1024	2048	1	50	166	1.77949
1024	2048	1	96	238	1.22894
1536	2048	1	482	124	5.38866
1536	2048	2	282	30	0.00000
1536	2048	2	498	50	0.00000
1536	2048	1	324	84	0.48815
1536	2048	1	372	146	3.99545
1536	2048	2	218	164	0.00000
1536	2048	1	90	158	5.89130
1024	2048	1	504	238	3.47409
1536	2048	1	48	298	3.56486
1536	2048	1	98	346	4.02717
1536	2048	1	248	340	2.94139
1536	2048	1	358	374	2.76906
1536	2048	1	454	382	3.33262
1536	2048	1	182	416	3.04192
1536	2048	1	276	460	0.98913
1024	2048	1	244	364	0.34204
1536	2048	1	90	496	1.70177
1536	2560	1	466	148	4.13206
1536	2560	1	422	90	3.88687
1536	2560	1	336	94	3.33467
1536	2560	1	198	72	0.87606
1536	2560	1	84	88	6.04410
1024	2560	1	502	80	0.49381
1024	2560	1	374	126	3.71227
1024	2560	1	304	38	1.00293
1536	2560	1	372	230	2.67939
1536	2560	2	464	244	0.00000
1536	2560	1	222	174	0.50291
1536	2560	1	294	244	5.64028
1536	2560	1	396	338	4.05443
1536	2560	1	512	418	0.00000
1024	2560	2	76	116	0.00000
1024	2560	1	46	274	0.91737
1024	2560	1	172	218	4.59483
1024	2560	1	32	416	0.16784
1024	2560	1	126	356	5.00105
1024	2560	2	192	284	0.00000
1536	2048	1	512	396	0.00000
1024	2560	1	156	492	0.89729
1024	2560	1	274	438	6.20904
1024	2560	1	312	304	5.17878
1024	2560	1	388	500	1.51879
1024	2560	1	458	408	3.07166
1536	2560	1	4	304	2.12356
1536	2560	1	90	230	2.33458
1536	2560	1	56	434	5.14253
1536	2560	1	274	368	0.88479
1536	2560	1	172	394	3.25093
1024	2560	2	16	92	0.00000
1536	2560	1	316	456	1.45865
1536	2560	1	226	512	0.00000
1536	2048	1	512	236	0.00000
1024	3072	1	304	244	0.00000
1024	3072	1	196	322	5.83524
1024	3072	1	216	186	2.98436
1024	3072	1	132	212	0.39479
1024	3072	1	294	92	5.55614
1024	3072	1	148	76	0.87538
1024	3072	1	28	62	6.10007
1536	3072	1	2	158	5.21306
1536	3072	1	88	60	0.44092
1536	3072	1	218	46	0.31074
1536	3072	1	396	68	0.28843
1536	3072	1	270	116	3.92699
1536	3072	1	488	90	5.54302
1536	3072	1	274	226	3.53867
1536	3072	1	118	282	3.07398
1024	3072	1	422	162	2.72836
1024	3072	1	432	304	2.72727
1536	3072	1	432	156	1.55830
1536	3072	1	450	252	4.73708
1536	3072	1	382	352	0.34959
1536	3072	1	288	346	1.40565
1024	3072	1	76	374	5.95128
1024	3072	1	172	412	2.41313
1024	3072	1	458	498	3.12770
1536	3072	1	104	478	3.74822
1536	3072	1	222	480	6.10559
1536	3072	1	442	434	3.37597
1024	3072	2	498	300	0.00000
1024	3072	2	352	344	0.00000
1536	3072	2	370	462	0.00000
1536	3584	2	466	114	0.00000
1536	3584	2	374	54	0.00000
1024	3584	2	170	36	0.00000
1536	3584	2	256	268	0.00000
1024	3584	1	248	58	0.43600
1024	3584	1	78	80	0.93543
1024	3072	2	22	488	0.00000
1024	3584	1	74	192	4.62925
1024	3584	1	70	310	2.61110
1024	3584	1	144	452	6.18263
1024	3584	1	202	386	6.03321
1024	3584	1	282	396	5.96062
1024	3584	1	380	304	0.41175
1024	3584	1	270	238	1.06825
1024	3584	1	338	146	1.19053
1536	3584	1	40	106	0.79363
1536	3584	2	12	42	0.00000
1024	3584	1	488	230	2.63571
1536	3584	1	50	216	3.05520
1536	3584	1	122	248	3.80341
1536	3584	1	190	160	2.41481
1536	3584	1	256	110	2.12758
1536	3584	1	314	76	5.80773
1536	3584	1	500	70	5.43215
1536	3584	1	312	200	4.29998
1536	3584	1	394	224	4.11015
1536	3584	1	352	324	4.77329
1536	3584	1	454	428	2.27942
1536	3584	1	210	344	5.76175
1536	3584	1	318	476	5.78312
1536	3584	1	152	456	0.00000
1536	3584	1	34	462	0.87214
1024	3584	1	492	432	0.64350
1536	3584	1	254	516	0.00000
1536	3584	1	510	276	0.48213
1024	3072	2	472	36	0.00000
1024	3072	1	38	210	2.34669
2048	2048	1	30	160	5.12345
2048	2048	1	162	276	5.16384
2048	2048	1	298	294	6.21724
2048	2048	1	396	330	3.35235
2048	2048	1	358	212	0.00000
2048	2048	2	166	96	0.00000
2048	2048	2	110	44	0.00000
2560	2048	1	28	190	5.84438
2048	2048	2	398	148	0.00000
2048	2048	1	34	282	5.55472
2048	2048	1	158	416	5.92755
2048	2048	1	66	476	2.96455
2048	2048	1	392	494	5.33787
2048	2560	1	202	2	5.04375
2048	2048	2	276	498	0.00000
2560	2048	1	48	88	5.35589
2560	2048	1	198	146	0.00000
2560	2048	1	118	242	0.00000
2560	2048	1	242	238	5.09441
2560	2048	1	434	136	4.76084
2560	2048	1	444	48	0.00000
2560	2048	1	308	306	4.81097
2560	2048	1	482	328	0.93325
2560	2048	1	452	444	5.09815
2560	2560	1	238	14	0.83326
2560	2048	2	286	392	0.00000
2560	2048	1	110	392	0.87606
2560	2048	2	60	462	0.00000
2048	2048	1	482	388	5.05228
2560	2560	1	34	26	1.89255
2560	2560	1	376	20	6.04344
2560	2560	1	238	108	0.39635
2560	2560	1	314	162	0.58800
2560	2560	1	458	86	3.40389
2560	2048	1	510	208	0.00000
2560	2048	2	180	48	0.00000
2560	2048	1	306	102	0.00000
2048	2560	2	164	166	0.00000
2048	2560	2	226	142	0.00000
2048	2560	1	292	94	5.47515
2048	2560	1	436	116	3.68623
2048	2560	2	364	108	0.00000
2048	2560	2	402	54	0.00000
2560	2560	1	138	184	3.49458
2560	2560	1	8	250	1.28676
2560	2560	2	26	168	0.00000
2048	2560	2	324	202	0.00000
2048	2560	1	118	88	0.96569
2048	2560	1	48	190	6.14129
2048	2560	1	128	262	3.42444
2048	2560	1	240	310	0.38051
2048	2560	2	168	364	0.00000
2048	2560	2	200	426	0.00000
2048	2560	1	352	342	0.53711
2048	2560	2	426	320	0.00000
2560	2560	2	22	482	0.00000
2048	2560	2	324	426	0.00000
2048	2560	2	468	468	0.00000
2560	2560	2	480	324	0.00000
2560	2560	1	176	304	5.26022
2560	2560	1	320	320	5.83021
2560	2560	1	410	248	4.50073
2048	2560	1	500	380	5.82133
2560	2560	1	176	420	6.01115
2560	2560	1	84	446	0.00000
2560	2560	1	444	402	5.44896
2560	2560	2	310	486	0.00000
2048	2560	1	252	512	2.34250
2048	2560	1	24	458	0.00000
2048	2560	1	386	500	0.00000
2048	2560	1	80	502	3.36635
2560	2560	1	252	462	2.78860
2560	2048	1	202	438	3.36367
3072	2048	1	104	196	5.92149
3072	2048	1	96	328	4.64390
3072	2560	1	208	34	0.00000
3072	2560	2	158	78	0.00000
3072	2560	2	252	24	0.00000
3072	2560	2	310	20	0.00000
3072	2048	1	216	384	4.69835
3072	2048	1	60	438	4.05716
3584	2048	1	162	136	0.00000
3584	2560	1	318	88	0.00000
3584	2560	1	232	192	0.00000
3584	2560	1	244	26	0.00000
3584	2048	1	382	456	2.67453
3584	2048	1	466	64	0.00000
3584	2048	1	394	98	6.08272
3584	2048	1	386	216	5.35221
3584	2048	1	206	272	4.82731
3584	2048	1	96	416	3.91723
3072	2048	1	484	286	3.09466
3072	2048	1	412	234	3.13315
3072	2048	1	322	234	2.90286
3584	2048	1	60	322	0.65863
3072	2048	1	418	406	5.40355
3072	2048	1	230	116	4.82888
3072	2048	1	354	72	4.80145
3072	2048	1	202	44	4.34422
3584	2048	1	254	98	3.87941
3584	2560	1	88	2	4.22243
3072	2048	1	346	472	2.03532
3584	2560	1	464	66	3.25448
3072	2560	1	358	124	1.75610
3072	2560	1	480	6	4.37127
3072	2560	1	86	182	0.76530
3072	2560	1	96	38	3.89411
3072	2560	1	456	256	3.74708
3072	2560	1	350	254	3.34904
3072	2560	1	482	82	1.68025
3072	2560	2	192	196	0.00000
3584	2560	2	26	190	0.00000
3072	2048	1	302	344	2.11657
3584	2560	1	404	138	2.82929
3584	2560	1	484	232	3.42494
3584	2560	1	344	242	0.23774
3584	2560	1	124	232	3.54458
3584	2560	1	228	310	1.67959
3072	2048	1	84	54	0.37527
3584	2048	1	54	48	4.10540
3584	2048	1	226	0	0.00000
3584	2048	2	506	146	0.00000
3584	2048	2	496	208	0.00000
3072	2560	1	248	294	2.84695
3072	2560	2	166	402	0.00000
3072	2560	2	278	180	0.00000
3584	2560	1	130	92	2.38164
3584	2560	1	62	370	5.91391
3584	2560	1	430	342	5.83290
3072	2560	1	430	418	5.46554
3584	2560	1	198	412	5.73562
3584	2560	1	420	416	5.36271
3584	2560	1	282	428	3.25196
3584	2560	2	346	440	0.00000
3584	2560	2	506	338	0.00000
3584	2560	2	496	486	0.00000
3584	2560	2	342	512	0.00000
3584	2560	2	170	476	0.00000
3072	2560	2	88	506	0.00000
3072	2560	1	372	468	0.00000
3072	2560	1	496	328	0.00000
3072	3072	1	104	62	3.05519
3072	3072	1	206	52	0.15754
3072	3072	1	324	132	5.47786
3072	3072	1	280	212	2.38452
3072	3072	1	386	12	6.03003
3584	3072	1	4	46	1.02037
3072	3072	1	492	152	0.66104
3584	3072	1	106	114	1.86146
3072	3072	1	414	314	2.84616
3072	3072	1	494	310	3.10923
3584	3072	1	100	230	0.49284
3584	3072	2	14	206	0.00000
3584	3072	1	204	46	4.34957
3584	3072	1	114	4	0.00000
3584	3072	1	310	46	4.28407
3584	3072	2	234	140	0.00000
3072	3584	2	120	158	0.00000
3584	3072	1	312	112	4.89488
3584	3072	1	364	78	5.13330
3072	3072	1	222	390	3.86859
3072	3072	1	48	298	2.22868
3072	3072	1	104	420	3.00745
3072	3584	1	24	14	0.55844
3072	3072	1	290	424	4.35268
3072	3072	1	444	434	4.79952
3584	3072	1	54	396	2.98130
3584	3072	1	238	204	1.55836
3584	3072	1	434	128	0.69307
3584	3072	1	488	256	5.63408
3584	3072	1	378	250	1.99756
3584	3072	1	482	424	5.22739
3584	3072	1	472	338	2.27529
3584	3072	2	354	344	0.00000
3584	3072	1	212	274	0.31809
3584	3072	1	292	326	0.56246
3584	3072	1	370	430	5.36906
3072	3584	1	194	24	4.65052
3072	3584	1	210	148	0.00000
3072	3584	1	294	146	0.00000
3072	3584	1	336	224	0.00000
3072	3584	1	162	306	0.41106
3072	3584	1	234	330	0.51836
3072	3584	1	274	370	0.70913
3072	3584	1	44	294	2.38106
3072	3584	1	30	396	5.50983
3072	3584	1	40	492	1.68204
3072	3584	1	140	462	2.76031
3072	3584	1	226	512	0.00000
3072	3584	1	324	394	0.49028
3072	3584	1	394	146	2.16875
3072	3584	1	382	30	4.18204
3072	3584	1	496	8	3.53783
3584	3584	1	86	36	6.15348
3584	3072	1	132	362	3.54031
3584	3072	1	228	418	6.20915
3584	3072	1	176	468	2.13725
3584	3072	1	276	490	3.32863
3584	3584	1	484	56	0.00000
3584	3584	1	370	4	0.92093
3584	3584	1	390	70	3.80677
3584	3584	1	512	168	5.83578
3584	3584	1	306	106	3.05485
3584	3584	1	210	138	0.97734
3584	3584	1	166	40	1.73900
3072	3584	1	510	128	2.47663
3584	3584	1	114	154	2.17902
3072	3584	1	498	228	1.44644
3072	3584	1	378	338	2.73776
3072	3584	1	494	294	1.29517
3584	3584	1	102	252	2.98727
3584	3584	1	292	256	6.25616
3584	3584	1	356	226	3.65063
3584	3584	1	466	246	5.31793
3584	3584	1	414	342	2.07861
3584	3584	1	408	392	1.95026
3584	3584	1	232	344	1.89540
3584	3584	1	270	444	4.80670
3584	3584	1	12	358	0.96407
3072	3584	1	434	430	0.84241
3584	3584	1	138	378	2.99050
3584	3584	1	84	434	0.00000
3584	3584	1	28	512	0.00000
3072	3584	1	340	512	1.84910
3584	3584	1	356	498	0.86217
3584	3072	1	512	204	5.15946
2048	3072	1	106	86	1.66893
2048	3072	1	66	180	4.21953
2048	3072	1	60	274	0.98211
2048	3072	1	452	46	0.72140
2048	3072	1	176	330	1.36392
2048	3072	2	228	276	0.00000
2048	3072	2	280	268	0.00000
2048	3072	1	346	266	0.00000
2048	3072	1	270	140	5.73280
2560	3072	1	4	86	1.21549
2048	3072	1	476	206	4.01765
2048	3072	1	256	380	0.84782
2048	3072	1	122	410	4.96882
2048	3072	1	64	508	1.79865
2048	3584	1	44	70	5.09202
2048	3584	1	42	160	1.98902
2048	3584	1	148	192	3.38070
2048	3584	1	180	288	3.04149
2048	3072	1	262	486	1.41557
2048	3584	1	242	54	2.44400
2048	3072	1	416	352	3.09843
2048	3072	1	470	384	4.08397
2560	3072	1	152	270	3.23924
2560	3072	2	136	60	0.00000
2560	3072	2	224	134	0.00000
2560	3072	2	348	236	0.00000
2560	3072	2	102	238	0.00000
2560	3072	2	86	422	0.00000
2048	3584	1	350	110	5.70528
2048	3584	1	342	210	5.06461
2048	3584	1	362	302	0.00000
2048	3584	1	462	336	0.23343
2560	3584	1	50	374	4.93040
2560	3072	1	18	476	1.32471
2048	3584	1	446	40	1.08390
2560	3584	1	24	94	0.98083
2560	3584	1	34	178	0.50469
2560	3584	1	90	254	3.59331
2560	3584	1	132	6	0.00000
2560	3072	1	178	386	4.77232
2560	3072	1	224	460	0.00000
2560	3584	1	176	84	4.07991
2560	3072	1	348	100	3.16708
2560	3072	1	270	224	0.00000
2560	3072	1	464	62	5.32813
2560	3072	1	440	180	4.12439
2560	3072	1	418	288	4.04817
2560	3072	1	472	408	1.29379
2560	3072	1	414	490	4.85975
2560	3584	1	314	40	5.07581
2560	3584	1	442	116	5.24260
2048	3072	1	364	18	0.41350
2560	3584	1	262	120	1.19553
2560	3584	1	342	180	4.80774
2560	3584	1	204	224	1.79696
2048	3584	1	216	428	0.00000
2048	3584	1	60	376	6.00808
2048	3584	1	332	414	5.70028
2560	3584	1	8	466	1.22471
2560	3584	1	132	456	3.11024
2560	3584	1	180	294	1.60620
2560	3584	1	228	424	5.47972
2560	3584	1	278	370	5.82180
2560	3584	1	336	306	0.20005
2560	3584	1	504	40	0.20667
2560	3584	1	430	364	3.74489
2560	3584	1	334	494	5.73965
2560	3584	1	434	488	0.13419
2560	3584	1	480	458	5.30460
2048	3584	1	32	260	0.97460
2048	3584	2	370	31	0.00000
2048	3072	2	78	23	0.00000
2048	3072	2	202	21	0.00000
2048	3072	2	462	292	0.00000
2560	3584	1	512	294	2.32831
