1536	2560	1	464	482	0.00000
1536	2560	1	206	436	0.75964
1536	2560	1	350	378	3.92080
1536	2560	1	446	370	3.99536
1536	2560	1	64	438	4.96249
1536	2560	1	254	454	3.46477
1536	2560	1	356	496	4.22317
1024	2560	1	152	320	2.01686
1536	2560	1	228	336	1.52783
1024	2560	1	256	408	1.17707
1024	2560	1	38	166	3.95405
1024	2560	1	122	394	5.81728
1024	2560	1	368	482	1.77810
1024	2560	1	286	310	3.98415
1024	2560	1	208	486	1.24366
1024	2560	1	202	214	4.54390
1024	2560	1	426	334	3.01078
1024	2560	1	38	250	3.42211
1024	2560	2	70	510	0.00000
1024	2560	2	212	286	0.00000
1024	2560	2	40	418	0.00000
1536	2560	1	486	216	5.74444
1536	2560	1	334	144	2.86682
1536	2560	1	146	248	0.00000
1536	2560	1	74	286	2.34164
1536	2560	1	324	266	5.69566
1536	2560	1	230	146	0.99639
1536	2560	1	464	72	2.94488
1536	2560	1	104	156	1.50176
1024	2560	1	490	122	0.42572
1536	2560	2	420	257	0.00000
1536	2048	1	112	326	2.29055
1536	2560	1	94	10	0.00000
1536	2048	1	372	416	5.74162
1536	2048	1	168	498	2.98360
1536	2048	1	272	284	0.00000
1536	2048	1	378	258	2.99196
1536	2048	1	234	410	0.00000
1536	2560	1	304	24	1.72993
1024	2560	1	484	26	4.13750
1024	2560	1	304	50	0.64019
1536	2048	1	512	462	3.87171
1024	2048	1	470	444	1.21110
1024	2048	1	504	284	2.99251
1024	2048	1	420	150	2.09259
1536	2048	2	500	82	0.00000
1536	2048	1	352	32	1.91311
1536	2048	1	132	16	2.30329
1536	2048	1	292	104	5.42170
1536	2048	1	226	154	0.00000
1536	2048	1	44	104	3.30700
1536	2048	1	104	202	0.00000
1536	2048	1	14	0	0.00000
1024	2048	1	356	0	0.00000
1024	2048	1	270	0	0.00000
1024	2048	1	226	40	0.00000
1024	2048	2	74	32	0.00000
1024	2048	1	34	134	3.28563
1024	2048	1	132	136	3.23817
1024	2048	1	94	278	3.83039
1024	2048	1	220	386	0.37216
1024	3072	1	220	180	0.00000
1024	3072	1	258	412	6.03821
1536	3072	1	372	194	0.38051
1536	3072	1	478	192	6.05209
1536	3072	1	348	110	0.86441
1536	3072	1	192	86	5.09290
1024	3072	1	440	92	5.71405
1024	3072	1	376	122	5.77790
1024	3072	1	280	102	5.49779
1024	3072	1	144	64	0.95450
1024	3584	1	304	58	1.77969
1536	3072	1	8	344	0.79536
1536	3072	1	66	384	3.85788
1536	3072	1	196	238	1.95427
1536	3072	1	4	170	6.01693
1536	3072	1	68	152	5.78262
1536	3072	1	244	332	5.34161
1536	3072	2	468	386	0.00000
1536	3072	2	370	460	0.00000
1536	3584	2	406	110	0.00000
1536	3584	2	474	110	0.00000
1536	3072	1	512	484	1.60304
1024	3584	1	94	132	0.32015
1024	3584	1	182	166	1.03389
1024	3072	1	162	466	0.42995
1024	3072	1	64	470	3.01550
1024	3072	1	136	346	3.41399
1024	3072	1	164	188	0.25529
1024	3072	1	54	264	3.34536
1536	3072	1	88	484	3.57135
1536	3072	1	164	398	5.91313
1024	3584	1	440	110	4.50820
1536	3584	1	456	322	2.55359
1536	3584	1	120	80	3.50679
1536	3072	1	218	510	0.29973
1536	3584	1	388	330	6.05916
1024	3584	1	94	332	1.65357
1024	3584	1	86	478	5.93681
1024	3584	1	504	414	0.20784
1536	3584	1	72	460	0.55005
1536	3584	1	188	458	0.16515
1536	3584	1	328	500	5.87462
1024	3072	1	352	250	0.00000
1024	3072	1	284	252	3.61425
1536	3584	1	180	172	6.21589
1536	3584	1	280	246	2.79679
1024	3584	1	330	184	2.27305
1024	3584	1	464	230	2.31274
1536	3584	1	52	152	4.77076
1536	3584	1	72	224	5.72283
1024	3584	1	288	348	5.35198
1024	3584	1	400	346	0.74620
1536	3584	1	148	368	0.85582
1536	3584	1	292	380	1.25895
1536	3584	1	406	208	4.92624
1536	3584	1	290	114	5.95408
2560	2560	2	472	348	0.00000
2560	2560	2	308	482	0.00000
2560	2560	1	484	240	1.57783
2560	2048	1	512	432	4.57359
2560	2560	1	454	440	3.85170
2560	2560	1	298	388	0.79263
2560	2048	1	448	260	1.10596
2560	2560	1	126	380	1.34618
2560	2560	1	304	152	5.46703
2560	2560	1	502	164	0.90961
2560	2048	1	510	180	1.28398
2560	2048	1	452	344	1.24725
2560	2560	1	390	334	5.45897
2560	2560	1	448	38	0.45538
2560	2560	2	234	418	0.00000
2048	2048	1	510	452	4.20901
2560	2048	1	264	238	3.50727
2560	2048	1	344	490	1.01292
2560	2560	1	276	274	5.71237
2560	2048	1	388	152	3.62691
2048	2048	1	408	102	0.00000
2048	2048	1	478	200	0.00000
2048	2048	1	502	352	3.96091
2560	2048	1	342	414	4.27427
2560	2560	1	64	186	0.24699
2560	2048	1	458	50	0.00000
2560	2048	1	328	66	0.00000
2560	2048	1	62	0	1.09270
2560	2048	1	222	32	3.21183
2560	2048	1	160	126	5.40290
2560	2048	1	174	200	5.42401
2560	2048	1	68	108	0.00000
2560	2048	1	208	396	0.00000
2560	2560	1	226	34	2.02283
2560	2560	1	220	110	2.93807
2048	2560	1	452	240	2.13386
2560	2560	1	144	240	0.00000
2048	2560	1	340	324	5.55678
2048	2560	1	22	376	0.00000
2048	2560	1	186	238	1.91215
2048	2560	1	78	266	0.00000
2048	2560	2	76	512	0.00000
2048	2560	2	466	481	0.00000
2560	2560	2	15	487	0.00000
2048	2560	2	336	412	0.00000
2048	2560	2	194	414	0.00000
2048	2560	2	170	376	0.00000
2048	2560	2	282	288	0.00000
2048	2560	2	326	222	0.00000
2048	2560	2	228	156	0.00000
2048	2560	2	174	150	0.00000
2048	2560	2	376	104	0.00000
2048	2560	2	408	52	0.00000
2048	2560	2	32	150	0.00000
2048	2560	1	110	76	0.29688
2048	2560	1	286	80	5.11159
2048	2048	1	326	510	1.67693
2048	2048	1	350	424	4.28202
2048	2048	1	380	328	3.08837
2048	2048	1	254	316	0.00000
2048	2560	1	152	476	5.01184
2048	2560	1	470	100	0.00000
2048	2560	2	212	10	0.00000
2048	2048	1	16	460	4.20167
2048	2048	1	156	398	2.86175
2048	2048	1	182	258	5.94545
2048	2048	2	178	98	0.00000
2048	2048	1	112	20	2.37973
2048	2048	1	82	144	0.68474
2048	2048	2	440	32	0.00000
3072	2048	1	408	180	5.74823
3072	2048	1	290	258	3.08303
3072	2048	1	170	268	1.78694
3072	2048	1	98	32	0.34465
3072	2048	1	190	48	4.45106
3072	2048	1	16	8	2.85253
3072	2048	1	0	160	1.23424
3072	2048	1	350	246	0.00000
3072	2048	1	238	112	4.59924
3072	2048	1	476	68	1.57509
3584	2048	1	156	114	0.00000
3584	2048	1	218	0	0.00000
3584	2048	1	252	88	3.62138
3584	2048	1	396	86	6.03490
3584	2048	1	462	54	0.00000
3584	2048	1	512	118	0.00000
3584	2048	1	84	180	2.04237
3584	2048	1	392	218	5.07493
3584	2048	1	174	264	4.46343
3584	2048	1	62	276	5.54704
3072	2048	1	462	308	3.89800
3072	2048	1	196	368	4.42859
3072	2048	1	292	448	1.68289
3072	2048	1	392	422	2.79161
3584	2048	1	40	384	4.60319
3584	2048	1	56	438	4.41099
3584	2048	1	384	464	2.85244
3584	2048	1	262	484	3.19647
3584	2560	1	482	10	3.67793
3584	2560	1	468	160	2.22247
3584	2048	1	4	512	2.12245
3584	2560	1	116	36	2.98342
3584	2560	1	190	62	6.09576
3584	2560	1	286	60	0.72333
3072	2560	1	20	126	0.48996
3072	2048	1	30	410	4.19503
3072	2560	1	188	164	5.98774
3072	2560	1	256	82	2.98889
3072	2560	1	388	28	1.65842
3072	2560	1	334	160	0.51306
3072	2560	1	488	114	1.06551
3584	2560	1	100	142	4.57984
3584	2560	1	270	166	4.32940
3584	2560	1	296	232	4.21341
3584	2560	2	340	452	0.00000
3584	2560	2	170	474	0.00000
3072	2560	1	0	244	1.61838
3072	2560	1	100	304	3.72395
3072	2560	1	242	308	2.96505
3072	2560	1	342	330	2.53164
3072	2560	1	416	266	4.81962
3072	2560	1	502	220	3.43110
3072	2560	2	458	182	0.00000
3584	2560	1	150	234	5.65309
3584	2560	1	442	262	1.27323
3584	2560	1	434	336	1.06282
3584	2560	1	460	414	4.14694
3072	2560	1	234	462	4.10459
3072	2560	1	90	488	4.05255
3072	2560	1	378	478	0.00000
3072	2560	1	484	364	2.95096
3584	2560	1	32	276	3.34604
3584	2560	1	102	362	1.95354
3584	2560	1	226	368	4.05921
3584	2560	2	260	452	0.00000
3584	2560	1	72	448	1.28548
3584	2560	1	74	512	1.45374
3584	2560	1	474	512	1.88579
3072	2560	1	458	512	3.28979
3072	2560	2	168	72	0.00000
3072	2048	2	114	122	0.00000
3072	3072	1	202	38	5.05756
3072	3072	1	154	134	2.54164
3072	3072	1	46	176	2.58513
3072	3072	1	330	172	5.56504
3072	3072	1	378	4	0.18076
3072	3072	1	134	264	1.07394
3072	3072	1	10	372	0.68032
3072	3072	1	162	328	4.02613
3072	3072	1	426	170	5.91142
3584	3072	1	46	30	1.27702
3072	3072	1	504	120	4.12887
3584	3072	1	64	204	0.00000
3072	3072	2	512	210	0.00000
3584	3072	1	186	56	1.55118
3584	3072	1	238	128	0.77335
3584	3072	1	328	126	4.76996
3584	3072	1	304	40	4.17712
3584	3072	1	424	76	2.59082
3072	3072	1	194	492	3.49257
3072	3072	1	300	354	4.46953
3072	3072	1	396	284	1.48516
3584	3072	1	162	216	5.57203
3584	3072	1	294	268	1.83539
3584	3072	1	326	172	1.55023
3584	3072	1	444	270	1.92006
3584	3072	1	464	202	2.34023
3584	3072	2	502	128	0.00000
3072	3584	2	116	350	0.00000
3072	3584	1	112	70	5.47907
3072	3584	1	54	162	2.58535
3072	3072	1	430	438	1.10970
3072	3072	1	326	426	3.89046
3584	3072	1	172	322	4.50665
3584	3072	1	170	426	5.63968
3584	3072	1	94	434	0.00000
3072	3584	1	502	4	4.78125
3072	3584	1	338	38	4.86461
3072	3072	2	86	488	0.00000
3072	3072	1	138	424	3.94088
3584	3584	1	100	158	6.01346
3584	3584	1	2	140	0.00000
3072	3584	1	442	122	0.41670
3072	3584	1	134	458	0.00000
3072	3584	1	186	336	0.92505
3072	3584	1	42	276	1.90416
3072	3584	1	38	382	1.79086
3584	3072	1	292	326	0.87696
3584	3072	1	248	390	5.13189
3584	3072	1	334	428	1.05350
3584	3072	1	454	358	5.50789
3584	3072	1	440	504	3.84166
3584	3584	1	242	28	0.72130
3584	3584	1	126	52	5.03054
3584	3072	1	330	512	0.84090
3584	3584	1	244	124	4.12425
3584	3584	1	446	80	3.99040
3584	3584	1	354	98	3.42965
3584	3584	1	512	178	3.09070
3584	3584	1	444	176	5.24970
3584	3584	1	390	236	2.11104
3072	3584	1	182	178	3.74885
3072	3584	1	278	96	3.27356
3072	3584	2	454	434	0.00000
3072	3584	2	468	228	0.00000
3072	3584	1	362	204	2.36322
3072	3584	1	252	224	2.21612
3072	3584	1	482	322	2.03028
3072	3072	2	22	438	0.00000
3072	3584	1	328	314	0.53828
3072	3584	1	410	382	4.65689
3072	3584	1	264	404	2.58017
3072	3584	1	214	478	0.78540
3072	3584	1	312	470	1.41445
3584	3584	1	12	222	0.20750
3584	3584	1	76	322	2.81582
3584	3584	1	150	248	0.81472
3584	3584	1	226	228	0.50547
3584	3584	1	196	344	3.02467
3584	3584	1	372	324	2.29147
3584	3584	1	278	272	3.46892
3584	3584	1	228	462	0.00000
3584	3584	1	52	448	0.00000
3584	3584	1	134	452	0.00000
3584	3584	1	476	434	5.44841
3584	3584	1	402	372	0.00000
3584	3584	1	390	462	2.45586
3584	3584	1	300	410	3.20480
3584	3584	1	512	308	2.24194
3072	3072	2	434	356	0.00000
3072	3584	1	466	512	2.96745
3072	3584	2	44	482	0.00000
2560	3584	1	118	474	2.04629
2048	3072	1	204	192	4.24328
2048	3072	1	100	130	0.00000
2048	3072	1	52	288	1.22094
2048	3072	2	64	20	0.00000
2560	3072	2	92	434	0.00000
2560	3072	2	94	214	0.00000
2560	3072	2	344	238	0.00000
2048	3072	2	294	280	0.00000
2048	3072	2	218	270	0.00000
2048	3072	2	162	478	0.00000
2048	3584	2	192	270	0.00000
2048	3072	2	46	370	0.00000
2560	3584	1	396	346	0.00000
2560	3072	1	432	474	5.12480
2560	3072	1	502	408	0.00000
2560	3072	1	508	426	4.42511
2560	3072	1	430	306	4.24122
2560	3072	1	428	154	0.00000
2560	3072	1	328	188	1.12644
2560	3072	1	180	120	2.45586
2560	3072	1	286	100	5.10638
2560	3072	1	290	26	5.56342
2048	3584	1	276	322	0.00000
2048	3584	1	234	392	5.81188
2048	3584	1	320	480	0.00000
2560	3584	1	452	442	0.00000
2560	3584	1	508	216	0.64204
2048	3584	1	294	152	0.00000
2048	3584	2	328	62	0.00000
2048	3072	1	236	356	5.47706
2048	3072	2	194	12	0.00000
2048	3072	1	370	112	5.54473
2560	3072	1	12	82	5.39972
2048	3072	1	444	216	3.98440
2560	3072	1	16	202	0.81247
2560	3072	1	148	200	2.35296
2048	3584	1	66	338	0.00000
2048	3584	1	68	194	1.92957
2048	3584	1	72	118	3.80535
2048	3584	1	188	160	2.06437
2048	3584	1	230	50	5.24616
2048	3072	1	320	348	3.36171
2048	3072	1	466	322	4.48455
2048	3072	1	428	416	4.21080
2048	3584	1	418	2	2.93527
2048	3072	1	324	476	4.10975
2048	3584	1	138	512	3.10827
2560	3584	1	266	142	2.13707
2560	3584	1	338	82	2.28764
2560	3584	1	460	42	2.09955
2560	3584	1	424	168	0.00000
2048	3584	1	506	102	0.05807
2048	3072	2	482	430	0.00000
2048	3584	1	460	364	0.00000
2048	3584	1	400	308	3.60736
2048	3584	1	398	198	0.87180
2560	3584	1	34	318	5.42224
2560	3584	1	184	422	2.00866
2560	3584	1	154	210	3.06701
2560	3584	1	176	104	4.04906
2560	3584	1	230	228	0.48037
2560	3584	1	122	306	2.11769
2560	3584	1	260	346	5.46669
2560	3584	1	320	258	0.55284
2560	3072	1	216	472	0.00000
2560	3072	1	270	406	4.47916
2560	3072	1	268	294	2.70349
2560	3072	1	162	386	0.94423
2560	3072	1	48	334	0.85425
2560	3072	1	142	310	1.21964
2560	3072	1	60	406	1.93062
2560	3584	1	28	202	0.77639
2560	3584	1	512	346	1.97689
