1024	2048	1	302	236	3.87347
1024	2048	1	190	264	1.75037
1024	2048	1	226	364	0.32175
1024	2048	1	352	402	5.12088
1024	2048	1	496	278	6.10976
1536	2048	1	104	160	0.73928
1536	2048	2	228	164	0.00000
1536	2048	2	284	96	0.00000
1536	2048	2	484	62	0.00000
1024	2048	2	188	94	0.00000
1536	2048	2	8	60	0.00000
1536	2048	1	428	268	2.04480
1536	2048	1	164	272	3.10906
1536	2048	1	286	294	3.20063
1536	2048	1	58	382	1.10715
1536	2560	1	24	28	5.81954
1024	2560	1	298	28	1.30139
1536	2048	1	236	376	0.00000
1536	2048	1	342	348	3.72016
1536	2048	1	372	442	0.00000
1536	2048	1	444	464	3.35113
1536	2560	1	202	12	0.77999
1536	2560	1	276	54	0.65343
1536	2560	1	382	110	3.19040
1536	2560	1	444	156	2.83763
1536	2560	1	160	168	1.34907
1024	2560	1	458	102	0.00000
1024	2560	1	380	134	2.68359
1024	2560	1	190	190	0.86365
1024	2560	1	60	160	2.71497
1024	2560	1	270	222	3.71740
1024	2560	1	396	258	5.47027
1024	2560	1	336	310	2.70692
1024	2560	1	280	352	2.52543
1024	2560	2	180	286	0.00000
1024	2560	1	54	384	5.85656
1024	2560	1	166	406	3.62943
1024	2560	1	234	476	3.17654
1024	2560	1	512	408	0.37867
1024	2560	1	394	480	3.64368
1536	2560	1	92	320	3.73853
1536	2560	1	188	306	0.54566
1536	2560	1	300	258	5.59583
1536	2560	1	414	276	2.82199
1536	2560	1	320	422	2.56415
1536	2560	1	220	444	0.00000
1536	2560	1	48	472	0.65263
1536	2560	1	336	512	4.81989
1536	2560	2	406	416	0.00000
1536	2560	2	476	418	0.00000
1024	2048	1	300	118	1.71065
1024	2048	1	380	52	0.00000
1536	2048	2	86	58	0.00000
1024	3072	2	68	200	0.00000
1536	3584	2	396	118	0.00000
1536	3584	2	466	118	0.00000
1536	3584	2	252	266	0.00000
1024	3584	1	102	498	5.74277
1024	3584	1	104	290	0.00000
1024	3584	1	294	304	0.00000
1024	3584	1	432	366	0.00000
1536	3584	1	68	482	0.58408
1536	3584	1	174	464	0.26625
1536	3584	1	336	494	5.67483
1536	3584	1	480	478	5.68699
1536	3584	1	490	420	5.55821
1536	3584	1	400	370	0.00000
1536	3584	1	490	286	0.44547
1536	3584	2	294	358	0.00000
1536	3584	1	138	360	1.26633
1024	3584	1	474	230	5.52775
1536	3584	1	100	252	0.00000
1536	3584	1	188	210	5.81954
1536	3584	1	348	218	5.79681
1536	3584	1	504	162	0.87853
1024	3584	1	132	96	5.17231
1024	3072	1	42	502	0.55742
1024	3072	1	60	330	4.88706
1024	3072	1	158	180	0.33929
1024	3072	1	228	276	2.43282
1024	3072	1	248	136	6.01402
1024	3072	1	320	88	5.70003
1024	3072	1	456	126	0.66104
1024	3072	1	398	246	4.37310
1024	3072	1	352	400	1.50250
1024	3072	1	278	498	1.06690
1536	3072	1	56	130	0.68778
1024	3584	1	358	102	0.00000
1024	3584	1	474	94	5.51758
1024	3584	1	478	10	2.08057
1024	3072	1	470	402	3.17747
1536	3072	1	22	330	0.00000
1536	3072	1	66	414	0.55831
1536	3072	1	94	476	3.60420
1536	3584	1	230	98	1.92040
1536	3584	1	332	10	0.36658
1536	3584	1	504	46	2.32395
1536	3072	1	420	424	6.09415
1536	3072	1	234	472	0.00000
1536	3072	1	166	458	3.07611
1536	3072	1	134	318	5.70528
1536	3072	1	306	292	5.36368
1536	3072	1	168	236	2.53721
1536	3072	1	238	152	2.69549
1536	3072	1	326	112	6.11018
1536	3072	1	430	268	2.57543
1536	3072	1	488	50	2.62245
1536	3072	1	430	86	5.19474
1536	3072	1	424	162	2.35619
1024	3072	2	474	38	0.00000
1024	3584	2	170	30	0.00000
1536	3584	2	44	202	0.00000
2560	2560	2	466	324	0.00000
2048	2560	2	194	424	0.00000
2048	2560	2	170	370	0.00000
2048	2560	2	224	140	0.00000
2048	2048	2	444	508	0.00000
2560	2560	2	22	478	0.00000
2048	2560	2	480	478	0.00000
2048	2048	1	42	34	0.62025
2048	2048	1	74	144	0.72353
2048	2048	1	68	286	5.88466
2048	2048	1	146	226	0.39644
2048	2048	1	246	266	0.00000
2048	2048	1	352	192	5.47494
2048	2048	1	178	76	3.13682
2048	2048	1	366	402	4.36937
2560	2048	1	18	210	1.62685
2560	2048	1	32	120	5.58711
2048	2048	1	408	112	3.59061
2560	2048	1	416	52	0.00000
2048	2048	1	156	366	4.85217
2048	2048	1	116	470	4.05782
2560	2048	1	66	434	1.83705
2560	2048	1	6	508	4.70426
2560	2048	1	490	308	0.46828
2560	2560	1	98	78	0.00000
2048	2560	1	494	104	4.04078
2560	2048	1	122	348	2.60355
2560	2048	1	186	190	5.07474
2560	2048	1	66	52	4.95893
2560	2048	1	512	212	0.93850
2048	2560	1	280	116	5.16073
2048	2560	2	384	96	0.00000
2048	2560	2	406	60	0.00000
2048	2048	1	234	508	1.65070
2048	2048	1	328	510	4.02061
2560	2048	1	198	456	3.95279
2560	2048	1	326	450	4.39610
2560	2048	1	380	510	0.70551
2560	2560	1	448	58	3.27314
2560	2048	1	346	230	2.53804
2560	2048	1	304	104	0.00000
2560	2048	1	184	54	0.78540
2560	2560	1	212	38	2.02210
2048	2048	1	256	404	4.18431
2048	2560	1	94	204	3.87471
2048	2560	1	58	122	3.94598
2048	2560	2	254	308	0.00000
2560	2560	1	368	144	5.51207
2560	2560	1	314	200	5.42777
2560	2560	1	62	222	1.24630
2560	2560	1	220	234	5.92208
2048	2560	1	410	366	5.01813
2560	2560	1	90	310	4.16743
2560	2560	1	364	288	4.15240
2048	2560	1	4	228	4.05954
2048	2560	1	22	354	4.03695
2560	2560	1	180	344	3.52210
2560	2560	1	492	252	5.17121
2560	2560	1	498	482	2.18134
2560	2560	1	332	452	2.82378
2560	2560	1	200	474	0.00000
2560	2560	1	102	452	5.58451
2048	2560	1	286	432	3.34050
2048	2560	1	408	476	4.40445
2048	2560	2	72	512	0.00000
2048	2560	1	116	338	0.42739
2560	2048	1	342	32	2.95703
2560	2048	1	268	26	0.00000
2048	2560	2	54	44	0.00000
3072	2048	2	20	60	0.00000
3072	2048	1	68	74	0.41775
3072	2048	1	16	212	0.59416
3072	2048	1	174	32	1.69110
3072	2048	1	344	98	5.46976
3072	2048	1	174	162	5.53148
3072	2048	1	256	124	5.65387
3072	2048	1	454	82	5.25918
3584	2048	1	148	116	0.00000
3584	2048	1	228	0	0.00000
3584	2048	1	274	94	3.96237
3584	2048	1	468	50	0.20750
3584	2048	1	400	114	5.96613
3584	2048	1	512	118	0.00000
3584	2048	1	404	230	5.47220
3584	2048	1	246	192	4.77708
3584	2048	1	178	272	1.65518
3072	2048	1	512	216	1.41672
3072	2048	1	316	192	4.20491
3072	2048	1	432	188	4.20262
3072	2048	1	0	312	0.94391
3072	2048	1	148	348	4.33188
3072	2048	1	266	346	2.47292
3072	2048	1	360	312	1.98672
3072	2048	1	484	322	2.91613
3584	2048	1	104	342	5.70052
3584	2048	1	44	374	2.65233
3584	2048	1	266	344	4.74760
3584	2048	1	512	356	4.69048
3584	2048	1	458	462	3.24703
3584	2048	1	366	482	3.26595
3584	2048	1	272	468	5.44770
3584	2048	1	186	478	2.46654
3072	2048	1	466	416	2.45616
3072	2048	1	342	422	4.00074
3072	2048	2	372	0	0.00000
3072	2560	1	188	12	1.76371
3072	2560	2	16	20	0.00000
3072	2560	2	158	86	0.00000
3072	2560	2	304	20	0.00000
3072	2560	1	74	84	4.65689
3072	2560	1	232	218	5.99249
3072	2560	1	308	108	0.60760
3584	2048	1	58	512	0.00000
3072	2560	1	494	16	2.29378
3072	2560	1	382	162	0.00000
3072	2560	2	430	130	0.00000
3072	2560	2	470	188	0.00000
3072	2560	1	452	78	2.42194
3584	2560	1	8	176	0.48803
3584	2560	1	182	66	1.88797
3584	2560	1	126	106	2.01424
3584	2560	1	298	62	3.31406
3584	2560	1	446	138	6.09245
3584	2560	1	510	144	3.24239
3584	2560	1	322	184	4.61544
3584	2560	2	402	248	0.00000
3584	2560	1	170	164	4.24874
3584	2560	1	168	234	1.68145
3584	2560	1	72	288	0.00000
3584	2560	1	186	334	5.74823
3072	2560	1	0	266	5.41641
3072	2560	1	84	348	2.97265
3072	2560	1	194	338	2.70918
3072	2560	1	364	262	3.70033
3072	2560	1	302	416	0.78540
3584	2560	1	274	286	3.66857
3584	2560	1	300	374	0.17845
3584	2560	2	344	448	0.00000
3584	2560	2	254	468	0.00000
3584	2560	2	136	398	0.00000
3584	2560	1	276	512	0.60938
3584	2560	1	508	310	3.07212
3584	2560	1	428	338	2.64595
3584	2560	1	386	382	2.94898
3584	2560	1	450	478	4.00553
3584	2560	1	342	512	0.67638
3584	2560	2	494	512	0.00000
3584	2560	1	182	478	2.98884
3584	2560	1	88	512	2.23752
3584	2560	1	22	380	2.24091
3072	2560	1	444	394	2.34231
3072	2560	1	372	496	0.00000
3072	2560	1	190	486	5.11056
3072	2560	1	96	512	2.95646
3072	2560	2	476	512	0.00000
3584	2560	1	512	442	5.28185
3072	3072	1	52	128	5.72645
3072	3072	1	308	212	5.08672
3072	3072	1	396	170	5.61048
3072	3072	1	264	92	4.77105
3072	3072	1	380	6	0.00000
3072	3072	1	110	48	2.86076
3072	3072	1	186	220	5.88980
3072	3072	1	278	290	2.74645
3072	3072	1	354	306	2.88508
3584	3072	2	230	208	0.00000
3584	3072	2	198	46	0.00000
3584	3072	2	222	136	0.00000
3584	3072	2	268	264	0.00000
3584	3072	2	326	236	0.00000
3072	3584	2	410	114	0.00000
3072	3072	2	32	388	0.00000
3072	3072	1	14	294	0.74953
3072	3072	2	210	14	0.00000
3072	3072	1	98	380	0.00000
3072	3072	1	482	284	0.69489
3584	3072	1	76	326	0.00000
3584	3072	1	56	190	5.18591
3072	3072	1	442	132	5.67831
3072	3072	1	502	34	2.70175
3584	3072	1	116	118	2.68529
3584	3072	1	104	46	2.56580
3584	3072	1	268	32	0.66956
3584	3072	1	314	60	0.71704
3584	3072	1	382	76	0.91520
3584	3072	1	486	34	0.00000
3072	3072	1	248	392	1.74303
3072	3072	1	198	510	2.55672
3072	3072	1	286	492	0.00000
3072	3072	1	352	490	0.00000
3584	3584	1	144	70	3.77133
3584	3072	1	326	394	5.18472
3072	3584	1	128	78	5.71492
3072	3584	1	40	102	0.00000
3072	3584	1	154	210	5.16589
3072	3072	1	118	312	0.00000
3584	3072	1	162	222	1.06120
3584	3072	1	470	136	5.25281
3584	3072	1	464	360	5.40477
3584	3072	1	464	222	2.00220
3584	3072	2	350	178	0.00000
3072	3072	1	464	446	0.00000
3584	3072	1	264	430	4.48067
3584	3584	1	392	24	3.57511
3072	3584	1	284	102	4.41917
3072	3584	1	296	154	1.31464
3072	3584	1	410	208	1.21326
3584	3584	1	248	94	3.00100
3584	3584	1	280	32	5.30039
3584	3072	1	158	450	3.51795
3584	3584	1	410	250	0.37927
3584	3072	1	498	446	4.69906
3584	3584	1	462	50	5.95026
3584	3584	1	84	218	5.92574
3584	3584	1	64	30	0.99400
3072	3584	1	40	288	2.07287
3072	3584	1	140	326	2.95708
3584	3584	1	428	124	4.27576
3584	3584	1	178	152	3.40052
3584	3584	2	482	366	0.00000
3072	3072	2	438	248	0.00000
3584	3072	1	328	488	1.24905
3584	3584	1	332	170	4.92622
3584	3584	1	512	102	4.97227
3584	3584	1	500	190	5.26968
3584	3584	1	256	262	5.76853
3072	3584	1	442	318	1.00663
3584	3584	1	16	346	0.32175
3072	3584	1	316	386	0.46773
3072	3584	1	370	442	1.50354
3584	3584	1	14	442	1.00915
3584	3584	1	206	406	2.98597
3584	3584	1	322	282	0.00000
3584	3584	1	478	454	5.42774
3584	3584	1	104	460	0.78457
3072	3584	1	126	454	0.85197
3584	3584	1	344	460	5.44909
3072	3584	1	242	420	0.00000
3584	3584	1	190	286	5.71175
3584	3584	1	482	290	0.00000
3584	3584	1	436	466	5.27039
3072	3584	2	314	502	0.00000
3584	3584	2	132	376	0.00000
3584	3072	2	204	268	0.00000
2048	3072	1	152	36	0.00000
2048	3072	1	74	14	0.66567
2048	3072	1	60	206	0.00000
2048	3072	2	14	96	0.00000
2048	3072	1	186	238	6.19959
2048	3072	2	138	126	0.00000
2048	3072	1	232	154	5.72768
2048	3072	1	372	146	5.44790
2048	3072	1	302	222	3.37166
2048	3072	1	436	108	5.31782
2560	3072	2	146	92	0.00000
2048	3072	2	166	484	0.00000
2560	3072	2	102	444	0.00000
2048	3072	2	494	444	0.00000
2560	3072	2	104	234	0.00000
2560	3072	2	340	240	0.00000
2560	3072	1	4	80	2.44934
2560	3072	1	90	110	2.40223
2560	3072	2	176	26	0.00000
2560	3072	2	234	120	0.00000
2560	3072	1	438	80	0.00000
2560	3072	1	348	120	0.00000
2560	3072	1	266	86	3.00498
2560	3072	1	278	238	2.79527
2560	3072	1	160	310	6.10682
2560	3072	1	224	296	5.93127
2560	3072	1	400	282	0.00000
2560	3072	1	512	294	0.56486
2560	3072	1	356	396	5.97145
2048	3072	1	496	266	2.59009
2560	3072	1	86	346	2.57595
2048	3072	1	142	382	1.21241
2048	3072	1	314	338	3.58763
2048	3072	1	366	434	0.42457
2048	3072	1	442	396	0.17483
2048	3072	1	254	466	5.21652
2560	3072	1	32	508	3.13871
2048	3584	1	90	76	2.72931
2048	3584	1	214	68	3.51795
2048	3584	1	304	98	4.03596
2048	3584	1	442	30	3.47602
2560	3072	1	146	488	0.00000
2560	3584	1	92	94	0.00000
2560	3072	1	218	492	3.76081
2560	3072	1	292	512	3.88761
2560	3584	1	416	32	1.16553
2560	3584	1	460	98	4.30817
2560	3584	1	470	190	1.87200
2560	3584	1	308	136	5.47755
2560	3584	1	320	242	5.77566
2048	3584	1	436	208	0.00000
2560	3584	1	6	162	1.50999
2560	3584	1	158	164	0.96169
2560	3584	1	158	294	0.45570
2048	3584	1	508	282	5.68030
2560	3584	1	54	240	2.60009
2560	3584	1	498	362	2.79275
2048	3584	1	386	328	5.69338
2560	3584	1	360	390	5.53336
2048	3584	1	450	394	0.00000
2560	3584	1	12	434	0.00000
2048	3584	2	10	52	0.00000
2048	3584	2	28	168	0.00000
2560	3584	1	134	506	5.59887
2560	3584	1	210	450	5.55399
2048	3584	1	318	238	4.42194
2048	3584	1	172	384	4.65641
2048	3584	1	104	504	5.15357
2048	3584	1	62	306	0.00000
2048	3584	1	196	482	5.27919
2048	3584	1	330	482	0.30571
2048	3584	1	286	412	3.75404
2048	3584	1	454	512	4.53645
2048	3584	2	22	442	0.00000
2048	3584	2	194	266	0.00000
2048	3584	1	134	196	1.45418
2048	3584	1	268	188	1.70440
