1024	2048	1	256	0	0.00000
1024	2048	1	448	0	0.00000
1536	2048	1	4	0	0.00000
1536	2048	1	80	114	0.00000
1024	2048	1	192	62	0.00000
1024	2048	1	232	370	0.43066
1024	2048	1	184	314	0.00000
1024	2048	1	72	156	5.01655
1024	2048	1	70	422	0.21845
1536	2048	1	88	362	5.95431
1024	2560	1	248	50	0.93170
1024	2048	1	466	222	2.74746
1536	2048	1	220	242	1.73894
1536	2048	1	172	50	6.24488
1536	2048	1	224	136	5.96675
1536	2048	1	254	40	0.00000
1536	2048	1	370	56	3.88701
1536	2048	2	238	346	0.00000
1536	2048	1	480	166	1.16459
1536	2048	1	54	492	2.81380
1536	2048	2	492	72	0.00000
1536	2048	1	442	294	3.06971
1024	2560	1	448	18	4.67352
1536	2048	1	308	366	3.94323
1536	2048	1	324	464	4.36992
1536	2560	1	68	136	0.56206
1536	2560	1	330	64	0.60233
1536	2048	1	470	498	3.98344
1536	2048	1	512	274	0.08629
1024	2560	1	374	120	2.69287
1024	2560	1	126	282	3.70248
1536	2560	1	396	164	4.52532
1024	2560	1	288	200	4.52491
1536	2560	1	458	212	0.54257
1024	2560	2	100	190	0.00000
1024	2560	1	12	256	0.27078
1536	2560	1	266	250	6.09924
1024	2560	1	438	242	1.88931
1536	2560	1	512	194	1.21878
1024	2560	1	202	418	3.32410
1024	2560	1	310	288	1.45470
1024	2560	1	78	452	0.00000
1024	2560	1	280	396	3.98234
1536	2560	1	38	268	0.66661
1536	2560	1	72	440	5.28032
1024	2560	2	200	284	0.00000
1024	2560	1	292	502	4.27115
1536	2560	1	416	434	2.01175
1536	2560	1	138	296	3.04829
1536	2560	1	184	396	3.39750
1536	2560	1	300	386	3.41427
1536	2560	1	508	288	4.45847
1536	2560	1	504	468	0.65381
1024	2560	1	494	512	5.35816
1536	2560	1	312	512	0.87824
1024	3072	1	0	92	1.66681
1024	3072	1	166	56	0.30026
1024	3072	1	244	124	5.37346
1024	3072	1	324	80	3.14238
1024	3072	1	394	52	5.76151
1024	3072	1	434	134	3.37291
1536	3072	1	116	54	0.39270
1536	3072	1	178	74	0.31116
1536	3072	1	254	122	3.29015
1536	3072	1	332	18	0.41645
1536	3072	1	430	82	0.52219
1536	3072	1	320	192	3.43959
1024	3072	1	184	196	5.78583
1024	3072	1	248	268	0.12497
1024	3072	1	318	284	0.30063
1536	3072	1	470	278	1.45321
1536	3072	1	218	294	1.96867
1536	3072	1	52	334	0.41587
1536	3072	2	106	308	0.00000
1024	3072	2	504	294	0.00000
1024	3072	1	46	268	0.53368
1024	3072	1	178	330	2.77018
1024	3072	1	128	444	1.77361
1024	3072	2	102	350	0.00000
1024	3072	1	454	370	2.05891
1024	3072	1	300	410	1.74793
1536	3072	1	302	384	4.82329
1536	3072	2	394	428	0.00000
1536	3072	1	448	476	3.60638
1536	3072	1	168	434	5.63357
1536	3072	1	100	472	6.09699
1536	3584	1	274	4	3.07120
1024	3072	1	388	480	3.96979
1024	3072	1	2	508	4.45648
1024	3584	1	152	6	0.86673
1024	3584	1	248	26	0.65056
1024	3584	1	498	42	3.01053
1024	3584	1	414	62	0.00000
1024	3584	1	316	64	2.23156
1024	3584	1	262	126	0.82527
1536	3584	1	132	100	5.41218
1536	3584	2	464	116	0.00000
1536	3584	1	204	178	3.70753
1536	3584	1	338	158	0.90815
1024	3584	1	510	158	4.37593
1536	3584	1	84	204	4.02813
1024	3584	1	416	236	5.80322
1024	3584	1	328	204	3.22714
1024	3584	1	226	238	1.94847
1024	3584	1	98	286	5.16680
1536	3584	1	460	252	5.42491
1536	3584	1	370	258	1.99578
1024	3584	1	510	318	4.14571
1024	3584	1	388	336	0.00000
1024	3584	1	300	354	4.43676
1536	3584	1	144	462	0.73713
1536	3584	2	144	338	0.00000
1536	3584	1	366	348	2.05716
1536	3584	1	456	456	0.00000
1536	3584	1	334	470	6.24091
1536	3584	1	236	516	0.41722
1536	3584	1	24	494	1.25070
1024	3584	1	480	444	0.55547
1024	3584	1	136	444	0.17081
1024	3584	1	268	514	0.00000
2048	2560	2	324	212	0.00000
2048	2560	2	232	152	0.00000
2048	2560	2	170	154	0.00000
2048	2560	2	410	54	0.00000
2048	2560	2	350	58	0.00000
2560	2560	2	20	166	0.00000
2048	2560	2	442	314	0.00000
2560	2560	2	4	316	0.00000
2560	2560	2	310	488	0.00000
2048	2560	2	316	416	0.00000
2048	2560	2	168	358	0.00000
2048	2560	2	196	422	0.00000
2560	2048	2	446	468	0.00000
2560	2048	2	292	394	0.00000
2048	2048	2	492	62	0.00000
2048	2048	2	188	74	0.00000
2048	2048	1	16	260	0.00000
2048	2048	1	0	152	0.76489
2048	2048	1	180	318	2.72776
2048	2048	1	276	290	5.44210
2048	2048	1	348	212	2.23871
2048	2048	1	390	144	5.53003
2048	2048	1	302	36	0.60259
2560	2048	1	122	250	5.81681
2560	2048	1	62	118	3.37565
2560	2048	1	208	126	0.19502
2560	2048	1	314	78	0.00000
2560	2048	1	408	54	6.10951
2560	2048	1	512	16	3.73896
2560	2048	1	264	222	4.59136
2560	2048	1	450	206	4.63256
2048	2048	1	468	368	5.92593
2560	2048	1	76	362	5.15155
2560	2048	1	232	380	0.29346
2560	2048	1	360	366	3.69566
2048	2048	1	248	508	4.98686
2048	2048	1	58	408	4.96428
2048	2048	1	150	472	1.24905
2048	2560	1	144	218	2.64790
2048	2048	1	372	482	0.95055
2048	2560	1	62	118	3.57290
2048	2560	1	186	82	4.12366
2560	2560	1	162	86	4.56070
2560	2560	1	238	8	1.58562
2560	2048	1	382	490	3.40784
2560	2560	1	376	110	5.11091
2560	2560	1	290	152	4.88733
2560	2560	1	504	114	2.47107
2560	2048	1	512	434	3.39328
2560	2560	2	512	20	0.00000
2560	2560	1	194	356	3.05801
2560	2560	1	326	262	2.44128
2560	2560	2	462	326	0.00000
2560	2560	1	488	386	4.16996
2560	2560	1	494	500	4.63824
2560	2560	1	370	404	3.61524
2560	2560	1	276	382	3.13810
2560	2560	2	36	496	0.00000
2048	2560	1	288	360	4.41423
2048	2560	1	118	462	5.60795
2048	2560	1	62	360	4.56030
2048	2560	1	4	298	4.45828
2048	2560	1	398	480	0.97569
2560	2560	1	32	414	2.12245
2560	2560	1	150	454	2.87363
2048	2048	2	410	16	0.00000
2560	2048	2	512	272	0.00000
2560	2560	1	240	512	2.91655
2560	2048	1	154	0	5.76781
2560	2048	2	18	18	0.00000
3072	2048	1	66	162	1.60312
3072	2048	1	178	72	0.64965
3072	2048	1	286	40	1.71381
3072	2048	1	34	4	4.87155
3072	2048	1	216	208	5.28635
3072	2048	1	192	280	1.93887
3072	2048	1	50	300	2.46858
3072	2048	1	0	424	3.66393
3072	2048	1	156	444	0.20161
3072	2048	1	220	398	3.01960
3072	2560	1	82	88	2.49577
3072	2560	2	160	77	0.00000
3072	2560	1	0	116	2.29651
3072	2560	1	62	238	4.04091
3072	2560	1	186	266	3.48087
3072	2560	1	164	390	0.00000
3072	2560	1	2	354	4.09630
3072	2560	1	34	498	4.12146
3072	2560	1	226	38	2.17572
3072	2048	1	358	104	0.52802
3072	2048	1	248	116	1.65957
3072	2048	1	468	70	3.89491
3072	2048	1	454	178	5.16534
3072	2048	1	392	246	2.20100
3072	2048	1	326	324	4.57652
3072	2048	1	340	424	2.18118
3072	2560	1	352	52	0.43417
3072	2560	1	326	196	3.56246
3072	2560	1	482	64	0.66040
3072	2560	1	260	374	4.15670
3072	2560	1	334	460	1.33097
3072	2560	1	228	512	0.00000
3072	2560	1	360	330	2.86400
3072	2560	1	434	246	3.47328
3072	2560	2	462	185	0.00000
3072	2048	1	462	488	3.98972
3072	2048	1	474	368	4.61802
3584	2048	1	18	274	5.20873
3584	2048	1	30	108	4.45071
3584	2048	1	138	82	0.25578
3584	2048	1	218	0	0.00000
3584	2048	1	230	98	3.87231
3584	2048	1	264	170	4.54383
3584	2048	1	370	50	0.19176
3584	2048	1	468	58	0.00000
3584	2048	1	348	238	5.49497
3584	2048	1	298	310	5.04073
3584	2048	1	68	478	4.03997
3584	2048	1	192	422	2.50103
3584	2048	1	324	472	4.90337
3584	2560	1	98	38	3.92430
3584	2560	1	226	78	1.47308
3584	2560	1	400	128	5.84797
3584	2560	1	60	134	4.79646
3584	2560	1	214	234	1.79550
3584	2560	1	322	164	1.91570
3584	2560	1	14	238	3.39324
3584	2560	1	64	328	3.78501
3584	2560	1	162	328	3.71159
3584	2560	1	276	362	3.47017
3072	2560	1	442	390	0.00000
3584	2560	1	488	226	4.58759
3584	2560	2	400	247	0.00000
3584	2560	1	398	428	3.07025
3584	2560	1	478	368	4.07438
3584	2560	1	184	436	0.00000
3584	2560	1	112	446	2.77606
3072	2560	1	484	478	3.90831
3584	2560	2	252	459	0.00000
3584	2560	1	328	408	3.63871
3584	2560	1	478	500	2.95070
3072	3584	1	120	168	0.00000
3072	3584	1	204	164	0.00000
3072	3584	1	280	248	0.75345
3072	3584	1	134	310	0.82314
3584	3584	1	192	224	2.49594
3072	3584	1	504	452	0.00440
3584	3584	1	54	462	6.09061
3584	3584	1	230	370	5.84828
3584	3584	1	310	396	5.85626
3584	3584	1	424	490	1.24811
3072	3584	1	320	350	1.16040
3072	3584	1	270	76	0.00000
3072	3584	1	28	158	0.00000
3072	3584	1	136	466	0.00000
3584	3584	1	156	350	5.26194
3072	3584	1	242	410	3.29228
3584	3584	1	458	408	4.49843
3584	3584	1	386	314	3.37397
3072	3584	1	48	370	2.50881
3072	3072	2	240	452	0.00000
3072	3584	2	450	418	0.00000
3584	3584	1	298	140	4.10308
3072	3584	1	490	76	0.67165
3072	3584	1	370	136	1.50146
3584	3584	1	504	126	0.00000
3584	3584	1	318	204	3.65120
3584	3584	1	430	194	2.76158
3072	3584	1	112	102	3.96276
3072	3072	1	82	498	3.25443
3072	3072	1	96	380	5.13108
3072	3584	1	380	52	4.32122
3072	3584	1	210	12	3.22568
3584	3584	1	150	92	2.58793
3584	3584	1	236	14	2.95196
3584	3072	1	416	502	3.11561
3584	3072	1	330	428	0.19137
3584	3072	1	512	424	3.06856
3584	3072	2	410	398	0.00000
3584	3584	1	138	14	5.09091
3584	3072	1	34	430	5.76799
3072	3072	1	330	462	2.16657
3072	3072	1	454	412	3.73453
3584	3072	1	148	460	1.85810
3584	3072	1	150	412	5.38844
3584	3072	1	176	356	2.08721
3584	3072	1	196	276	5.82688
3584	3072	1	282	336	3.13377
3584	3072	1	368	266	2.99004
3584	3072	1	480	282	3.61892
3584	3072	1	434	172	0.00000
3584	3072	1	294	204	3.89244
3584	3072	1	268	92	5.16251
3584	3072	1	406	42	4.83516
3584	3072	1	94	290	0.72638
3584	3072	1	74	240	0.50113
3072	3072	1	434	324	1.04926
3072	3072	1	248	382	5.17867
3072	3072	1	306	312	4.75398
3584	3072	1	12	156	0.06968
3072	3072	1	172	282	3.79943
3072	3072	1	74	200	1.08719
3072	3072	1	250	190	0.00000
3584	3072	1	134	50	4.68353
3072	3072	1	414	78	6.01209
3584	3072	1	164	134	0.20385
3072	3072	1	392	194	4.87058
3072	3072	2	430	256	0.00000
3072	3072	2	502	292	0.00000
3584	3072	2	262	420	0.00000
3072	3072	1	224	30	0.00000
3072	3072	1	140	98	1.44245
3072	3072	1	86	34	1.46109
2048	3072	1	158	152	0.87698
2048	3072	1	140	74	1.89832
2048	3072	1	298	110	2.79028
2048	3072	1	216	394	5.23766
2048	3072	1	92	352	2.68561
2048	3072	1	48	458	2.47582
2048	3584	1	20	88	3.38545
2048	3584	1	140	452	0.00000
2048	3584	1	52	476	0.00000
2048	3584	1	28	224	5.48406
2048	3584	1	104	124	3.38395
2048	3584	1	206	120	3.78133
2048	3584	1	192	254	0.40597
2048	3584	1	236	338	1.59061
2048	3072	1	390	492	1.87135
2560	3072	1	142	240	0.00000
2560	3072	1	104	346	5.54517
2048	3072	1	478	298	1.44583
2048	3072	1	444	368	4.55587
2048	3072	1	302	356	3.94366
2048	3584	1	458	110	5.46964
2048	3584	1	406	196	0.65304
2560	3584	1	64	204	6.14420
2048	3072	1	508	500	4.86005
2048	3072	1	426	436	0.00000
2048	3072	1	412	94	2.71482
2048	3072	1	384	166	6.03305
2048	3072	1	336	222	2.60956
2048	3072	1	48	148	3.67481
2560	3072	1	218	486	0.00000
2560	3584	1	156	12	0.00000
2560	3584	1	60	62	1.17763
2560	3584	1	2	260	2.18878
2048	3584	1	390	310	0.99173
2560	3584	1	64	420	0.38795
2048	3584	1	468	464	4.01225
2048	3584	1	380	466	0.50273
2560	3584	1	260	240	0.00000
2560	3584	1	326	192	2.99546
2560	3584	1	440	158	2.68547
2560	3584	1	330	80	2.11221
2560	3584	1	224	112	1.52779
2560	3584	1	154	172	4.71431
2560	3072	1	282	448	0.25195
2560	3072	1	244	246	3.94129
2560	3072	1	248	310	0.68848
2560	3072	1	402	450	4.59341
2560	3584	1	418	8	0.86439
2560	3072	1	106	136	4.66789
2048	3072	1	502	102	3.43778
2560	3584	1	142	394	2.80312
2560	3584	1	284	406	4.17088
2560	3584	1	198	290	2.32506
2560	3584	1	344	308	0.91155
2560	3584	1	422	322	0.91080
2560	3584	1	458	410	1.05803
2560	3072	1	400	208	1.92597
2560	3072	1	412	128	0.82494
2560	3072	1	378	318	3.54719
2560	3072	1	480	374	4.40614
2560	3072	1	496	296	3.80992
2560	3072	1	344	58	3.41346
2560	3072	1	252	50	2.70512
2560	3072	1	498	106	2.86429
2048	3584	1	288	226	5.27045
2048	3072	2	166	482	0.00000
2048	3072	2	190	342	0.00000
2048	3584	2	138	218	0.00000
2560	3072	2	22	184	0.00000
2560	3072	2	132	80	0.00000
2560	3072	2	220	134	0.00000
2560	3072	2	84	230	0.00000
2048	3072	2	204	218	0.00000
2048	3072	2	314	430	0.00000
2560	3072	2	48	434	0.00000
2560	3072	2	352	250	0.00000
2048	3072	2	432	230	0.00000
2048	3584	1	318	463	0.00000
2560	3584	2	118	296	0.00000
2048	3072	1	40	272	1.64085
