1024	2048	1	126	250	3.13695
1024	2560	1	408	96	2.72610
1024	2048	1	486	484	3.80645
1024	2048	1	66	440	1.41846
1024	2560	2	86	214	0.00000
1024	2048	2	196	94	0.00000
1536	2048	2	20	36	0.00000
1024	2048	2	456	14	0.00000
1536	2048	2	238	150	0.00000
1536	2048	2	494	58	0.00000
1024	2560	2	196	292	0.00000
1536	2560	2	348	332	0.00000
1024	2560	2	348	442	0.00000
1024	2048	1	228	372	0.48386
1024	2048	1	460	236	2.97300
1536	2048	1	332	468	3.63714
1536	2048	2	186	394	0.00000
1536	2560	1	38	290	0.00000
1024	2560	1	486	182	0.33282
1536	2560	1	66	112	1.00713
1536	2560	1	460	142	0.00000
1536	2560	1	276	248	5.86371
1024	2560	1	256	44	0.96424
1024	2560	1	284	202	4.49552
1024	2560	1	188	144	4.10459
1536	2560	1	240	100	3.50557
1536	2048	1	304	80	0.00000
1536	2048	2	94	74	0.00000
1024	2048	1	228	192	2.24919
1024	2048	1	308	78	5.06116
1024	2560	1	82	108	1.76067
1536	2048	1	376	226	2.68376
1536	2048	1	172	212	1.78431
1536	2048	1	208	296	1.82200
1536	2048	1	410	348	3.66718
1536	2048	1	484	228	5.51702
1536	2048	1	482	420	4.05388
1024	2048	1	246	452	4.24307
1536	2048	1	186	60	3.92823
1536	2048	1	404	78	0.53155
1024	2560	1	126	366	1.20984
1024	2560	1	404	272	0.00000
1536	2048	1	184	478	2.65217
1536	2560	1	86	24	1.69863
1536	2560	1	158	198	5.45671
1536	2560	1	196	288	1.98355
1536	2560	1	70	426	4.88458
1024	2560	1	162	460	5.99317
1024	2560	1	248	448	2.68023
1024	2560	1	472	436	2.58957
1536	2560	1	222	398	2.32795
1536	2560	1	382	418	1.79760
1536	2560	2	512	344	0.00000
1536	2560	2	486	414	0.00000
1024	2560	2	22	316	0.00000
1024	2560	1	374	358	4.33137
1024	2560	1	44	438	1.82134
1536	2560	2	162	512	0.00000
1024	3072	1	280	162	5.02890
1024	3072	2	280	428	0.00000
1024	3072	1	152	230	0.83162
1024	3072	1	90	192	0.75941
1024	3072	1	94	64	2.77807
1024	3072	1	28	120	1.91893
1024	3072	1	204	380	5.91016
1024	3072	1	80	342	0.58889
1024	3072	1	14	246	0.00000
1024	3072	1	54	474	0.14050
1024	3584	1	122	74	5.86443
1024	3584	1	48	112	0.56343
1024	3584	1	208	20	5.85094
1024	3072	1	300	314	0.16801
1024	3072	1	234	274	0.26171
1024	3072	1	170	8	0.00000
1024	3072	1	388	280	5.30376
1024	3584	1	370	70	2.84499
1024	3072	1	380	464	5.49150
1024	3072	1	414	84	4.01791
1024	3072	1	470	194	4.92509
1536	3072	1	24	290	2.44910
1024	3072	2	454	408	0.00000
1024	3072	1	512	348	2.02442
1536	3072	1	14	106	2.60918
1536	3072	1	24	32	1.43411
1536	3072	1	150	44	0.86024
1536	3072	1	180	112	0.55601
1536	3072	1	128	198	4.48509
1536	3072	1	114	270	4.83130
1536	3072	1	254	100	3.08773
1536	3072	1	374	102	3.24118
1536	3072	1	448	12	1.26476
1536	3072	1	450	118	3.69670
1536	3072	1	512	266	2.91069
1536	3072	1	450	302	5.56862
1536	3072	1	264	310	5.54796
1536	3072	1	168	414	5.54818
1536	3072	1	78	442	2.22187
1536	3072	1	398	418	1.89908
1536	3072	1	314	440	3.77225
1536	3072	1	510	506	3.07047
1536	3584	1	102	28	5.12978
1536	3584	1	68	150	2.22717
1536	3584	1	228	86	5.58609
1536	3584	1	318	146	1.94595
1536	3584	2	450	100	0.00000
1024	3584	1	142	258	3.06253
1024	3584	1	230	210	6.07448
1024	3584	1	348	208	3.34636
1024	3584	1	30	512	1.98816
1536	3584	1	374	244	1.48189
1024	3584	1	490	222	2.22025
1024	3584	1	424	306	4.35096
1024	3584	1	250	354	0.86713
1024	3584	1	158	484	2.92903
1536	3584	1	78	340	0.68931
1536	3584	2	188	316	0.00000
1536	3584	1	426	412	0.00000
1536	3584	1	194	422	0.41177
1024	3584	1	298	440	4.63677
1536	3584	1	232	516	0.36710
1536	3584	1	364	516	0.00000
2048	2048	1	358	512	5.72204
2560	2048	1	76	368	5.30301
2048	2048	1	480	402	5.59539
2560	2560	1	38	126	2.61720
2560	2560	1	268	6	3.34835
2560	2560	1	276	358	0.39670
2560	2560	1	188	164	0.52874
2560	2048	1	390	270	0.00000
2048	2048	1	118	270	4.27276
2048	2048	1	370	124	1.08302
2560	2048	1	248	226	1.05700
2048	2048	1	126	384	1.86389
2048	2048	1	114	498	2.17175
2048	2560	1	344	370	1.89231
2048	2560	1	218	350	2.61238
2048	2560	1	56	330	0.88352
2048	2560	1	66	414	3.95604
2048	2560	1	192	478	4.81297
2560	2560	1	108	446	5.75133
2560	2560	1	216	308	3.58100
2560	2560	1	380	316	0.31146
2048	2560	1	230	92	1.50784
2048	2560	1	264	230	0.63660
2048	2560	1	402	124	4.21072
2048	2560	1	504	230	5.30572
2560	2048	1	314	114	0.00000
2048	2048	1	90	194	5.10493
2048	2048	1	212	128	5.65487
2048	2048	1	282	50	5.17186
2560	2048	1	52	192	2.56752
2560	2560	1	466	238	2.05137
2560	2560	2	144	290	0.00000
2560	2560	2	8	322	0.00000
2048	2560	2	446	324	0.00000
2048	2560	1	372	236	1.01161
2048	2560	1	64	112	0.54647
2048	2560	1	458	478	0.00000
2048	2560	1	314	492	5.15220
2560	2560	2	216	465	0.00000
2560	2560	2	312	482	0.00000
2560	2560	2	464	346	0.00000
2560	2560	1	408	450	3.24429
2048	2048	1	434	470	2.22768
2048	2048	1	246	274	0.00000
2560	2560	1	324	200	3.12406
2560	2560	2	438	112	0.00000
2560	2560	2	478	46	0.00000
2560	2048	1	264	330	4.50431
2560	2048	1	220	122	0.28391
2560	2048	2	466	195	0.00000
2560	2048	2	426	465	0.00000
2560	2048	2	360	399	0.00000
2560	2048	2	284	397	0.00000
2560	2048	2	500	335	0.00000
2048	2048	1	268	470	0.00000
2560	2560	1	140	26	2.26410
2560	2048	2	203	453	0.00000
2560	2560	1	382	28	4.76771
2560	2048	1	408	110	4.57800
2560	2048	1	44	12	4.22313
2560	2048	1	176	18	4.40554
2048	2048	1	468	114	0.00000
2048	2048	1	68	110	5.05348
2048	2560	2	232	162	0.00000
2048	2560	2	170	150	0.00000
2560	2048	1	508	450	4.20212
2560	2560	1	510	392	0.34365
3584	2560	1	144	512	2.44623
3072	2560	1	214	330	4.96555
3584	2560	1	290	356	0.67438
3584	2560	1	376	512	2.58841
3584	2560	1	146	382	1.63522
3584	2560	1	406	390	3.10967
3584	2560	1	490	490	5.93853
3584	2560	1	234	446	1.93334
3072	2560	1	98	444	4.05882
3072	2560	1	152	162	6.06761
3584	2560	1	230	344	2.59812
3584	2560	1	42	382	2.91593
3584	2560	1	242	238	4.84228
3584	2560	1	312	184	5.76260
3072	2560	1	402	404	5.68708
3584	2560	1	418	202	0.00000
3584	2560	1	492	300	4.79972
3072	2560	1	414	232	3.04812
3072	2560	1	50	214	4.81547
3072	2560	1	318	232	3.01091
3072	2560	1	488	60	0.68908
3072	2560	1	252	108	5.42759
3584	2560	1	64	264	3.04743
3072	2048	1	498	460	1.03358
3584	2560	1	174	284	2.29744
3584	2048	1	378	506	4.02567
3072	2560	1	484	270	3.17640
3584	2560	1	40	112	3.90746
3072	2560	1	350	132	0.00000
3072	2560	1	16	34	1.28984
3584	2560	1	198	174	4.42887
3584	2560	1	158	106	4.40902
3072	2560	1	116	86	0.93078
3072	2560	1	494	418	0.00000
3584	2560	1	476	98	5.12054
3584	2048	1	106	278	0.00000
3584	2048	1	286	334	5.10325
3584	2048	1	462	438	1.93016
3584	2048	1	484	352	5.47902
3584	2048	1	460	70	0.00000
3584	2048	1	354	222	5.19929
3072	2048	1	234	482	1.20682
3072	2560	1	418	68	3.00883
3072	2048	1	358	492	3.75218
3072	2560	2	434	112	0.00000
3584	2560	1	78	2	4.51076
3584	2048	1	82	424	5.16537
3072	2048	1	460	318	4.91678
3072	2048	1	370	372	1.95912
3072	2048	1	280	370	2.81428
3072	2048	1	108	478	1.76112
3072	2048	1	28	322	4.60162
3072	2048	1	10	422	4.57599
3072	2048	1	178	388	2.95289
3072	2048	1	322	246	5.25281
3584	2048	1	144	384	5.05221
3584	2048	1	242	232	2.18018
3584	2048	1	114	78	5.44438
3584	2048	1	252	82	3.85999
3584	2048	1	358	110	4.80305
3072	2560	2	30	136	0.00000
3072	2048	1	506	110	4.30750
3584	2048	1	50	18	0.96964
3072	2048	1	402	42	5.16111
3072	2048	1	124	0	6.22806
3072	2048	1	380	168	4.70439
3584	2048	1	22	206	3.38547
3072	2048	1	142	254	0.32541
3072	2048	1	224	122	3.96191
3072	2048	1	18	226	1.72225
3072	3584	1	210	494	0.76646
3072	3584	1	424	504	0.00000
3584	3584	1	140	422	0.42757
3072	3584	1	2	104	4.31709
3072	3584	1	38	508	3.00824
3584	3584	1	350	512	2.55474
3584	3584	1	140	170	2.59054
3072	3584	1	510	478	5.84333
3072	3584	1	22	414	0.74542
3072	3584	1	126	304	0.68860
3584	3584	1	296	212	0.24192
3584	3584	1	412	430	1.48566
3072	3584	1	402	374	1.08396
3072	3584	1	504	362	0.80968
3072	3584	1	166	374	3.73164
3072	3584	1	110	494	6.04191
3072	3584	1	340	288	3.30771
3072	3584	1	320	182	4.26771
3072	3584	1	206	194	4.83294
3072	3072	1	244	500	0.00000
3584	3584	1	182	322	2.01317
3072	3584	1	84	204	2.62378
3072	3072	1	138	502	1.87093
3072	3584	1	180	142	1.76731
3584	3584	1	418	92	0.00000
3584	3584	1	24	168	5.04580
3584	3584	1	234	130	4.67324
3072	3584	1	132	80	4.64295
3584	3584	1	46	262	4.51859
3072	3072	1	0	504	5.33428
3072	3584	1	36	268	2.54962
3584	3584	1	224	226	2.92804
3584	3584	1	288	54	1.87856
3072	3584	1	408	240	2.84705
3072	3584	1	400	116	4.98673
3072	3584	1	250	324	2.14263
3072	3584	1	262	426	0.79409
3584	3584	2	82	366	0.00000
3584	3072	1	362	504	0.43189
3584	3072	1	446	488	1.47449
3584	3584	1	128	78	4.41423
3072	3584	1	448	50	4.39845
3072	3584	1	274	74	3.86862
3072	3072	1	348	486	1.96157
3072	3072	1	480	404	1.11528
3584	3072	1	60	486	6.02085
3584	3072	1	138	464	2.86886
3584	3072	1	252	484	2.13196
3584	3072	1	350	416	0.59558
3584	3072	1	288	390	0.55860
3584	3072	1	238	356	3.80264
3584	3072	1	140	304	5.78057
3584	3072	1	86	316	5.90635
3584	3072	2	60	400	0.00000
3072	3072	1	486	484	0.84438
3072	3072	1	364	390	4.50983
3584	3584	1	512	94	2.02337
3584	3072	1	406	36	2.42291
3584	3072	1	512	242	5.54537
3584	3072	1	426	194	3.90217
3584	3072	1	364	76	5.74277
3584	3072	1	254	104	0.87054
3584	3072	1	310	202	5.53111
3584	3072	2	376	168	0.00000
3584	3072	1	458	302	3.62014
3584	3072	2	352	304	0.00000
3584	3072	1	250	266	1.26775
3584	3072	1	250	44	3.98023
3072	3072	1	402	88	6.21498
3072	3072	1	472	306	3.29685
3072	3072	1	160	372	4.15690
3072	3072	1	78	446	4.94483
3072	3072	1	170	196	0.24557
3072	3072	1	308	186	2.76952
3072	3072	1	176	58	0.00000
3072	3072	1	20	164	3.69782
3072	3072	1	96	246	2.62659
3584	3072	1	12	126	3.75662
3584	3072	1	164	202	2.43332
3584	3072	1	90	146	0.34080
3072	3072	1	478	12	5.39836
3584	3072	1	164	12	2.46862
3072	3072	1	272	300	5.88514
2048	3072	1	160	94	2.17137
2048	3072	1	70	148	0.26060
2048	3072	1	34	286	3.12770
2048	3072	1	110	274	0.40559
2048	3072	2	78	412	0.00000
2048	3584	1	12	6	2.92103
2048	3584	1	106	70	0.44568
2048	3584	1	84	354	0.95055
2048	3584	1	200	308	2.13537
2048	3584	1	100	448	0.27830
2048	3584	2	58	232	0.00000
2048	3584	2	130	218	0.00000
2048	3584	1	308	450	0.62251
2048	3584	1	182	496	5.20368
2048	3584	1	274	378	0.43219
2048	3584	1	208	196	1.57080
2048	3584	1	216	128	4.53063
2048	3072	2	198	324	0.00000
2048	3584	1	360	296	0.29237
2048	3584	1	440	330	6.23560
2048	3584	1	492	440	0.19118
2560	3584	1	32	512	2.79705
2560	3584	1	98	420	0.78125
2048	3584	1	274	206	0.49055
2048	3072	2	162	484	0.00000
2048	3072	1	324	342	6.02921
2048	3072	1	346	0	5.56740
2048	3072	1	452	14	0.06322
2048	3072	1	208	394	5.17208
2048	3072	2	300	446	0.00000
2048	3072	1	380	270	2.26747
2048	3072	1	376	142	5.76524
2048	3072	1	294	118	5.83597
2048	3072	1	512	224	1.40959
2560	3072	1	12	412	0.00000
2048	3584	1	380	106	0.71261
2560	3072	2	138	82	0.00000
2560	3072	1	254	0	2.85151
2560	3072	1	412	90	4.83488
2560	3072	1	392	2	3.15238
2560	3072	1	498	34	6.10333
2560	3072	2	344	244	0.00000
2560	3072	1	422	170	1.73595
2560	3072	1	288	170	3.30002
2560	3072	1	172	190	1.23065
2560	3072	1	226	292	1.59192
2560	3072	1	66	332	4.77329
2560	3072	1	476	314	2.11759
2560	3072	1	512	202	2.05224
2560	3072	1	512	484	5.63240
2560	3072	1	434	394	1.55232
2048	3072	1	480	404	3.11066
2048	3072	1	406	394	2.68018
2048	3584	2	370	18	0.00000
2560	3072	1	182	456	0.73587
2560	3584	1	34	30	1.54676
2560	3072	1	92	428	0.69989
2560	3584	1	170	44	1.00953
2560	3584	1	16	120	1.46771
2048	3584	1	448	236	2.08155
2560	3584	1	24	292	0.00000
2560	3584	1	430	36	1.91817
2560	3584	1	268	72	1.77619
2560	3072	2	246	488	0.00000
2560	3584	1	422	112	5.96956
2560	3584	1	332	166	1.89255
2560	3584	1	512	108	4.39543
2560	3584	1	174	220	2.00635
2560	3584	1	130	152	4.17078
2560	3584	1	160	290	5.31253
2560	3584	1	216	466	5.55807
2560	3584	1	248	442	5.53924
2560	3584	1	512	406	1.20351
2560	3584	1	368	446	2.82645
2560	3584	1	316	344	3.22666
2560	3584	1	420	330	1.34165
2560	3584	1	512	276	2.77248
2560	3584	1	452	234	1.39118
2560	3584	1	292	210	4.92908
2560	3072	2	338	442	0.00000
2560	3072	2	220	124	0.00000
2560	3584	1	138	482	5.72902
