1024	2048	1	94	70	2.80142
1024	2048	1	6	102	3.95192
1024	2048	1	118	266	1.66727
1024	2048	1	200	48	0.10308
1024	2048	1	256	0	0.00000
1024	2048	1	392	68	0.77783
1536	2048	1	16	0	0.00000
1024	2048	1	240	366	0.28427
1536	2048	1	256	66	5.48409
1536	2048	1	208	0	3.31131
1536	2048	1	492	98	3.24497
1536	2048	1	214	118	0.00000
1536	2048	1	102	186	0.00000
1024	2048	1	500	214	3.46809
1536	2048	1	44	296	3.39759
1536	2048	1	248	280	3.62811
1536	2048	1	358	156	5.19847
1536	2048	1	342	264	3.75551
1536	2048	1	380	380	4.59957
1536	2048	1	120	374	2.94373
1024	2048	1	232	494	1.14938
1024	2560	1	312	52	0.82314
1024	2560	1	82	140	3.35155
1024	2560	1	144	232	4.34201
1536	2048	1	76	510	1.90174
1024	2560	1	374	202	3.14159
1024	2560	1	298	320	4.42925
1024	2560	1	120	336	2.22221
1024	2560	1	76	374	5.14928
1024	2560	1	72	436	1.71507
1024	2560	1	164	512	0.97167
1024	2560	1	268	428	5.63619
1024	2560	1	380	512	2.79229
1024	2560	1	436	408	2.76965
1024	2560	1	496	110	0.31539
1536	2560	1	84	106	5.78451
1536	2048	1	202	426	2.95624
1536	2048	1	254	454	0.31417
1536	2560	1	184	86	1.22777
1536	2048	1	482	414	3.25352
1536	2560	1	306	72	3.45699
1024	2560	1	512	234	1.89123
1024	2560	1	484	288	5.22341
1536	2560	1	72	438	4.96676
1536	2560	1	160	304	2.32721
1536	2560	1	210	182	0.00000
1536	2560	1	390	180	4.70976
1536	2560	1	302	248	5.45657
1536	2560	1	384	54	3.57453
1536	2560	1	500	74	4.27001
1536	2560	1	378	324	0.51691
1536	2560	1	470	226	0.00000
1536	2560	1	358	512	5.31550
1536	2560	1	164	512	0.75238
1536	2560	1	436	392	3.85888
1536	2560	1	492	446	0.97252
1536	3584	1	338	502	5.73015
1536	3584	1	462	424	2.11006
1536	3584	1	512	358	2.39534
1536	3584	1	350	320	4.74081
1536	3584	2	250	268	0.00000
1536	3584	2	250	516	0.00000
1536	3584	2	252	364	0.00000
1536	3584	1	162	494	0.00000
1536	3584	1	40	484	0.39651
1024	3584	1	478	440	0.59426
1536	3584	1	170	290	0.00000
1536	3584	1	108	310	2.89141
1536	3584	1	472	42	4.09808
1536	3584	2	480	116	0.00000
1536	3072	2	378	454	0.00000
1024	3584	1	134	470	5.72980
1024	3584	1	84	276	0.48235
1024	3584	1	160	364	5.15476
1024	3584	1	266	384	5.73153
1024	3584	1	268	260	1.96788
1024	3584	1	386	290	0.23244
1024	3584	1	464	286	2.14615
1536	3584	1	40	188	2.81165
1536	3584	1	120	170	4.96106
1536	3584	1	188	154	2.15093
1536	3584	1	342	132	1.90362
1536	3584	1	366	2	5.09383
1536	3584	1	264	16	5.96045
1536	3584	1	222	72	5.72709
1536	3584	1	98	78	3.93774
1536	3072	1	98	456	3.33276
1536	3072	1	196	436	1.03123
1536	3072	1	286	264	0.00000
1024	3584	2	40	442	0.00000
1024	3584	1	432	104	2.15245
1024	3584	1	342	178	0.00000
1024	3584	1	246	64	1.02719
1024	3584	1	54	128	1.05218
1536	3072	1	484	432	2.63273
1536	3072	1	388	340	0.82473
1536	3072	1	512	246	2.44078
1536	3072	1	502	94	5.58895
1536	3072	1	364	6	5.34039
1536	3072	1	128	24	0.90540
1536	3072	1	198	78	1.10499
1536	3072	1	346	200	6.00489
1536	3072	1	414	158	3.32397
1536	3072	1	224	184	3.57400
1536	3072	1	204	302	3.51723
1536	3072	1	128	266	6.07523
1536	3072	1	18	196	0.00000
1024	3072	1	366	18	2.89125
1024	3072	2	472	34	0.00000
1024	3072	1	400	140	1.37124
1024	3072	1	282	84	5.59623
1024	3072	1	154	78	1.11189
1024	3072	1	156	4	1.25338
1024	3072	1	8	216	4.35362
1024	3072	1	158	168	0.38340
1024	3072	2	498	300	0.00000
1536	3584	2	20	50	0.00000
1024	3072	1	430	340	2.45751
1024	3072	1	328	256	0.00000
1024	3072	1	270	240	3.13479
1024	3072	1	198	290	0.00000
1024	3072	1	132	332	0.00752
1024	3072	1	254	422	0.86442
1024	3072	1	138	506	0.49935
1024	3072	1	54	458	3.47303
2560	2560	1	418	402	3.55266
2560	2560	1	160	378	0.36787
2048	2560	1	476	372	0.38832
2048	2560	1	328	250	0.89213
2560	2560	1	256	410	5.89362
2560	2560	1	312	206	5.24788
2560	2560	1	406	60	1.27714
2048	2560	1	368	118	0.00000
2560	2560	1	70	450	0.00000
2048	2560	1	372	298	0.86854
2560	2560	1	132	180	3.82966
2560	2048	1	384	400	5.31462
2560	2560	1	396	158	1.91020
2048	2560	1	492	192	2.20209
2048	2560	1	0	58	4.30750
2560	2560	1	210	260	4.92412
2048	2560	1	66	304	0.37868
2048	2560	1	510	262	5.26523
2048	2560	1	276	490	4.91042
2048	2560	1	322	132	5.23304
2048	2560	1	454	94	3.55528
2560	2560	1	176	44	0.00000
2048	2560	1	146	240	3.16989
2560	2560	1	512	134	3.09280
2048	2560	1	72	512	3.31227
2560	2560	2	470	324	0.00000
2048	2560	1	82	74	0.70557
2560	2560	1	252	42	3.12861
2048	2560	1	288	38	1.46879
2560	2560	2	308	476	0.00000
2048	2560	2	456	452	0.00000
2560	2560	2	12	474	0.00000
2048	2560	2	168	356	0.00000
2048	2560	2	192	422	0.00000
2048	2560	2	326	416	0.00000
2560	2048	2	286	392	0.00000
2048	2560	2	222	146	0.00000
2048	2560	2	160	148	0.00000
2048	2560	2	314	202	0.00000
2048	2048	2	216	502	0.00000
2048	2048	2	258	500	0.00000
2560	2560	2	16	162	0.00000
2048	2560	2	436	302	0.00000
2560	2048	1	326	476	5.49779
2560	2560	1	72	12	1.72740
2048	2048	1	382	442	4.92348
2560	2048	1	18	434	4.52817
2048	2048	1	112	468	2.21379
2048	2048	1	142	366	2.07193
2048	2048	1	278	302	0.00000
2560	2048	1	436	176	0.86630
2560	2048	1	448	318	0.64190
2560	2048	1	292	88	0.00000
2560	2048	1	374	162	4.01765
2560	2048	1	458	42	0.00000
2048	2048	1	176	106	0.00000
2048	2048	1	98	42	0.00000
2048	2048	1	62	198	0.00000
2048	2048	1	380	178	0.52807
2560	2048	1	28	200	5.94429
2560	2048	1	116	284	0.61232
2048	2048	1	482	298	5.62072
2560	2048	1	100	110	1.26423
2560	2048	1	38	38	1.40102
2560	2048	1	184	154	0.41333
2560	2048	1	324	306	1.46825
2560	2048	1	250	206	4.61810
2048	2048	1	164	242	5.55921
2048	2048	1	424	358	2.06119
2048	2048	2	450	162	0.00000
2560	2048	1	190	6	2.89661
3584	2560	1	444	382	0.99289
3584	2560	1	178	498	2.26426
3584	2560	1	220	512	3.74164
3584	2560	1	298	498	5.81954
3584	2560	1	462	512	5.73276
3584	2560	1	382	512	5.72449
3584	2560	1	334	296	2.26787
3584	2560	1	512	442	1.72125
3072	2560	1	260	334	3.33393
3584	2560	1	454	254	4.51283
3072	2560	1	380	114	0.80667
3584	2560	1	4	482	2.99574
3584	2560	1	438	184	4.56042
3584	2560	1	430	52	3.98575
3584	2560	1	326	202	3.63139
3072	2560	1	134	428	0.50486
3584	2560	1	212	354	0.47440
3072	2560	1	372	476	0.01117
3072	2560	1	366	394	5.21556
3072	2560	1	248	490	1.23065
3584	2560	1	148	358	3.37227
3072	2560	1	500	278	5.65962
3072	2560	1	142	188	0.66104
3072	2560	1	244	186	0.73731
3072	2560	1	334	248	3.50503
3584	2560	1	272	376	3.89070
3584	2048	1	388	448	2.76185
3584	2560	1	512	26	3.99951
3584	2560	1	292	68	4.12079
3584	2560	1	116	256	1.07685
3584	2048	1	274	482	1.76636
3584	2560	1	204	90	0.62450
3584	2560	1	228	218	6.24360
3584	2560	1	60	164	4.00003
3584	2560	1	116	42	4.19324
3072	2560	1	448	360	2.44457
3072	2560	1	508	76	4.53493
3584	2560	2	344	432	0.00000
3072	2560	2	324	20	0.00000
3072	2560	2	464	180	0.00000
3072	2560	2	442	148	0.00000
3072	2560	1	82	88	3.04137
3072	2560	1	188	8	1.56342
3072	2560	1	202	96	4.27186
3584	2048	1	74	402	3.89367
3584	2048	1	106	476	3.99944
3072	2048	1	446	444	2.70216
3072	2048	1	360	470	2.79029
3584	2048	1	220	264	4.84987
3584	2048	1	366	208	5.11463
3584	2048	1	464	58	0.00000
3584	2048	1	382	90	6.11856
3584	2048	1	264	94	3.97625
3584	2048	1	142	98	0.31949
3584	2048	1	226	0	0.00000
3584	2048	1	20	148	3.11528
3072	2048	1	394	86	4.16046
3072	2048	1	202	24	4.72480
3072	2048	1	92	42	0.00000
3072	2048	1	84	182	4.79913
3072	2048	1	214	114	4.51723
3584	2048	1	82	300	0.90583
3584	2048	1	450	204	4.99439
3072	2048	1	422	244	3.41460
3072	2048	1	340	352	2.02693
3072	2048	1	316	232	2.52574
3072	2048	1	476	308	3.19464
3072	2048	1	206	368	4.28192
3072	2048	1	22	272	4.81358
3072	2048	1	36	432	4.33482
3072	2048	1	212	450	1.13966
3072	2048	2	14	64	0.00000
3072	2560	2	10	12	0.00000
3584	3072	2	8	202	0.00000
3072	3072	2	240	446	0.00000
3072	3584	1	150	456	3.16964
3072	3584	1	368	468	5.72459
3072	3584	1	458	432	0.64117
3584	3584	1	52	448	5.69518
3584	3584	1	56	352	5.70263
3584	3584	1	266	436	5.52392
3584	3584	1	344	340	0.00000
3584	3584	1	288	250	0.00000
3584	3584	1	266	346	2.23665
3584	3584	1	142	446	2.67795
3584	3584	1	154	356	2.71054
3584	3584	1	454	380	4.44939
3072	3584	1	104	314	0.32074
3072	3584	1	232	290	0.89606
3072	3584	1	92	194	1.00407
3072	3584	1	366	328	4.28954
3584	3584	1	448	280	2.42221
3584	3584	1	376	184	2.72402
3584	3584	1	224	202	0.00000
3584	3584	1	142	142	0.00000
3584	3584	1	50	200	0.00000
3072	3584	1	484	228	3.09132
3072	3584	1	342	208	0.36717
3072	3584	1	432	176	0.61404
3072	3584	1	226	224	1.01564
3072	3072	1	74	448	0.32175
3072	3584	1	42	102	6.10503
3072	3584	1	276	88	1.00407
3072	3584	1	422	56	2.06165
3584	3584	1	56	42	0.14370
3584	3584	1	228	84	2.52262
3584	3584	1	462	192	5.55037
3584	3584	1	430	54	0.41810
3584	3584	1	338	84	3.53599
3584	3072	1	392	476	0.40489
3584	3072	1	308	508	0.59421
3584	3072	1	140	512	1.38457
3584	3072	1	474	388	0.00000
3072	3072	1	420	422	2.91912
3072	3072	1	474	460	2.96104
3584	3072	1	158	430	4.40900
3584	3072	1	230	474	3.16157
3584	3072	1	302	418	1.84396
3072	3072	1	128	252	1.61711
3072	3072	1	144	188	4.63770
3072	3072	1	280	250	3.82678
3072	3072	1	282	354	3.97420
3072	3072	1	432	274	4.20172
3072	3072	1	500	302	3.82363
3584	3072	1	30	382	2.86892
3584	3072	1	90	332	2.98894
3584	3072	1	238	282	5.64342
3584	3072	1	426	320	3.41144
3584	3072	1	404	240	0.42142
3584	3072	1	114	254	2.01860
3072	3072	1	452	138	0.00000
3584	3072	1	78	136	0.37455
3584	3072	1	178	198	2.32103
3584	3072	1	316	188	1.18462
3584	3072	1	334	118	4.55101
3584	3072	1	252	90	4.25967
3072	3072	1	72	68	3.08284
3584	3072	1	398	74	5.88674
3584	3072	1	336	346	1.72243
3584	3584	1	476	22	5.92035
3072	3072	1	314	418	3.82130
3584	3072	1	114	52	1.77713
3584	3584	1	462	466	1.26198
3072	3072	1	182	482	2.68440
2560	3072	1	264	46	2.00641
2560	3072	1	400	126	5.55737
2560	3072	1	422	12	5.66682
2560	3072	1	78	88	2.51455
2048	3072	1	496	98	0.32175
2048	3072	1	418	78	2.75588
2048	3072	1	124	118	0.71822
2048	3072	1	226	162	5.09862
2048	3072	1	314	194	6.20228
2048	3072	2	226	272	0.00000
2048	3072	2	272	280	0.00000
2560	3072	2	230	132	0.00000
2560	3072	2	136	76	0.00000
2560	3072	2	94	228	0.00000
2560	3072	2	346	238	0.00000
2048	3072	2	202	8	0.00000
2048	3072	2	314	434	0.00000
2048	3584	2	372	24	0.00000
2560	3072	2	90	438	0.00000
2048	3072	2	166	480	0.00000
2048	3072	1	452	234	1.34617
2048	3072	1	466	316	5.01521
2048	3072	1	316	346	0.60968
2048	3072	1	174	398	4.85818
2048	3072	1	182	332	1.41990
2048	3072	1	102	294	0.77774
2048	3584	1	216	32	5.55158
2048	3584	1	128	32	2.74925
2048	3584	1	52	84	1.14984
2560	3584	1	22	110	0.36959
2048	3072	1	512	452	0.47549
2048	3072	1	392	404	0.44103
2560	3072	1	172	284	4.59196
2560	3072	1	168	356	4.41439
2560	3072	1	272	246	3.47396
2560	3072	1	430	304	3.71198
2560	3072	1	162	470	0.00000
2560	3584	1	92	12	2.12178
2560	3072	1	228	476	6.00141
2560	3072	1	346	442	5.10563
2560	3584	1	286	48	2.83149
2560	3584	1	178	96	3.98522
2560	3584	1	264	156	4.97469
2560	3584	1	420	180	2.23318
2560	3584	1	472	118	5.21716
2048	3584	1	378	174	1.67658
2560	3584	1	32	200	0.62637
2560	3584	1	80	242	3.51045
2560	3584	1	202	202	2.12514
2560	3584	1	190	300	2.14302
2560	3584	1	150	362	4.87754
2560	3584	1	300	274	0.00000
2560	3584	1	394	282	0.00000
2560	3584	1	512	262	2.19267
2560	3584	1	456	316	3.66394
2048	3584	1	440	308	6.07542
2048	3584	1	294	314	0.08509
2048	3584	1	236	308	0.00000
2048	3584	2	182	268	0.00000
2048	3072	2	40	382	0.00000
2048	3072	1	0	70	5.60183
2048	3072	2	82	6	0.00000
2048	3584	1	188	198	1.23738
2048	3584	1	52	178	5.00385
2048	3584	1	64	260	4.20929
2048	3584	1	8	382	5.27624
2048	3584	1	260	470	4.46741
2048	3584	1	166	484	5.96895
2560	3584	1	244	458	0.00000
2560	3584	1	354	404	5.58190
2560	3584	1	488	406	4.92613
2560	3584	1	10	378	4.43649
2560	3584	1	50	448	4.65124
2048	3584	1	348	496	0.00000
