1024	2048	1	70	122	3.76957
1024	2048	1	380	0	3.28111
1024	2048	2	258	8	0.00000
1024	2048	2	194	94	0.00000
1024	2048	2	444	8	0.00000
1536	2048	2	14	28	0.00000
1024	2048	1	62	346	6.11360
1024	2048	1	254	212	3.52319
1536	2048	1	178	38	6.00165
1536	2048	1	246	34	6.11187
1536	2048	1	368	0	3.86077
1536	2048	2	486	54	0.00000
1536	2048	1	226	130	5.99798
1024	2048	1	486	224	3.59387
1536	2048	1	356	112	4.02033
1024	2048	1	238	376	0.26331
1536	2048	1	292	262	2.23677
1536	2048	1	512	280	0.26917
1536	2048	1	110	454	5.34469
1536	2048	2	256	344	0.00000
1024	2560	1	250	52	1.02153
1024	2560	1	448	48	2.08098
1536	2048	1	352	434	3.57279
1536	2560	1	230	12	3.34545
1536	2560	1	92	116	0.67474
1536	2048	1	450	508	4.37772
1024	2560	2	78	184	0.00000
1024	2560	1	186	188	2.47800
1024	2560	1	354	248	2.49228
1024	2560	1	438	240	2.23036
1536	2560	1	142	212	0.20622
1536	2560	1	46	216	1.98500
1536	2560	1	316	104	4.19817
1536	2560	1	454	130	2.93490
1536	2560	1	282	260	5.81064
1536	2560	1	370	280	0.47754
1024	2560	2	192	284	0.00000
1024	2560	1	320	310	5.31273
1024	2560	1	20	270	2.11755
1024	2560	1	116	292	2.44722
1536	2560	1	40	354	2.11268
1536	2560	1	502	354	2.15247
1536	2560	1	172	354	2.77190
1536	2560	1	268	408	5.67303
1536	2560	2	474	410	0.00000
1024	2560	1	108	408	2.16045
1024	2560	1	118	492	1.74751
1024	2560	1	212	386	3.16287
1024	2560	2	344	444	0.00000
1024	2560	1	286	420	0.00000
1024	2560	1	422	452	3.55075
1536	2560	1	64	428	5.12546
1536	2560	1	188	472	1.70677
1536	2560	1	388	430	2.07328
1536	2560	1	372	512	0.97902
1536	2560	1	48	512	2.15286
1024	2560	1	252	512	3.75384
1536	2560	1	462	512	0.76293
1024	3072	1	314	108	5.90268
1024	3072	1	184	146	5.20435
1024	3072	1	96	86	3.38047
1024	3072	1	226	48	3.95574
1024	3072	1	56	216	0.49869
1024	3072	1	110	230	4.10487
1024	3072	1	250	212	5.19500
1536	3072	1	4	144	6.17003
1024	3072	1	222	348	3.66094
1024	3072	1	46	324	4.62054
1536	3072	1	194	74	0.98615
1024	3072	1	450	190	0.38788
1024	3072	1	332	276	0.53916
1536	3072	1	44	396	0.00000
1536	3072	1	240	126	3.34163
1536	3072	1	300	222	0.00000
1536	3072	1	128	300	1.31287
1536	3072	1	454	280	6.24274
1536	3072	1	388	322	2.78860
1536	3072	1	122	174	4.86204
1536	3072	1	224	250	2.08039
1536	3072	1	70	32	2.55359
1536	3072	1	278	356	5.48977
1024	3072	1	440	420	2.40878
1536	3072	1	158	430	5.49414
1024	3072	1	474	380	2.21543
1024	3072	1	86	404	4.78436
1536	3072	1	296	462	5.45236
1024	3584	1	292	12	2.25708
1024	3072	1	54	510	0.57430
1024	3584	1	130	10	0.33680
1024	3584	1	206	110	0.22208
1024	3072	1	408	504	2.79850
1024	3584	1	360	138	1.42499
1024	3584	1	480	88	3.94253
1536	3584	1	130	32	3.50652
1536	3584	1	192	42	0.00000
1536	3584	1	418	90	0.00000
1536	3584	1	164	302	2.83651
1536	3584	1	50	230	1.30085
1536	3584	1	292	186	1.35853
1536	3072	1	430	504	4.22944
1536	3584	1	320	34	1.83950
1536	3584	1	302	478	0.00000
1536	3584	1	466	360	2.26821
1536	3584	1	140	404	0.00000
1536	3584	1	454	240	4.05388
1536	3584	1	464	510	5.90628
1536	3584	1	66	414	0.00000
1536	3584	1	386	386	5.28746
1536	3584	1	270	296	2.77084
1536	3584	1	210	462	0.22386
1024	3584	1	374	260	1.89848
1024	3584	1	310	334	5.29363
1024	3584	1	488	352	1.19321
1024	3584	1	164	288	0.44700
1536	3584	1	2	148	4.51530
1024	3584	1	120	406	1.41722
1024	3584	1	470	452	0.62716
1024	3584	1	232	438	0.76750
1024	3584	1	56	310	3.15527
1536	3584	2	474	108	0.00000
1536	3072	2	340	76	0.00000
1536	3072	2	468	66	0.00000
1024	3072	2	0	112	0.00000
1024	3072	2	470	34	0.00000
1024	3072	2	502	306	0.00000
1536	3072	2	314	22	0.00000
1024	3584	2	20	102	0.00000
1024	3584	2	48	458	0.00000
1536	3584	2	260	376	0.00000
1024	3584	2	30	516	0.00000
1536	3072	2	388	428	0.00000
1024	3072	2	64	12	0.00000
2560	2560	1	436	454	4.00127
2048	2560	1	308	140	6.19773
2560	2560	1	382	352	3.75527
2560	2560	1	76	492	2.58299
2560	2560	1	294	320	0.23342
2560	2560	1	286	170	5.39356
2560	2560	1	354	104	2.51619
2560	2560	1	484	114	5.34720
2048	2560	1	224	66	3.92699
2560	2560	1	170	336	0.06407
2560	2048	1	484	484	3.24647
2560	2048	1	390	480	3.01479
2560	2560	2	466	332	0.00000
2560	2560	2	310	480	0.00000
2560	2560	2	458	272	0.00000
2048	2560	2	322	426	0.00000
2048	2560	2	176	364	0.00000
2048	2560	2	204	424	0.00000
2048	2560	2	176	148	0.00000
2048	2560	2	344	44	0.00000
2048	2560	2	414	56	0.00000
2560	2560	2	24	164	0.00000
2048	2560	2	46	366	0.00000
2560	2560	1	14	68	0.00000
2560	2048	1	50	506	4.20324
2048	2560	1	340	310	0.00000
2048	2560	1	162	270	0.72425
2048	2560	2	218	144	0.00000
2048	2560	2	442	328	0.00000
2560	2560	1	112	156	2.17028
2560	2560	1	238	88	0.86149
2560	2560	1	14	324	0.00000
2048	2560	1	120	458	5.63552
2048	2560	1	480	440	1.09767
2560	2560	1	408	234	1.03989
2048	2560	1	72	24	0.00000
2048	2048	1	114	510	0.00000
2560	2048	1	498	314	0.57407
2048	2048	1	370	458	4.45525
2048	2048	1	290	292	0.00000
2560	2048	1	66	352	5.43797
2048	2048	1	480	404	5.65221
2560	2048	1	418	234	3.49774
2560	2048	1	360	382	1.55500
2560	2048	1	114	250	6.07209
2560	2048	1	316	78	0.00000
2560	2048	1	242	396	0.00000
2560	2048	1	482	0	3.68201
2560	2048	1	414	54	2.78658
2560	2048	1	188	192	5.24005
2560	2048	1	176	80	0.49116
2560	2048	1	194	146	4.84792
2048	2048	1	438	90	0.28765
2560	2048	1	2	218	2.08703
2560	2048	1	68	112	3.16270
2048	2048	1	332	6	0.86217
2048	2048	1	184	80	4.33188
2048	2048	1	108	152	0.00000
2048	2048	1	42	92	3.88701
2048	2048	1	56	420	1.20362
2048	2048	1	204	330	3.05093
2048	2048	1	230	128	1.01362
2048	2048	1	20	258	0.42173
2560	2048	1	186	296	3.52272
2560	2048	1	240	206	5.41796
3584	2560	1	408	176	4.23231
3072	2560	1	376	42	1.48520
3072	2560	1	144	144	1.25656
3072	2560	1	284	178	5.97858
3072	2560	1	184	276	3.10589
3584	2560	1	54	16	5.89057
3072	2560	1	506	12	2.58342
3584	2560	1	30	148	5.37559
3072	2560	1	512	432	5.22615
3584	2560	1	30	512	2.07761
3072	2560	1	268	336	3.11619
3584	2560	1	172	88	3.31778
3072	2560	1	458	334	1.03521
3072	2560	1	332	174	5.46923
3072	2560	1	102	370	3.28039
3072	2560	1	366	286	3.85972
3072	2560	1	10	454	3.23971
3584	2560	1	278	214	2.86106
3072	2560	1	288	472	2.07657
3072	2560	1	10	278	4.64691
3584	2048	1	320	452	4.41208
3584	2560	1	278	82	3.11639
3584	2560	1	416	72	3.90246
3584	2560	1	284	512	2.56036
3584	2560	1	70	324	0.99289
3072	2560	2	440	114	0.00000
3584	2560	2	398	236	0.00000
3584	2560	2	358	136	0.00000
3584	2560	2	352	450	0.00000
3072	2560	2	464	188	0.00000
3584	2560	1	152	378	2.09702
3072	2560	1	406	460	1.86785
3584	2560	2	246	322	0.00000
3584	2560	1	300	348	3.46334
3584	2560	1	428	308	3.47047
3584	2048	1	112	382	0.80136
3584	2560	1	396	406	6.07271
3584	2560	1	492	376	3.17384
3584	2560	1	486	512	2.76904
3072	2560	1	172	402	5.88365
3072	2560	1	250	66	2.40647
3072	2048	1	86	482	2.41933
3072	2560	1	60	68	1.59614
3072	2048	1	180	476	0.00000
3072	2560	2	172	90	0.00000
3072	2048	1	242	394	5.20280
3584	2048	1	366	230	5.38770
3584	2048	1	378	90	6.10951
3584	2048	1	464	56	0.00000
3584	2048	1	250	100	4.14177
3584	2048	1	228	292	5.29547
3584	2048	1	132	114	0.00000
3584	2048	1	70	258	3.56301
3072	2048	1	488	374	1.69063
3072	2048	1	380	436	3.34578
3072	2048	1	114	324	3.83389
3072	2048	1	96	236	4.20000
3072	2048	1	50	88	5.60600
3072	2048	1	370	224	1.60500
3072	2048	1	306	298	1.61104
3072	2048	1	412	130	4.71621
3072	2048	1	446	46	4.80947
3072	2048	1	304	94	3.69198
3072	2048	1	186	52	3.33899
3072	2048	1	484	266	3.67210
3584	2048	1	66	176	5.02118
3072	3072	1	182	228	1.42781
3072	3072	1	164	152	4.26746
3072	3072	1	340	196	1.41758
3072	3072	1	406	82	5.97641
3072	3072	1	484	170	0.60780
3072	3072	1	288	60	4.80813
3072	3072	1	144	42	0.00000
3072	3072	1	66	100	3.68715
3072	3072	1	226	322	1.60637
3072	3072	1	342	364	3.86113
3584	3072	1	8	298	1.54906
3584	3072	1	142	186	2.00570
3584	3072	1	170	300	2.05331
3584	3072	1	156	350	1.93940
3072	3584	1	272	36	0.00000
3072	3072	1	130	386	1.87784
3072	3072	1	44	336	4.32188
3072	3072	1	112	496	1.92217
3072	3584	1	106	184	0.00000
3072	3584	1	194	94	0.38538
3072	3584	1	80	76	0.95841
3072	3584	1	170	254	5.81569
3072	3584	1	316	178	5.65173
3072	3584	1	408	112	0.00000
3584	3584	1	14	180	1.30868
3072	3584	1	506	126	1.07685
3584	3584	1	20	38	3.93709
3072	3072	1	446	440	4.04869
3584	3584	1	212	88	2.79353
3584	3584	1	430	358	6.12736
3072	3584	1	280	344	2.80979
3072	3584	1	424	358	1.44608
3584	3584	1	284	186	0.78540
3584	3584	1	82	218	1.14119
3584	3584	1	154	132	5.68314
3072	3584	1	74	464	0.81909
3072	3584	1	126	344	5.78374
3072	3584	1	256	426	4.39788
3072	3584	1	240	502	4.84184
3584	3584	1	396	254	0.57430
3584	3584	1	342	216	0.87566
3584	3072	1	184	508	2.14942
3584	3584	1	264	52	2.85761
3584	3072	1	200	414	1.31251
3072	3584	1	48	378	3.77328
3072	3072	1	0	232	4.52704
3584	3072	1	282	466	4.60480
3584	3584	1	348	30	5.40086
3584	3584	1	364	114	1.71592
3584	3072	1	418	496	1.22497
3584	3072	1	350	420	1.59771
3584	3072	1	290	138	5.55329
3584	3072	1	234	246	5.20881
3584	3072	1	248	186	5.21277
3584	3072	1	308	334	3.38954
3584	3072	1	372	294	2.60623
3584	3072	1	506	248	0.00000
3584	3584	1	494	270	2.39380
3584	3584	1	492	176	2.20060
3584	3584	1	508	128	2.03319
3584	3072	1	380	196	3.27712
3584	3072	1	434	294	5.98469
3584	3072	1	196	66	0.00000
3584	3072	1	6	16	1.40703
3584	3072	1	442	76	3.08178
3584	3072	1	378	70	3.00419
3584	3072	1	304	50	2.92658
3072	3072	2	240	462	0.00000
3072	3072	2	426	252	0.00000
3584	3584	1	22	384	0.36405
3584	3584	1	156	458	0.00000
3584	3584	1	90	438	0.00000
3072	3584	1	398	472	4.45875
3584	3072	2	108	92	0.00000
2048	3072	1	366	372	0.00000
2048	3072	2	168	486	0.00000
2048	3072	1	290	372	0.27512
2048	3584	1	340	138	0.51196
2048	3584	1	182	156	0.00000
2048	3584	1	64	166	0.65677
2048	3072	1	464	488	0.00000
2560	3584	1	144	28	0.00000
2048	3072	1	304	184	5.05242
2048	3072	1	146	94	2.17231
2560	3072	1	8	324	3.93320
2560	3072	1	168	302	1.35539
2560	3072	1	150	162	4.68455
2048	3584	1	264	102	0.54437
2048	3072	1	274	494	1.58067
2048	3072	1	192	400	5.09951
2048	3072	1	260	292	4.22293
2048	3072	1	56	104	5.24419
2048	3072	1	392	236	5.26471
2048	3072	1	472	188	2.71679
2048	3072	1	296	114	5.69875
2048	3072	1	422	52	1.57541
2560	3072	1	50	80	4.36408
2560	3072	2	132	92	0.00000
2560	3072	2	220	134	0.00000
2560	3072	2	348	248	0.00000
2048	3584	1	290	270	5.87558
2048	3584	1	346	268	0.00000
2048	3584	1	412	230	0.67081
2048	3584	1	480	286	0.00000
2560	3584	1	30	204	2.45334
2048	3584	1	460	90	2.42726
2560	3584	1	88	146	2.38339
2560	3072	2	36	441	0.00000
2560	3072	2	114	411	0.00000
2048	3072	2	76	311	0.00000
2048	3072	2	20	179	0.00000
2048	3072	2	110	99	0.00000
2560	3584	1	192	270	2.17312
2560	3584	1	254	200	2.68999
2560	3584	1	284	26	3.63397
2560	3072	1	226	486	0.00000
2560	3072	1	224	378	1.64202
2560	3072	2	92	237	0.00000
2560	3072	2	8	173	0.00000
2560	3072	1	254	26	4.90920
2560	3072	1	442	70	5.54744
2560	3072	1	356	154	4.55365
2560	3072	1	472	246	4.70501
2560	3072	1	288	266	5.78329
2560	3072	1	374	340	0.52690
2560	3072	1	430	390	3.61825
2560	3584	1	364	40	3.12741
2560	3584	1	352	140	1.77593
2560	3584	1	352	224	1.96975
2560	3584	1	330	370	0.58231
2048	3584	2	102	278	0.00000
2560	3072	1	476	480	3.94008
2048	3584	1	112	46	1.84604
2560	3584	1	480	200	1.91377
2560	3584	1	500	50	0.42423
2560	3584	1	482	120	2.29561
2560	3584	1	38	390	0.46156
2560	3584	1	454	356	2.16351
2048	3584	1	208	338	5.79544
2560	3584	1	166	424	0.00000
2560	3584	1	446	456	1.32925
2560	3584	1	284	468	1.12691
2048	3584	1	146	436	0.00000
2048	3584	1	262	432	0.00000
2560	3584	1	376	416	0.00000
2048	3584	2	410	450	0.00000
2048	3584	2	66	404	0.00000
2560	3584	1	484	276	1.48220
