1024	2048	1	122	246	1.10374
1024	2048	1	106	74	0.78955
1024	2048	1	46	168	2.09184
1024	2048	2	210	74	0.00000
1024	2048	1	376	190	1.87043
1536	2048	1	10	12	0.00000
1536	2048	1	228	138	0.00000
1536	2048	1	256	74	5.49152
1536	2048	1	390	234	2.54472
1536	2048	2	500	66	0.00000
1536	2048	1	82	226	5.76979
1024	2048	1	446	378	3.50036
1536	2048	1	12	370	3.27796
1536	2048	1	152	338	1.04752
1024	2048	1	212	364	0.35659
1024	2560	1	232	4	0.77727
1024	2560	1	304	54	0.69846
1024	2560	1	434	82	3.36490
1536	2560	1	12	10	5.38618
1536	2048	1	136	484	1.66474
1536	2048	1	274	240	5.70221
1536	2048	1	374	378	0.48833
1536	2048	1	202	354	5.23539
1536	2048	1	240	438	1.51087
1024	2560	1	160	132	4.90796
1024	2560	1	34	26	2.43934
1536	2048	1	432	428	0.71654
1536	2560	1	156	94	4.37765
1536	2560	1	278	114	1.57080
1536	2560	1	332	14	0.95637
1536	2560	1	454	40	1.41128
1536	2560	1	512	90	1.06370
1536	2560	1	208	214	5.99198
1536	2560	1	428	246	0.22139
1536	2560	1	430	424	0.00000
1536	2560	1	494	234	3.48263
1536	2560	1	308	262	5.49779
1536	2560	1	238	340	0.75155
1536	2560	1	148	326	0.39306
1536	2560	1	48	212	2.04003
1024	2560	1	466	264	1.74404
1024	2560	1	308	178	1.24459
1536	2560	1	18	364	5.08697
1536	2560	1	64	478	1.48183
1024	2560	1	346	306	3.54330
1024	2560	1	250	314	0.58986
1024	2560	1	42	432	3.69462
1024	2560	1	96	486	3.57135
1024	2560	1	206	438	3.75547
1024	2560	1	258	488	0.85063
1024	2560	1	66	162	2.09029
1024	2560	1	414	422	5.22754
1536	2560	1	350	512	5.02662
1536	2560	1	512	396	5.66543
1536	2560	1	98	512	1.48279
1024	2048	2	260	18	0.00000
1024	2560	2	362	446	0.00000
1024	2560	2	184	300	0.00000
1024	2560	1	66	240	1.65428
1536	2560	1	386	152	0.78540
1024	3072	1	122	56	0.86112
1024	3072	1	180	92	0.88507
1024	3072	1	230	148	4.35250
1024	3072	1	326	38	0.82619
1024	3072	1	322	240	6.11550
1024	3072	1	264	232	5.94046
1024	3072	1	154	256	5.69184
1024	3072	1	74	294	3.85087
1024	3072	1	32	172	1.17720
1024	3072	1	250	346	5.63968
1024	3072	1	132	362	4.37095
1024	3072	1	500	196	6.11580
1024	3072	2	380	184	0.00000
1536	3072	1	52	142	5.54144
1536	3072	1	104	28	1.23089
1536	3072	1	34	316	0.71176
1536	3072	1	192	308	5.25458
1536	3072	1	216	78	4.36206
1536	3072	1	352	18	4.75928
1536	3072	1	374	176	2.85740
1536	3072	1	458	140	5.19897
1536	3072	1	308	266	0.07820
1536	3072	2	412	318	0.00000
1536	3072	1	474	250	4.49575
1536	3072	1	434	390	1.28039
1024	3072	1	50	488	4.02953
1024	3584	1	82	42	0.78540
1024	3072	1	236	466	1.04473
1024	3072	1	342	474	0.99709
1536	3072	1	8	492	2.21556
1536	3072	1	102	488	3.47589
1536	3072	1	186	436	3.29110
1536	3072	1	270	450	0.72609
1536	3584	1	446	8	0.14943
1536	3072	2	372	466	0.00000
1536	3584	1	296	12	0.59512
1536	3584	2	370	56	0.00000
1536	3584	2	466	126	0.00000
1536	3584	2	512	38	0.00000
1536	3584	1	350	128	1.29250
1536	3584	1	192	80	5.83708
1536	3584	1	124	120	2.88469
1024	3584	1	462	50	5.63405
1024	3584	1	290	78	3.97268
1024	3584	1	194	84	0.82024
1024	3584	1	94	146	0.44059
1024	3584	1	260	186	5.01165
1024	3584	1	452	212	5.29552
1536	3584	1	96	250	0.97914
1536	3584	1	172	298	0.42483
1536	3584	1	338	294	0.47835
1536	3584	1	488	222	0.00000
1024	3584	1	164	284	0.84090
1024	3584	1	50	312	5.46749
1024	3584	1	340	312	6.09399
1024	3584	1	94	480	5.82767
1536	3584	1	76	474	0.46624
1536	3584	1	44	402	0.64350
1024	3584	1	448	376	0.39281
1536	3584	1	408	364	0.14118
1536	3584	1	484	440	5.98126
1536	3584	1	194	456	0.30031
1536	3584	1	326	480	5.84635
1024	3072	2	352	340	0.00000
1024	3072	2	470	36	0.00000
1536	3584	2	254	268	0.00000
2048	2560	1	140	488	0.00000
2560	2560	1	212	72	1.25300
2560	2560	1	132	214	3.12738
2560	2560	1	212	264	2.81236
2048	2560	1	436	234	1.60461
2560	2560	1	248	168	2.01482
2560	2560	1	54	284	0.00000
2560	2560	1	512	162	0.79441
2560	2560	1	128	36	4.02378
2560	2560	1	498	28	0.33502
2560	2560	1	126	400	5.40891
2560	2560	1	42	70	3.07463
2560	2560	1	470	406	4.77533
2560	2560	1	496	510	2.13698
2560	2560	1	368	512	0.91595
2048	2560	1	96	512	1.82447
2048	2560	1	326	384	4.43706
2048	2560	1	304	304	4.20753
2048	2560	1	366	498	0.00000
2048	2560	1	86	252	0.41223
2560	2560	1	270	442	1.67622
2048	2560	1	262	488	3.70662
2560	2560	1	34	438	2.24120
2560	2560	1	512	288	0.53496
2560	2560	1	324	292	4.34353
2048	2560	1	202	262	1.22040
2560	2048	1	390	446	0.00000
2560	2048	1	452	488	0.21498
2560	2560	1	406	120	0.20402
2048	2560	1	38	142	4.12547
2048	2560	1	14	402	6.00902
2048	2560	2	204	512	0.00000
2048	2560	2	192	420	0.00000
2048	2560	2	160	370	0.00000
2048	2560	2	464	478	0.00000
2048	2560	2	442	320	0.00000
2048	2560	2	328	216	0.00000
2560	2560	2	18	168	0.00000
2560	2560	2	462	334	0.00000
2048	2560	1	462	86	3.44009
2048	2560	1	218	56	4.34073
2048	2560	1	310	138	5.44466
2048	2560	1	0	94	0.93880
2048	2560	2	166	162	0.00000
2048	2560	2	232	158	0.00000
2048	2560	1	66	6	1.86427
2048	2560	2	410	54	0.00000
2048	2560	2	378	102	0.00000
2048	2048	2	234	436	0.00000
2048	2048	2	214	510	0.00000
2048	2048	1	42	426	5.66332
2048	2048	1	150	410	4.56717
2048	2048	1	60	328	5.51311
2048	2048	1	128	266	5.74870
2048	2048	1	246	302	0.00000
2048	2048	1	336	430	4.19030
2048	2048	1	412	490	4.35600
2560	2048	1	92	410	0.00000
2560	2048	1	208	400	1.86969
2560	2048	1	330	438	3.36507
2560	2048	1	254	510	4.58803
2560	2048	1	496	332	1.21488
2560	2048	1	474	272	1.52371
2560	2048	1	504	166	0.90975
2560	2048	1	182	260	2.61471
2560	2048	1	188	170	5.46284
2560	2048	1	314	230	4.33285
2560	2048	1	232	60	2.68123
2560	2048	1	484	52	3.16936
2560	2048	1	420	48	0.00000
2560	2048	1	368	44	0.00000
2560	2048	1	304	96	0.00000
2560	2048	1	14	244	3.05653
2560	2048	1	118	96	4.71292
2048	2048	1	468	166	0.56673
2048	2048	2	502	58	0.00000
2048	2048	1	394	90	1.05087
2048	2048	1	312	20	3.09511
2048	2048	1	266	122	2.62245
2048	2048	1	158	176	4.61094
2048	2048	1	58	100	1.72450
2048	2048	1	164	88	2.82755
3072	2048	1	84	58	3.62929
3072	2048	1	198	38	3.98820
3072	2048	1	84	280	2.77593
3072	2048	1	240	110	1.12901
3072	2048	1	390	58	2.71190
3584	2048	1	476	54	0.00000
3584	2048	1	386	74	5.85517
3584	2048	1	154	104	0.00000
3072	2048	1	500	76	4.84439
3584	2048	1	214	0	0.00000
3584	2048	1	252	94	3.44836
3584	2048	1	370	208	5.26195
3584	2048	1	466	368	1.36141
3072	2048	1	332	136	1.87068
3072	2048	1	412	230	4.98215
3584	2048	1	30	216	5.32881
3584	2048	1	162	284	4.50210
3072	2048	1	414	302	4.90263
3072	2048	1	348	342	1.58077
3072	2048	1	154	372	4.99519
3072	2048	1	14	490	1.02306
3584	2048	1	240	354	3.91161
3584	2048	1	432	478	2.16700
3584	2048	1	84	350	5.49004
3072	2048	1	288	222	1.90747
3072	2048	1	298	432	4.61215
3072	2048	1	492	402	2.99051
3584	2048	1	46	466	3.10552
3072	2048	1	426	446	3.23006
3072	2048	1	312	502	1.87792
3072	2048	1	182	448	2.86301
3072	2048	1	116	488	2.70173
3072	2560	1	418	324	0.00000
3072	2560	1	38	122	0.85333
3072	2560	2	160	70	0.00000
3072	2560	2	194	22	0.00000
3072	2560	1	234	90	0.23030
3584	2048	1	156	502	0.31798
3584	2048	1	266	448	4.83141
3072	2560	1	52	252	0.51084
3072	2560	1	128	266	3.92909
3072	2560	1	278	180	3.35304
3072	2560	1	350	252	3.40054
3072	2560	1	204	354	4.13940
3072	2560	2	436	124	0.00000
3072	2560	2	464	188	0.00000
3072	2560	1	470	40	0.82119
3584	2560	1	18	232	2.93413
3072	2560	1	302	400	3.82568
3072	2560	1	2	422	5.46178
3072	2560	1	126	510	3.73768
3072	2560	1	18	512	1.26213
3072	2560	1	212	498	0.00000
3072	2560	1	380	484	0.00000
3072	2560	1	498	438	5.60844
3584	2560	1	106	194	0.00000
3584	2560	1	38	74	1.94931
3584	2560	1	232	72	5.22067
3584	2560	1	410	48	2.07933
3584	2560	1	302	10	5.51013
3584	2560	1	296	156	4.78426
3584	2560	1	466	232	0.15370
3584	2560	1	142	332	0.85096
3584	2560	1	216	218	4.33442
3584	2560	1	142	406	1.31943
3584	2560	2	170	482	0.00000
3584	2560	2	256	478	0.00000
3584	2560	2	348	454	0.00000
3584	2560	2	398	248	0.00000
3584	2560	1	322	278	1.58617
3584	2560	1	342	338	1.55692
3584	2560	1	250	384	5.56090
3584	2560	1	416	394	3.27164
3584	2560	1	496	350	2.01922
3584	2560	1	504	506	5.64676
3584	2560	1	410	512	0.11379
3584	2560	1	512	140	5.61003
3072	2048	2	110	128	0.00000
3072	2048	2	20	150	0.00000
3072	3072	2	240	456	0.00000
3584	3072	1	462	304	2.97449
3584	3072	1	464	164	2.14678
3584	3072	1	488	74	5.90938
3584	3072	1	414	50	6.01352
3584	3072	1	490	442	4.99963
3584	3584	1	424	20	3.16581
3584	3584	1	512	52	4.24645
3584	3584	1	512	136	2.05624
3584	3072	1	316	52	1.10715
3584	3072	1	336	188	5.07554
3584	3072	2	356	118	0.00000
3584	3072	1	356	414	0.84243
3584	3072	1	300	336	0.84818
3584	3072	2	276	256	0.00000
3584	3584	1	512	226	5.46491
3584	3584	1	446	268	2.39398
3072	3584	1	8	206	0.83649
3072	3584	2	110	436	0.00000
3072	3072	1	112	26	3.78245
3072	3072	1	202	18	0.00000
3072	3072	1	372	0	0.00000
3584	3072	1	42	44	1.65120
3584	3072	1	74	184	2.77639
3584	3072	1	140	124	0.00000
3072	3072	1	188	300	6.27879
3072	3072	1	104	204	5.35589
3072	3072	1	176	128	1.96559
3072	3072	1	282	140	0.39078
3072	3072	1	382	106	4.01460
3072	3072	1	398	176	3.73995
3072	3072	1	460	340	3.94444
3072	3072	2	424	260	0.00000
3072	3072	1	488	218	1.05766
3072	3072	2	30	382	0.00000
3072	3072	1	112	340	0.00000
3584	3072	1	106	408	1.84733
3072	3072	1	270	300	2.99647
3072	3072	1	342	318	2.99985
3072	3072	1	408	432	1.23443
3584	3584	1	290	122	0.13289
3584	3072	2	222	146	0.00000
3584	3072	2	198	46	0.00000
3584	3072	2	252	418	0.00000
3072	3584	2	124	152	0.00000
3072	3072	1	52	476	2.49651
3072	3072	1	166	496	3.27553
3072	3584	1	272	60	2.01916
3072	3584	1	340	4	5.63729
3072	3072	1	512	486	3.00658
3072	3584	1	466	66	1.91695
3584	3584	1	124	172	1.95577
3584	3584	1	108	8	3.71372
3584	3584	1	148	28	3.69808
3584	3584	1	220	62	3.57893
3584	3584	1	334	26	2.29998
3072	3584	1	90	240	1.86597
3072	3584	1	220	120	4.72458
3072	3584	1	256	210	3.78426
3072	3584	1	358	148	3.93681
3072	3584	1	472	184	1.74391
3584	3584	1	102	254	1.88877
3584	3584	1	230	228	0.45278
3072	3584	1	72	298	1.94857
3584	3584	1	48	328	1.32905
3072	3584	1	272	294	1.52094
3072	3584	1	366	266	0.00000
3072	3584	1	446	348	6.09023
3072	3584	1	14	370	2.98676
3072	3584	1	322	460	2.52417
3072	3584	1	344	362	1.94839
3584	3584	1	368	198	6.02387
3584	3584	1	334	338	0.00000
3584	3584	1	512	444	3.71533
3584	3584	1	238	360	2.33904
3584	3584	1	478	392	0.73497
3072	3584	1	398	464	0.52690
3584	3584	1	72	464	5.69391
3584	3584	1	326	452	1.74813
3584	3584	1	124	382	0.56950
2048	3584	1	312	468	0.00000
2560	3584	1	512	372	3.09316
2048	3584	1	354	360	5.85039
2560	3584	1	38	414	5.42102
2048	3584	1	58	250	4.33188
2048	3584	1	178	430	5.71334
2560	3584	1	54	312	4.69492
2048	3584	1	260	344	0.33985
2560	3584	1	508	492	0.95450
2048	3584	1	118	462	5.87230
2560	3584	1	244	438	5.87046
2048	3584	1	424	378	0.00000
2560	3584	1	180	464	5.88611
2560	3584	1	304	512	0.38262
2560	3584	1	512	200	0.54617
2560	3584	1	256	316	0.00000
2048	3584	1	150	284	1.03038
2048	3584	1	242	200	0.00000
2560	3584	1	362	416	5.24207
2560	3584	1	346	294	0.67804
2048	3584	1	364	248	5.63791
2048	3584	1	182	230	0.00000
2048	3584	1	510	494	5.67399
2048	3584	1	500	102	0.53495
2560	3584	1	24	180	0.50244
2048	3584	1	452	56	3.75512
2560	3584	1	136	232	2.24877
2560	3584	1	132	134	5.69518
2560	3584	1	224	68	1.65194
2560	3584	1	294	134	1.22545
2048	3584	1	266	54	3.74221
2048	3584	1	420	192	0.00000
2048	3072	1	364	504	0.00000
2560	3584	1	358	38	5.14793
2048	3584	1	154	76	0.36933
2048	3584	1	48	132	5.60978
2560	3584	1	430	166	1.13158
2048	3584	1	316	124	1.43401
2048	3584	1	28	2	0.33597
2048	3072	1	128	454	3.83348
2048	3072	1	70	274	0.72804
2048	3072	1	0	244	4.66481
2048	3072	1	92	14	1.81851
2048	3072	1	60	136	0.88632
2048	3072	2	144	112	0.00000
2048	3072	1	370	6	0.00000
2048	3072	2	254	14	0.00000
2048	3072	2	196	16	0.00000
2048	3072	1	266	176	5.10995
2048	3072	1	190	220	0.00000
2048	3072	2	292	282	0.00000
2048	3072	1	400	350	0.00000
2048	3072	2	318	448	0.00000
2048	3072	2	488	446	0.00000
2048	3072	2	512	392	0.00000
2560	3072	2	102	448	0.00000
2560	3072	1	248	328	0.00000
2560	3072	1	212	470	0.00000
2560	3072	1	174	368	0.36408
2560	3072	1	48	342	4.71720
2048	3072	2	460	288	0.00000
2048	3072	1	430	80	6.00918
2048	3072	1	368	128	5.54537
2560	3072	1	8	176	5.31820
2560	3072	1	448	0	4.81547
2560	3072	1	332	0	0.88947
2560	3072	1	398	86	4.42511
2560	3072	1	234	82	5.44159
2560	3072	1	382	194	5.31468
2560	3072	1	500	158	0.00000
2560	3072	2	136	72	0.00000
2560	3072	2	94	224	0.00000
2560	3072	2	358	240	0.00000
2560	3072	1	136	166	2.54722
2560	3072	1	444	506	0.00000
2560	3584	1	512	24	2.51814
2560	3072	1	350	412	4.78537
