1024	2560	1	346	506	4.79187
1024	2560	1	278	374	1.94632
1024	2560	1	370	278	2.74541
1536	2560	1	228	490	2.03375
1536	2560	1	336	346	1.60670
1536	2560	1	50	360	1.73117
1536	2560	1	66	434	5.01217
1536	2560	1	402	420	1.94134
1024	2560	1	444	248	2.05833
1536	2560	1	266	430	1.87814
1536	2560	1	138	196	6.10904
1536	2560	1	452	296	3.05485
1536	2560	1	86	106	0.75893
1536	2560	1	182	344	3.22369
1536	2048	1	60	458	0.00000
1024	2048	1	244	356	0.22680
1536	2560	1	400	182	0.50327
1536	2560	1	276	238	5.97572
1536	2560	1	206	10	3.05349
1536	2048	1	338	312	2.73584
1024	2048	1	52	248	0.73282
1024	2048	1	48	118	4.35580
1024	2560	1	114	374	2.84783
1536	2048	1	340	462	3.79845
1024	2560	1	108	242	5.71929
1536	2048	1	108	68	0.00000
1024	2560	1	68	108	2.30777
1024	2560	1	294	298	5.69332
1024	2048	1	154	498	3.33207
1024	2560	1	256	44	1.18005
1024	2560	1	186	180	3.82841
1536	2048	1	456	498	3.34456
1024	2560	1	480	58	2.06029
1536	2560	1	338	112	3.55231
1024	2048	1	432	84	2.19444
1536	2048	1	358	138	5.63968
1024	2048	1	206	90	0.31902
1024	2048	1	512	218	3.73079
1536	2048	1	226	152	0.00000
1536	2048	1	244	52	0.00000
1536	2048	1	382	46	4.65764
1536	2048	1	428	258	3.79585
1536	2048	1	510	288	0.37492
1536	2048	1	232	350	4.43284
1536	2048	1	14	22	0.32004
1536	2560	1	40	218	2.20192
1024	3072	1	138	500	6.08579
1024	3072	1	54	478	6.21075
1024	3584	1	90	124	0.20391
1024	3072	1	50	64	0.86217
1024	3072	1	182	38	2.02225
1024	3072	1	108	138	3.18343
1024	3072	1	176	174	3.06593
1024	3072	1	42	218	6.07530
1024	3072	1	290	88	1.11041
1024	3072	1	284	188	0.18743
1024	3072	1	442	168	5.58782
1024	3072	1	510	66	3.98051
1024	3072	2	462	44	0.00000
1536	3072	1	102	72	2.87534
1536	3072	1	192	82	3.10247
1536	3072	1	432	44	5.81510
1536	3072	1	360	78	6.14821
1536	3072	1	332	178	5.83708
1536	3072	1	478	146	4.20280
1024	3072	1	68	336	4.88276
1024	3072	1	156	366	3.71570
1024	3072	1	234	328	3.89163
1024	3072	1	314	276	0.71071
1536	3072	1	78	172	4.48643
1536	3072	1	202	280	5.97317
1536	3072	1	272	276	2.94006
1536	3072	1	418	250	1.21023
1536	3072	1	418	350	1.57080
1536	3072	2	512	278	0.00000
1536	3072	1	84	270	0.88324
1536	3072	1	84	366	3.99878
1024	3072	1	482	360	1.21569
1024	3072	1	238	414	3.65655
1024	3584	1	280	8	0.20080
1024	3584	1	372	6	2.36052
1024	3072	1	438	458	2.77442
1536	3072	1	172	436	5.05292
1536	3072	1	94	482	4.55373
1536	3072	2	372	460	0.00000
1024	3584	1	480	50	3.57400
1024	3584	1	216	124	5.14215
1024	3584	1	344	128	1.63282
1536	3072	1	308	508	2.07187
1536	3584	1	456	6	3.96674
1536	3584	2	470	118	0.00000
1536	3584	1	246	120	1.00861
1536	3584	1	386	134	6.25712
1536	3584	1	12	158	4.48130
1024	3584	1	336	236	5.42170
1536	3584	1	118	246	5.68944
1024	3584	1	96	266	5.58564
1024	3584	1	60	404	2.63875
1024	3584	1	302	430	0.24192
1024	3584	1	448	418	0.00000
1536	3584	1	58	456	0.00000
1536	3584	1	158	438	0.22618
1536	3584	1	208	438	0.61673
1024	3584	1	464	316	2.15880
1024	3584	1	148	338	4.31954
1536	3584	1	64	310	1.59767
1536	3584	1	300	496	5.69518
1536	3584	1	392	364	1.51289
1536	3584	1	446	274	4.95737
1536	3584	1	250	276	2.24917
1024	3584	1	32	514	2.33294
2560	2560	1	358	376	5.13967
2560	2560	1	448	472	4.75560
2560	2560	1	210	446	4.73501
2560	2560	1	376	294	2.03509
2560	2560	2	470	334	0.00000
2560	2560	2	312	484	0.00000
2560	2560	2	25	481	0.00000
2560	2560	1	100	406	3.50764
2560	2560	1	182	284	5.11882
2560	2560	1	198	190	1.94904
2560	2560	1	306	150	2.87800
2560	2560	1	398	118	2.44541
2560	2560	1	344	16	0.88978
2560	2048	1	452	414	1.00100
2560	2048	1	484	496	4.08974
2560	2560	2	512	86	0.00000
2560	2560	2	500	151	0.00000
2048	2560	1	428	484	1.15545
2048	2560	1	246	466	3.33916
2048	2560	2	330	426	0.00000
2048	2560	2	442	327	0.00000
2048	2560	2	168	360	0.00000
2048	2560	2	199	421	0.00000
2048	2560	1	56	260	0.32784
2048	2560	1	114	340	0.48072
2048	2560	1	236	286	2.83485
2560	2560	1	14	294	5.25638
2048	2560	1	422	254	0.94134
2560	2560	2	24	155	0.00000
2048	2560	2	320	211	0.00000
2048	2560	2	436	175	0.00000
2560	2560	1	34	22	3.45806
2048	2560	2	230	157	0.00000
2048	2560	2	172	155	0.00000
2048	2560	1	284	128	5.47625
2048	2560	1	36	98	3.10598
2048	2560	1	120	86	3.45699
2048	2048	1	382	446	4.64515
2048	2560	1	380	20	3.86521
2048	2048	1	460	362	5.95514
2048	2048	1	32	418	0.56095
2048	2048	1	34	252	0.41398
2048	2048	1	122	282	2.96624
2048	2048	1	226	322	2.85221
2048	2048	1	278	264	5.67534
2560	2048	1	74	362	4.60484
2560	2048	1	226	398	1.44137
2560	2048	1	376	260	3.11186
2560	2048	1	452	290	0.00000
2560	2048	1	110	258	5.72216
2560	2048	1	202	270	2.99127
2048	2048	1	370	208	2.96379
2048	2048	1	484	172	0.23730
2048	2048	1	208	96	4.89462
2048	2048	1	208	22	4.28712
2048	2048	1	368	80	1.78120
2048	2048	2	414	15	0.00000
2048	2048	2	486	63	0.00000
2560	2048	1	48	144	3.07042
2560	2048	1	198	76	0.00000
2560	2048	1	308	88	0.00000
2560	2048	1	412	98	1.96575
2560	2048	1	126	62	2.38121
2560	2048	2	440	27	0.00000
3584	2560	1	386	402	2.29197
3584	2560	1	144	450	5.02312
3584	2560	1	186	324	0.00000
3584	2560	1	126	338	0.00000
3584	2560	1	438	374	2.50084
3584	2560	1	356	262	5.83269
3072	2560	1	236	472	0.62983
3584	2560	1	476	250	3.39321
3584	2560	1	232	452	4.65894
3584	2560	1	310	310	2.31463
3072	2560	1	442	376	5.71688
3072	2560	1	132	328	1.12728
3072	2560	1	116	482	2.52607
3072	2560	1	326	512	3.01488
3072	2560	1	26	190	2.81123
3072	2560	1	236	210	1.44267
3072	2560	1	336	230	4.10684
3584	2560	1	258	388	1.77211
3584	2560	1	68	314	3.13874
3072	2560	1	448	310	1.56080
3584	2560	1	418	172	4.10025
3584	2560	1	228	142	0.95907
3584	2560	1	94	144	4.13136
3584	2560	1	486	512	2.31066
3072	2560	1	256	340	2.94994
3584	2560	1	34	436	0.68348
3072	2560	1	466	230	4.26785
3072	2560	1	126	174	3.46038
3072	2560	1	170	372	6.14998
3584	2560	2	346	448	0.00000
3584	2560	2	246	328	0.00000
3072	2560	2	428	126	0.00000
3072	2560	1	218	82	0.00000
3072	2560	1	324	96	5.07827
3072	2560	1	60	66	1.33131
3072	2048	1	114	498	2.14970
3072	2048	1	60	332	4.44987
3584	2048	1	16	448	4.39582
3584	2560	1	50	40	2.15459
3584	2560	1	160	40	2.65062
3584	2560	1	234	6	2.62955
3584	2048	1	350	478	3.16421
3584	2560	1	344	106	3.91492
3584	2048	1	490	472	3.93848
3072	2048	1	42	114	5.37271
3072	2048	1	224	322	5.95303
3072	2048	1	394	400	1.66813
3072	2560	1	466	88	2.20730
3584	2048	1	382	90	0.00000
3584	2048	1	458	54	0.00000
3584	2048	1	240	0	0.00000
3584	2048	1	126	102	6.08817
3584	2048	1	222	410	2.33908
3584	2048	1	356	210	5.50899
3584	2048	1	278	254	2.37866
3584	2048	1	134	344	0.00000
3584	2048	1	242	306	2.02629
3584	2048	1	56	366	0.45186
3584	2048	1	106	254	1.43434
3072	2048	1	506	20	1.71412
3072	2048	1	264	128	0.00000
3072	2048	1	346	96	4.62373
3072	2048	1	482	178	1.60238
3072	2048	1	460	302	1.63522
3072	2048	1	436	492	2.65576
3072	2048	1	370	206	3.03851
3584	2048	1	242	104	4.11248
3072	2048	1	180	66	3.38657
3072	2048	1	244	234	5.09290
3072	2048	1	40	256	4.16073
3072	3072	1	220	66	4.14788
3072	3072	1	72	76	5.61204
3072	3072	1	132	234	3.47919
3072	3072	1	204	182	0.42849
3072	3072	1	276	198	3.54959
3072	3072	1	412	76	5.85205
3072	3072	1	356	204	0.97362
3584	3072	1	14	130	0.59437
3584	3072	1	52	204	0.69658
3584	3072	1	146	98	2.78161
3584	3072	1	220	108	5.92811
3584	3072	1	298	108	5.90268
3584	3072	1	450	148	1.75881
3584	3072	1	466	68	5.85342
3584	3072	1	368	44	2.64634
3584	3072	1	490	290	2.99022
3584	3072	1	354	330	4.69965
3584	3072	2	360	272	0.00000
3072	3072	2	434	256	0.00000
3584	3072	1	196	336	1.05063
3584	3072	1	120	254	1.47996
3072	3584	1	416	36	1.57405
3584	3072	1	44	332	5.76939
3072	3072	1	454	376	3.74345
3072	3072	1	328	294	1.50893
3072	3072	1	242	342	1.91299
3072	3072	1	354	416	3.66517
3072	3072	1	236	496	2.20111
3072	3072	1	78	456	2.04091
3072	3072	1	44	364	0.40322
3072	3584	1	64	106	1.15578
3072	3584	1	190	132	2.01445
3072	3584	1	242	60	2.07014
3584	3072	1	12	428	4.12974
3584	3072	1	136	442	5.35589
3584	3072	1	108	502	1.94169
3584	3584	1	38	90	0.87971
3072	3584	1	426	132	3.62191
3072	3584	1	316	172	4.34589
3072	3584	1	142	202	6.14308
3072	3584	1	52	242	2.81717
3072	3584	1	104	370	4.66165
3072	3584	1	296	280	1.13417
3072	3584	1	356	362	2.39321
3072	3584	1	216	388	0.34302
3072	3584	1	280	430	0.00000
3072	3584	1	438	462	0.00000
3584	3584	1	12	434	0.00000
3072	3584	1	422	298	0.00000
3584	3584	1	412	418	5.58596
3584	3584	1	18	224	0.95518
3072	3584	1	508	318	0.64062
3584	3584	1	84	342	2.73670
3584	3584	1	130	172	2.88346
3584	3584	1	166	92	2.69014
3584	3584	1	250	10	3.04690
3584	3072	1	274	408	2.42539
3584	3072	1	360	426	3.30537
3584	3584	1	370	12	0.95444
3584	3584	1	318	122	1.07013
3584	3584	1	222	196	1.15524
3584	3584	1	466	48	0.52758
3584	3072	1	484	426	5.68306
3584	3584	1	414	156	1.01914
3584	3584	1	398	290	0.88679
3584	3584	1	298	272	6.06817
3584	3584	1	218	346	1.02401
3584	3584	1	130	278	2.76362
3584	3584	1	218	470	3.11219
2048	3072	1	130	30	0.76086
2048	3072	2	20	118	0.00000
2048	3072	2	166	476	0.00000
2048	3584	2	366	18	0.00000
2048	3072	1	168	138	6.02927
2048	3072	1	288	84	6.02903
2048	3072	1	232	0	3.26605
2048	3072	1	432	44	0.70581
2048	3072	1	504	74	3.31633
2048	3072	1	44	240	4.17304
2560	3072	1	190	32	5.23154
2560	3072	1	348	62	5.12962
2560	3072	2	138	82	0.00000
2560	3072	2	232	128	0.00000
2560	3072	2	336	240	0.00000
2560	3072	1	492	76	0.63469
2048	3072	1	250	180	5.53754
2048	3072	1	320	270	4.58426
2048	3072	1	198	370	4.62788
2560	3072	1	110	172	5.23851
2560	3072	2	20	176	0.00000
2048	3072	1	382	152	5.44263
2560	3072	1	184	166	2.34474
2560	3072	1	406	186	1.52146
2560	3072	1	404	290	0.54554
2560	3072	1	506	230	0.43640
2560	3072	1	510	374	0.32089
2560	3072	1	324	470	3.70986
2560	3072	1	192	306	0.00000
2048	3072	1	432	322	5.62947
2048	3072	1	82	440	2.75596
2048	3072	1	490	236	2.57026
2048	3072	1	366	404	1.00512
2048	3072	1	484	462	2.30133
2560	3072	1	224	472	0.00000
2560	3072	2	130	412	0.00000
2560	3072	1	42	354	3.42385
2560	3072	1	424	462	3.87318
2048	3584	1	272	8	3.22422
2048	3584	1	78	90	0.07983
2048	3584	1	162	116	5.89309
2048	3584	1	476	84	1.24548
2048	3584	1	494	154	1.41622
2560	3584	1	98	160	2.54087
2560	3584	1	224	50	4.20047
2560	3584	1	108	4	2.22359
2560	3584	1	80	64	2.23353
2560	3584	1	476	14	4.47493
2560	3584	1	388	98	1.88720
2048	3584	1	278	166	0.52197
2560	3584	1	218	150	1.63158
2048	3584	1	64	252	3.20001
2048	3584	1	150	292	5.54881
2048	3584	1	244	320	3.74665
2560	3584	1	54	250	1.83890
2048	3584	1	374	222	0.38100
2048	3584	1	454	272	5.78966
2560	3584	1	212	248	1.70121
2560	3584	1	328	178	3.99952
2560	3584	1	444	226	5.68117
2560	3584	1	494	120	4.35137
2560	3584	1	352	258	0.40386
2560	3584	1	210	322	4.30504
2048	3584	1	156	214	5.20801
2048	3584	1	132	432	0.37290
2048	3584	1	218	456	0.00000
2048	3584	1	44	350	1.68100
2048	3584	1	340	462	0.00000
2048	3584	1	412	400	0.00000
2560	3584	1	24	370	1.11288
2048	3584	1	496	484	0.78022
2560	3584	1	134	440	0.00000
2560	3584	1	230	508	2.68769
2560	3584	1	294	402	4.55322
2560	3584	1	392	340	3.67963
2048	3584	1	8	438	2.49863
2048	3584	1	28	24	3.61391
2560	3072	2	98	234	0.00000
2560	3584	1	400	468	4.17733
2560	3584	1	450	414	6.10065
2560	3584	1	496	370	2.45442
2560	3584	2	112	306	0.00000
2560	3584	1	512	482	3.92554
2560	3584	1	54	512	0.44624
2560	3584	1	298	512	0.47966
2560	3072	2	36	448	0.00000
2048	3072	2	188	234	0.00000
2048	3584	2	282	494	0.00000
