1024	2048	1	82	150	3.35650
1024	2048	1	222	192	2.89031
1024	2048	1	452	214	3.56139
1024	2048	1	232	364	0.24498
1024	2048	1	96	442	0.14273
1024	2048	1	432	428	4.02504
1024	2048	1	492	496	4.32965
1024	2560	1	250	40	1.11250
1024	2560	1	168	144	2.41391
1024	2560	1	38	162	0.78112
1024	2560	1	88	194	5.82149
1024	2048	2	208	72	0.00000
1536	2048	1	202	292	1.29606
1536	2560	1	172	12	1.97078
1536	2560	1	34	110	5.18611
1024	2560	1	438	168	0.41742
1024	2560	2	446	86	0.00000
1536	2048	1	132	166	2.30117
1536	2048	1	312	322	1.61838
1536	2048	1	330	480	3.26255
1536	2560	1	428	52	5.37790
1536	2048	1	492	250	5.67399
1536	2048	1	466	418	5.39517
1536	2048	1	458	324	1.91822
1536	2048	1	406	154	0.43241
1536	2048	1	512	154	5.22216
1536	2048	1	250	84	1.88440
1024	2048	1	56	30	0.56525
1536	2048	1	474	26	0.76045
1536	2048	1	236	128	5.88502
1536	2048	1	26	4	0.14360
1536	2048	1	344	72	6.02951
1536	2048	1	130	28	4.38662
1024	2560	1	66	316	1.19268
1024	2560	1	234	438	4.15424
1024	2560	1	40	474	0.48545
1024	2560	1	120	410	3.02729
1024	2560	1	468	352	1.74826
1024	2560	1	508	232	3.19485
1024	2560	1	252	344	4.23662
1024	2560	2	212	294	0.00000
1536	2560	1	218	420	3.09004
1536	2560	1	398	418	2.24579
1536	2560	1	156	308	3.86744
1536	2560	1	280	246	5.84905
1536	2560	1	66	308	3.59012
1536	2560	1	506	260	1.09934
1536	2560	1	170	424	0.00000
1536	2560	1	284	414	6.02882
1024	2048	1	130	292	0.00000
1536	2560	1	62	434	4.99548
1536	2560	2	344	316	0.00000
1536	2560	1	84	512	1.75086
1536	2560	1	382	512	3.45870
1536	2048	1	230	394	0.12985
1024	2560	2	360	440	0.00000
1024	3072	1	102	162	0.28008
1024	3072	1	186	164	3.93322
1024	3072	2	272	88	0.00000
1024	3072	2	206	80	0.00000
1024	3072	1	320	160	4.49222
1024	3072	1	452	146	3.36340
1536	3072	1	18	100	3.12127
1536	3072	1	98	122	0.87985
1536	3072	1	64	202	4.41401
1536	3072	1	176	172	6.12969
1536	3072	1	250	88	3.16333
1536	3072	1	298	192	3.76834
1536	3072	1	432	132	3.25140
1024	3072	1	170	264	0.87046
1024	3072	1	50	312	2.04952
1024	3072	1	260	342	0.22987
1024	3072	1	396	274	5.48944
1536	3072	1	78	270	1.61159
1536	3072	1	244	310	5.24489
1536	3072	1	376	318	5.45255
1536	3072	1	450	328	3.02672
1024	3072	1	128	430	0.21030
1024	3072	1	258	446	1.70814
1024	3584	1	60	136	2.82468
1024	3584	1	118	82	5.93019
1024	3584	1	196	42	5.81954
1024	3584	1	306	22	3.91641
1024	3584	1	376	72	2.84922
1536	3584	2	18	54	0.00000
1024	3072	2	346	448	0.00000
1536	3584	2	398	120	0.00000
1024	3072	1	512	458	5.21485
1536	3072	1	150	434	5.02044
1536	3072	1	274	418	0.63537
1536	3072	1	50	324	4.24874
1536	3072	1	506	172	0.00000
1536	3072	1	292	484	3.73041
1536	3584	1	318	78	3.40313
1536	3584	1	114	70	6.02691
1536	3584	1	38	128	1.98604
1536	3584	1	198	170	2.68781
1024	3584	1	196	188	0.90975
1024	3584	1	342	184	3.17781
1024	3584	1	500	230	5.72589
1536	3584	1	426	390	5.54775
1536	3584	1	194	418	0.04121
1024	3584	1	422	284	6.00927
1536	3584	1	88	396	0.08458
1024	3584	1	198	294	1.32659
1024	3584	1	240	376	4.75781
1024	3584	1	38	258	5.73611
1024	3584	1	124	418	5.27745
1024	3584	1	302	458	0.57357
1536	3584	2	252	368	0.00000
1536	3584	1	504	254	1.19355
1536	3584	1	454	106	5.47412
1024	3584	1	42	494	5.11728
1024	3584	2	208	18	0.00000
1536	3584	2	250	268	0.00000
1536	3584	2	12	516	0.00000
1536	3072	1	386	36	0.00000
1024	3072	1	144	34	4.74694
1536	3072	1	74	30	1.71388
1024	3072	2	374	80	0.00000
1536	3584	2	256	164	0.00000
2048	2560	1	158	474	4.07300
2048	2560	1	394	382	6.03215
2560	2560	1	100	430	0.32089
2560	2560	1	310	512	2.86027
2048	2560	1	58	394	4.56672
2560	2560	1	14	422	0.59734
2048	2560	1	244	340	1.93026
2048	2560	1	298	262	2.15829
2560	2560	1	228	512	2.78860
2560	2560	1	382	278	3.83727
2048	2560	1	308	512	5.06319
2560	2560	1	250	400	1.63874
2560	2560	1	404	382	1.78689
2048	2560	1	404	230	2.91485
2560	2560	1	162	222	4.71232
2560	2560	1	482	168	5.27402
2560	2560	1	294	178	1.89255
2560	2560	1	122	294	4.44908
2560	2560	2	460	332	0.00000
2048	2560	2	506	314	0.00000
2048	2560	2	442	330	0.00000
2048	2560	1	502	102	1.60211
2560	2560	1	394	90	0.85984
2560	2560	1	94	166	1.22239
2048	2560	1	56	114	3.85250
2048	2560	1	322	132	0.93737
2048	2560	1	226	28	2.90617
2560	2560	1	210	64	1.43681
2560	2048	1	366	502	3.49090
2048	2560	1	46	330	0.76946
2048	2048	1	138	508	1.14866
2048	2560	1	126	234	2.90816
2560	2560	2	144	2	0.00000
2048	2048	1	376	402	2.10723
2560	2048	1	246	418	6.11312
2560	2048	1	60	358	5.26414
2048	2048	1	190	428	4.25159
2048	2048	1	260	298	0.60903
2048	2048	1	326	478	4.96043
2048	2048	1	152	264	3.33961
2048	2048	1	482	436	5.85210
2048	2560	2	176	158	0.00000
2048	2560	2	230	152	0.00000
2048	2560	2	350	50	0.00000
2048	2048	1	120	394	1.10619
2048	2048	1	74	296	2.78667
2048	2048	1	0	436	5.08766
2560	2048	1	274	312	1.67934
2048	2048	1	0	274	5.62851
2560	2048	2	356	398	0.00000
2560	2048	2	302	394	0.00000
2560	2048	2	444	470	0.00000
2560	2560	2	510	24	0.00000
2048	2048	1	454	280	1.59957
2560	2048	1	28	208	1.95152
2560	2048	1	160	132	3.15913
2048	2048	1	116	110	0.00000
2560	2048	1	228	110	0.00000
2560	2048	1	314	100	0.00000
2560	2048	1	378	246	0.00000
2560	2048	1	508	148	0.87243
2560	2048	1	512	0	0.48833
2048	2048	2	496	64	0.00000
2048	2048	1	320	82	5.35706
2048	2048	1	200	72	5.24086
2048	2048	1	34	158	5.71722
2048	2048	1	60	42	1.94700
2048	2048	1	350	0	2.58647
2560	2048	1	54	0	2.52666
2560	2048	1	370	8	1.52141
2560	2560	1	376	494	0.00000
2048	2560	2	320	428	0.00000
2560	2560	1	512	356	0.00000
2560	2560	1	478	512	0.00000
3072	2560	1	508	90	0.31927
3072	2560	1	312	248	2.41169
3584	2560	1	224	314	0.00000
3584	2560	1	330	432	0.00000
3072	2560	1	32	390	0.00000
3072	2560	1	218	300	2.98418
3584	2560	1	428	322	4.74313
3584	2560	1	336	216	4.27634
3584	2560	1	444	142	5.23924
3584	2560	1	472	348	4.00852
3072	2560	1	66	102	1.41153
3584	2560	1	74	102	0.00000
3584	2560	1	124	338	2.25921
3584	2560	1	142	262	5.19687
3584	2560	1	488	472	5.52104
3584	2560	1	282	362	0.00000
3072	2560	1	182	178	0.76142
3072	2560	1	76	474	0.51793
3072	2560	1	170	490	0.00000
3584	2560	1	170	162	4.90978
3584	2560	1	266	136	3.44185
3072	2560	1	506	392	4.40139
3072	2560	1	382	440	0.00000
3072	2560	1	428	270	2.93050
3072	2560	1	276	396	0.72151
3584	2560	1	72	472	0.80416
3584	2560	1	22	262	2.84739
3584	2560	1	352	360	5.94389
3584	2560	1	254	474	5.34657
3584	2560	1	392	474	0.26510
3584	2048	1	142	484	4.41783
3584	2048	1	462	298	1.89017
3584	2048	1	322	324	2.90102
3584	2048	1	398	498	5.69683
3584	2048	1	458	388	4.72005
3584	2560	1	218	20	4.32621
3584	2048	1	482	494	5.62214
3584	2048	1	62	360	0.19740
3072	2048	1	482	224	4.84792
3584	2048	1	204	334	4.91499
3584	2048	1	154	414	4.64666
3584	2560	1	328	40	6.10559
3072	2048	1	494	382	2.71497
3072	2048	1	402	358	2.62799
3072	2048	1	306	394	4.46362
3072	2048	1	446	302	0.00000
3584	2048	1	238	90	4.01618
3584	2048	1	466	60	0.00000
3584	2048	1	352	226	5.35297
3584	2048	1	164	240	4.09107
3584	2048	1	126	130	0.00000
3072	2048	1	504	122	2.30079
3584	2048	1	46	6	0.74838
3072	2048	1	344	138	3.05359
3072	2048	1	442	38	5.11369
3072	2048	1	174	220	4.96691
3072	2048	1	186	122	1.67388
3072	2048	1	204	38	0.00000
3584	2048	1	394	116	0.00000
3072	2048	1	190	380	3.42213
3072	2048	1	44	408	3.71839
3072	2048	1	110	490	3.31626
3072	2560	1	268	76	3.24126
3072	2048	1	354	496	3.41732
3072	2560	1	364	138	0.00000
3072	2560	1	442	20	2.81227
3072	2560	2	438	124	0.00000
3072	2560	2	462	182	0.00000
3072	2560	1	84	218	0.28950
3072	2560	1	20	198	0.89855
3072	2048	1	106	22	2.98851
3072	3072	1	402	72	5.91531
3072	3072	1	156	56	0.00000
3072	3072	1	56	22	0.63458
3072	3072	1	250	24	2.92680
3072	3072	1	30	164	3.49191
3072	3072	1	134	200	2.72960
3072	3072	1	80	292	3.18862
3072	3072	1	142	348	3.36057
3072	3072	1	246	334	2.95709
3072	3072	1	56	430	5.57456
3072	3072	1	356	402	2.41135
3584	3072	1	116	56	3.32927
3584	3072	1	212	46	4.13487
3584	3072	1	296	86	0.74979
3584	3072	1	386	114	0.38777
3584	3072	1	462	116	0.42737
3584	3072	1	512	138	0.44867
3072	3072	1	442	214	4.01344
3584	3072	1	64	156	2.84651
3584	3072	1	142	170	0.00000
3584	3072	1	278	192	5.49898
3584	3072	2	356	212	0.00000
3072	3072	1	324	248	0.47835
3072	3072	1	506	280	3.34377
3072	3072	1	444	402	2.81892
3072	3072	1	242	504	5.55695
3072	3584	1	130	28	1.59505
3584	3072	1	80	310	0.00000
3584	3072	1	236	276	1.31428
3584	3072	1	376	250	4.21223
3584	3072	2	356	322	0.00000
3584	3072	1	444	294	3.70634
3584	3072	1	512	370	2.47282
3584	3072	1	214	342	4.34889
3584	3072	1	188	430	1.02450
3584	3072	1	12	416	6.05639
3584	3072	1	76	408	4.31670
3584	3072	1	324	394	4.99269
3072	3072	1	402	512	4.80901
3072	3584	1	390	64	4.91464
3072	3584	1	144	98	4.99846
3584	3584	1	262	36	0.45488
3584	3584	1	170	16	3.64464
3584	3584	1	330	70	3.10739
3584	3072	1	406	478	5.75552
3072	3584	1	314	136	5.47736
3584	3584	1	22	116	5.72306
3584	3584	1	44	8	1.58324
3072	3584	1	414	184	5.53602
3584	3584	1	406	90	2.70549
3584	3584	1	280	196	3.03885
3584	3584	1	146	120	0.88324
3072	3584	1	78	192	2.82777
3072	3584	1	200	182	1.38813
3072	3584	1	270	248	4.54829
3072	3584	1	186	318	1.70500
3584	3584	1	188	180	1.07364
3584	3584	1	202	280	5.82168
3584	3584	1	376	296	0.18744
3584	3584	1	30	314	3.56196
3584	3584	1	208	190	3.51648
3072	3584	1	316	326	0.62025
3072	3584	1	480	164	5.69518
3072	3584	1	466	318	0.17658
3072	3584	1	398	276	6.06513
3584	3584	1	92	248	5.87458
3072	3584	1	72	346	2.40342
3072	3584	1	158	400	0.98693
3584	3584	1	494	384	1.86064
3072	3584	1	424	466	3.77039
3584	3584	1	300	436	6.13337
3072	3584	1	154	498	4.45106
3584	3584	1	98	394	5.30431
3584	3584	1	480	286	2.05568
3584	3584	1	502	192	2.10252
3584	3584	1	500	92	2.15204
3584	3584	1	220	438	0.70863
3072	3584	1	318	500	3.86356
3584	3584	1	430	512	3.46158
3072	3584	1	26	464	0.00000
3072	3584	1	240	428	0.69819
2560	3584	1	30	492	3.14642
2048	3584	1	24	240	1.38775
2560	3584	1	136	460	6.07465
2048	3584	1	94	104	0.90521
2048	3584	1	186	324	1.73792
2048	3584	1	268	360	0.00000
2560	3584	1	42	116	0.00000
2048	3584	1	384	102	1.92882
2560	3584	1	4	84	0.40185
2560	3584	1	432	396	2.28045
2560	3584	1	512	334	2.49627
2048	3584	1	474	466	0.82442
2048	3584	1	222	176	1.33292
2048	3584	1	348	404	0.00000
2048	3584	1	450	326	0.00000
2560	3584	1	462	240	0.71889
2560	3584	1	512	6	0.00000
2560	3584	1	238	408	3.54661
2560	3584	1	508	136	5.27148
2048	3584	1	314	496	0.00000
2048	3584	1	262	242	0.00000
2048	3584	1	132	460	0.00000
2048	3584	1	274	16	0.00000
2560	3584	1	130	242	2.21395
2560	3584	1	54	286	5.70336
2560	3584	1	210	178	4.50668
2560	3584	1	304	166	0.00000
2048	3584	1	224	454	2.65416
2560	3584	1	210	110	1.99573
2560	3584	1	388	158	2.98692
2048	3584	1	42	398	0.00000
2560	3584	1	316	400	0.00000
2560	3584	1	418	40	1.81851
2560	3584	1	272	506	0.00000
2560	3584	1	364	292	5.07997
2048	3584	1	336	250	0.00000
2048	3584	2	128	218	0.00000
2560	3072	1	386	388	1.58906
2560	3072	1	28	346	5.09284
2560	3072	1	510	170	3.92209
2560	3584	1	142	18	4.89962
2560	3072	1	244	270	3.32116
2560	3072	2	258	490	0.00000
2560	3072	2	336	452	0.00000
2560	3072	2	342	246	0.00000
2560	3072	2	220	122	0.00000
2560	3072	1	386	306	1.09324
2560	3072	1	508	284	0.81847
2560	3072	1	68	454	0.55940
2048	3584	1	462	8	3.86864
2048	3072	1	364	436	3.64823
2048	3584	2	362	16	0.00000
2048	3072	1	86	430	4.01066
2048	3072	1	18	326	0.00000
2048	3072	1	128	354	4.94340
2048	3072	1	312	326	1.32046
2048	3072	2	190	334	0.00000
2048	3072	1	456	378	5.58568
2560	3072	1	512	66	0.00000
2560	3072	1	388	24	5.81651
2560	3072	1	246	32	2.99429
2560	3072	1	120	72	4.99629
2560	3072	1	100	226	2.81449
2560	3072	1	196	178	4.20084
2560	3072	1	10	186	2.58389
2048	3072	1	460	62	5.01893
2048	3072	1	298	20	4.94432
2048	3072	1	256	122	4.97389
2048	3072	1	354	256	1.71388
2048	3072	1	262	184	1.68567
2048	3072	1	126	270	2.68141
2048	3072	1	0	156	0.00000
2048	3072	1	50	60	2.97818
2560	3072	1	282	170	4.39063
2048	3072	2	158	476	0.00000
