1024	2048	1	94	160	4.89016
1024	2048	1	236	364	0.45380
1024	2048	1	94	362	4.03236
1024	2048	1	32	502	5.77547
1024	2560	1	252	44	1.09767
1536	2560	1	74	128	0.80611
1024	2048	1	200	86	0.64206
1536	2048	1	72	82	5.25829
1024	2048	1	472	226	2.72493
1536	2048	1	22	444	4.18113
1024	2560	1	420	90	3.12731
1536	2048	1	406	304	3.50687
1536	2048	1	382	452	3.33397
1536	2048	1	278	390	3.82391
1536	2048	1	132	218	1.50965
1536	2048	1	502	248	5.67859
1536	2048	1	340	144	0.00000
1536	2048	1	246	42	5.68395
1536	2048	1	470	116	5.16336
1536	2048	1	392	18	4.43533
1536	2048	2	228	146	0.00000
1536	2048	2	216	340	0.00000
1536	2560	2	244	196	0.00000
1536	2560	1	304	82	0.81664
1536	2560	1	194	142	3.25702
1536	2560	1	22	56	4.38944
1536	2560	1	434	120	2.98294
1536	2560	1	508	98	0.50667
1536	2048	1	476	386	4.06055
1536	2560	1	364	278	3.24081
1024	2560	1	286	204	4.24874
1024	2560	1	64	342	2.45267
1024	2560	1	174	338	1.83944
1024	2560	1	158	224	3.85057
1024	2560	2	84	198	0.00000
1536	2560	1	176	350	3.99679
1536	2560	1	274	268	5.95264
1024	2560	1	360	264	1.13525
1024	2560	1	326	376	3.83357
1024	2560	1	412	456	3.01564
1536	2560	1	52	424	5.12179
1536	2560	1	54	278	0.59801
1024	2560	1	220	448	2.92323
1536	2560	1	400	430	2.20254
1536	2560	1	490	282	5.19370
1536	2560	1	372	512	2.48291
1024	2560	2	196	280	0.00000
1536	2560	1	28	492	5.26759
1536	2560	1	282	492	2.77897
1024	2560	1	48	450	2.02327
1536	2560	2	476	408	0.00000
1536	2560	1	200	512	0.50444
1024	2560	1	52	512	1.70493
1536	2048	2	502	64	0.00000
1536	3584	1	196	94	5.38466
1536	3584	1	206	420	0.36110
1024	3584	1	438	508	1.04315
1536	3584	1	124	334	0.34444
1024	3584	1	342	214	3.28654
1536	3584	1	294	302	3.82073
1536	3584	1	354	516	0.60186
1536	3584	1	134	138	4.64915
1024	3584	1	410	302	0.00000
1536	3584	1	448	434	6.25227
1536	3584	1	88	32	0.17323
1024	3072	1	434	352	6.20496
1536	3072	1	154	484	2.40706
1536	3584	1	238	516	0.55284
1024	3584	1	426	58	1.25224
1536	3072	1	510	470	1.80770
1024	3584	1	276	356	5.84983
1536	3072	1	14	354	3.58554
1024	3072	1	104	476	4.24198
1536	3584	1	302	154	1.05281
1024	3584	1	474	220	5.38927
1536	3072	1	290	512	3.31710
1536	3072	1	192	458	5.52184
1536	3072	1	296	380	3.80849
1536	3072	1	28	488	0.26610
1536	3072	1	414	370	0.20416
1536	3584	1	506	46	5.50626
1536	3072	1	512	338	3.12031
1024	3584	1	508	146	5.62573
1536	3584	1	416	516	5.83071
1024	3584	1	172	266	2.17812
1024	3584	1	100	104	5.52924
1536	3072	1	428	234	1.23319
1536	3584	1	404	242	3.92645
1536	3584	1	480	332	5.99368
1536	3072	1	512	198	1.76574
1536	3072	1	418	98	1.65748
1536	3072	1	236	292	3.53340
1024	3584	1	24	132	5.73971
1536	3072	1	122	286	2.81984
1536	3584	2	364	60	0.00000
1536	3584	2	394	120	0.00000
1536	3584	2	446	112	0.00000
1024	3584	2	164	22	0.00000
1024	3584	2	294	88	0.00000
1024	3072	1	440	190	0.00000
1024	3584	1	238	8	0.00000
1024	3072	1	244	364	0.00000
1024	3072	1	174	386	3.08339
1024	3072	2	104	370	0.00000
1024	3072	1	162	304	1.39066
1024	3072	1	72	228	3.00065
1024	3072	1	22	314	4.82029
1024	3072	1	172	194	0.26352
1024	3072	1	264	116	2.93166
1024	3072	1	148	92	0.97719
1024	3072	1	80	4	1.65491
1024	3072	1	336	296	0.44664
1024	3072	1	350	454	3.06652
1024	3072	1	392	86	4.36283
1024	3072	1	492	112	2.90376
1536	3072	1	80	164	3.95968
1536	3072	1	64	58	5.33858
1536	3072	1	200	4	0.23721
1536	3072	1	168	208	5.83188
1536	3072	1	250	96	3.13060
1536	3072	1	314	10	2.69637
1536	3072	1	394	4	2.33835
1024	3584	1	126	428	0.43169
1024	3584	1	356	436	0.99289
1024	3584	1	12	486	5.56080
2560	2560	2	460	340	0.00000
2560	2560	2	320	490	0.00000
2048	2560	2	204	414	0.00000
2048	2560	2	322	430	0.00000
2048	2560	2	452	330	0.00000
2560	2560	2	2	332	0.00000
2048	2560	2	172	364	0.00000
2048	2048	1	132	284	5.47938
2048	2048	1	92	440	3.13531
2048	2048	2	34	368	0.00000
2048	2048	2	20	286	0.00000
2048	2048	2	206	446	0.00000
2048	2560	1	166	38	3.69345
2048	2560	2	48	48	0.00000
2048	2048	2	116	38	0.00000
2048	2048	2	192	62	0.00000
2048	2048	2	290	94	0.00000
2048	2048	1	474	152	5.73049
2048	2048	2	412	56	0.00000
2560	2048	1	110	254	5.96965
2048	2048	1	458	344	0.00000
2048	2048	1	386	466	1.42109
2048	2560	2	400	76	0.00000
2048	2560	2	350	48	0.00000
2048	2560	1	268	80	4.85429
2048	2560	2	330	204	0.00000
2048	2560	2	234	164	0.00000
2048	2560	2	184	154	0.00000
2048	2560	2	82	100	0.00000
2560	2048	1	210	114	0.00000
2048	2048	2	492	60	0.00000
2560	2048	1	306	84	0.00000
2560	2048	1	432	42	1.10807
2048	2048	2	20	124	0.00000
2560	2048	1	68	346	5.64668
2560	2048	1	470	238	0.00000
2560	2048	1	360	220	3.31039
2560	2048	1	368	468	0.50340
2560	2560	1	200	118	2.48481
2560	2560	1	318	126	5.50002
2560	2560	2	232	2	0.00000
2560	2048	2	456	466	0.00000
2048	2560	1	376	254	3.48089
2048	2560	1	140	294	3.85250
2048	2560	1	264	342	4.57324
2048	2560	1	114	452	5.63968
2048	2560	2	30	296	0.00000
2560	2560	1	68	192	1.01877
2560	2560	1	132	446	0.00000
2048	2560	1	302	494	2.26263
2560	2560	1	454	492	1.80581
2560	2560	1	394	374	5.61234
2560	2560	1	402	200	0.60671
2560	2560	1	300	252	3.52851
2560	2560	1	178	280	4.58803
2048	2560	2	470	452	0.00000
2560	2560	2	246	496	0.00000
2560	2560	1	402	30	2.13421
2560	2048	2	90	64	0.00000
2560	2048	2	146	18	0.00000
2560	2048	2	226	422	0.00000
2048	2048	1	252	302	0.00000
3072	2048	1	174	160	3.37461
3072	2048	1	102	184	2.16145
3072	2048	1	96	72	5.43735
3072	2048	1	54	272	2.28881
3072	2048	1	182	318	2.29814
3072	2048	1	278	316	5.79433
3072	2048	1	384	234	0.00000
3072	2048	1	306	228	5.98255
3072	2048	1	224	168	0.00000
3072	2048	1	292	124	1.82015
3072	2048	1	432	84	5.97562
3072	2048	1	294	24	2.16922
3584	2048	1	46	150	5.63809
3584	2048	1	120	80	0.12435
3584	2048	1	234	104	4.17674
3584	2048	1	352	90	0.53116
3584	2048	1	474	72	0.00000
3584	2048	1	364	224	5.33913
3584	2048	1	296	332	4.43989
3584	2048	1	160	364	5.62861
3584	2048	1	70	356	2.93241
3072	2048	1	468	268	5.88839
3072	2048	1	460	370	5.00783
3072	2048	1	468	452	4.42608
3072	2048	1	376	434	3.34094
3072	2048	1	316	436	0.66701
3584	2048	1	112	486	3.96005
3584	2560	1	162	28	4.35675
3584	2048	1	300	480	3.91146
3584	2560	2	336	122	0.00000
3584	2560	2	374	236	0.00000
3072	2560	2	258	18	0.00000
3072	2560	2	480	176	0.00000
3072	2560	2	456	136	0.00000
3072	2560	1	46	50	2.83239
3072	2048	1	90	408	0.27125
3072	2048	1	160	468	3.17080
3072	2560	1	196	104	3.82926
3072	2560	1	356	52	0.87135
3072	2560	1	480	28	3.79978
3584	2560	1	20	90	4.03167
3584	2560	1	184	110	1.90823
3584	2560	1	288	70	4.28125
3584	2560	1	412	136	5.63707
3584	2560	1	296	232	2.92790
3584	2560	1	442	308	4.71239
3584	2560	1	300	352	4.05512
3584	2560	1	12	208	3.62411
3584	2560	1	92	172	5.80323
3584	2560	2	226	208	0.00000
3584	2560	2	244	304	0.00000
3584	2560	1	72	280	1.69544
3584	2560	1	154	380	2.54782
3072	2560	1	196	242	1.36496
3072	2560	2	50	230	0.00000
3072	2560	1	306	246	2.28879
3072	2560	1	376	154	0.76425
3072	2560	1	408	234	2.78860
3072	2560	1	254	382	4.81180
3072	2560	1	378	440	1.92063
3072	2560	2	140	364	0.00000
3072	2560	1	502	464	3.63155
3072	2560	1	34	352	3.86224
3072	2560	1	98	484	3.41529
3584	2560	1	388	418	2.39321
3584	2560	2	218	450	0.00000
3584	2560	2	58	482	0.00000
3072	2560	1	202	496	0.70245
3584	2560	2	260	496	0.00000
3584	2560	2	508	510	0.00000
3584	2560	1	476	412	5.16599
3072	3072	1	398	68	5.64186
3072	3072	1	218	194	3.92225
3072	3072	1	106	188	3.81874
3072	3072	2	96	29	0.00000
3072	3072	1	168	56	0.38433
3072	3072	1	390	198	3.23915
3072	3072	1	318	208	6.05237
3072	3072	2	294	135	0.00000
3584	3072	1	108	96	4.48601
3072	3072	1	510	176	0.00000
3584	3072	2	26	67	0.00000
3584	3072	1	498	24	4.08399
3584	3072	1	346	26	1.03011
3584	3072	1	264	12	0.94010
3584	3072	1	230	106	2.52249
3584	3072	1	376	90	4.04407
3584	3072	1	484	96	1.33790
3584	3072	1	402	166	4.31339
3584	3072	1	198	182	1.13673
3072	3072	1	66	286	2.01376
3072	3072	1	50	140	4.48730
3072	3072	1	220	294	0.99227
3584	3072	1	24	304	5.11279
3072	3072	2	432	251	0.00000
3584	3072	1	148	296	5.70782
3584	3072	1	254	276	3.11496
3584	3072	1	388	230	4.67116
3584	3072	2	496	197	0.00000
3584	3072	1	390	336	4.88322
3584	3072	1	496	356	3.27023
3584	3072	1	366	398	4.34855
3584	3072	1	222	400	5.05271
3584	3072	1	84	434	4.13281
3072	3072	1	494	370	4.73882
3072	3072	1	366	378	4.37530
3072	3072	1	100	376	1.12481
3072	3072	1	214	388	3.83268
3072	3072	2	254	441	0.00000
3072	3072	2	360	453	0.00000
3072	3584	1	292	22	0.39054
3072	3072	1	196	510	2.55140
3072	3072	1	64	470	5.05124
3072	3072	1	450	478	0.95060
3584	3072	1	104	496	1.03684
3584	3072	1	240	476	5.04134
3584	3072	1	396	488	1.47407
3584	3072	1	512	510	0.34342
3584	3584	1	482	120	2.79367
3584	3584	1	340	42	5.04985
3584	3584	1	350	118	1.71701
3584	3072	1	298	496	4.77137
3584	3584	1	206	96	1.40858
3584	3584	1	46	78	4.52242
3072	3584	1	420	64	3.87773
3072	3584	1	84	64	3.71737
3072	3584	1	24	100	3.32684
3072	3584	1	128	98	1.05775
3072	3584	1	180	170	2.69616
3072	3584	1	292	180	2.18572
3072	3584	1	420	168	0.81446
3584	3584	2	22	135	0.00000
3584	3584	1	84	180	0.00000
3584	3584	1	214	170	4.75665
3584	3584	1	432	214	2.48059
3584	3584	1	392	292	5.67255
3584	3584	1	206	230	2.14575
3584	3584	1	304	326	5.79564
3584	3584	1	142	316	5.21062
3072	3584	1	72	226	0.83683
3072	3584	1	72	340	4.80219
3072	3584	1	156	268	5.94144
3072	3584	1	262	248	1.01850
3072	3584	1	222	352	1.05446
3072	3584	1	406	330	3.90902
3072	3584	2	358	271	0.00000
3072	3584	1	500	326	3.83995
3072	3584	1	52	460	0.74766
3072	3584	1	272	406	3.86143
3072	3584	1	326	452	0.00000
3584	3584	1	432	430	1.22409
3584	3584	1	498	476	5.73560
3072	3584	2	204	471	0.00000
3072	3584	2	152	512	0.00000
3584	3584	1	176	422	0.51466
3072	3072	1	266	38	1.12481
2048	3072	1	508	98	4.43606
2560	3072	1	156	156	3.86761
2048	3072	2	412	86	0.00000
2048	3072	2	66	130	0.00000
2048	3584	2	188	490	0.00000
2560	3584	2	322	488	0.00000
2560	3584	2	18	510	0.00000
2560	3584	2	320	332	0.00000
2048	3072	2	156	476	0.00000
2048	3584	2	366	24	0.00000
2560	3072	2	16	186	0.00000
2560	3072	2	94	236	0.00000
2560	3072	2	344	230	0.00000
2560	3072	2	156	70	0.00000
2048	3072	2	194	26	0.00000
2048	3072	2	190	214	0.00000
2048	3072	2	438	228	0.00000
2560	3584	2	264	354	0.00000
2048	3584	2	184	10	0.00000
2560	3072	2	50	444	0.00000
2048	3072	2	194	326	0.00000
2048	3072	2	88	380	0.00000
2048	3072	1	204	130	1.70367
2048	3072	1	298	80	5.97731
2048	3072	2	358	22	0.00000
2048	3072	1	40	202	1.78947
2048	3072	1	372	244	2.33339
2048	3072	1	252	250	1.02823
2048	3072	1	456	372	4.07905
2048	3072	2	322	310	0.00000
2048	3072	1	346	458	0.76022
2048	3072	1	210	398	5.63745
2560	3072	1	162	282	0.97175
2560	3072	1	290	210	0.00000
2560	3072	1	240	38	2.90904
2560	3072	1	338	68	3.39646
2560	3072	1	406	88	0.00000
2560	3072	1	482	86	2.66975
2560	3072	1	480	216	1.63722
2560	3072	1	488	324	2.64604
2560	3072	1	324	306	1.54593
2560	3072	2	218	500	0.00000
2560	3072	2	278	490	0.00000
2560	3072	2	336	448	0.00000
2560	3072	2	402	494	0.00000
2560	3584	2	500	14	0.00000
2560	3584	2	440	108	0.00000
2560	3072	1	106	418	5.73594
2048	3584	1	102	78	4.34841
2048	3584	1	290	210	5.24565
2048	3584	1	192	210	2.00573
2048	3584	1	74	240	3.38854
2048	3584	1	490	204	1.36808
2048	3584	1	452	110	2.50268
2560	3584	1	82	124	5.53750
2560	3072	1	40	496	4.71239
2560	3584	1	194	52	4.82554
2560	3584	1	178	150	3.85490
2560	3584	1	324	128	4.49671
2560	3584	1	370	204	2.30317
2560	3584	1	262	236	6.10844
2560	3584	1	206	292	2.04332
2560	3584	1	72	266	0.00000
2048	3584	1	482	326	0.00000
2048	3584	1	396	308	0.00000
2048	3584	1	300	334	0.23485
2048	3584	1	220	294	1.26604
2048	3584	1	62	450	0.00000
2048	3584	1	492	440	1.49268
2048	3584	1	226	410	4.41139
2560	3584	1	98	404	0.00000
2560	3584	1	168	410	0.00000
2560	3584	1	250	438	4.81727
2560	3584	1	360	392	0.97763
2560	3584	1	464	292	0.55318
2560	3584	1	512	104	3.56510
2560	3584	1	462	472	0.73247
