1024	2048	1	100	144	0.00000
1024	2048	2	212	88	0.00000
1024	2048	1	256	182	4.93964
1024	2048	2	196	268	0.00000
1024	2048	1	222	372	0.46974
1024	2048	1	318	438	4.61320
1024	2048	1	394	180	3.10844
1536	2048	1	44	146	0.00000
1536	2048	2	238	158	0.00000
1536	2048	2	290	104	0.00000
1536	2048	1	330	200	3.91271
1536	2048	1	236	300	4.83301
1024	2048	1	476	306	0.00000
1024	2048	1	430	502	0.70863
1536	2560	1	26	30	5.69018
1536	2048	1	98	512	3.19968
1536	2048	1	190	434	2.10170
1536	2048	2	222	400	0.00000
1536	2048	1	374	358	0.49989
1536	2048	1	504	382	0.00000
1536	2048	1	430	236	1.78024
1536	2048	2	504	68	0.00000
1536	2048	1	124	34	4.79021
1024	2048	2	352	32	0.00000
1024	2048	2	494	42	0.00000
1024	2560	1	90	88	3.60261
1024	2560	1	284	16	1.54328
1024	2560	1	200	152	1.22596
1024	2560	1	146	228	4.39405
1024	2560	2	194	286	0.00000
1024	2560	1	352	192	2.39004
1536	2560	1	36	156	1.29125
1536	2048	1	188	512	0.62198
1536	2560	1	366	6	1.33971
1536	2560	1	506	92	3.29204
1536	2560	1	368	128	2.97560
1536	2560	1	446	184	3.37729
1536	2560	1	442	310	2.40314
1536	2560	1	304	246	5.44989
1536	2560	1	168	134	1.54949
1536	2560	1	80	248	0.43936
1536	2560	1	162	256	0.54338
1536	2560	1	210	328	1.01453
1024	2560	1	362	368	0.66796
1024	2560	1	468	410	0.53208
1536	2560	1	134	376	5.51377
1536	2560	1	272	388	0.81459
1536	2560	2	350	378	0.00000
1536	2560	1	388	436	4.28863
1536	2560	1	314	512	4.58608
1536	2560	1	30	482	0.98844
1024	2560	1	378	508	3.99758
1024	2560	1	262	362	2.93620
1024	2560	1	166	388	2.85465
1024	2560	1	98	380	5.00662
1024	3072	2	416	100	0.00000
1024	3072	2	470	34	0.00000
1024	3072	1	126	4	5.78937
1024	3072	1	200	74	0.67220
1024	3072	1	302	64	0.20755
1024	3072	1	376	4	3.58030
1024	3072	1	36	208	3.10456
1024	3072	1	122	168	3.15183
1024	3072	1	170	246	0.57593
1024	3072	2	382	190	0.00000
1024	3072	2	492	296	0.00000
1024	3072	2	348	350	0.00000
1536	3072	1	62	120	0.54154
1536	3072	1	158	36	5.24427
1536	3072	1	216	100	0.89247
1536	3072	1	352	4	4.59668
1536	3072	1	416	92	2.62255
1536	3072	1	230	212	0.44803
1536	3072	1	338	154	2.95956
1536	3072	1	46	268	2.27898
1024	3072	1	300	360	0.13489
1024	3072	1	304	172	5.31662
1536	3072	1	260	342	0.76503
1024	3072	1	426	384	0.76087
1024	3072	1	230	306	0.00000
1024	3072	1	58	350	4.07338
1024	3072	1	56	482	6.19591
1024	3072	1	168	400	1.49999
1024	3072	1	172	482	5.24393
1024	3584	2	168	32	0.00000
1536	3072	1	24	450	3.26273
1536	3072	1	96	482	3.38188
1536	3584	2	14	54	0.00000
1536	3072	1	172	470	3.26811
1536	3072	1	236	484	0.00000
1536	3072	1	330	436	5.28781
1536	3072	1	466	370	3.74138
1536	3072	1	420	266	5.96821
1536	3072	1	512	496	5.70472
1536	3584	2	372	68	0.00000
1536	3584	2	402	112	0.00000
1536	3584	2	462	110	0.00000
1536	3584	1	486	46	5.45650
1536	3584	1	292	144	1.85956
1024	3584	1	408	28	1.76433
1024	3584	1	262	40	0.99656
1024	3584	1	74	118	3.33345
1024	3584	1	304	144	0.53914
1024	3584	1	402	166	1.19050
1024	3584	1	356	284	0.27945
1536	3584	1	46	106	1.75140
1024	3584	1	508	256	0.00000
1536	3584	2	38	206	0.00000
1536	3584	1	120	198	4.88544
1536	3584	1	248	220	4.96693
1536	3584	1	344	268	3.16452
1536	3584	1	474	274	0.39447
1536	3584	2	512	320	0.00000
1536	3584	2	322	378	0.00000
1536	3584	1	404	356	0.07208
1536	3584	1	508	456	5.79966
1536	3584	1	102	282	0.22100
1024	3584	1	432	356	0.00000
1024	3584	1	110	494	5.69658
1024	3584	1	0	490	5.67730
1024	3584	1	362	516	0.20439
1024	3584	1	244	516	0.67474
1536	3584	1	176	350	1.05161
1536	3584	1	66	494	0.76333
1536	3584	1	172	472	0.50787
1536	3584	1	254	516	5.77472
1536	3584	1	336	500	5.88761
1536	3072	1	372	342	2.78025
2048	2560	1	88	310	3.71668
2048	2560	1	18	438	3.72335
2048	2560	1	328	510	5.78568
2048	2560	1	152	512	0.00000
2048	2560	1	248	472	3.27456
2560	2560	1	82	440	0.00000
2560	2560	1	270	512	3.66707
2048	2560	1	282	348	5.72127
2048	2560	1	362	302	6.15066
2048	2560	1	406	460	3.15772
2048	2560	2	170	363	0.00000
2560	2560	2	20	481	0.00000
2048	2560	2	463	483	0.00000
2560	2560	1	508	458	2.88840
2560	2560	1	362	454	2.44113
2560	2560	1	412	408	5.46765
2560	2560	1	38	304	4.50508
2560	2560	1	164	286	5.95640
2560	2560	1	274	334	3.81606
2560	2560	1	34	204	0.90669
2048	2560	1	122	152	3.82155
2048	2560	1	296	80	3.74484
2048	2560	1	68	132	3.81681
2048	2560	1	404	100	4.72255
2560	2560	1	312	132	1.50956
2560	2560	1	444	174	2.24116
2560	2560	1	284	204	1.29609
2560	2560	1	412	280	5.96444
2560	2560	1	6	98	3.81192
2560	2048	1	268	458	4.53978
2560	2560	1	292	58	1.46405
2560	2048	1	378	458	0.42296
2560	2560	1	130	18	0.98902
2560	2560	1	466	50	2.89406
2560	2048	1	2	508	4.68455
2560	2048	2	296	391	0.00000
2048	2048	1	180	498	4.71340
2048	2560	1	150	34	1.60597
2048	2048	1	134	492	2.91710
2048	2048	1	90	404	4.22233
2048	2048	1	288	328	4.93305
2048	2048	1	358	416	4.35526
2560	2048	1	28	368	3.80231
2048	2048	2	438	505	0.00000
2048	2048	1	58	282	0.04085
2048	2048	1	122	238	6.00311
2048	2048	1	256	210	0.00000
2048	2048	1	438	202	3.16513
2560	2048	1	512	236	1.08624
2560	2048	1	506	136	3.96303
2560	2048	1	426	60	0.00000
2560	2048	1	298	92	0.00000
2560	2048	1	252	60	3.22125
2560	2048	1	38	232	0.86703
2560	2048	1	184	202	5.68610
2560	2048	1	16	106	5.77974
2048	2048	1	358	118	1.36066
2048	2048	1	204	38	3.04594
2048	2048	1	108	30	1.09398
2048	2048	1	106	72	0.00000
2560	2048	1	150	84	3.79406
2560	2048	1	512	460	3.62397
2560	2048	1	440	316	3.08713
2048	2048	2	260	505	0.00000
2048	2560	2	318	205	0.00000
2048	2560	2	228	157	0.00000
2048	2048	2	406	9	0.00000
2560	2048	1	332	164	1.57218
2048	2560	2	410	49	0.00000
3072	2560	1	104	486	2.41682
3072	2560	1	68	336	4.49677
3072	2560	1	198	352	3.00456
3072	2560	1	74	230	2.18953
3072	2560	1	372	470	0.00000
3072	2560	1	324	402	1.17515
3072	2560	1	298	308	4.43900
3584	2560	1	10	442	5.91024
3584	2560	1	452	488	5.99665
3072	2560	1	460	480	2.68172
3584	2560	1	222	472	0.00000
3584	2560	1	70	286	0.83529
3584	2560	1	298	472	5.67771
3584	2560	1	130	328	3.83263
3584	2560	1	102	468	2.52297
3584	2560	2	151	401	0.00000
3584	2560	2	383	501	0.00000
3072	2560	2	459	179	0.00000
3584	2560	1	294	386	1.88333
3584	2560	1	248	312	4.78585
3584	2560	1	502	334	5.91559
3072	2560	1	286	222	1.67980
3584	2560	1	384	222	3.12148
3584	2560	1	422	378	2.10053
3584	2560	1	284	248	2.15111
3584	2560	1	16	198	0.00000
3072	2560	1	416	222	5.87415
3072	2560	1	56	94	3.65458
3072	2560	1	258	84	6.00740
3072	2560	1	192	176	3.25645
3584	2560	1	30	90	2.13123
3072	2048	1	44	316	0.68240
3584	2560	1	146	202	2.40057
3072	2560	1	380	106	4.15777
3072	2560	2	442	127	0.00000
3072	2560	2	166	81	0.00000
3072	2560	2	314	21	0.00000
3072	2048	1	30	448	3.34955
3072	2048	1	120	352	4.44170
3072	2048	1	214	374	3.56901
3072	2048	1	260	434	3.48518
3072	2048	1	372	502	5.19372
3072	2048	1	392	384	2.96799
3072	2048	1	488	428	4.02439
3584	2048	1	16	484	4.03735
3584	2048	1	90	500	3.80261
3584	2560	1	206	48	3.74422
3584	2048	1	212	474	0.48279
3584	2560	1	224	136	1.52141
3584	2560	1	308	132	3.18305
3584	2560	1	496	188	3.23450
3584	2560	1	432	106	0.00000
3584	2048	1	468	468	3.07806
3584	2048	1	386	496	3.18553
3584	2048	1	300	506	3.26621
3584	2048	1	448	330	4.72844
3584	2048	1	204	356	5.64506
3584	2048	1	74	288	2.49381
3072	2048	1	436	290	2.63318
3072	2048	1	72	192	0.00000
3072	2048	2	20	133	0.00000
3072	2048	1	148	232	3.44720
3072	2048	1	288	228	4.81608
3584	2048	1	390	224	5.52781
3584	2048	1	246	228	4.34041
3584	2048	1	150	118	0.00000
3584	2048	2	216	23	0.00000
3584	2048	1	252	94	3.48259
3584	2048	1	392	78	0.00000
3072	2048	1	362	122	0.00000
3072	2048	1	192	150	4.97314
3072	2048	1	94	62	3.34866
3072	2048	1	184	44	3.82941
3072	2048	2	300	41	0.00000
3072	2048	1	434	120	3.98628
3584	2048	1	4	202	4.00298
3584	2048	1	474	62	0.36818
3072	3072	1	212	60	3.68442
3072	3072	1	124	142	0.00000
3072	3072	1	342	110	5.29562
3072	3072	1	308	198	5.23053
3072	3072	1	348	306	2.08377
3072	3072	1	212	328	5.23154
3072	3072	1	118	354	0.00000
3072	3072	2	42	374	0.00000
3584	3072	1	84	72	0.79511
3072	3072	1	474	114	4.56485
3584	3072	1	66	184	1.73557
3584	3072	1	174	180	3.21743
3072	3072	2	428	254	0.00000
3072	3072	1	366	328	0.00000
3584	3072	1	86	316	3.29115
3584	3072	1	324	68	1.90817
3584	3072	1	332	148	2.03888
3584	3072	1	320	230	2.20518
3584	3072	1	268	336	0.97824
3584	3072	1	448	210	0.24829
3584	3072	1	428	356	3.32470
3584	3072	1	8	484	4.79988
3072	3072	1	348	430	5.60436
3072	3072	1	200	510	3.58962
3072	3584	1	128	10	0.00000
3072	3584	1	56	96	2.23975
3072	3584	1	288	32	0.59323
3072	3584	1	184	156	3.82336
3072	3584	1	278	164	0.00000
3072	3584	1	390	58	1.01044
3584	3072	1	110	470	3.11680
3584	3072	1	166	500	2.63449
3584	3584	1	286	18	0.00000
3584	3072	1	454	482	4.79913
3584	3584	1	460	62	4.18066
3584	3584	1	344	158	5.61751
3584	3584	1	14	74	1.49402
3072	3584	1	396	146	0.34302
3072	3584	1	200	264	3.32145
3072	3584	1	126	314	0.00000
3072	3584	1	484	190	0.00000
3072	3584	1	310	272	0.60721
3072	3584	1	406	276	0.35877
3584	3584	1	188	224	0.48893
3584	3584	1	158	124	0.63330
3584	3584	1	236	286	0.37797
3584	3584	1	342	288	1.48863
3072	3584	1	402	396	0.35564
3072	3584	1	142	438	0.65457
3072	3584	1	278	406	0.45607
3072	3584	1	484	322	2.28087
3584	3584	1	24	342	0.00000
3584	3584	1	240	372	1.16814
3584	3584	1	278	438	1.01776
3584	3584	1	356	400	5.97210
3584	3584	1	506	170	2.58010
3584	3584	1	474	266	4.80734
3584	3584	1	460	348	0.83980
3584	3584	1	430	458	0.00000
3072	3584	1	486	456	4.61636
3584	3584	1	172	474	5.73280
3072	3072	2	414	398	0.00000
3072	3072	1	24	242	5.87077
3584	3072	1	420	52	3.11035
3584	3072	1	502	382	2.75869
2560	3584	2	182	400	0.00000
2560	3584	2	202	346	0.00000
2560	3584	2	270	350	0.00000
2560	3072	2	138	72	0.00000
2560	3072	2	230	132	0.00000
2560	3072	2	346	246	0.00000
2048	3072	2	318	432	0.00000
2048	3584	2	244	336	0.00000
2048	3072	2	162	472	0.00000
2048	3072	2	226	284	0.00000
2048	3072	2	286	276	0.00000
2560	3072	2	100	230	0.00000
2048	3584	1	74	416	6.11202
2048	3584	1	196	458	6.05589
2048	3584	1	346	454	0.00000
2048	3584	1	436	416	0.00000
2560	3584	1	14	402	6.01693
2560	3584	1	218	458	5.57456
2048	3584	1	50	214	0.14842
2048	3584	1	72	90	3.37059
2048	3584	1	384	320	1.15716
2560	3584	1	90	344	2.45643
2560	3584	1	380	364	4.86261
2560	3584	1	304	246	5.77832
2048	3584	1	270	266	2.14824
2048	3584	1	352	108	0.00000
2048	3584	1	432	198	5.78924
2048	3584	1	328	218	1.96222
2560	3584	1	6	158	5.98317
2560	3584	1	58	258	1.75976
2560	3584	1	126	210	1.95739
2560	3584	1	122	96	5.93722
2560	3584	1	214	136	2.77442
2560	3584	1	394	218	5.38713
2560	3584	1	468	176	5.36776
2560	3584	1	366	80	3.89653
2560	3072	1	476	432	5.90383
2048	3584	1	272	78	3.95645
2048	3072	1	126	376	5.87077
2048	3072	1	54	268	0.00000
2048	3072	1	206	366	2.92292
2048	3072	1	74	76	0.00000
2048	3072	1	222	134	0.00000
2048	3072	1	140	70	0.00000
2048	3072	1	300	180	0.00000
2048	3072	1	372	268	0.00000
2048	3072	1	352	406	5.74756
2048	3072	1	454	108	0.00000
2560	3072	1	12	228	0.00000
2048	3584	1	444	30	3.03266
2560	3584	1	46	12	4.66287
2560	3584	1	150	26	5.35107
2560	3072	1	204	470	3.47007
2560	3072	1	348	406	0.00000
2560	3584	1	286	10	4.08338
2048	3072	1	486	420	3.14159
2560	3072	1	52	390	3.04149
2560	3072	2	104	442	0.00000
2560	3072	1	118	352	5.66689
2560	3072	1	180	326	5.72412
2560	3072	1	218	270	5.75194
2560	3072	1	270	224	2.67795
2560	3072	1	116	136	2.14051
2560	3072	1	430	272	2.97920
2560	3072	1	374	78	2.98499
2048	3584	1	202	278	3.25225
2048	3584	1	124	316	5.53148
2560	3584	1	392	478	5.01527
