1536	2560	1	44	494	1.15071
1536	2560	1	500	98	1.12246
1536	2560	1	304	268	5.60839
1536	2560	1	344	512	4.79564
1536	2560	1	428	442	0.00000
1536	2560	1	366	192	0.11488
1536	2560	1	140	324	0.39049
1536	2560	1	498	210	3.40674
1536	2560	1	410	274	0.41970
1536	2560	1	220	370	0.87522
1536	2560	1	212	232	5.89710
1536	2560	1	428	46	1.41651
1536	2048	1	226	464	1.92825
1536	2560	1	348	12	0.66276
1536	2560	1	260	114	1.46771
1536	2048	1	292	242	5.83708
1024	2560	1	412	424	5.22946
1536	2048	1	368	238	2.24895
1536	2048	1	450	430	0.67263
1536	2048	1	352	418	0.85756
1536	2048	2	246	378	0.00000
1536	2048	2	490	80	0.00000
1536	2048	2	262	82	0.00000
1536	2048	2	222	156	0.00000
1536	2048	1	18	4	0.00000
1536	2048	1	334	0	0.86217
1536	2048	1	146	346	1.58378
1536	2048	1	80	238	5.49958
1024	2560	1	510	368	4.39616
1024	2560	1	478	282	1.91382
1024	2560	1	46	424	3.88445
1024	2560	1	222	446	4.01525
1024	2560	1	256	512	0.76438
1024	2560	1	98	506	3.56481
1536	2560	1	72	222	1.86842
1536	2560	1	12	22	5.71440
1024	2560	1	242	318	0.55706
1024	2560	1	338	302	3.43919
1536	2560	1	168	76	3.67410
1024	2560	1	422	94	3.46462
1536	2048	1	98	488	1.98988
1536	2048	1	12	372	3.38657
1024	2560	1	320	44	0.80554
1024	2560	1	184	244	1.35549
1024	2048	1	462	370	3.46869
1024	2560	1	192	170	4.68598
1024	2560	1	198	40	0.38288
1024	2560	1	2	136	5.07378
1024	2560	1	20	236	1.64962
1024	2560	1	32	2	2.24625
1024	2048	1	208	384	0.39774
1024	2048	1	356	190	1.99029
1024	2048	1	82	258	1.01649
1024	2048	1	34	172	2.21336
1024	2048	1	96	76	0.81191
1024	2048	1	264	0	0.00000
1024	2048	2	204	80	0.00000
1536	3072	1	234	68	4.64319
1536	3072	1	370	150	2.72337
1536	3072	1	462	134	5.08981
1536	3072	1	454	252	4.65363
1536	3072	2	414	316	0.00000
1536	3072	2	370	472	0.00000
1536	3584	2	472	122	0.00000
1536	3072	1	450	392	1.54250
1536	3072	1	300	270	0.33929
1536	3584	1	426	56	0.00000
1536	3584	1	492	240	0.00000
1536	3584	1	492	432	5.84894
1536	3584	1	408	366	0.00000
1536	3584	1	324	310	0.00000
1536	3584	1	328	484	5.75233
1536	3584	1	194	450	0.12435
1536	3584	1	74	476	0.44136
1536	3584	1	36	400	0.37624
1024	3584	1	454	384	0.33746
1024	3584	1	92	474	5.97429
1536	3072	1	94	30	1.36155
1536	3072	1	184	308	5.42102
1536	3584	1	322	126	1.42214
1536	3584	1	100	252	0.72890
1536	3584	1	174	276	0.34302
1024	3584	1	458	218	5.48574
1024	3584	1	344	310	5.84894
1024	3584	1	54	312	5.50185
1024	3584	1	164	252	1.34400
1536	3584	1	198	104	6.01693
1024	3584	1	60	22	1.17197
1536	3072	1	254	464	0.43816
1536	3072	1	188	418	3.04447
1536	3584	1	126	118	3.05322
1024	3584	1	474	82	5.86633
1024	3584	1	266	154	5.23281
1024	3584	1	186	98	0.54042
1024	3584	1	102	128	0.55860
1536	3072	1	94	486	3.41792
1024	3072	1	512	472	2.51627
1536	3072	1	34	308	0.65323
1536	3072	1	38	142	5.92064
1024	3072	1	494	202	5.75394
1024	3584	1	322	68	4.09677
1024	3072	1	322	486	0.72740
1024	3072	1	230	454	0.78540
1024	3072	1	326	240	0.00000
1024	3072	1	264	234	0.00000
1024	3072	1	276	352	5.65067
1024	3072	1	78	458	4.32061
1024	3072	1	132	368	4.53265
1024	3072	1	164	258	5.72297
1024	3072	1	84	282	3.79817
1024	3072	1	270	140	4.49174
1024	3072	1	174	124	0.24498
1024	3072	1	94	80	1.04272
1024	3072	1	308	40	0.78777
1536	3584	1	288	22	0.44611
1536	3584	1	512	8	0.56673
2560	2560	1	512	282	0.55262
2560	2560	1	512	176	0.71513
2560	2560	1	464	406	4.83748
2560	2560	1	298	432	2.04408
2048	2560	1	444	498	3.75057
2048	2560	1	38	390	5.85540
2560	2560	1	30	428	2.88401
2048	2560	1	76	512	1.92931
2560	2560	1	308	504	1.62164
2048	2560	1	378	372	4.49467
2048	2560	1	138	482	3.15300
2560	2560	1	58	272	0.00000
2048	2560	1	312	316	4.04386
2560	2560	1	142	406	5.71317
2048	2560	1	192	266	1.49804
2560	2560	1	244	178	2.47083
2560	2560	1	212	284	3.15974
2048	2560	1	380	484	0.76745
2560	2560	1	320	304	3.58607
2560	2560	1	140	234	3.28695
2048	2560	1	92	226	0.50417
2048	2560	1	274	464	3.89339
2560	2560	1	464	504	5.33989
2048	2560	2	198	417	0.00000
2048	2560	2	160	361	0.00000
2560	2560	2	462	333	0.00000
2560	2560	2	10	171	0.00000
2560	2560	1	406	118	0.38797
2560	2560	1	498	42	0.00000
2560	2048	1	386	458	0.35380
2560	2048	2	446	477	0.00000
2560	2048	1	350	412	3.70555
2560	2048	1	266	498	1.69258
2560	2560	1	228	74	1.01869
2560	2560	1	138	24	3.97274
2560	2048	1	102	430	0.71665
2560	2048	1	204	404	2.20058
2560	2048	1	320	418	2.40952
2560	2560	1	36	60	2.56260
2048	2560	1	460	62	3.63382
2048	2560	2	412	49	0.00000
2048	2560	2	388	105	0.00000
2048	2560	1	340	144	5.48253
2048	2560	1	430	240	1.76137
2048	2560	1	462	278	0.00000
2048	2560	2	306	221	0.00000
2048	2560	2	234	155	0.00000
2048	2560	2	162	171	0.00000
2048	2560	1	74	154	3.96652
2048	2560	1	228	60	4.02451
2048	2048	1	418	490	4.14697
2048	2048	1	348	428	3.79604
2048	2048	1	252	424	3.79292
2048	2048	1	230	508	4.30257
2048	2048	1	156	412	4.24321
2048	2560	1	68	12	1.60939
2048	2560	1	26	96	1.25146
2048	2048	1	32	438	5.86724
2048	2048	1	68	348	5.82744
2048	2048	1	140	290	5.83984
2048	2048	1	254	296	0.00000
2560	2048	1	484	344	1.36104
2560	2048	1	472	270	1.35271
2560	2048	1	506	162	1.28160
2560	2048	1	316	230	4.47409
2560	2048	1	174	258	2.52356
2560	2048	1	204	156	5.91972
2048	2048	1	500	150	0.96228
2560	2048	1	110	104	4.35684
2048	2048	1	398	84	0.97881
2048	2048	2	498	59	0.00000
2048	2048	1	258	86	2.36539
2048	2048	1	180	164	4.50012
2048	2048	1	48	90	1.98728
2048	2048	1	172	80	2.62483
2048	2048	1	332	38	2.55896
2048	2048	1	44	30	4.36074
2560	2048	1	290	104	0.00000
2560	2048	1	234	62	2.84156
2560	2048	1	364	70	0.00000
2560	2048	1	420	66	0.00000
2560	2048	1	490	48	2.66824
3584	2560	1	370	16	2.31985
3584	2048	1	248	466	4.46645
3584	2048	1	52	476	3.19649
3072	2048	1	496	408	3.10011
3072	2048	1	434	428	2.84368
3072	2048	1	300	506	1.71119
3072	2048	1	192	40	4.16857
3072	2048	1	218	106	3.89495
3072	2048	1	322	134	2.04239
3072	2048	1	398	76	2.85300
3072	2048	1	512	68	5.47852
3584	2048	1	150	110	0.22835
3584	2048	1	260	90	3.62177
3584	2048	1	388	104	0.00000
3584	2048	1	472	64	0.00000
3584	2048	1	380	210	5.45833
3584	2048	1	10	222	5.73153
3072	2048	1	418	294	5.19587
3072	2048	1	416	214	4.86504
3072	2048	1	276	216	1.71839
3072	2048	1	78	260	2.86570
3072	2048	1	162	370	4.92348
3072	2048	1	312	360	1.60412
3072	2560	1	210	122	0.19383
3072	2560	1	264	188	3.59493
3072	2560	1	220	332	3.76758
3072	2560	1	510	462	5.52984
3584	2560	1	350	160	4.54094
3072	2048	1	84	490	2.75259
3072	2560	1	40	134	0.55270
3072	2048	1	176	474	2.66695
3072	2048	1	94	100	0.00000
3584	2048	1	92	358	4.99844
3584	2048	1	174	286	4.43123
3584	2048	1	464	356	1.61622
3584	2048	1	248	356	3.85395
3072	2048	1	312	434	4.66365
3072	2560	2	434	132	0.00000
3072	2560	2	466	190	0.00000
3072	2560	1	136	280	3.83856
3072	2560	1	436	42	0.87142
3584	2560	1	14	70	1.54113
3584	2560	1	124	22	0.00000
3584	2560	1	238	78	5.65637
3584	2560	1	300	50	5.51090
3584	2048	1	416	468	2.45115
3584	2560	1	234	216	4.86930
3072	2560	1	374	230	3.50064
3584	2560	1	102	224	0.30245
3584	2560	1	18	178	3.49168
3072	2560	1	452	348	4.08318
3584	2560	1	114	336	0.74790
3584	2560	1	152	402	1.02326
3584	2560	1	192	512	2.75321
3584	2560	1	292	456	5.37343
3584	2560	1	308	364	1.67629
3584	2560	1	244	294	1.44008
3584	2560	1	404	354	3.18946
3584	2560	1	512	144	1.95210
3584	2560	1	500	394	2.16933
3584	2560	1	512	340	2.14799
3072	2560	1	48	246	0.68682
3072	2560	1	122	512	3.57922
3072	2560	1	310	388	2.91606
3072	3072	1	406	182	3.82943
3072	3072	1	378	112	3.92249
3072	3072	1	408	432	1.30862
3072	3072	1	264	286	2.93151
3072	3072	1	470	328	4.37240
3072	3072	1	178	140	2.24025
3072	3072	1	78	168	5.70555
3584	3072	1	148	120	6.20096
3584	3072	1	126	406	1.69197
3072	3072	1	206	42	6.15329
3072	3072	1	102	28	3.72614
3072	3072	1	120	358	6.09011
3584	3072	1	252	266	4.62994
3072	3584	1	336	14	5.63309
3072	3072	1	184	296	0.00000
3584	3584	1	216	128	3.42668
3584	3584	1	340	18	2.30782
3584	3072	1	446	306	3.02337
3072	3072	1	168	488	3.27187
3584	3584	1	72	160	2.44877
3072	3584	1	476	186	1.80286
3584	3072	1	8	486	2.90522
3584	3072	1	134	486	3.99709
3584	3584	1	456	262	2.37240
3584	3072	1	74	158	2.62864
3072	3072	1	344	308	2.81537
3072	3072	1	292	130	0.00000
3072	3072	1	490	220	1.34229
3584	3584	1	422	46	3.11290
3584	3072	1	284	342	0.88775
3584	3072	1	368	400	1.08131
3584	3584	1	186	344	2.22943
3072	3072	2	244	456	0.00000
3584	3072	1	316	186	5.33473
3584	3072	1	292	72	0.64895
3072	3584	1	218	146	4.20712
3072	3584	1	22	38	2.53754
3072	3072	1	62	482	2.24366
3072	3072	1	38	386	3.07145
3072	3584	1	264	302	1.52758
3072	3584	1	470	104	2.04554
3072	3584	1	130	248	1.69384
3072	3584	1	372	252	0.31029
3584	3584	1	18	270	1.28198
3072	3584	1	336	158	3.52938
3072	3584	1	262	56	2.03736
3584	3072	1	476	156	1.96456
3584	3072	1	492	56	5.82479
3584	3072	1	392	22	0.00000
3584	3072	1	58	30	1.35861
3584	3584	1	250	182	0.40823
3584	3584	1	378	366	2.62062
3584	3584	1	358	188	5.76216
3584	3584	1	192	32	4.09848
3584	3072	1	512	452	5.30275
3584	3584	1	512	54	3.94429
3584	3584	1	498	142	1.57162
3072	3584	1	320	372	1.77430
3072	3072	1	372	0	0.00000
3072	3584	1	430	354	5.98337
3584	3584	1	162	254	2.18698
3584	3584	1	312	342	0.13207
3584	3584	1	462	426	0.58371
3584	3584	1	412	308	2.11448
3584	3584	1	46	322	1.01761
3072	3584	1	16	376	3.03179
3584	3072	2	246	418	0.00000
3072	3584	2	122	156	0.00000
3072	3584	1	390	490	0.51456
3072	3584	1	292	452	2.48746
3584	3584	1	58	450	5.78796
3584	3584	1	150	470	3.60264
3584	3584	1	300	458	1.76792
3072	3584	1	68	302	2.09735
3072	3584	1	88	428	3.84987
3584	3072	2	224	146	0.00000
3584	3072	2	188	48	0.00000
3584	3072	2	354	114	0.00000
3584	3072	2	370	330	0.00000
3584	3072	2	420	424	0.00000
3072	3584	1	154	512	0.38181
3072	3584	1	448	512	0.39531
3584	3584	1	276	300	0.00000
2560	3072	1	176	342	0.27805
2560	3072	1	10	160	5.48779
2560	3072	1	400	208	5.43266
2048	3072	1	238	170	5.28945
2048	3072	1	86	136	1.03957
2048	3072	1	70	268	0.82049
2048	3584	1	510	90	0.52626
2560	3072	1	256	306	0.00000
2560	3072	1	234	96	5.11641
2560	3072	1	132	182	2.51567
2560	3584	1	354	34	5.81599
2560	3584	1	230	54	1.41308
2048	3072	1	142	436	3.93140
2048	3072	1	414	384	6.04016
2560	3584	1	120	104	5.66068
2560	3584	1	438	148	0.89238
2048	3072	1	428	66	0.00000
2560	3072	1	406	70	3.93843
2048	3584	1	350	112	1.35888
2048	3584	1	180	40	0.64067
2560	3584	1	290	130	1.45200
2560	3072	1	440	508	5.99567
2560	3584	1	64	310	4.61714
2048	3584	1	358	234	5.71202
2048	3584	1	186	420	5.89568
2560	3584	1	354	282	1.01870
2560	3584	1	148	230	2.10664
2560	3584	1	44	410	5.29975
2048	3584	1	268	346	0.31045
2560	3584	1	248	458	5.91063
2048	3072	2	472	284	0.00000
2048	3072	2	270	266	0.00000
2048	3072	2	200	228	0.00000
2560	3072	2	2	358	0.00000
2560	3072	2	100	438	0.00000
2048	3584	2	182	254	0.00000
2048	3584	2	68	258	0.00000
2560	3072	2	352	240	0.00000
2560	3584	1	32	174	0.54140
2048	3584	1	126	466	5.84774
2560	3584	1	362	412	5.14348
2048	3584	1	354	348	5.75651
2560	3072	1	60	308	4.78257
2560	3072	1	348	416	4.51386
2048	3584	1	246	206	5.55103
2048	3584	1	82	144	5.66965
2560	3584	1	256	326	0.00000
2048	3584	1	450	16	3.80366
2048	3584	1	278	58	3.98943
2048	3072	2	488	430	0.00000
2048	3072	2	170	486	0.00000
2048	3072	2	30	340	0.00000
2560	3072	2	130	70	0.00000
2048	3072	2	316	432	0.00000
2048	3584	1	312	462	0.00000
2048	3584	1	424	190	0.00000
2048	3584	1	442	378	0.00000
2560	3072	1	214	446	0.00000
