1024	2048	1	78	154	5.16234
1024	2048	1	198	80	0.33012
1024	2048	1	186	274	0.00000
1024	2048	1	50	412	0.38242
1024	2048	1	244	374	0.35199
1024	2048	1	460	218	2.89661
1536	2048	1	78	344	5.89655
1536	2048	1	82	106	5.98509
1024	2560	1	246	52	1.04230
1024	2560	1	432	22	4.78746
1536	2048	1	42	502	3.26222
1536	2048	1	300	372	3.83351
1536	2560	1	346	44	0.74195
1536	2048	1	308	456	4.52163
1536	2048	2	242	334	0.00000
1536	2048	1	422	272	2.97850
1536	2048	1	210	248	2.03444
1536	2048	1	230	148	5.92333
1536	2048	1	180	54	0.00000
1536	2048	1	364	70	3.50414
1536	2560	1	84	116	0.65370
1024	2560	1	370	126	2.48768
1024	2560	1	306	204	4.25854
1024	2560	1	434	234	2.14667
1536	2560	1	48	272	0.68319
1536	2560	1	138	296	3.41841
1536	2560	1	270	256	5.86219
1536	2560	1	392	164	4.68608
1536	2048	1	474	494	3.87149
1536	2560	1	470	182	0.00000
1536	2048	1	494	102	2.64570
1536	2048	1	510	144	0.93561
1024	2560	1	24	290	0.49812
1024	2560	2	90	194	0.00000
1024	2560	1	124	262	3.45130
1024	2560	1	74	448	0.00000
1024	2560	1	170	402	3.38895
1024	2560	1	306	374	4.15379
1024	2560	1	330	290	1.90012
1024	2560	1	320	486	4.34984
1536	2560	1	74	432	5.26486
1024	2560	1	500	488	4.84864
1536	2560	1	198	366	3.26255
1536	2560	1	304	370	3.44145
1536	2560	1	380	416	1.99563
1536	2560	1	476	294	4.57049
1536	2560	1	512	358	4.57584
1536	2048	1	512	274	0.23072
1536	2560	1	488	486	0.61830
1536	2560	1	352	512	0.94243
1536	2048	1	32	0	0.33807
1536	3584	2	462	108	0.00000
1536	3584	2	356	64	0.00000
1536	3584	2	249	269	0.00000
1536	3584	2	136	324	0.00000
1024	3072	1	182	40	0.69453
1024	3072	1	40	82	1.38241
1024	3072	1	406	54	5.65110
1536	3072	1	110	50	0.50059
1536	3072	1	186	84	0.20901
1536	3072	1	244	120	3.34006
1536	3072	1	332	22	0.34918
1536	3072	1	458	78	0.87480
1536	3072	1	342	190	2.78158
1536	3072	1	492	274	1.32068
1024	3072	1	294	74	2.66678
1024	3072	1	250	136	5.51434
1024	3072	1	184	182	6.11870
1024	3072	1	70	234	0.57057
1024	3072	1	266	280	0.11455
1024	3072	1	444	148	3.84779
1024	3072	1	318	296	0.00000
1536	3072	1	226	288	1.64587
1536	3072	1	72	334	0.79673
1024	3072	1	470	372	2.19654
1536	3072	1	320	392	4.42656
1024	3072	1	112	368	2.32795
1024	3072	1	202	372	2.82474
1024	3072	1	124	452	4.67181
1024	3584	1	16	6	4.44989
1024	3584	1	150	12	0.69271
1024	3072	1	312	414	1.66684
1024	3072	1	370	486	3.81734
1536	3072	1	180	446	5.52700
1536	3072	1	130	468	5.70063
1536	3072	1	266	502	3.18798
1536	3072	2	386	462	0.00000
1536	3072	1	480	502	3.89499
1024	3584	1	248	12	0.92560
1024	3584	1	316	66	1.81759
1024	3584	1	490	52	2.36220
1024	3584	1	258	134	1.26764
1024	3584	1	418	38	0.00000
1024	3584	1	342	204	3.27062
1536	3584	1	160	106	5.83823
1536	3584	1	92	182	3.91979
1024	3584	1	504	158	4.79395
1536	3584	1	210	208	3.76917
1536	3584	1	346	158	0.95499
1536	3584	1	478	268	5.30023
1536	3584	1	512	210	5.39002
1024	3584	1	430	232	5.98910
1024	3584	1	224	256	2.10366
1024	3584	1	96	286	5.21561
1024	3584	1	334	320	0.70920
1024	3584	1	476	338	1.25308
1536	3584	1	384	278	1.97897
1536	3584	1	344	368	5.29321
1536	3584	1	448	438	0.00000
1536	3584	1	338	480	5.66273
1536	3584	1	158	458	0.49196
1536	3584	1	232	494	0.34737
1024	3584	1	136	450	0.00000
1024	3584	1	386	494	5.69728
1024	3584	1	492	512	3.49403
1024	3584	1	16	480	5.50192
1024	3584	1	266	492	0.00000
2560	2560	1	460	372	4.17175
2560	2560	1	140	480	2.12486
2560	2560	1	128	94	4.52232
2560	2048	1	384	464	3.38530
2560	2560	1	286	158	4.62684
2560	2560	1	16	400	0.75347
2560	2560	1	492	504	4.85021
2560	2560	1	294	348	3.30744
2560	2560	1	326	256	2.01484
2048	2560	1	272	352	4.23337
2048	2560	1	136	206	2.64115
2560	2560	1	212	388	2.43673
2048	2560	1	204	78	4.17164
2560	2560	1	380	394	3.67233
2048	2560	1	70	112	3.83606
2560	2560	1	256	512	3.30647
2048	2560	1	388	488	0.64730
2048	2560	1	136	444	5.84948
2048	2560	1	44	374	4.45612
2048	2560	1	0	284	4.79423
2560	2560	1	380	116	5.61872
2560	2048	1	274	506	1.57471
2560	2560	1	508	78	1.69107
2048	2048	1	226	508	4.87065
2048	2048	1	358	480	1.17583
2560	2048	1	206	344	0.68049
2560	2048	1	314	384	3.89412
2560	2048	1	512	418	0.00000
2560	2048	1	430	196	4.80708
2560	2048	1	258	226	4.66086
2560	2560	2	324	504	0.00000
2048	2560	2	506	316	0.00000
2048	2560	2	442	322	0.00000
2048	2560	2	324	434	0.00000
2048	2560	2	168	356	0.00000
2048	2560	2	198	420	0.00000
2560	2560	2	22	156	0.00000
2560	2048	1	416	76	0.00000
2560	2048	1	512	0	0.00000
2560	2048	1	512	184	0.71316
2560	2048	1	308	82	0.00000
2560	2048	1	220	146	0.00000
2560	2048	1	180	0	0.00000
2560	2048	1	66	102	3.24164
2560	2048	1	92	244	5.72276
2560	2048	1	76	366	5.51529
2048	2048	1	450	380	0.00000
2048	2048	1	392	158	5.54563
2048	2048	1	352	234	2.01616
2048	2048	1	326	308	5.24285
2048	2048	1	180	320	2.78365
2048	2048	1	162	442	0.75897
2048	2048	1	44	394	5.78304
2048	2048	1	12	230	0.00000
2048	2048	1	26	130	0.57294
2048	2048	1	178	90	3.75803
2048	2048	1	298	28	0.00000
2048	2048	1	404	0	0.00000
2048	2048	2	504	66	0.00000
3072	2048	1	344	314	4.64492
3072	2048	1	260	40	1.53941
3584	2048	1	472	64	0.00000
3584	2048	1	250	86	3.94523
3584	2048	1	312	154	4.66534
3584	2048	1	368	244	5.66490
3584	2048	1	306	318	5.15470
3072	2048	1	170	276	1.68482
3072	2048	1	48	158	1.42041
3072	2048	1	172	52	0.78354
3072	2048	1	224	116	1.54870
3072	2048	1	216	206	5.27682
3072	2048	1	360	84	0.00000
3072	2048	1	494	74	4.03755
3072	2048	1	486	170	5.02676
3072	2048	1	406	248	2.24971
3584	2048	1	26	266	5.15791
3584	2048	1	136	120	0.00000
3584	2048	1	76	138	5.79693
3584	2048	1	382	70	0.00000
3072	2048	1	60	298	2.07637
3584	2560	1	396	434	0.00000
3584	2560	1	330	380	0.00000
3072	2048	1	480	380	4.97227
3584	2048	1	176	426	2.35045
3584	2048	1	342	466	5.05728
3072	2560	1	340	210	3.56298
3584	2560	2	472	230	0.00000
3584	2560	2	482	288	0.00000
3072	2560	1	342	438	0.85748
3072	2560	1	184	236	0.00000
3584	2560	2	228	328	0.00000
3584	2560	1	414	124	0.00000
3072	2560	1	464	396	0.00000
3584	2560	1	202	434	6.24018
3072	2048	1	232	422	0.00000
3584	2560	1	204	62	1.16693
3584	2560	1	108	38	0.91267
3584	2048	1	72	472	3.96251
3072	2048	1	474	484	3.63843
3072	2048	1	342	428	2.84557
3072	2560	1	436	68	0.88380
3072	2560	1	356	64	0.64949
3072	2048	1	150	438	0.00000
3072	2560	1	108	76	2.56741
3072	2560	1	232	38	2.32381
3584	2560	1	312	156	1.95603
3584	2560	1	224	238	1.48417
3584	2560	1	84	146	4.81861
3072	2560	1	80	238	4.11580
3072	2560	1	14	104	1.68852
3072	2560	1	430	226	3.16350
3584	2560	1	6	246	3.20230
3584	2560	1	76	342	3.48198
3584	2560	1	148	304	3.68721
3072	2560	1	372	314	3.27798
3072	2560	1	276	358	4.23054
3072	2560	1	10	452	4.57243
3072	2560	1	4	340	4.20915
3072	2560	2	174	402	0.00000
3584	2560	1	120	442	5.09339
3072	2560	1	512	464	3.71246
3072	2560	1	224	470	3.03793
3584	2560	1	476	374	0.84842
3072	2048	1	8	30	4.61018
3584	2560	2	260	466	0.00000
3584	2560	1	474	512	0.00000
3072	2048	1	2	438	3.63202
3584	2048	1	146	0	0.00000
3072	3072	1	254	180	0.00000
3072	3072	1	152	94	1.53963
3072	3072	1	100	26	1.37331
3072	3072	1	394	70	5.95833
3072	3072	1	226	12	0.00000
3072	3072	1	118	198	1.45638
3072	3072	1	374	212	4.66861
3584	3072	1	10	146	0.00000
3584	3072	1	44	210	0.19820
3584	3072	1	114	286	0.86051
3584	3072	1	14	416	5.84175
3072	3072	1	466	302	0.61234
3072	3072	1	286	308	4.91583
3072	3072	1	176	296	3.97890
3072	3072	1	92	268	3.87658
3072	3072	1	64	376	5.20241
3072	3072	1	206	388	4.79878
3072	3072	1	284	464	2.88249
3072	3584	1	188	4	3.23488
3072	3584	1	74	14	3.56415
3584	3072	1	114	60	4.40801
3584	3072	1	278	116	5.39443
3584	3072	1	370	56	4.90184
3584	3072	1	226	8	4.70500
3584	3072	1	416	174	5.72747
3584	3072	1	484	28	2.84969
3584	3072	1	512	166	0.58355
3584	3072	1	288	214	3.94224
3584	3072	1	216	286	0.10776
3584	3072	2	232	155	0.00000
3584	3072	1	276	342	3.15854
3584	3072	1	376	276	3.55187
3584	3072	2	498	272	0.00000
3584	3072	1	168	346	2.43654
3584	3072	1	134	402	5.34934
3072	3072	1	446	400	3.87923
3072	3584	1	364	20	3.60801
3072	3584	1	254	74	0.00000
3072	3584	1	88	120	3.55753
3072	3584	1	160	146	3.95207
3072	3584	1	470	96	0.98466
3072	3072	1	484	500	1.17953
3584	3584	1	186	118	2.73160
3584	3584	1	242	18	2.99182
3584	3584	1	112	16	5.19656
3584	3072	1	174	474	1.80012
3584	3072	1	320	434	0.00000
3584	3584	1	414	10	3.55634
3584	3072	2	406	394	0.00000
3584	3584	2	352	4	0.00000
3584	3072	1	512	450	3.29631
3584	3584	1	302	152	4.00396
3584	3584	1	424	186	2.45550
3584	3584	1	172	216	2.37731
3072	3584	1	358	134	1.68349
3072	3584	1	266	252	0.49203
3072	3584	1	176	346	0.83949
3584	3584	1	52	308	5.05634
3584	3584	1	310	216	3.58270
3584	3584	1	356	352	3.86515
3584	3584	1	500	112	0.00000
3072	3584	1	430	334	2.88926
3072	3584	1	316	340	1.48192
3584	3584	2	65	181	0.00000
3072	3584	1	180	234	1.05125
3072	3584	1	60	258	1.10668
3584	3584	1	220	356	5.44134
3584	3584	1	506	314	3.11618
3584	3584	1	468	420	4.62176
3584	3584	1	210	444	1.59137
3072	3584	1	42	376	2.56502
3072	3584	1	352	440	0.70974
3072	3584	1	478	490	0.00000
3072	3584	2	256	395	0.00000
3072	3584	1	136	464	0.00000
3584	3584	1	58	432	0.00000
2560	3584	1	508	266	5.14353
2560	3584	1	438	148	2.69922
2560	3584	1	430	492	0.26558
2560	3584	1	266	418	4.24874
2560	3584	1	356	444	4.65493
2560	3584	1	464	382	0.18812
2560	3584	1	418	304	0.73151
2560	3584	1	360	272	0.63832
2560	3584	1	258	246	6.07569
2560	3584	1	194	288	2.49810
2560	3584	1	152	384	3.00716
2560	3584	1	66	422	0.00000
2048	3584	1	472	458	3.35269
2048	3584	1	384	466	0.31165
2048	3584	1	168	462	6.05518
2048	3584	1	70	484	5.93004
2048	3584	1	88	134	3.31274
2048	3584	1	408	326	1.00797
2048	3584	1	248	324	1.03945
2048	3584	1	298	222	5.68585
2048	3584	1	164	260	3.59407
2048	3584	1	16	222	5.67764
2048	3584	1	22	72	3.61524
2048	3584	1	400	248	0.60677
2048	3584	1	510	264	2.11935
2560	3584	1	68	188	5.88820
2560	3584	1	146	152	5.42152
2560	3584	1	224	98	2.04507
2560	3584	1	322	208	3.41222
2560	3584	1	500	102	3.14488
2560	3584	1	324	58	2.54235
2560	3584	1	144	6	0.00000
2560	3072	1	216	474	0.00000
2560	3072	1	404	438	4.61617
2560	3072	1	288	460	0.00000
2560	3072	1	474	364	4.21236
2560	3072	1	466	294	4.15089
2560	3072	1	352	300	3.10447
2560	3072	1	242	316	1.06558
2560	3072	1	130	368	5.38897
2560	3072	1	160	244	0.25711
2560	3072	1	236	246	3.96401
2560	3072	1	416	224	1.62269
2560	3072	1	418	92	0.30379
2560	3072	1	510	124	3.13466
2560	3072	1	336	68	3.38657
2560	3072	1	242	24	2.87149
2560	3072	1	164	4	6.03820
2560	3072	1	72	126	4.90935
2048	3072	1	484	102	3.16139
2048	3584	1	448	114	5.55329
2560	3584	1	54	46	1.06953
2560	3584	1	474	6	1.07899
2048	3584	1	192	106	3.41857
2048	3072	1	50	460	2.57529
2048	3072	1	208	386	5.22518
2048	3072	1	82	328	2.70391
2048	3072	1	366	500	2.18198
2048	3072	1	504	508	4.79553
2048	3072	1	432	440	4.71804
2048	3072	1	452	358	4.53897
2048	3072	1	496	294	1.31497
2048	3072	1	312	354	3.95024
2048	3072	1	360	260	2.29312
2048	3072	1	406	68	2.37892
2048	3072	1	384	146	5.39506
2048	3072	1	292	84	5.87816
2048	3072	1	140	82	1.25132
2048	3072	1	158	152	1.16164
2048	3072	1	50	142	3.59967
2560	3072	2	14	183	0.00000
2560	3072	2	96	235	0.00000
2560	3072	2	140	77	0.00000
2560	3072	2	224	129	0.00000
2560	3072	2	346	239	0.00000
2048	3072	2	202	329	0.00000
2048	3072	2	168	477	0.00000
2560	3072	2	32	438	0.00000
2048	3072	2	434	240	0.00000
2048	3584	2	132	228	0.00000
2560	3584	2	120	294	0.00000
2560	3584	2	266	350	0.00000
2048	3584	1	310	512	3.03034
