1536	2560	1	392	44	0.62242
1024	2560	1	224	364	1.79645
1024	2560	1	226	484	1.59725
1536	2560	1	4	348	5.53687
1024	2560	1	420	286	0.45999
1536	2048	1	372	304	3.04488
1536	2560	1	190	388	0.15208
1536	2560	1	408	254	0.06657
1536	2048	1	512	352	4.83279
1024	2560	1	510	4	5.37107
1024	2560	1	28	490	3.69434
1024	2560	1	446	414	0.55244
1536	2560	1	344	512	4.94586
1536	2560	1	494	194	3.10161
1024	2560	1	192	432	4.49488
1536	2560	1	380	376	1.48980
1536	2560	1	512	370	5.72484
1024	2560	1	94	472	2.87236
1536	2560	1	56	482	1.16026
1536	2560	1	110	512	1.03246
1536	2560	1	434	480	0.14653
1024	2560	1	210	206	4.33615
1024	2560	1	20	388	0.78803
1024	2560	1	114	344	3.07434
1024	2560	1	308	304	2.52463
1536	2560	1	138	316	0.88495
1024	2560	1	60	144	2.53287
1536	2560	1	296	242	5.60748
1536	2560	1	218	224	0.00000
1024	2560	1	150	134	0.69601
1024	2560	1	312	32	1.05525
1024	2560	1	404	128	3.56251
1024	2560	1	20	4	1.96842
1536	2560	1	60	220	2.03071
1536	2560	1	200	128	1.58653
1536	2048	1	444	432	5.89003
1536	2560	1	436	102	1.13040
1536	2560	1	506	12	1.97363
1536	2560	1	214	38	2.57432
1536	2048	1	336	408	0.45601
1536	2048	1	346	504	0.64331
1536	2048	1	36	430	1.20186
1536	2048	1	176	458	1.49829
1024	2048	1	216	362	0.34295
1536	2048	1	236	386	0.01779
1536	2048	1	222	140	0.00000
1536	2048	1	302	200	0.15952
1536	2048	1	122	356	2.86214
1024	2048	1	454	378	3.74814
1536	2048	1	30	296	2.65531
1536	2048	1	84	216	5.78312
1536	2048	1	164	70	1.08142
1536	2048	1	248	64	5.43134
1536	2048	1	310	2	4.19876
1536	2048	1	494	66	2.97698
1024	2048	1	330	182	1.82757
1024	2048	1	82	250	0.94531
1024	2048	1	0	210	1.82201
1024	2048	1	108	88	0.95743
1024	2048	1	204	68	0.00000
1024	2048	1	256	0	0.00000
1024	2048	1	354	0	0.00000
1024	2048	1	444	0	0.00000
1536	2048	1	14	20	0.00000
1024	2560	2	354	438	0.00000
1024	2560	1	204	284	1.49402
1536	3072	1	254	470	0.55062
1024	3584	1	94	126	0.40338
1536	3584	1	402	102	0.46365
1536	3072	1	464	404	1.89311
1024	3584	1	308	78	3.62137
1024	3584	1	458	102	5.29395
1536	3584	1	280	28	1.12290
1024	3584	1	118	380	4.88764
1024	3584	1	170	254	1.60526
1024	3584	1	354	280	5.65150
1024	3584	1	434	232	5.49220
1536	3584	1	152	124	2.40173
1024	3584	1	56	24	0.82961
1536	3072	1	370	464	3.19432
1536	3072	1	406	312	5.34495
1536	3072	1	438	236	4.53898
1024	3584	1	188	108	0.33899
1024	3072	2	470	30	0.00000
1536	3072	1	470	134	4.12970
1536	3072	1	512	506	0.73700
1536	3584	1	466	116	3.25719
1536	3584	1	98	240	0.85844
1536	3584	1	512	126	2.11029
1536	3584	1	296	116	1.30077
1024	3584	1	22	512	5.62720
1024	3584	1	314	188	5.10591
1536	3072	1	306	288	4.60475
1536	3584	1	192	438	0.17571
1024	3584	1	440	392	0.58241
1536	3584	1	76	452	0.69564
1536	3584	1	328	468	4.82567
1536	3584	1	196	268	6.08204
1536	3584	1	346	338	0.00000
1536	3584	1	478	236	5.74370
1536	3584	1	478	420	6.13899
1536	3584	1	414	336	0.00000
1024	3584	1	90	464	5.89076
1536	3584	1	30	398	0.78540
1536	3584	1	254	214	5.46279
1536	3584	2	456	516	0.00000
1536	3584	2	248	366	0.00000
1536	3584	2	248	268	0.00000
1536	3584	2	358	62	0.00000
1536	3072	1	94	496	3.55000
1024	3072	1	320	230	0.00000
1536	3072	1	222	72	4.82183
1536	3072	1	446	32	0.00000
1536	3072	1	316	180	2.67795
1536	3072	1	352	14	4.73044
1024	3072	1	260	214	0.00000
1536	3072	1	178	446	3.12913
1536	3072	1	170	300	5.20126
1536	3072	1	90	24	0.82433
1024	3072	1	324	140	4.66110
1536	3072	1	10	122	5.61841
1536	3072	1	36	306	0.82350
1024	3072	1	490	466	3.07076
1536	3584	2	14	44	0.00000
1024	3072	1	310	492	0.77685
1024	3072	1	210	440	0.62025
1024	3072	1	94	442	5.14889
1024	3072	1	112	350	4.73874
1024	3072	1	14	396	3.51565
1024	3072	1	62	254	3.28760
1024	3072	1	134	228	6.08982
1024	3072	1	82	108	1.21582
1024	3072	1	198	4	0.95462
1024	3072	1	98	4	2.72564
1024	3072	1	186	112	0.30668
1024	3072	1	304	60	0.79910
1024	3072	1	252	340	5.43768
1024	3072	2	350	344	0.00000
1024	3072	1	468	200	5.10096
1024	3072	1	6	4	5.81954
1536	3584	2	42	204	0.00000
2048	2048	1	68	96	2.55175
2048	2048	1	230	98	4.09499
2048	2048	2	166	68	0.00000
2048	2048	1	116	8	4.03913
2048	2048	1	378	98	1.10847
2048	2048	1	484	164	0.90434
2048	2048	2	502	64	0.00000
2048	2048	1	146	262	0.20113
2048	2048	1	258	272	6.21454
2048	2048	2	406	10	0.00000
2560	2048	1	118	104	4.71239
2560	2048	1	238	60	2.86904
2560	2048	1	312	92	0.35680
2560	2048	1	370	60	6.16206
2560	2048	1	438	56	6.04126
2560	2048	1	488	176	0.80549
2560	2048	1	192	154	6.09654
2560	2048	1	316	224	4.16924
2560	2048	1	456	266	1.98838
2560	2048	1	512	336	1.45654
2560	2048	1	32	326	2.26146
2560	2048	1	168	264	2.02978
2560	2048	2	294	394	0.00000
2560	2048	1	170	394	4.52557
2048	2048	1	328	442	4.15710
2048	2048	1	464	444	3.84183
2560	2560	1	32	6	3.05941
2560	2048	1	186	476	4.09970
2048	2048	1	56	352	4.76743
2048	2048	1	154	414	4.27638
2048	2048	1	78	486	5.98030
2048	2048	2	244	432	0.00000
2048	2048	2	212	494	0.00000
2048	2048	2	266	500	0.00000
2048	2560	1	208	60	4.23542
2048	2560	1	64	124	4.13640
2048	2560	2	172	148	0.00000
2048	2560	2	222	142	0.00000
2048	2560	2	324	212	0.00000
2048	2560	2	384	98	0.00000
2048	2560	2	408	52	0.00000
2048	2560	1	458	62	3.60464
2048	2560	1	334	136	5.54483
2560	2560	1	166	66	1.19355
2560	2560	1	252	48	0.00000
2560	2560	2	288	8	0.00000
2560	2048	1	346	468	4.56905
2560	2048	2	444	472	0.00000
2560	2048	1	512	448	2.37224
2560	2560	1	132	176	1.68322
2560	2560	1	256	170	2.07310
2560	2560	1	346	60	0.54384
2560	2560	1	402	110	0.37814
2560	2560	1	484	56	0.00000
2048	2560	1	56	260	0.16701
2048	2560	1	148	268	0.45670
2560	2560	1	38	276	5.90561
2560	2560	2	10	160	0.00000
2048	2560	1	452	246	1.70546
2048	2560	2	444	322	0.00000
2560	2560	1	194	268	2.18608
2560	2560	1	336	304	3.79689
2560	2560	2	460	332	0.00000
2048	2560	1	296	334	4.40295
2048	2560	1	44	406	5.64068
2048	2560	1	264	446	4.21990
2048	2560	2	164	362	0.00000
2048	2560	2	196	418	0.00000
2048	2560	2	70	512	0.00000
2048	2560	1	156	512	6.06364
2048	2560	1	410	420	5.11371
2048	2560	2	352	496	0.00000
2560	2560	1	12	416	2.39629
2560	2560	1	126	426	5.29713
2560	2560	1	328	432	2.08077
2560	2560	1	476	506	2.05501
2560	2560	1	194	512	1.12842
2560	2048	2	512	64	0.00000
3584	2048	1	126	124	0.00000
3072	2048	1	510	80	0.00000
3072	2048	1	410	90	5.96918
3584	2048	1	260	84	3.68201
3584	2048	1	392	118	6.13788
3584	2048	1	460	72	0.00000
3584	2048	2	226	22	0.00000
3072	2048	1	232	118	4.11809
3072	2048	1	190	58	4.06049
3072	2048	1	74	48	0.22186
3072	2048	1	86	260	1.81517
3072	2048	1	278	214	2.21118
3072	2048	1	326	144	0.86672
3072	2048	1	430	228	5.36744
3584	2048	1	14	246	5.60947
3584	2048	1	380	228	5.48107
3584	2048	1	176	288	4.27098
3072	2048	1	490	320	4.31782
3072	2048	1	394	378	2.38974
3072	2048	1	154	364	4.65341
3072	2048	1	26	338	1.83888
3072	2048	1	272	376	2.96384
3584	2048	1	100	380	5.23494
3584	2048	1	256	386	4.77816
3584	2048	1	512	114	0.00000
3584	2048	1	464	368	2.47102
3584	2048	1	402	470	2.68868
3584	2048	2	510	459	0.00000
3072	2048	1	502	414	3.80082
3584	2048	1	40	456	3.53906
3584	2048	1	142	504	2.08683
3584	2560	1	306	6	1.97697
3072	2048	1	160	450	1.88931
3072	2048	1	28	470	2.53006
3072	2048	1	366	460	4.64005
3072	2560	1	234	32	1.13479
3072	2560	1	382	44	0.93499
3072	2560	1	498	58	1.42458
3584	2560	1	256	92	0.00000
3584	2560	1	266	30	1.10411
3584	2560	1	478	102	2.73853
3584	2560	1	380	160	3.71423
3584	2560	1	140	106	5.59748
3584	2560	1	44	124	4.88073
3072	2560	2	440	129	0.00000
3072	2560	1	258	132	3.52782
3072	2560	1	168	166	0.40441
3072	2560	1	22	124	0.00000
3072	2560	1	380	244	3.37611
3072	2560	1	306	192	4.09133
3584	2560	1	80	260	0.00000
3584	2560	1	190	278	2.31682
3584	2560	1	282	208	1.74272
3584	2560	1	458	222	0.00000
3584	2560	1	390	282	2.93084
3584	2560	1	318	332	5.31844
3584	2560	1	444	364	2.85042
3584	2560	1	510	354	0.00000
3072	2048	2	12	157	0.00000
3072	2560	1	162	272	4.11249
3072	2560	1	38	288	0.49299
3072	2560	1	56	424	4.30529
3072	2560	1	130	490	3.67831
3072	2560	1	504	326	4.38606
3584	2560	1	72	374	1.09925
3072	2560	1	302	376	4.14022
3072	2560	1	370	476	0.00000
3584	2560	1	140	394	0.91721
3584	2560	1	246	390	1.57141
3584	2560	1	484	504	0.00000
3584	2560	2	512	474	0.00000
3584	2560	1	344	462	0.00000
3584	2560	1	258	444	1.73536
3584	2560	1	168	462	0.00000
3584	2560	1	60	468	0.00000
3072	2560	2	214	498	0.00000
3072	3072	1	270	224	2.73802
3072	3072	1	164	142	2.66590
3072	3072	1	216	82	2.99970
3072	3072	1	420	96	4.14869
3072	3072	1	318	132	0.00000
3072	3072	1	114	214	5.43382
3072	3072	1	100	324	5.90363
3072	3072	1	214	302	0.00000
3072	3072	1	428	402	1.77791
3072	3072	1	382	308	1.89892
3072	3072	1	434	154	4.26446
3072	3072	1	372	0	6.12658
3072	3072	1	90	26	3.29744
3584	3072	1	8	58	2.84100
3584	3072	1	56	18	5.90628
3584	3072	1	214	64	1.95812
3072	3072	1	148	512	3.31574
3072	3072	2	244	458	0.00000
3072	3072	1	86	500	2.43486
3072	3584	1	22	22	2.43871
3072	3072	1	8	368	5.47589
3072	3072	1	4	196	5.70766
3584	3072	1	96	368	1.12689
3584	3072	1	64	160	1.05051
3072	3072	1	470	222	1.55809
3584	3072	1	176	202	1.46014
3584	3072	1	278	84	6.10608
3584	3072	2	220	132	0.00000
3584	3072	1	430	296	2.79627
3584	3072	1	364	408	2.62403
3584	3072	1	280	410	3.54521
3584	3072	1	212	362	0.83065
3584	3072	1	478	32	6.03821
3584	3072	1	414	44	5.92627
3584	3072	1	340	14	5.94916
3584	3072	1	484	154	1.71665
3584	3072	1	356	196	4.98264
3072	3584	1	350	28	5.60744
3072	3584	2	126	164	0.00000
3072	3584	1	446	56	3.03115
3584	3584	1	60	46	4.93609
3584	3072	1	82	454	4.32314
3584	3072	1	172	482	4.21239
3584	3584	1	242	90	5.02559
3584	3584	1	512	58	3.87246
3072	3584	1	200	106	0.00000
3072	3584	1	268	48	3.15491
3584	3584	1	56	140	5.27803
3584	3584	1	168	166	5.07134
3584	3584	1	466	164	2.18949
3584	3584	1	360	222	6.11772
3584	3584	1	424	316	2.58411
3584	3584	1	452	238	2.47521
3072	3584	1	284	196	3.71535
3072	3584	1	360	146	1.90134
3072	3584	1	124	244	2.05216
3072	3584	1	58	296	2.17652
3072	3584	1	132	422	4.12720
3072	3584	1	24	374	2.92603
3072	3584	1	364	512	2.64348
3072	3584	1	314	388	2.05623
3072	3584	2	223	405	0.00000
3072	3584	1	500	260	1.78520
3072	3584	1	378	322	0.24173
3584	3584	1	98	232	1.67106
3072	3584	1	300	310	0.61748
3584	3584	1	134	382	0.00000
3584	3584	1	162	314	2.23561
3072	3584	2	495	396	0.00000
3584	3072	2	284	276	0.00000
3584	3072	2	512	332	0.00000
3584	3584	1	300	292	1.96960
3584	3584	1	352	366	2.20117
3072	3584	1	448	450	5.97919
3584	3584	1	384	444	1.18734
3584	3584	1	512	506	2.68924
3584	3584	1	512	392	2.51261
3584	3584	1	394	512	4.13837
3584	3072	1	24	282	4.39269
3584	3584	2	48	376	0.00000
3584	3584	1	50	318	4.95201
3584	3584	2	88	438	0.00000
3584	3584	1	260	468	0.62484
3584	3584	1	452	14	3.40565
3584	3584	1	28	498	2.94176
3584	3584	1	140	484	0.63630
3072	3584	1	330	168	2.43176
2560	3072	1	8	192	0.37370
2048	3072	1	430	68	6.09313
2048	3072	1	358	34	0.45989
2048	3072	1	164	38	6.01983
2048	3072	1	50	6	5.12603
2048	3072	1	62	154	0.58917
2048	3072	1	62	280	0.52067
2048	3072	2	224	273	0.00000
2048	3072	2	287	273	0.00000
2048	3072	2	464	281	0.00000
2560	3072	2	12	385	0.00000
2048	3072	2	490	435	0.00000
2560	3072	2	98	433	0.00000
2560	3072	2	100	227	0.00000
2560	3072	2	350	237	0.00000
2048	3072	2	162	473	0.00000
2560	3584	2	272	251	0.00000
2048	3072	1	162	398	4.26452
2048	3072	1	38	478	0.64584
2560	3072	1	146	186	2.90391
2560	3072	1	270	80	0.00000
2560	3072	2	220	125	0.00000
2560	3072	1	146	28	1.09226
2048	3072	1	356	438	3.43479
2048	3072	1	0	126	4.09620
2048	3072	1	240	178	4.37368
2560	3072	1	262	330	0.08366
2560	3072	1	170	362	0.26728
2560	3072	1	406	92	0.40357
2560	3072	1	452	242	5.47497
2560	3072	1	512	170	5.52121
2048	3072	1	378	142	5.22734
2560	3072	1	512	388	2.18901
2048	3584	1	440	50	3.34820
2560	3584	1	206	46	1.57736
2560	3072	1	68	318	4.66422
2048	3072	2	492	341	0.00000
2048	3584	1	500	104	3.61863
2048	3584	1	210	40	5.99782
2048	3584	1	316	28	0.42114
2560	3584	1	352	30	5.61444
2048	3584	2	390	3	0.00000
2560	3072	1	212	466	0.03659
2560	3072	1	402	434	4.54530
2560	3584	1	446	60	5.95971
2560	3584	1	512	20	1.92880
2048	3584	1	118	228	3.86793
2048	3584	1	58	146	5.34749
2560	3584	1	136	128	5.79395
2560	3584	1	286	136	0.99068
2560	3584	1	380	156	1.13303
2048	3584	1	284	144	1.26636
2048	3584	1	232	212	5.79206
2048	3584	1	358	252	6.01093
2048	3584	1	424	198	0.15498
2560	3584	1	12	204	0.39239
2048	3584	1	378	88	6.15017
2048	3584	1	0	254	5.13354
2560	3584	1	136	220	1.96623
2048	3584	1	274	340	0.46970
2048	3584	2	188	271	0.00000
2048	3584	2	482	337	0.00000
2560	3584	2	400	512	0.00000
2048	3584	1	126	462	5.97667
2560	3584	1	60	416	5.39272
2048	3584	1	368	426	5.51413
2048	3584	1	418	404	0.33620
2560	3584	1	340	300	0.78994
2048	3584	1	132	300	0.98485
2560	3584	1	200	492	5.67929
2560	3584	1	260	422	5.83162
2560	3584	1	358	402	5.36300
2048	3584	1	192	446	5.53160
2560	3584	1	488	228	0.51965
2560	3584	1	62	308	4.56376
2048	3584	1	328	498	5.93798
2560	3584	1	8	494	5.69160
2560	3584	2	214	351	0.00000
2560	3584	1	512	512	2.01036
2560	3584	1	512	364	3.12758
2048	3584	1	0	454	0.00000
