1536	2560	1	444	508	2.22180
1536	2560	1	342	512	4.59703
1536	2560	1	198	434	0.45148
1536	2560	1	464	378	4.82723
1536	2560	1	508	230	0.00000
1536	2560	1	312	276	5.51971
1536	2560	1	422	256	2.30428
1536	2560	1	370	354	4.14668
1536	2560	1	166	232	5.48340
1536	2560	1	218	342	0.85402
1536	2560	1	78	270	2.28780
1536	2560	1	72	448	4.71015
1024	2560	1	336	498	3.87722
1024	2560	1	410	384	3.50174
1024	2560	1	294	410	5.56536
1024	2560	1	128	312	2.24274
1024	2560	1	204	498	1.11577
1024	2560	1	14	368	3.82292
1024	2560	1	48	224	3.84976
1024	2560	1	138	432	1.24325
1024	2560	1	28	144	4.54619
1024	2560	1	310	226	4.01673
1024	2560	1	290	324	4.33481
1536	2560	1	218	94	2.52038
1024	2560	1	424	102	0.85174
1536	2560	1	44	172	0.86101
1536	2560	1	166	156	2.07010
1024	2560	2	186	288	0.00000
1536	2048	1	482	476	3.27001
1536	2048	1	402	402	0.00000
1536	2048	1	282	500	1.65871
1536	2560	1	82	70	0.00000
1536	2048	1	20	508	3.82814
1024	2560	1	294	48	0.56780
1024	2048	1	416	434	1.18820
1536	2048	1	234	396	5.47887
1536	2048	1	160	444	2.75856
1536	2048	1	356	266	1.61148
1536	2048	1	220	288	5.89724
1536	2048	1	88	330	2.38203
1024	2048	1	218	398	0.14224
1536	2048	2	497	47	0.00000
1536	2048	2	403	20	0.00000
1536	2048	1	192	0	3.72115
1536	2048	1	228	100	5.68878
1536	2048	2	284	81	0.00000
1536	2048	1	72	90	0.68547
1024	2048	1	442	124	1.18286
1536	2048	1	2	230	3.10193
1024	2048	1	506	8	0.00000
1024	2048	1	256	0	0.00000
1024	2048	2	206	80	0.00000
1024	2048	1	150	98	2.57473
1024	2048	1	26	116	2.97062
1024	2048	1	110	286	2.53038
1536	2048	2	221	199	0.00000
1536	2560	1	342	66	1.64677
1536	3584	1	512	416	0.64704
1536	3584	1	434	254	2.70552
1536	3584	1	346	212	5.84755
1536	3584	1	78	226	2.37365
1536	3584	1	476	212	5.57629
1536	3584	1	244	350	1.88068
1536	3584	1	382	344	5.19943
1536	3584	1	206	214	0.00000
1536	3584	1	286	224	2.56563
1536	3584	1	394	108	3.63880
1536	3584	1	56	84	4.17769
1024	3584	1	260	60	1.63197
1536	3584	1	160	30	4.15694
1536	3072	1	82	464	3.42792
1536	3072	1	256	472	0.00000
1536	3072	1	466	490	2.45423
1024	3584	1	102	328	1.81992
1536	3584	1	352	478	5.45868
1536	3584	1	192	442	0.00000
1024	3584	1	4	478	0.00000
1536	3584	1	70	456	0.50045
1024	3584	1	154	160	1.10103
1024	3584	1	370	308	0.00000
1536	3584	1	14	400	0.00000
1024	3584	1	430	494	2.02053
1024	3584	1	272	316	4.56472
1024	3584	1	100	482	5.81178
1024	3584	1	344	166	1.88681
1024	3584	1	16	198	5.01407
1024	3584	1	92	120	0.00000
1024	3584	1	494	216	3.11850
1536	3584	1	90	338	1.72683
1536	3584	2	476	108	0.00000
1536	3584	1	96	154	4.35099
1536	3072	2	376	460	0.00000
1536	3072	1	480	400	5.45221
1024	3072	1	136	476	0.00000
1024	3072	1	258	408	6.02621
1536	3072	1	184	398	0.60664
1536	3072	1	292	358	5.78212
1536	3072	1	474	216	0.00000
1536	3072	2	512	290	0.00000
1536	3072	2	512	222	0.00000
1536	3072	1	354	272	4.50793
1536	3072	1	402	152	0.00000
1536	3072	1	374	12	1.53646
1536	3072	1	456	26	3.39487
1536	3072	1	280	108	0.00000
1536	3072	1	212	80	0.00000
1536	3072	1	206	212	2.33696
1536	3072	1	130	330	3.46610
1536	3072	1	12	358	0.87681
1024	3072	2	510	302	0.00000
1024	3072	2	348	342	0.00000
1536	3072	1	98	212	0.00000
1536	3072	1	36	164	5.83506
1024	3072	1	476	238	0.00000
1024	3072	1	360	262	0.00000
1024	3072	1	384	128	0.00000
1024	3072	1	326	4	0.62809
1024	3072	1	320	104	5.65591
1024	3072	1	162	4	1.27239
1024	3072	1	150	76	1.08039
1024	3072	1	282	262	3.83461
1024	3072	1	244	212	0.48033
1024	3072	1	142	330	3.48411
1024	3072	1	56	284	3.57574
1024	3072	1	14	196	2.80495
1024	3072	2	482	38	0.00000
1024	3072	2	392	32	0.00000
1536	3584	2	374	62	0.00000
2048	2048	1	104	50	0.00000
2048	2048	1	68	212	0.00000
2048	2048	1	506	218	0.00000
2560	2048	2	156	196	0.00000
2048	2560	2	232	156	0.00000
2048	2560	2	172	148	0.00000
2048	2560	2	318	196	0.00000
2560	2560	2	16	166	0.00000
2560	2048	2	136	20	0.00000
2048	2048	1	164	264	5.74870
2560	2048	1	82	204	5.85656
2560	2048	1	200	444	0.20065
2560	2048	1	378	416	5.66496
2048	2560	1	478	106	6.13567
2560	2048	1	318	504	0.15484
2048	2048	2	200	494	0.00000
2048	2048	2	270	506	0.00000
2048	2560	1	100	70	5.22735
2048	2048	1	50	472	3.92699
2048	2048	1	166	398	2.97300
2048	2048	1	408	354	2.41111
2048	2048	1	346	438	4.56350
2560	2560	2	458	332	0.00000
2560	2560	2	322	486	0.00000
2048	2560	2	306	418	0.00000
2048	2560	2	468	478	0.00000
2048	2560	2	440	312	0.00000
2560	2560	1	62	198	0.09646
2560	2560	1	434	58	0.64528
2560	2048	2	290	402	0.00000
2560	2048	1	222	286	5.06532
2048	2048	2	190	82	0.00000
2048	2048	1	274	314	0.00000
2048	2048	1	484	466	4.02308
2048	2560	2	382	104	0.00000
2048	2560	2	418	56	0.00000
2048	2560	2	426	14	0.00000
2048	2560	2	348	14	0.00000
2048	2560	1	276	94	5.29524
2048	2560	1	72	144	2.16677
2048	2560	1	314	260	1.18022
2048	2560	1	62	292	0.05011
2560	2560	1	178	160	3.23813
2560	2048	1	26	338	4.16266
2560	2048	2	370	50	0.00000
2560	2048	1	308	88	0.00000
2560	2560	1	76	18	1.91102
2560	2560	1	296	184	5.30859
2560	2560	1	66	446	0.37177
2048	2048	1	488	106	4.82305
2560	2048	1	378	170	3.74447
2560	2048	1	430	270	1.41610
2560	2048	1	496	176	1.13417
2560	2048	1	436	54	0.00000
2560	2048	1	274	156	2.25527
2560	2048	1	232	34	2.23338
2560	2048	1	28	40	1.33622
2560	2560	1	352	338	5.71217
2560	2560	1	268	298	5.80933
2048	2560	2	76	512	0.00000
2560	2560	1	512	150	1.78964
2560	2560	1	488	248	1.95652
2048	2560	1	132	262	3.27020
2560	2048	1	460	354	1.49905
2048	2560	1	60	440	0.60079
2048	2560	1	202	474	5.19507
2560	2560	1	192	376	0.00000
2048	2560	1	422	204	2.95208
2048	2560	1	386	374	5.03414
2560	2560	1	434	444	3.09838
2560	2560	1	156	494	2.73097
2560	2560	1	102	296	1.07068
2048	2560	2	162	378	0.00000
2048	2560	2	202	422	0.00000
2048	2560	2	108	354	0.00000
2048	2560	1	2	242	6.05873
3072	2560	1	162	410	2.52597
3072	2560	1	148	512	5.94055
3072	2560	1	266	456	3.84609
3072	2560	1	372	490	0.00000
3072	2560	1	480	512	3.61267
3072	2560	1	248	334	2.72214
3584	2560	1	86	512	2.20208
3584	2560	1	88	422	2.81068
3584	2560	1	436	490	1.32876
3584	2560	2	170	482	0.00000
3584	2560	2	274	464	0.00000
3584	2560	2	344	468	0.00000
3584	2560	1	280	512	4.77896
3584	2560	1	354	378	6.17827
3584	2560	1	420	358	0.64844
3584	2560	1	252	302	3.77434
3584	2560	1	512	260	2.07525
3584	2560	1	444	128	2.84623
3584	2560	1	510	16	3.54836
3584	2560	2	404	242	0.00000
3584	2560	1	358	200	3.60090
3584	2560	1	294	152	3.97160
3584	2048	1	226	480	3.43760
3584	2560	1	268	68	1.07654
3584	2560	1	172	142	5.39362
3584	2560	1	132	200	5.36439
3584	2560	1	140	296	5.75260
3584	2560	1	58	266	2.69057
3072	2560	1	472	350	1.70476
3072	2560	1	336	288	3.19794
3072	2560	1	292	204	0.42533
3072	2560	1	222	176	0.17985
3072	2560	1	134	186	3.13953
3072	2560	1	14	152	1.73141
3072	2560	1	0	256	2.04738
3072	2560	2	160	78	0.00000
3072	2560	2	308	16	0.00000
3072	2560	1	258	54	2.24892
3072	2560	1	360	86	6.02163
3072	2560	2	466	186	0.00000
3072	2560	1	464	246	4.09381
3584	2560	1	40	142	3.85022
3072	2560	1	468	122	4.10332
3584	2048	1	374	456	3.05289
3072	2048	1	28	422	4.33216
3072	2048	1	248	452	2.00281
3072	2048	1	194	364	4.55140
3072	2048	1	120	272	2.24132
3072	2048	1	88	24	0.25615
3072	2048	2	24	62	0.00000
3072	2048	2	20	156	0.00000
3072	2048	1	216	42	4.61544
3072	2048	1	246	106	4.64582
3072	2048	1	290	242	3.15060
3072	2048	1	396	210	5.16846
3072	2048	1	410	58	0.05258
3072	2048	1	386	326	0.91024
3072	2048	1	426	420	1.85392
3072	2048	1	444	498	1.65686
3584	2560	1	82	42	4.90480
3584	2048	1	76	472	4.63003
3584	2048	1	92	398	4.49735
3584	2048	1	72	306	5.97832
3072	2048	1	498	330	3.29185
3584	2048	1	40	164	2.57307
3584	2048	1	226	234	5.72164
3584	2048	1	148	116	0.08490
3584	2048	1	252	92	3.83988
3584	2048	2	222	16	0.00000
3584	2048	1	388	86	6.19518
3584	2048	1	462	46	0.00000
3584	2048	1	512	104	0.00000
3584	2048	1	380	224	5.34928
3072	3072	1	122	86	2.42568
3072	3072	1	56	148	2.10219
3072	3072	1	64	278	0.47909
3072	3072	1	168	226	0.49456
3072	3072	1	210	286	3.02083
3072	3072	1	154	450	3.27207
3072	3584	1	122	66	5.68131
3072	3584	1	50	120	1.18147
3072	3584	2	118	156	0.00000
3072	3584	1	32	280	1.74614
3072	3584	1	16	350	1.66114
3072	3584	2	106	362	0.00000
3072	3584	1	192	346	0.42697
3072	3584	1	136	468	3.68670
3072	3584	1	34	508	4.20121
3072	3584	1	224	192	1.56323
3072	3584	1	204	20	3.18291
3072	3584	1	208	494	3.45077
3072	3584	1	268	472	4.47095
3072	3584	1	330	376	3.23251
3072	3584	1	274	308	3.35768
3072	3584	1	286	26	4.01456
3072	3584	1	326	160	2.45472
3072	3584	1	382	116	2.45383
3072	3584	1	372	280	2.26443
3072	3584	1	428	388	4.78329
3072	3584	1	494	310	2.07274
3072	3584	1	452	224	1.48723
3584	3584	1	64	236	1.06066
3584	3584	1	78	390	6.09290
3584	3584	1	16	480	5.59113
3584	3584	1	144	464	0.36220
3584	3584	1	268	402	5.74434
3584	3584	1	356	392	2.38889
3584	3584	1	398	488	0.61268
3584	3584	1	488	394	3.67860
3584	3584	1	432	324	3.21007
3584	3584	1	322	306	4.29956
3584	3584	1	130	328	2.92207
3584	3584	1	192	294	2.87530
3584	3584	1	234	236	0.27525
3584	3584	1	316	230	3.80677
3584	3584	1	138	124	5.61997
3584	3584	1	18	124	1.06383
3584	3584	1	142	18	0.72834
3584	3584	1	218	78	4.66414
3584	3584	1	338	100	3.62074
3584	3584	1	428	164	4.15367
3584	3584	1	466	44	0.64638
3584	3072	1	408	480	1.09065
3584	3072	1	220	472	5.57067
3584	3584	1	296	18	1.23593
3584	3072	1	320	448	1.16584
3584	3072	1	434	350	3.32056
3584	3072	1	306	356	0.13249
3584	3072	1	240	368	5.70888
3584	3072	1	118	436	3.26416
3584	3584	1	30	4	0.22309
3072	3584	1	466	44	0.48053
3072	3584	1	416	6	0.62517
3072	3072	1	300	434	3.95664
3072	3072	1	452	346	0.76002
3584	3072	1	30	358	1.47583
3072	3072	1	284	350	4.02407
3072	3072	1	324	178	0.00000
3072	3072	1	422	164	0.00000
3072	3072	2	426	257	0.00000
3072	3072	2	246	453	0.00000
3072	3072	2	492	473	0.00000
3072	3072	1	378	0	0.00000
3072	3072	1	160	44	5.44289
3072	3072	2	510	209	0.00000
3584	3072	1	2	112	5.33099
3584	3072	1	68	74	2.63445
3584	3072	1	102	24	2.16087
3584	3072	1	102	274	2.78359
3584	3072	1	192	244	3.84599
3584	3072	1	246	260	5.12233
3584	3072	1	164	146	3.24299
3584	3072	1	378	240	3.20712
3584	3072	1	456	228	5.63347
3584	3072	1	464	136	5.58080
3584	3072	1	442	46	1.12406
3584	3072	1	326	178	1.30999
3584	3072	1	320	108	4.51236
3584	3072	1	222	156	4.11397
3584	3072	1	266	20	4.58282
2560	3584	1	32	196	0.81310
2560	3584	1	424	350	0.00000
2560	3584	1	512	362	2.18331
2560	3584	1	244	500	0.98636
2560	3584	1	78	272	2.17946
2560	3584	1	498	512	4.21468
2560	3584	1	342	510	0.00000
2048	3584	1	228	434	5.65045
2048	3584	1	92	104	3.95616
2560	3584	1	454	448	0.82797
2560	3584	1	248	378	5.34886
2048	3584	1	66	328	0.81739
2560	3584	1	310	256	0.56748
2048	3584	1	508	94	0.00000
2560	3584	1	116	450	1.80936
2048	3584	1	348	462	0.00000
2560	3584	1	82	364	4.62680
2560	3584	1	416	216	1.16535
2560	3584	1	286	24	1.78571
2048	3584	1	426	158	0.53449
2048	3584	1	408	264	4.34388
2560	3584	1	164	196	3.13413
2560	3584	1	240	244	0.69339
2048	3584	1	472	350	0.00000
2560	3584	1	506	274	2.19151
2560	3584	1	512	146	1.61734
2560	3584	1	466	68	4.00498
2560	3072	1	404	486	0.00000
2560	3072	1	490	396	0.00000
2048	3584	1	178	190	1.54211
2560	3584	1	290	164	4.85245
2048	3584	1	170	232	0.00000
2560	3584	1	312	102	1.70238
2560	3584	1	170	80	4.34458
2048	3584	1	290	144	0.00000
2048	3584	1	154	460	5.64214
2048	3584	1	68	196	2.50030
2048	3584	1	276	358	0.00000
2048	3584	1	192	62	5.59599
2048	3072	2	163	481	0.00000
2048	3072	1	296	474	4.52751
2048	3072	1	404	512	3.58538
2560	3072	1	226	474	6.12402
2560	3072	2	88	436	0.00000
2560	3072	1	296	430	5.14490
2560	3072	1	408	314	3.76254
2560	3072	2	354	238	0.00000
2560	3072	1	432	180	5.37964
2560	3072	1	464	50	4.47363
2560	3072	1	310	44	4.55722
2560	3072	1	148	0	2.21478
2560	3072	2	140	66	0.00000
2560	3072	2	222	112	0.00000
2560	3072	1	312	162	4.32989
2560	3072	1	274	270	3.90865
2560	3072	1	158	360	0.00000
2560	3072	2	38	390	0.00000
2560	3072	1	48	304	0.00000
2560	3072	2	98	232	0.00000
2560	3072	1	130	156	2.34038
2560	3072	1	44	118	5.95469
2048	3072	1	460	34	3.80731
2048	3072	1	506	202	3.40705
2048	3072	1	414	240	0.48442
2048	3072	1	492	398	0.00000
2048	3072	1	388	404	4.81699
2048	3072	1	292	362	1.04569
2048	3072	2	36	362	0.00000
2048	3072	1	48	290	1.45859
2048	3072	1	322	204	2.85763
2048	3072	1	372	122	5.84014
2048	3072	1	220	184	4.13047
2048	3072	1	108	148	0.00000
2048	3072	2	72	8	0.00000
2048	3072	2	284	284	0.00000
2048	3072	2	220	270	0.00000
2048	3072	2	190	10	0.00000
