1536	2560	1	236	450	1.17149
1536	2560	1	52	472	0.72178
1024	2560	1	170	440	3.57981
1536	2560	1	396	362	5.22171
1536	2560	1	474	130	0.85940
1536	2560	1	512	46	1.55069
1536	2560	1	460	480	2.30070
1536	2560	1	30	308	2.83492
1536	2560	1	348	512	4.91762
1536	2560	1	322	356	2.47415
1536	2560	1	142	330	0.69175
1536	2560	1	252	122	0.81046
1024	2560	1	472	372	5.54187
1024	2560	1	436	510	3.91002
1536	2560	1	380	212	2.55359
1024	2560	1	360	512	3.25800
1024	2560	1	336	320	3.38294
1536	2560	1	278	232	5.22465
1536	2560	1	102	218	1.21203
1536	2560	1	486	302	4.66697
1024	2560	2	188	300	0.00000
1024	2560	1	258	336	5.98612
1024	2560	1	58	442	0.22385
1024	2560	1	280	162	0.29220
1024	2560	1	374	200	1.36723
1024	2560	1	132	252	3.63456
1024	2560	1	62	138	2.07216
1536	2560	1	108	70	3.53687
1024	2560	1	490	110	5.48160
1024	2560	1	394	88	3.62929
1024	2560	1	308	30	1.16146
1536	2560	1	352	46	2.62245
1536	2048	1	396	428	5.81006
1536	2048	2	260	346	0.00000
1536	2048	1	342	336	3.33353
1536	2048	1	234	486	0.70863
1536	2048	1	468	348	3.53242
1536	2048	1	16	508	5.73627
1536	2048	1	440	190	1.51830
1536	2048	2	488	60	0.00000
1024	2048	2	206	80	0.00000
1536	2048	2	266	92	0.00000
1536	2048	1	224	132	0.00000
1024	2048	1	492	272	5.58577
1536	2048	1	126	166	0.42379
1536	2048	1	12	10	0.00000
1024	2048	1	352	0	0.00000
1024	2048	1	372	152	3.07176
1024	2048	1	174	256	1.58834
1024	2048	1	224	356	0.44740
1024	2048	1	450	376	1.19781
1536	2048	1	22	408	1.45972
1536	2048	1	264	238	3.75232
1536	2048	1	382	6	5.94866
1024	2048	1	194	150	1.80853
1024	2048	1	118	68	0.00000
1024	2048	1	248	0	0.00000
1536	2048	1	256	0	4.88647
1536	2048	1	512	416	4.26786
1024	2560	1	246	512	0.60616
1024	3072	1	320	174	5.58184
1024	3072	1	380	104	5.14480
1024	3072	1	94	166	6.23866
1024	3072	1	160	90	5.38394
1024	3072	1	230	34	0.96525
1024	3072	1	42	422	5.79433
1024	3072	1	102	342	5.81954
1024	3072	1	166	244	0.21109
1024	3072	1	288	314	5.28123
1024	3072	1	300	226	5.33392
1024	3072	1	226	366	5.03907
1024	3584	1	64	56	0.81690
1024	3072	1	214	482	1.31142
1024	3584	1	84	144	5.35659
1024	3584	1	144	92	4.44857
1024	3584	1	188	86	0.00000
1024	3584	1	120	292	5.89426
1024	3584	1	100	468	5.76031
1024	3584	1	386	10	1.95288
1024	3584	1	354	124	2.13908
1024	3584	1	326	282	6.09030
1024	3584	1	420	360	6.11350
1024	3584	1	482	226	5.06116
1024	3072	1	412	364	0.43347
1536	3072	1	30	320	0.64313
1536	3072	1	36	146	0.19704
1536	3072	1	14	434	0.60118
1536	3072	1	90	490	3.45386
1024	3584	1	504	118	5.58828
1536	3072	1	202	62	1.98222
1536	3072	1	232	212	4.33661
1536	3072	1	420	58	4.39403
1536	3072	1	358	334	0.33146
1536	3072	1	294	290	0.58182
1536	3072	1	204	320	5.36824
1536	3072	1	158	396	2.71874
1536	3072	1	264	476	0.13140
1536	3072	1	384	460	2.96837
1536	3072	1	454	330	2.96229
1536	3072	1	374	186	2.22112
1536	3072	1	494	174	5.67920
1536	3584	1	80	230	0.47385
1536	3584	1	218	216	1.50162
1536	3584	1	224	112	1.76582
1536	3584	1	372	162	2.15032
1536	3584	2	472	110	0.00000
1536	3584	2	420	114	0.00000
1536	3584	2	360	70	0.00000
1536	3072	1	496	366	0.28540
1536	3584	1	76	360	0.89175
1536	3584	1	74	488	0.57619
1536	3584	1	178	476	0.00000
1536	3584	1	240	338	1.34960
1536	3584	1	350	264	1.46227
1536	3584	1	412	362	6.08331
1536	3584	1	344	494	5.78252
1536	3584	1	488	430	0.00000
1536	3584	1	480	276	0.94857
1024	3072	1	24	228	2.43317
2048	2048	1	76	12	5.88879
2048	2048	1	40	146	3.14964
2048	2048	1	166	44	0.00000
2048	2048	1	144	228	0.27318
2048	2048	1	62	294	5.79629
2048	2048	1	400	86	5.65353
2048	2048	1	500	74	5.70332
2048	2048	1	486	210	0.61605
2560	2048	1	112	150	2.03758
2560	2048	1	200	176	6.10455
2560	2048	2	118	58	0.00000
2560	2048	1	202	68	3.05485
2560	2048	1	310	94	0.15364
2560	2048	1	366	52	6.16436
2560	2048	1	434	44	0.14699
2560	2048	1	476	128	3.30151
2560	2048	1	328	236	4.00114
2560	2048	1	512	198	0.83357
2560	2048	1	512	306	0.89204
2560	2048	1	90	256	4.17763
2048	2048	1	260	280	5.87608
2048	2048	1	142	350	3.79856
2048	2048	1	24	416	3.71590
2048	2048	1	200	410	0.84214
2048	2048	2	252	436	0.00000
2048	2048	1	366	394	4.48517
2560	2048	1	54	396	5.73013
2560	2048	1	166	490	2.37314
2560	2048	2	290	388	0.00000
2048	2048	1	64	490	1.67882
2048	2560	1	48	42	4.64371
2048	2048	1	246	506	1.67482
2048	2560	1	318	14	3.73768
2048	2048	1	496	508	3.60475
2560	2560	1	44	70	4.11527
2048	2560	1	58	132	3.88886
2048	2560	1	144	110	3.54194
2048	2560	1	258	104	5.60520
2048	2560	2	230	158	0.00000
2048	2560	1	122	250	1.69350
2048	2560	1	430	160	4.32834
2048	2560	2	420	52	0.00000
2048	2560	2	380	92	0.00000
2048	2048	2	476	450	0.00000
2560	2560	1	126	146	0.10025
2560	2560	2	54	118	0.00000
2560	2560	2	20	162	0.00000
2560	2560	1	214	90	0.80667
2560	2560	1	404	116	5.24868
2560	2048	2	296	504	0.00000
2560	2560	1	476	222	0.10674
2560	2560	1	390	202	2.84809
2560	2560	1	306	202	5.97505
2560	2560	1	222	242	3.55172
2560	2560	1	126	270	4.04187
2560	2560	1	16	264	3.70195
2048	2560	1	388	258	1.36663
2048	2560	1	272	376	3.37403
2048	2560	2	162	358	0.00000
2048	2560	1	0	306	4.77120
2048	2560	1	40	406	5.61160
2048	2560	2	472	482	0.00000
2048	2560	2	192	418	0.00000
2048	2560	1	370	506	3.11130
2048	2560	1	276	510	3.14029
2048	2560	2	68	512	0.00000
2560	2560	1	38	428	5.28638
2560	2560	1	132	426	5.64960
2560	2560	1	242	364	4.49685
2560	2560	1	332	448	1.67746
2560	2560	1	420	352	5.52372
2560	2560	1	470	466	5.42889
2560	2048	1	430	496	0.00000
2560	2048	1	348	456	3.12955
2560	2560	1	512	86	4.65934
2048	2560	2	314	204	0.00000
2560	2560	2	14	486	0.00000
2048	2560	1	142	472	0.00000
3072	2560	2	164	68	0.00000
3072	2560	2	466	188	0.00000
3584	2048	2	312	334	0.00000
3584	2560	2	402	236	0.00000
3072	2560	2	98	484	0.00000
3584	2560	2	138	418	0.00000
3584	2560	2	260	512	0.00000
3584	2048	1	148	124	0.00000
3584	2048	1	58	380	0.00000
3584	2048	1	178	422	0.00000
3584	2048	1	116	492	0.00000
3584	2048	1	390	108	0.00000
3584	2048	1	388	228	5.58319
3584	2048	1	466	64	0.00000
3584	2048	1	264	98	3.55366
3584	2048	1	216	0	0.00000
3584	2048	1	238	240	4.63810
3584	2048	1	112	284	3.21272
3584	2048	1	458	432	2.22688
3584	2048	1	376	476	2.57456
3584	2048	1	260	480	4.20715
3072	2048	1	510	82	3.91528
3584	2048	1	2	188	3.97755
3072	2048	1	508	276	1.29948
3072	2048	1	408	146	2.00881
3072	2048	1	344	24	5.69518
3072	2048	1	264	94	5.05568
3072	2048	1	388	214	5.16099
3072	2048	1	248	180	1.30454
3072	2048	1	94	36	0.32501
3072	2048	1	16	180	0.95637
3072	2048	1	114	220	0.00000
3072	2048	2	22	70	0.00000
3072	2048	1	20	306	0.57507
3072	2048	1	168	360	5.85932
3072	2048	1	306	300	3.13834
3072	2048	1	226	312	2.71675
3072	2048	1	364	324	3.53994
3584	2048	1	512	130	0.96234
3072	2560	2	316	26	0.00000
3072	2048	1	16	484	2.26502
3072	2048	1	444	426	3.29129
3072	2048	1	300	448	3.89201
3072	2560	1	222	28	2.33778
3584	2560	1	512	168	3.00806
3584	2560	1	464	108	0.43935
3584	2560	1	358	78	5.16319
3584	2560	1	298	154	5.14742
3584	2560	1	198	44	2.11906
3584	2560	1	46	42	2.16268
3072	2560	1	494	84	1.45476
3072	2560	1	350	64	1.02861
3072	2560	1	338	168	1.05480
3072	2560	1	24	92	5.60580
3072	2560	1	98	168	3.75662
3072	2560	1	172	188	0.88006
3584	2048	2	228	334	0.00000
3584	2560	1	206	174	2.76111
3584	2560	1	276	254	3.45518
3584	2560	1	458	250	3.39138
3584	2560	1	512	346	2.12548
3584	2560	1	364	266	3.10487
3584	2560	1	424	420	5.00870
3584	2560	1	266	360	5.15505
3584	2560	2	362	448	0.00000
3584	2560	1	6	264	1.90582
3584	2560	1	90	352	1.22758
3584	2560	1	294	446	5.43713
3584	2560	1	178	512	3.11665
3584	2560	1	50	482	2.54649
3072	2560	1	374	478	0.00000
3072	2560	1	474	386	0.67708
3072	2560	1	404	322	3.59375
3072	2560	1	352	286	3.09970
3072	2560	1	268	288	5.91499
3072	2560	1	190	312	2.71959
3072	2560	1	242	444	1.14911
3584	2560	1	150	262	2.19832
3584	3072	1	454	44	0.53604
3072	3072	2	372	22	0.00000
3584	3072	2	52	24	0.00000
3584	3072	2	338	60	0.00000
3584	3072	2	130	442	0.00000
3584	3072	2	226	134	0.00000
3584	3072	2	192	48	0.00000
3584	3072	2	248	10	0.00000
3072	3072	1	110	44	3.12012
3072	3072	1	214	68	3.72749
3072	3072	1	350	90	4.83088
3072	3072	1	52	150	5.09942
3584	3072	1	452	136	0.79434
3584	3072	1	74	150	1.57917
3584	3072	1	246	190	4.35030
3584	3072	1	344	174	4.22129
3072	3072	1	418	204	5.25893
3584	3072	1	340	100	4.19836
3072	3072	1	476	152	0.00000
3584	3072	1	252	270	4.64040
3584	3072	1	454	234	4.99209
3584	3072	1	488	336	2.82991
3584	3072	1	98	238	2.30361
3584	3072	1	434	344	2.74761
3584	3072	1	370	384	2.66084
3584	3072	1	298	380	5.32429
3584	3072	1	468	510	2.79827
3584	3584	1	416	42	0.00000
3584	3584	1	322	58	0.37383
3584	3072	1	22	428	4.53193
3584	3584	1	250	48	2.82656
3584	3072	1	202	394	5.92039
3584	3584	1	78	74	3.32649
3072	3584	1	480	12	2.08464
3584	3584	1	510	144	2.08637
3584	3584	1	334	130	1.42544
3584	3584	1	166	166	1.21495
3072	3072	1	394	326	2.55890
3584	3072	1	328	284	0.93823
3072	3072	1	302	180	5.39972
3584	3584	1	254	230	4.76748
3072	3072	1	204	314	0.00000
3072	3072	1	144	376	0.98951
3072	3072	1	90	306	0.34205
3072	3584	1	486	116	2.39269
3072	3584	1	466	208	5.76361
3584	3584	1	480	300	3.80134
3584	3584	1	444	246	0.29957
3584	3584	1	362	332	5.62090
3584	3584	1	270	334	5.47516
3584	3584	1	192	308	5.57051
3072	3072	2	26	386	0.00000
3584	3584	2	390	248	0.00000
3584	3584	1	512	386	2.34893
3584	3584	1	508	444	0.76695
3584	3584	1	70	368	0.58984
3584	3072	1	342	448	1.37720
3584	3584	1	178	400	0.00000
3584	3584	1	324	456	1.43166
3584	3584	1	14	276	0.67034
3072	3584	1	356	108	4.33961
3072	3072	1	130	456	1.47546
3584	3584	1	80	470	0.00000
3072	3584	1	472	416	1.44912
3072	3584	1	300	4	5.02332
3072	3584	1	368	470	1.04341
3072	3072	1	260	308	2.80259
3072	3584	1	366	322	5.36959
3072	3072	2	182	208	0.00000
3072	3584	1	318	208	0.67264
3584	3584	1	24	464	0.07293
3072	3584	1	444	482	0.60644
3584	3584	1	386	500	3.64674
3072	3584	1	56	476	0.86763
3072	3584	1	188	306	3.57746
3072	3584	1	224	486	3.97186
3072	3584	1	48	300	2.13812
3072	3584	1	198	126	4.79511
3072	3584	1	216	32	2.11998
3584	3584	2	166	488	0.00000
3072	3584	1	18	26	3.18046
3072	3584	1	92	70	1.15677
3072	3584	1	142	196	1.57503
3072	3584	1	22	190	0.78325
2048	3584	1	218	372	5.21208
2048	3584	1	22	512	1.11130
2560	3584	1	236	180	0.00000
2560	3584	1	412	148	1.76403
2048	3584	1	266	290	0.00000
2560	3584	1	84	308	4.55916
2048	3584	1	326	194	1.65902
2048	3584	1	296	94	4.03491
2560	3584	1	416	46	1.18046
2048	3584	1	184	464	5.66824
2048	3584	1	436	208	5.89608
2560	3584	1	400	246	0.80661
2560	3584	1	194	478	5.82463
2048	3584	1	442	388	0.41628
2560	3584	1	164	286	0.00000
2560	3584	1	512	226	0.68510
2560	3584	1	512	356	3.13845
2048	3584	1	336	486	6.15492
2048	3584	1	316	316	0.00000
2048	3584	1	194	250	0.00000
2560	3584	1	370	366	5.59472
2560	3584	1	138	166	1.01806
2560	3584	1	388	506	2.31716
2560	3584	1	20	402	4.23279
2560	3584	1	16	204	0.33363
2048	3584	1	490	108	0.00000
2048	3584	1	416	286	5.44707
2560	3584	1	78	78	5.98154
2048	3584	1	84	426	5.75986
2560	3584	1	144	22	5.38369
2560	3584	2	282	351	0.00000
2560	3584	2	214	355	0.00000
2048	3584	1	162	76	0.51235
2048	3584	1	158	174	2.23054
2048	3584	1	34	102	2.78849
2048	3584	2	11	227	0.00000
2560	3072	2	352	239	0.00000
2048	3072	2	166	481	0.00000
2048	3584	2	140	299	0.00000
2048	3072	1	46	498	5.92361
2048	3072	1	170	378	1.83305
2048	3072	1	256	484	0.00000
2048	3072	1	382	480	6.13271
2048	3584	1	428	52	3.86316
2048	3072	1	22	358	0.42946
2560	3072	1	218	440	0.00000
2560	3584	1	292	10	3.93592
2560	3072	1	338	396	5.73798
2560	3072	1	444	364	5.92526
2560	3072	1	148	366	0.00000
2560	3072	1	216	316	0.00000
2048	3072	1	502	392	1.71167
2560	3072	2	90	433	0.00000
2560	3072	2	86	237	0.00000
2048	3072	1	62	206	0.00000
2048	3072	1	166	236	0.56586
2048	3072	1	144	26	0.00000
2048	3072	1	228	134	5.26992
2048	3072	1	156	142	2.48555
2048	3072	1	16	182	5.95785
2048	3072	1	60	4	0.43258
2048	3072	1	280	24	3.07204
2048	3072	1	380	8	3.23441
2048	3072	1	486	76	1.14957
2048	3072	1	376	130	5.22038
2048	3072	1	392	248	4.24443
2048	3072	1	374	360	0.51206
2048	3072	1	510	224	2.95740
2048	3072	2	440	295	0.00000
2048	3072	2	282	283	0.00000
2560	3072	1	52	324	4.32220
2560	3072	1	200	202	1.60852
2560	3072	1	218	28	5.10237
2560	3072	1	378	182	5.71632
2560	3072	1	452	74	0.00000
2560	3072	2	130	69	0.00000
2560	3072	2	232	129	0.00000
2560	3072	1	512	118	4.63690
