1024	2048	1	12	124	4.43652
1024	2048	1	84	230	0.80851
1024	2048	1	324	96	4.67395
1024	2048	1	194	68	0.66477
1024	2048	1	254	26	3.57008
1536	2048	1	8	16	0.00000
1024	2048	1	246	376	0.25796
1024	2048	2	142	236	0.00000
1024	2048	1	510	264	0.52278
1536	2048	1	6	218	3.26964
1536	2048	1	100	70	0.00000
1536	2048	1	262	38	0.00000
1536	2048	1	222	116	6.12842
1536	2048	1	368	46	6.13227
1536	2048	1	508	130	1.48864
1536	2048	1	494	20	0.00000
1536	2048	1	260	254	3.77931
1536	2048	1	250	346	3.70146
1536	2048	1	140	392	5.98968
1536	2048	1	246	456	2.08843
1536	2048	1	374	350	2.14510
1536	2048	1	458	254	3.00386
1536	2048	1	512	284	0.53884
1536	2048	1	500	478	2.95848
1536	2048	1	410	490	2.60849
1536	2560	1	338	14	3.09089
1024	2560	1	248	34	0.94405
1024	2560	1	454	46	2.53567
1536	2560	1	92	86	0.97589
1024	2560	1	82	140	6.04415
1024	2560	1	148	206	3.48215
1024	2560	1	58	304	2.23918
1024	2560	1	96	372	3.74374
1024	2560	1	176	282	4.72909
1024	2560	1	288	268	4.92707
1024	2560	1	472	246	2.29815
1536	2560	1	58	182	0.90718
1536	2560	1	160	198	0.13176
1536	2560	1	262	238	5.80478
1536	2560	1	338	216	3.41760
1536	2560	1	406	192	0.00000
1536	2560	1	492	136	0.45032
1536	2560	1	404	310	1.07809
1536	2560	1	382	410	2.07702
1536	2560	1	262	354	5.88350
1536	2560	1	200	416	2.59745
1536	2560	1	76	328	2.51378
1024	2560	1	482	332	2.46969
1024	2560	1	376	348	0.42763
1536	2560	1	70	444	5.14089
1024	2560	1	96	488	0.74542
1024	2560	1	208	390	2.21115
1024	2560	1	346	496	4.49814
1536	2560	1	132	512	2.09868
1536	2560	1	372	500	2.44305
1536	2560	1	512	458	0.15484
1536	2560	1	302	512	2.74931
1024	2560	2	488	96	0.00000
1024	3072	1	302	158	0.00000
1536	3072	1	236	196	3.30151
1024	3072	1	136	486	1.62955
1024	3072	1	48	262	0.00000
1024	3072	1	96	384	3.74418
1024	3072	1	144	214	4.09760
1024	3072	1	184	86	0.65285
1024	3072	1	316	288	0.28133
1024	3072	2	248	272	0.00000
1024	3584	1	76	130	0.55924
1024	3072	1	318	484	0.99354
1024	3072	1	220	330	5.12403
1024	3072	1	232	418	1.84780
1024	3584	1	90	232	0.67012
1024	3584	1	360	264	0.00000
1024	3584	1	460	300	0.80127
1536	3072	1	46	444	2.58481
1536	3072	1	46	278	5.42102
1536	3072	1	114	232	5.21558
1536	3072	1	182	448	5.38713
1536	3072	1	268	406	0.21511
1536	3072	1	374	308	2.24554
1536	3072	1	418	112	5.11611
1024	3072	1	386	128	2.50435
1024	3584	1	192	80	3.71069
1024	3072	1	404	280	3.66473
1024	3584	1	488	46	3.81140
1024	3584	1	336	122	1.48306
1536	3584	1	116	186	5.45556
1024	3584	1	486	158	4.41191
1536	3584	1	280	6	2.56935
1024	3072	1	484	364	1.28623
1024	3584	1	398	24	1.21490
1024	3072	1	456	452	1.53267
1536	3584	1	122	320	1.38729
1536	3584	1	342	334	2.17674
1536	3584	2	360	70	0.00000
1536	3584	2	476	114	0.00000
1024	3072	1	94	70	4.14535
1536	3072	1	44	86	4.25038
1536	3584	1	308	162	2.09795
1536	3584	2	256	262	0.00000
1024	3584	1	458	434	0.43892
1024	3584	1	244	154	0.00000
1024	3584	1	56	384	2.49135
1024	3584	1	314	420	0.00000
1536	3072	1	462	428	1.53000
1536	3072	2	370	476	0.00000
1536	3584	2	44	202	0.00000
1536	3584	1	400	138	0.00000
1536	3584	1	394	266	3.92823
1024	3584	1	184	282	0.00000
1536	3584	1	60	446	0.00000
1024	3584	1	222	466	0.00000
1536	3584	1	230	406	0.42911
1536	3584	1	150	428	0.42663
1536	3584	1	292	452	0.00000
1536	3584	2	492	278	0.00000
1536	3584	1	456	20	6.02066
1536	3072	1	456	268	5.21949
1536	3072	2	496	166	0.00000
1536	3072	2	396	38	0.00000
1024	3584	1	256	240	1.97901
1536	3072	2	200	356	0.00000
1024	3584	2	34	42	0.00000
1024	3072	2	482	48	0.00000
1536	3584	2	318	84	0.00000
1024	3584	2	380	494	0.00000
1536	3072	2	114	406	0.00000
2048	2048	1	40	234	0.24871
2048	2048	1	46	390	4.14566
2048	2048	1	204	354	3.29882
2048	2048	1	450	348	6.12551
2048	2048	1	310	282	3.94413
2048	2048	1	32	140	1.30036
2048	2048	1	42	46	2.93231
2048	2048	2	172	62	0.00000
2048	2048	1	364	50	5.80164
2048	2048	2	490	50	0.00000
2560	2048	2	26	22	0.00000
2048	2048	1	408	174	1.56749
2560	2048	1	56	138	3.61595
2560	2048	1	108	238	5.68366
2560	2048	1	188	84	0.00000
2560	2048	1	150	160	3.49055
2560	2048	1	324	74	0.00000
2560	2048	1	54	374	3.92547
2560	2048	2	240	22	0.00000
2560	2048	2	244	72	0.00000
2048	2048	1	366	436	4.65726
2048	2560	1	98	38	4.59498
2048	2560	1	8	8	2.93249
2048	2560	1	96	162	0.00000
2048	2560	2	46	148	0.00000
2048	2560	2	26	94	0.00000
2048	2560	2	166	152	0.00000
2048	2560	2	228	154	0.00000
2048	2560	2	326	208	0.00000
2048	2560	2	404	164	0.00000
2048	2560	2	414	48	0.00000
2560	2560	2	22	154	0.00000
2560	2560	2	296	6	0.00000
2560	2048	2	288	392	0.00000
2560	2048	2	430	470	0.00000
2048	2560	1	314	46	4.43216
2048	2560	1	242	94	5.28091
2048	2560	1	506	68	3.68838
2560	2560	1	134	188	0.00000
2560	2560	2	468	332	0.00000
2048	2560	1	182	256	0.88937
2048	2560	1	306	284	5.54140
2560	2560	1	22	282	2.82883
2560	2048	1	222	458	2.36655
2560	2560	1	212	76	1.33602
2560	2048	1	338	362	2.68310
2560	2048	1	196	240	3.84528
2560	2048	1	418	168	1.26765
2560	2048	1	444	64	3.10853
2560	2560	1	306	196	3.22502
2560	2560	1	438	128	2.43385
2560	2560	1	384	222	0.60346
2560	2048	1	452	238	0.57860
2560	2048	2	512	278	0.00000
2560	2048	1	400	352	2.89450
2560	2048	2	512	396	0.00000
2560	2560	1	470	24	3.60231
2560	2560	2	512	200	0.00000
2560	2560	1	74	386	4.12023
2048	2560	1	92	414	2.54697
2048	2560	1	438	482	0.60904
2048	2560	2	172	360	0.00000
2048	2560	2	190	408	0.00000
2048	2560	2	322	424	0.00000
2560	2560	2	316	486	0.00000
2560	2560	1	392	424	5.39723
2560	2560	2	510	464	0.00000
2048	2560	1	494	512	0.84501
2560	2560	1	180	436	1.55953
2560	2560	1	270	410	0.43967
2048	2560	1	164	508	0.41204
2048	2560	1	322	512	4.28070
2560	2560	1	156	512	1.62352
2048	2560	2	442	324	0.00000
2048	2560	1	430	260	1.85530
2048	2048	2	228	108	0.00000
2560	2048	1	508	70	6.01906
3072	2560	2	172	396	0.00000
3072	2560	2	432	130	0.00000
3072	2560	2	310	18	0.00000
3072	2560	2	264	20	0.00000
3584	2560	2	236	346	0.00000
3584	2560	2	238	462	0.00000
3584	2560	2	48	506	0.00000
3584	2560	2	354	450	0.00000
3584	2560	2	332	512	0.00000
3072	2560	2	164	84	0.00000
3072	2560	2	470	180	0.00000
3584	2560	2	190	200	0.00000
3584	2048	1	40	498	5.74810
3584	2048	1	140	390	2.33838
3072	2048	1	476	440	0.97430
3584	2048	1	12	288	6.01899
3072	2048	1	398	378	4.71439
3584	2048	1	336	466	2.94720
3584	2048	1	438	366	5.51209
3584	2048	1	222	334	2.20657
3584	2048	1	320	296	2.44656
3072	2048	1	182	306	4.55907
3072	2048	1	42	254	0.50255
3072	2048	1	156	224	4.23807
3072	2048	1	230	128	0.00000
3072	2048	1	420	274	3.99691
3072	2048	1	340	232	3.95860
3072	2048	1	312	132	3.10687
3072	2048	1	56	48	2.61851
3072	2048	2	118	16	0.00000
3072	2048	1	170	62	3.66089
3072	2048	1	412	98	5.13555
3584	2048	1	132	104	0.00000
3584	2048	1	42	90	2.29727
3584	2048	1	224	90	3.90771
3584	2048	1	474	56	0.00000
3584	2048	1	386	88	0.00000
3584	2048	1	364	228	5.70073
3072	2048	1	148	396	5.07951
3072	2048	1	24	440	2.45612
3072	2048	1	194	484	1.65755
3072	2560	1	228	80	0.00000
3584	2560	1	36	86	5.91679
3584	2560	1	222	86	3.75708
3584	2560	1	132	82	3.55571
3072	2560	1	224	472	0.76936
3072	2560	1	418	322	5.48626
3584	2560	1	448	192	2.71320
3584	2048	1	116	474	2.08262
3584	2048	1	498	482	0.91344
3584	2560	1	380	48	1.59884
3584	2560	1	260	202	2.97651
3072	2560	1	320	118	3.84122
3072	2560	1	470	70	2.46905
3072	2560	1	342	198	4.24603
3072	2560	1	54	70	4.32762
3072	2560	1	60	146	0.94072
3072	2560	1	154	198	3.18076
3072	2560	1	66	244	0.73973
3072	2560	1	80	358	3.55131
3072	2560	1	192	286	3.66687
3072	2560	1	286	360	2.45096
3584	2560	1	30	212	1.57075
3584	2560	1	92	326	1.15117
3584	2560	1	156	254	2.14972
3584	2560	1	358	158	3.24397
3584	2560	1	510	62	4.78511
3584	2560	1	500	374	2.63921
3584	2560	1	8	456	1.16340
3072	2560	1	350	472	0.99792
3072	2560	1	72	480	1.92481
3584	2560	1	356	374	1.37781
3584	2560	1	396	288	1.89163
3584	2560	2	298	480	0.00000
3584	2560	2	432	512	0.00000
3072	2560	2	16	26	0.00000
3072	3072	1	16	84	2.83744
3072	3072	1	240	86	3.44951
3072	3072	2	184	26	0.00000
3072	3072	1	400	58	6.19645
3584	3072	1	20	14	4.01042
3584	3072	1	158	84	2.98364
3584	3072	1	252	40	0.89863
3584	3072	2	354	30	0.00000
3584	3072	2	496	34	0.00000
3584	3072	2	410	24	0.00000
3584	3072	1	512	138	2.92076
3584	3072	1	284	98	0.57018
3584	3072	1	436	148	3.18076
3584	3072	1	362	158	2.54079
3584	3072	1	230	218	4.96269
3584	3072	1	476	262	2.05965
3584	3072	2	356	262	0.00000
3584	3072	1	28	130	0.00000
3072	3072	1	432	158	4.13640
3072	3072	1	322	190	5.80200
3072	3072	1	268	242	2.16562
3072	3072	1	198	264	2.58299
3072	3072	1	66	262	4.11791
3072	3072	1	512	240	5.02044
3072	3072	1	440	292	1.78898
3072	3072	1	72	372	4.26040
3072	3072	1	260	352	1.03218
3072	3072	1	418	398	3.70833
3072	3072	1	502	412	3.75503
3584	3072	1	194	338	0.59592
3584	3072	1	292	356	0.62674
3584	3072	1	478	384	2.26047
3584	3072	2	388	388	0.00000
3584	3584	1	466	44	3.76957
3584	3072	1	404	496	4.08357
3584	3072	1	328	476	0.30588
3584	3072	1	68	426	3.92000
3584	3072	1	142	484	1.42321
3072	3072	1	104	448	0.61719
3072	3072	1	200	472	3.09392
3072	3072	2	250	454	0.00000
3072	3072	1	316	490	3.69069
3072	3584	1	114	22	0.85115
3072	3584	1	208	70	1.36696
3072	3584	2	276	24	0.00000
3072	3584	1	446	26	3.20955
3072	3584	1	374	84	5.56445
3072	3584	1	38	182	0.59642
3072	3584	1	198	186	5.63519
3072	3584	1	118	236	2.42283
3072	3584	1	74	410	1.29507
3072	3584	2	82	318	0.00000
3072	3584	1	310	142	2.87512
3584	3584	1	46	132	0.00000
3584	3584	1	128	98	0.13432
3584	3584	1	208	66	5.71425
3584	3584	1	442	130	1.79412
3584	3584	1	188	192	1.01354
3584	3584	1	310	216	3.79432
3584	3584	1	450	230	3.37879
3072	3584	1	386	132	4.47990
3072	3584	1	210	332	0.00000
3072	3584	1	118	444	1.37970
3072	3584	2	218	484	0.00000
3072	3584	1	288	420	6.13255
3072	3584	1	344	298	2.56931
3072	3584	1	404	428	2.73981
3072	3584	1	468	356	2.83889
3584	3584	1	62	364	2.51710
3584	3584	1	24	460	0.00000
3072	3584	1	374	486	5.29029
3584	3584	1	122	320	2.76069
3584	3584	1	202	300	0.43793
3584	3584	2	332	358	0.00000
3584	3584	2	262	320	0.00000
3584	3584	1	396	330	2.80144
3584	3584	1	484	334	3.66074
3584	3584	1	182	400	1.16391
3584	3584	2	228	480	0.00000
3584	3584	2	442	480	0.00000
3584	3584	1	290	466	3.04263
3584	3584	1	360	454	6.18264
3072	3584	1	502	232	4.51850
2560	3072	1	356	48	4.88207
2560	3072	1	398	174	2.65144
2560	3072	2	346	238	0.00000
2560	3072	2	104	230	0.00000
2560	3072	2	132	80	0.00000
2560	3072	2	234	138	0.00000
2560	3072	1	278	100	5.35423
2560	3072	1	158	310	0.21051
2048	3072	1	210	368	4.17562
2048	3072	1	320	136	5.81353
2048	3072	1	198	168	5.56887
2560	3072	1	52	366	0.00000
2560	3072	1	462	288	0.96411
2048	3072	2	160	468	0.00000
2048	3584	2	210	44	0.00000
2560	3072	1	310	330	1.89255
2048	3584	1	512	278	1.98714
2560	3584	1	372	126	0.65570
2560	3584	1	6	140	0.00000
2048	3584	1	266	112	3.64460
2048	3584	2	372	24	0.00000
2048	3584	1	306	208	0.61160
2048	3584	1	418	188	1.87110
2560	3584	1	182	110	2.94941
2560	3072	1	236	394	5.61225
2048	3584	1	196	242	1.25852
2048	3584	1	144	346	3.74221
2048	3584	2	282	362	0.00000
2048	3072	2	76	268	0.00000
2048	3584	2	30	110	0.00000
2048	3584	2	64	8	0.00000
2048	3584	2	48	248	0.00000
2048	3072	2	62	412	0.00000
2048	3072	1	494	392	0.00000
2560	3072	1	50	506	1.09963
2560	3072	1	86	158	2.79129
2048	3072	1	20	128	0.98942
2048	3072	2	292	272	0.00000
2048	3072	1	144	48	0.42233
2048	3072	1	470	62	4.01765
2560	3584	1	498	92	0.73282
2560	3072	1	512	432	0.00000
2560	3072	1	442	476	2.79005
2560	3072	1	404	484	4.97713
2560	3072	2	218	494	0.00000
2560	3584	2	288	76	0.00000
2048	3072	1	76	200	1.18222
2560	3584	2	510	254	0.00000
2048	3072	1	474	246	2.45051
2048	3072	1	394	298	4.84139
2048	3072	1	358	386	6.12281
2048	3072	1	510	130	2.78174
2048	3072	1	238	108	2.74181
2560	3584	1	104	114	2.65164
2560	3072	1	150	508	3.58397
2560	3072	1	320	512	5.03963
2560	3584	1	78	220	3.33621
2560	3584	1	226	194	3.47518
2560	3584	1	384	246	3.17228
2560	3584	1	98	412	5.91003
2048	3584	2	364	300	0.00000
2560	3584	1	472	366	4.53680
2048	3584	2	422	492	0.00000
2048	3584	1	490	394	0.82414
2560	3584	1	150	288	3.27509
2560	3584	1	344	362	0.00000
2560	3584	1	218	368	3.26535
2048	3584	2	378	420	0.00000
2560	3584	2	272	488	0.00000
2560	3584	2	414	474	0.00000
2048	3072	2	406	36	0.00000
2560	3072	2	76	36	0.00000
2560	3584	1	288	224	3.47855
2560	3584	1	450	234	0.00000
2560	3584	1	4	480	1.00407
