1536	2560	1	172	452	5.77040
1536	2560	1	334	512	4.79913
1536	2560	1	424	426	3.76318
1024	2560	1	506	408	0.25155
1536	2560	1	308	252	5.56343
1536	2560	1	62	470	0.98757
1024	2560	1	218	494	5.86885
1536	2560	1	278	354	5.81728
1536	2560	1	196	284	0.39624
1536	2048	1	272	292	4.48470
1024	2560	1	136	508	3.74714
1024	2560	1	148	394	4.06027
1536	2560	1	356	126	3.27694
1536	2560	1	472	74	2.08753
1024	2560	1	262	370	2.80691
1536	2560	1	494	178	2.27601
1024	2560	1	402	490	3.72097
1536	2560	1	378	380	0.51074
1536	2560	1	318	28	0.81378
1536	2560	1	424	240	1.71689
1536	2560	1	182	152	1.21582
1024	2560	1	430	82	1.14911
1024	2560	1	488	140	1.63069
1024	2560	1	210	230	4.65995
1536	2048	1	192	492	0.87630
1024	2560	1	106	166	4.62749
1024	2560	1	364	350	1.59885
1024	2560	1	12	250	0.00000
1536	2048	1	412	240	1.57950
1024	2560	1	338	182	6.06318
1024	2560	1	94	296	2.54762
1536	2048	1	252	358	6.07702
1536	2048	1	356	394	0.79084
1536	2048	1	510	292	0.03190
1536	2048	1	266	80	5.50328
1024	2048	1	348	404	4.92438
1536	2560	1	98	300	2.83737
1024	2048	1	50	276	0.00000
1024	2560	2	336	452	0.00000
1024	2560	2	176	298	0.00000
1536	2048	2	502	72	0.00000
1536	2560	1	14	8	5.61977
1024	2560	1	304	16	1.35605
1536	2048	1	102	456	3.43002
1536	2048	1	488	510	5.10549
1536	2048	1	118	180	5.18966
1536	2048	1	78	26	3.59475
1536	2048	1	16	4	0.00000
1024	2048	1	208	54	0.36254
1024	2048	1	374	22	0.00000
1024	2048	1	192	262	1.82980
1024	2048	1	222	374	0.50710
1024	2048	1	430	188	2.36371
1024	2048	1	300	210	3.50774
1024	2048	1	476	296	0.00000
1536	2048	1	32	226	6.16573
1536	2048	1	230	126	0.00000
1536	2048	1	194	62	0.88082
1536	3584	1	156	154	4.96135
1536	3584	1	114	242	5.97241
1536	3584	1	284	166	3.17328
1024	3584	1	154	224	0.84926
1536	3584	1	432	470	0.10439
1536	3584	1	396	352	0.15708
1536	3584	1	502	436	5.93388
1024	3584	1	98	480	5.74558
1536	3584	1	92	372	1.27051
1536	3584	1	312	480	5.88757
1536	3584	1	64	490	0.98772
1024	3584	1	434	352	0.00000
1536	3584	1	306	352	0.49846
1536	3584	1	346	226	3.18408
1536	3584	1	454	266	5.88517
1024	3584	1	478	216	5.70575
1024	3584	1	306	288	6.15136
1536	3584	1	174	466	0.00000
1024	3584	1	138	104	5.68999
1024	3072	1	56	498	1.39602
1024	3584	1	306	80	0.61142
1024	3584	1	418	40	5.85510
1536	3584	1	160	82	1.66911
1024	3072	1	298	450	0.53630
1024	3072	1	132	408	2.06939
1024	3072	1	228	314	0.74084
1024	3072	1	52	346	4.07459
1024	3072	1	432	410	6.17190
1024	3072	1	506	464	0.52003
1536	3072	1	90	510	3.66510
1536	3072	1	176	482	3.16604
1536	3072	1	240	472	6.12012
1536	3072	1	368	384	6.05977
1536	3072	1	244	348	1.16929
1536	3072	1	108	364	3.89337
1536	3072	1	52	272	1.17601
1024	3072	1	134	214	1.07089
1536	3072	1	468	310	4.34577
1024	3072	1	318	230	5.25810
1024	3072	1	300	90	0.00000
1536	3072	1	240	240	4.82188
1536	3072	1	394	212	3.44469
1024	3072	1	154	114	1.56189
1536	3072	1	64	142	0.57790
1536	3072	1	6	220	1.21270
1024	3072	1	428	126	0.71445
1536	3072	1	270	130	1.86174
1536	3072	1	224	46	4.87781
1536	3072	1	504	168	5.97154
1536	3072	1	426	64	0.57790
1536	3072	1	48	54	1.16308
1536	3584	2	470	104	0.00000
1536	3584	2	426	124	0.00000
2048	2048	1	100	108	0.13640
2048	2048	1	220	150	5.15497
2048	2048	1	134	234	6.04679
2048	2048	1	66	24	0.89028
2048	2048	1	68	274	6.04577
2048	2048	1	242	282	5.99495
2048	2048	1	196	34	4.26618
2048	2048	1	376	132	4.44103
2560	2048	1	18	122	5.41561
2560	2048	1	8	220	1.47578
2560	2048	1	184	188	5.44391
2048	2048	1	114	388	3.60755
2560	2048	1	168	52	3.98941
2560	2048	1	258	56	3.50741
2560	2048	1	294	102	0.00000
2560	2048	1	340	40	0.00000
2560	2048	1	448	44	0.19375
2560	2048	1	392	238	2.36865
2560	2048	1	492	144	4.11041
2560	2048	1	506	212	0.68677
2560	2048	1	510	322	0.79466
2048	2048	1	20	500	4.42284
2048	2048	1	150	474	3.74725
2048	2560	1	94	44	1.50486
2048	2048	1	336	410	4.31531
2560	2048	1	76	354	3.61554
2560	2048	1	256	312	0.82084
2048	2560	1	328	82	3.27768
2048	2560	1	64	132	3.90888
2048	2560	1	186	86	4.52240
2048	2048	2	258	502	0.00000
2048	2048	2	210	502	0.00000
2048	2048	1	488	508	4.86348
2560	2048	1	114	484	5.27889
2560	2048	1	270	458	4.15469
2560	2048	1	476	444	2.32451
2560	2560	1	212	124	6.07286
2560	2560	1	78	84	0.29986
2560	2560	2	16	166	0.00000
2048	2560	2	172	154	0.00000
2048	2560	2	228	152	0.00000
2048	2560	2	320	212	0.00000
2048	2560	1	384	100	3.81633
2048	2560	1	476	116	3.78281
2560	2560	1	338	48	2.06459
2560	2048	1	422	502	4.58664
2560	2560	1	408	154	4.41584
2560	2560	1	200	242	2.30780
2048	2560	1	406	250	1.26745
2048	2560	1	86	246	4.23840
2048	2560	1	274	340	5.63542
2560	2560	1	34	294	4.88391
2048	2048	1	486	10	3.45896
2048	2048	2	404	8	0.00000
2560	2560	1	296	142	0.35877
2560	2560	1	322	284	4.17338
2560	2560	1	512	268	0.66352
2560	2560	1	136	340	4.62907
2048	2560	1	34	402	3.51112
2048	2560	1	156	490	5.84129
2048	2560	2	172	358	0.00000
2560	2560	2	460	336	0.00000
2048	2560	2	466	478	0.00000
2048	2560	2	196	418	0.00000
2048	2560	2	76	512	0.00000
2560	2560	2	16	484	0.00000
2048	2560	1	268	474	3.50552
2048	2560	1	388	358	5.70411
2560	2560	1	2	414	4.85079
2560	2560	1	170	442	1.52321
2560	2560	1	304	420	6.20641
2560	2560	2	310	498	0.00000
2560	2560	1	392	382	6.04333
2560	2560	1	508	480	2.49627
3072	2048	1	74	40	1.18550
3072	2048	1	10	132	4.00728
3072	2048	1	20	204	4.20116
3584	2048	1	262	92	3.48371
3072	2048	1	146	124	0.34422
3072	2048	1	256	112	0.00000
3072	2048	1	354	106	0.00000
3072	2048	1	464	94	4.54993
3072	2048	1	140	222	4.26761
3072	2048	1	30	288	0.92093
3072	2048	1	332	224	4.73477
3584	2048	1	22	196	1.98304
3584	2048	1	154	90	0.00000
3584	2048	1	228	0	0.00000
3584	2048	1	364	76	0.00000
3584	2048	1	490	50	0.00000
3584	2048	1	378	220	5.54230
3584	2048	1	268	210	3.77267
3072	2048	1	510	268	2.31288
3072	2048	1	126	352	4.51678
3072	2048	1	236	344	3.11108
3072	2048	1	334	438	4.00011
3072	2048	1	428	358	2.40364
3072	2048	1	454	456	2.46888
3584	2048	1	40	432	3.18646
3584	2048	1	138	288	4.45871
3584	2048	1	154	368	4.40839
3584	2048	1	492	334	5.61663
3584	2048	1	312	416	2.96803
3584	2048	1	384	496	3.24833
3584	2048	1	466	460	3.06371
3072	2560	1	388	12	2.14320
3072	2560	1	160	26	1.71642
3072	2560	1	64	102	4.28132
3072	2560	1	302	92	5.49779
3072	2560	1	428	142	4.18932
3584	2560	1	40	82	2.35829
3584	2048	1	88	502	6.19253
3584	2048	1	176	472	4.51292
3584	2560	1	220	16	1.62099
3584	2560	1	196	82	1.42403
3584	2560	1	278	130	4.34522
3584	2560	1	418	118	6.11023
3584	2560	1	492	150	3.29974
3072	2560	1	288	220	1.60999
3072	2560	1	120	312	3.75431
3072	2560	1	20	242	0.50486
3072	2560	1	504	200	1.03369
3584	2560	1	314	192	4.61129
3584	2560	1	230	204	2.43297
3584	2560	1	180	242	2.43297
3584	2560	1	342	282	3.70770
3584	2560	1	128	274	2.61643
3584	2560	1	290	258	0.99813
3584	2560	1	56	406	4.26211
3072	2560	1	340	312	5.06901
3072	2560	1	218	324	2.75513
3072	2560	1	74	426	5.25381
3584	2560	1	268	354	2.04803
3072	2560	1	438	390	3.16359
3584	2560	1	18	304	2.54660
3584	2560	1	512	294	2.47508
3584	2560	1	502	362	2.31917
3584	2560	1	178	400	1.09142
3072	2560	1	294	460	0.33030
3072	2560	1	376	478	0.00000
3584	2560	1	56	508	5.51906
3584	2560	1	134	472	1.94286
3584	2560	1	414	378	0.00000
3584	2560	1	222	494	0.00000
3584	2560	1	286	456	5.55941
3584	2560	1	498	492	2.32464
3584	2560	1	430	510	2.05032
3584	3584	1	512	240	0.97032
3584	3584	1	406	224	5.47852
3584	3584	1	394	290	5.65881
3584	3584	1	402	412	5.32587
3584	3584	1	406	502	0.26448
3584	3584	1	480	512	0.32740
3072	3072	2	430	247	0.00000
3072	3584	1	252	408	6.08708
3584	3584	1	120	224	2.48935
3584	3584	1	148	428	0.86576
3072	3584	1	318	304	6.17486
3072	3584	1	76	308	0.78154
3072	3584	1	82	450	6.28199
3584	3584	1	14	144	0.83074
3584	3584	1	80	322	2.33598
3072	3584	1	426	252	4.52556
3072	3584	1	26	184	5.54171
3584	3584	1	472	72	1.29164
3584	3584	1	446	150	5.52869
3584	3584	1	262	176	5.95528
3072	3584	1	198	262	3.36570
3072	3584	1	282	176	0.34925
3072	3584	1	216	512	1.65427
3584	3584	1	326	346	3.10134
3072	3584	1	422	320	5.23787
3072	3584	1	190	396	2.18068
3072	3584	1	460	424	2.69997
3584	3584	1	14	362	5.51884
3072	3584	1	322	444	0.48224
3584	3584	1	400	14	4.66469
3072	3584	1	372	140	3.18336
3584	3584	1	176	78	4.98637
3584	3584	1	82	6	4.54480
3584	3072	1	44	416	2.42654
3072	3584	1	50	10	5.96648
3072	3584	1	134	54	0.00000
3072	3072	1	212	510	3.25994
3072	3072	2	244	436	0.00000
3072	3584	1	240	98	3.62101
3072	3584	1	330	2	5.81131
3072	3072	1	408	438	1.97928
3072	3072	1	98	356	0.00000
3072	3072	2	30	372	0.00000
3072	3072	1	254	308	2.67609
3072	3072	1	342	304	2.55244
3584	3072	1	512	410	5.80887
3584	3072	2	510	510	0.00000
3584	3072	1	446	406	3.40163
3584	3072	1	332	450	4.08371
3584	3072	1	404	344	0.69692
3584	3072	1	480	272	5.52580
3584	3072	1	186	350	4.07584
3584	3072	1	258	268	4.84376
3584	3072	1	108	252	1.34709
3584	3072	1	366	188	1.24489
3584	3072	1	454	138	0.00000
3584	3072	1	506	150	3.14029
3072	3072	1	470	336	3.98668
3072	3072	1	42	126	5.66991
3072	3072	1	128	52	2.87058
3072	3072	1	228	70	5.20856
3072	3072	2	378	38	0.00000
3584	3072	2	250	12	0.00000
3584	3072	1	152	100	1.71970
3584	3072	2	182	36	0.00000
3584	3072	1	314	92	5.29007
3584	3072	1	422	16	5.09520
3584	3072	1	2	60	2.38237
3584	3072	1	82	14	5.10701
3072	3072	1	438	114	0.01504
3072	3072	1	376	126	5.62941
3072	3072	1	174	192	4.76514
3072	3072	1	328	184	5.51333
3584	3072	1	34	214	1.35695
3584	3072	1	126	156	2.19505
3584	3072	1	216	154	3.79047
3584	3584	1	320	118	5.64371
3584	3584	1	370	464	1.28617
3584	3584	2	512	326	0.00000
3072	3584	1	434	66	0.34149
2560	3584	1	408	76	5.01199
2048	3584	1	318	286	1.77982
2560	3584	1	370	512	5.58404
2048	3584	1	470	382	0.00000
2560	3584	1	318	124	1.87698
2048	3584	1	10	162	0.00000
2560	3584	1	206	446	5.78986
2048	3584	1	96	102	2.56232
2048	3584	1	352	388	1.09616
2048	3584	1	310	206	1.19029
2560	3584	1	492	388	2.32954
2560	3584	1	10	424	0.00000
2048	3584	1	368	194	0.00000
2560	3584	1	176	246	5.37794
2048	3584	1	426	198	0.00000
2048	3584	1	0	424	5.85569
2560	3584	1	62	284	2.95311
2560	3584	1	50	126	2.73670
2048	3584	1	166	490	5.66998
2048	3584	1	502	174	0.00000
2560	3584	1	120	46	0.23310
2048	3584	1	340	480	0.21245
2048	3584	1	186	170	4.58804
2048	3584	1	76	422	5.74586
2560	3584	1	190	144	1.40464
2560	3584	1	326	254	5.79642
2560	3584	1	470	250	2.67148
2048	3584	1	68	302	5.23154
2560	3584	1	360	374	5.41464
2560	3584	1	512	172	2.55360
2048	3584	1	168	382	5.10396
2560	3584	2	390	460	0.00000
2560	3584	2	354	414	0.00000
2560	3584	1	474	28	2.59061
2560	3072	1	286	512	4.11605
2560	3072	1	506	278	0.46365
2560	3072	1	384	402	5.78072
2560	3584	1	58	10	3.42769
2560	3072	1	364	46	0.78540
2560	3072	1	174	298	5.61574
2560	3072	1	212	466	0.32812
2560	3072	1	158	400	0.00000
2048	3072	1	490	394	5.18385
2560	3072	1	104	128	2.23467
2048	3584	1	442	30	3.07449
2560	3072	1	226	282	5.57932
2560	3072	1	80	356	3.64766
2048	3072	1	512	180	5.03019
2560	3072	1	304	134	2.32065
2560	3072	1	18	290	0.51915
2560	3072	1	274	218	2.63558
2048	3072	1	420	258	2.81562
2560	3072	1	452	80	0.00000
2048	3072	1	338	438	2.75638
2048	3072	1	386	364	0.00000
2048	3072	1	428	72	5.04427
2048	3072	1	380	138	5.52567
2048	3072	1	342	24	3.87785
2048	3072	1	286	186	0.00000
2048	3072	1	214	138	0.37624
2048	3072	1	152	12	0.00000
2048	3072	1	48	446	1.74117
2048	3072	1	218	344	2.18519
2048	3072	1	194	408	5.55654
2048	3072	1	66	226	0.12988
2048	3072	1	78	62	0.00000
2048	3072	1	0	162	6.14678
2048	3072	2	144	115	0.00000
2048	3072	2	294	277	0.00000
2048	3072	2	222	281	0.00000
2560	3072	2	100	233	0.00000
2560	3072	2	134	77	0.00000
2560	3072	2	224	131	0.00000
2560	3072	2	350	237	0.00000
2048	3072	2	162	477	0.00000
2048	3584	1	90	6	4.78541
2048	3584	2	126	226	0.00000
2048	3584	2	196	278	0.00000
2048	3584	2	238	344	0.00000
2560	3584	2	210	344	0.00000
2560	3584	2	274	350	0.00000
2560	3584	2	274	252	0.00000
2560	3584	2	186	196	0.00000
2560	3584	2	90	452	0.00000
2048	3072	2	36	374	0.00000
