1536	2560	1	480	172	0.99289
1536	2560	1	370	384	2.01462
1536	2560	1	190	448	0.61759
1536	2560	1	232	326	0.00000
1024	2560	1	438	442	4.38540
1536	2560	1	144	316	0.73968
1024	2560	1	192	512	1.69645
1024	2560	1	182	394	3.40982
1536	2560	1	340	512	4.79179
1024	2560	1	246	408	6.03063
1024	2560	1	60	506	3.89342
1024	2560	1	260	276	0.00000
1536	2560	1	456	294	4.39622
1024	2560	1	452	360	5.35152
1536	2560	1	314	242	5.41179
1536	2560	1	56	478	0.77319
1024	2560	1	0	450	4.30750
1024	2560	2	188	284	0.00000
1024	2560	1	322	292	3.40355
1536	2560	1	12	288	1.56080
1536	2560	2	486	406	0.00000
1024	2560	1	146	148	3.68690
1024	2560	1	154	232	0.97615
1024	2560	1	32	128	2.61252
1024	2048	1	30	494	1.65443
1024	2560	1	278	46	0.64350
1024	2560	1	508	212	2.09377
1536	2560	1	82	102	4.37310
1536	2560	1	4	8	5.56664
1536	2560	1	204	166	0.08314
1536	2560	1	90	166	2.17975
1536	2560	1	298	120	2.78437
1536	2048	1	342	492	1.48564
1536	2560	1	480	2	1.37340
1536	2560	1	410	104	0.82930
1536	2048	1	462	328	1.25374
1536	2048	1	368	376	5.59072
1536	2048	1	214	496	0.88224
1536	2048	1	48	412	3.07125
1024	2560	1	424	42	2.72805
1024	2048	1	458	388	4.05738
1024	2048	1	292	474	1.22777
1024	2048	1	222	378	0.48815
1536	2048	1	472	162	5.27628
1536	2048	2	488	74	0.00000
1536	2048	2	276	86	0.00000
1536	2048	1	220	128	0.00000
1536	2048	1	58	242	5.73417
1536	2048	1	174	264	0.00000
1536	2048	1	262	208	3.72475
1536	2048	1	390	232	2.47789
1536	2048	2	238	350	0.00000
1536	2048	1	306	298	0.39966
1536	2048	1	10	10	0.00000
1536	2048	1	326	0	5.57477
1024	2048	1	408	162	2.43934
1024	2048	1	106	40	0.31215
1024	2048	1	94	152	1.19389
1024	2048	1	114	278	1.62529
1024	2048	2	200	80	0.00000
1024	2048	2	268	8	0.00000
1024	2048	2	352	12	0.00000
1024	2560	2	346	442	0.00000
1536	2048	1	512	394	1.89255
1536	3584	1	76	468	0.54803
1536	3584	1	182	474	0.00000
1536	3584	1	482	418	0.00000
1024	3584	1	346	304	0.00000
1536	3584	1	410	348	0.14338
1024	3584	1	110	290	5.47299
1536	3584	1	236	372	1.60353
1536	3584	1	94	238	0.62980
1536	3584	1	330	486	5.82170
1536	3584	1	490	270	0.37787
1024	3584	1	140	202	5.28167
1024	3584	1	88	480	5.71761
1024	3584	1	502	240	5.79422
1536	3584	1	56	408	0.56480
1536	3584	1	354	266	0.99591
1536	3584	1	172	264	0.97782
1024	3584	1	416	396	0.00000
1536	3584	2	256	252	0.00000
1536	3584	1	358	142	1.89551
1536	3584	2	456	102	0.00000
1536	3584	1	410	30	2.35619
1536	3072	1	468	400	0.48537
1536	3072	1	492	506	0.49153
1536	3072	1	370	448	3.38916
1536	3584	1	194	144	1.78963
1536	3584	1	206	28	5.91458
1536	3072	1	254	450	0.44611
1024	3584	1	180	118	4.26142
1024	3072	1	236	464	0.87357
1024	3584	1	300	36	1.83379
1024	3584	1	454	42	6.16975
1536	3584	2	6	54	0.00000
1024	3584	1	12	236	0.06219
1024	3584	1	64	84	1.06100
1536	3072	1	102	470	3.64698
1536	3072	1	22	436	1.40102
1536	3072	1	182	302	5.32454
1536	3072	1	120	366	1.79401
1536	3072	1	32	300	0.72781
1024	3072	1	366	434	0.84669
1024	3072	1	160	472	0.53344
1024	3072	1	236	336	0.00000
1024	3072	1	70	484	3.53599
1024	3072	1	72	352	3.36865
1536	3072	1	56	130	0.00000
1536	3072	1	222	146	3.08117
1536	3072	1	398	318	5.49565
1536	3072	1	360	242	2.50741
1536	3072	1	460	104	5.91601
1536	3072	1	354	128	2.54362
1536	3072	1	492	250	5.56887
1024	3072	1	468	192	4.59974
1024	3072	1	358	24	1.61271
1024	3072	2	478	42	0.00000
1024	3072	1	188	104	0.81171
1024	3072	1	336	220	6.01334
1024	3072	1	280	240	5.68090
1024	3072	1	58	234	3.70481
1024	3072	1	76	100	0.90461
1024	3072	1	168	272	0.29322
2048	2048	1	90	66	0.00000
2048	2048	1	168	66	2.79857
2048	2048	1	320	32	3.44682
2048	2048	1	412	118	0.35299
2048	2048	1	146	274	5.76078
2048	2048	1	66	318	5.51727
2048	2048	1	244	310	0.00000
2048	2048	1	20	180	5.58390
2048	2048	1	482	198	0.81765
2560	2048	1	80	122	4.71239
2048	2048	2	484	66	0.00000
2560	2048	1	18	8	1.73595
2560	2048	2	140	28	0.00000
2560	2048	1	196	170	5.51519
2560	2048	1	316	90	0.00000
2560	2048	1	418	48	6.19707
2560	2048	1	482	54	0.00000
2560	2048	1	206	62	2.64252
2560	2048	1	280	46	3.31539
2560	2048	1	370	44	0.00000
2560	2048	1	336	196	4.33303
2560	2048	1	480	154	0.88471
2560	2048	1	508	236	0.62905
2560	2048	1	492	328	0.88001
2560	2048	1	168	272	2.81984
2560	2048	1	80	338	2.15631
2560	2048	1	288	324	4.50569
2560	2048	2	290	396	0.00000
2048	2048	1	172	396	4.01004
2048	2048	2	248	432	0.00000
2048	2048	2	224	506	0.00000
2048	2048	1	36	416	2.94522
2048	2560	1	152	30	2.37945
2048	2048	1	342	420	4.14566
2048	2048	1	280	508	4.18031
2048	2560	2	378	98	0.00000
2048	2560	2	410	54	0.00000
2048	2048	1	452	470	3.95171
2560	2048	1	72	488	3.41093
2560	2048	1	230	452	4.31760
2560	2048	1	346	474	3.38737
2560	2048	1	406	490	4.02952
2560	2048	1	512	434	0.42107
2560	2560	2	512	14	0.00000
2560	2560	1	226	90	1.16008
2560	2560	1	394	108	5.17126
2560	2048	2	292	512	0.00000
2560	2560	1	112	88	3.91480
2048	2560	1	428	126	3.85860
2048	2560	1	498	118	3.88592
2048	2560	1	296	114	4.83544
2048	2560	2	226	162	0.00000
2048	2560	2	168	162	0.00000
2048	2560	1	48	54	0.99693
2048	2560	1	78	126	1.03369
2048	2560	1	104	256	0.00000
2048	2560	1	210	246	1.02624
2048	2560	2	318	202	0.00000
2048	2560	1	334	246	4.34306
2048	2560	1	250	340	5.07256
2048	2560	2	152	368	0.00000
2048	2560	2	194	414	0.00000
2048	2560	1	12	406	0.00000
2048	2560	1	76	512	1.98413
2048	2560	1	310	404	4.05719
2560	2560	2	4	486	0.00000
2048	2560	2	474	478	0.00000
2048	2560	1	282	480	0.00000
2048	2560	1	148	486	0.00000
2048	2560	2	196	512	0.00000
2560	2560	1	210	262	3.31595
2560	2560	1	332	302	4.64485
2560	2560	1	152	190	3.27356
2560	2560	1	338	178	1.82990
2048	2560	1	476	258	1.64253
2560	2560	1	72	260	0.00000
2560	2560	1	136	406	5.74732
2560	2560	1	296	426	2.64604
2560	2560	1	422	396	3.91592
2560	2560	2	458	334	0.00000
2560	2560	1	510	142	0.26641
2560	2560	1	494	252	0.72425
2560	2560	1	512	360	0.36139
2560	2560	1	504	508	2.16527
2560	2560	1	70	512	2.69420
2560	2560	1	170	510	5.40131
2048	2560	2	118	192	0.00000
3072	2048	1	82	50	0.49477
3072	2048	1	206	34	4.33745
3072	2048	1	116	18	0.00000
3072	2048	1	366	28	4.43421
3072	2048	1	226	100	4.34754
3072	2048	1	348	148	0.98881
3584	2048	1	26	90	4.17425
3072	2048	1	282	228	2.06240
3072	2048	1	42	222	1.39336
3072	2048	1	120	272	2.31098
3072	2048	1	12	328	0.66789
3072	2048	1	2	126	6.06655
3072	2048	1	396	214	4.08470
3072	2048	1	358	308	4.32965
3584	2048	1	6	220	3.99034
3584	2048	1	134	112	0.00000
3584	2048	1	264	88	3.55179
3584	2048	1	212	22	0.00000
3584	2048	1	388	98	5.96014
3584	2048	1	462	68	0.00000
3584	2048	1	512	118	0.00000
3584	2048	1	378	224	5.12036
3584	2048	1	196	256	4.99069
3584	2048	1	96	296	2.12490
3584	2048	1	226	356	4.31307
3584	2048	1	98	404	5.50037
3072	2048	1	478	396	3.92170
3072	2048	1	382	352	1.40792
3072	2048	1	178	358	5.19584
3072	2048	1	300	454	4.78916
3072	2048	1	182	462	5.61297
3072	2048	1	36	410	0.91593
3072	2560	1	110	28	3.09174
3072	2560	1	52	122	0.89606
3072	2048	1	504	510	1.89477
3584	2560	1	166	50	6.00902
3584	2560	1	78	50	0.89106
3072	2560	1	484	114	2.23043
3072	2560	2	426	140	0.00000
3072	2560	2	468	192	0.00000
3584	2048	1	314	436	4.05745
3584	2048	1	448	472	2.63871
3584	2560	1	330	26	4.44939
3584	2560	1	232	20	6.09949
3584	2560	1	418	84	1.37102
3584	2560	1	512	124	3.82204
3584	2560	1	390	194	1.03369
3584	2560	2	410	258	0.00000
3584	2560	1	228	188	4.62401
3584	2560	1	114	132	1.85864
3584	2560	1	58	200	0.92093
3584	2560	1	106	264	2.35619
3072	2560	1	504	238	3.74655
3072	2560	1	434	340	2.70856
3072	2560	1	242	102	0.96725
3072	2560	2	320	36	0.00000
3072	2560	1	162	236	3.26139
3072	2560	1	44	230	0.61007
3072	2560	1	98	382	5.96150
3072	2560	1	26	356	0.36254
3072	2560	1	264	316	5.58269
3072	2560	1	358	216	2.61661
3072	2560	1	250	196	2.36678
3072	2560	1	234	456	0.51755
3072	2560	1	376	474	0.00000
3072	2560	1	114	500	2.95538
3584	2560	1	260	280	2.61074
3584	2560	1	248	362	5.44003
3584	2560	2	342	442	0.00000
3584	2560	1	98	358	1.16315
3584	2560	1	158	404	1.12796
3584	2560	1	60	462	5.61740
3584	2560	1	4	512	0.05963
3584	2560	1	244	484	5.75799
3584	2560	1	314	484	5.73520
3584	2560	1	182	486	2.59292
3584	2560	1	404	394	5.19305
3584	2560	1	478	316	1.69823
3584	2560	1	510	458	2.02687
3584	2560	2	462	512	0.00000
3072	3072	1	118	60	3.21065
3072	3072	1	176	116	2.63449
3072	3072	1	274	106	6.05827
3072	3072	1	390	80	4.24874
3072	3072	2	382	20	0.00000
3584	3072	2	24	54	0.00000
3584	3072	2	108	18	0.00000
3072	3072	1	212	250	0.53172
3072	3072	1	114	186	5.46209
3072	3072	1	90	284	0.22942
3072	3072	2	30	380	0.00000
3072	3072	1	254	302	3.70690
3072	3072	1	416	174	4.76497
3072	3072	1	510	174	0.57267
3584	3072	1	78	222	3.26704
3584	3072	1	458	308	3.78783
3584	3072	1	370	274	1.03370
3584	3072	1	414	98	3.36090
3584	3072	1	482	150	0.97779
3072	3072	2	438	250	0.00000
3072	3072	1	342	302	3.14159
3072	3072	1	170	502	3.03265
3072	3072	1	318	428	4.35095
3072	3072	1	416	458	1.78291
3584	3072	1	84	340	1.33591
3584	3072	1	100	494	2.40009
3584	3072	2	194	406	0.00000
3584	3072	1	346	364	1.54906
3584	3072	1	382	460	2.57621
3584	3072	1	300	498	4.05669
3584	3584	1	354	42	4.16150
3584	3584	1	466	26	3.32242
3584	3072	1	482	436	5.40347
3072	3072	1	110	410	0.70592
3072	3584	1	30	34	2.56084
3072	3584	1	118	68	5.91020
3072	3584	1	270	20	4.82493
3072	3584	1	390	48	0.99654
3072	3584	1	240	128	5.31793
3072	3584	1	444	138	0.97377
3072	3584	1	86	236	0.97283
3584	3584	1	38	40	1.94500
3072	3584	1	352	180	2.84782
3072	3584	1	196	236	3.38344
3072	3584	1	282	260	0.28068
3072	3584	1	478	238	5.57173
3584	3584	1	90	232	5.66196
3584	3584	1	172	232	0.00000
3584	3584	1	242	224	0.55553
3584	3584	1	288	118	5.21785
3584	3584	1	424	142	5.77151
3584	3584	1	396	216	2.47171
3584	3584	1	308	354	0.33832
3072	3584	1	354	310	1.70735
3072	3584	1	364	378	2.11106
3584	3584	1	156	104	4.28340
3072	3584	1	46	298	1.99742
3072	3584	1	4	168	0.52240
3584	3584	1	2	342	0.85024
3072	3584	1	386	502	0.72417
3584	3584	1	456	346	1.83332
3584	3584	1	164	358	1.82460
3584	3072	2	266	264	0.00000
3584	3072	2	232	142	0.00000
3584	3072	2	194	38	0.00000
3584	3072	2	292	60	0.00000
3584	3072	2	352	118	0.00000
3584	3072	2	316	198	0.00000
3584	3072	2	482	68	0.00000
3584	3072	2	364	24	0.00000
3584	3584	1	116	460	0.46668
3584	3584	2	502	272	0.00000
3584	3584	2	374	372	0.00000
3584	3584	2	476	498	0.00000
3584	3584	2	254	440	0.00000
3072	3584	2	292	448	0.00000
3072	3584	2	58	512	0.00000
3072	3584	1	20	394	2.87174
3072	3584	2	480	460	0.00000
3584	3584	2	210	500	0.00000
3584	3584	2	398	448	0.00000
3072	3072	1	44	30	2.62081
3072	3072	2	236	454	0.00000
3072	3072	2	204	230	0.00000
3584	3072	2	248	418	0.00000
3584	3584	2	360	272	0.00000
2560	3072	2	90	442	0.00000
2560	3072	2	6	380	0.00000
2048	3072	2	488	434	0.00000
2560	3584	2	268	350	0.00000
2560	3584	2	210	352	0.00000
2560	3072	2	352	238	0.00000
2560	3072	2	221	129	0.00000
2048	3072	2	454	284	0.00000
2048	3072	2	278	272	0.00000
2560	3072	2	92	226	0.00000
2560	3584	2	324	464	0.00000
2048	3072	1	184	248	0.00000
2048	3072	1	72	282	0.00000
2560	3072	1	456	374	0.00000
2560	3072	1	252	284	0.00000
2560	3072	1	190	364	0.00000
2560	3584	1	198	98	0.72360
2560	3584	1	78	58	0.00000
2048	3584	1	498	110	0.37236
2048	3072	1	376	322	0.00000
2048	3072	1	296	200	5.31427
2048	3072	1	296	34	3.11779
2048	3072	1	154	24	0.00000
2048	3072	1	72	0	5.73041
2560	3072	1	62	46	2.62308
2560	3072	1	176	42	5.80925
2560	3072	1	320	70	5.09193
2048	3072	1	486	210	4.05723
2048	3072	1	470	94	1.16579
2048	3072	1	118	498	0.93875
2048	3072	1	50	498	0.46950
2048	3584	1	374	42	2.95966
2048	3584	1	448	42	3.23666
2048	3584	1	274	22	4.95234
2560	3584	1	328	8	4.92472
2560	3072	1	356	424	4.79100
2560	3072	1	388	200	5.31483
2560	3072	1	478	130	5.55699
2560	3072	1	140	172	3.02381
2560	3072	1	68	316	4.89137
2048	3584	1	238	198	3.02644
2560	3584	1	112	214	1.89867
2048	3584	2	139	283	0.00000
2048	3072	2	130	108	0.00000
2560	3584	1	232	210	0.00000
2560	3584	1	402	80	1.01160
2560	3584	1	434	130	0.92420
2048	3584	1	102	70	1.61152
2048	3584	1	118	174	1.71245
2048	3584	1	356	370	5.87854
2560	3584	1	22	412	4.64262
2560	3072	1	212	470	0.13515
2048	3584	1	336	154	2.11734
2560	3584	1	510	196	0.67010
2560	3584	1	512	12	2.43534
2048	3072	1	386	146	5.61187
2560	3584	1	12	198	0.52142
2048	3584	1	434	196	5.94565
2048	3584	1	48	322	4.00886
2560	3584	1	184	506	5.72561
2560	3584	1	80	308	4.70759
2560	3584	1	160	364	5.65798
2560	3584	1	376	422	5.30728
2048	3584	1	252	314	0.37857
2048	3584	1	202	426	5.78163
2048	3584	1	426	396	0.43934
2048	3584	1	116	438	5.51479
2048	3584	1	288	400	0.00000
2560	3584	1	368	300	0.31580
2048	3584	1	386	276	5.31777
2048	3072	2	314	432	0.00000
2048	3584	1	182	234	2.93731
