1024	2048	1	214	174	0.29182
1536	2048	1	108	24	0.00000
1024	2048	1	468	200	2.84622
1024	2048	1	72	128	4.40108
1024	2048	1	226	386	0.24410
1536	2048	1	8	0	0.14005
1536	2048	1	226	146	5.96881
1536	2048	1	126	156	0.29494
1536	2048	1	254	44	6.09803
1024	2048	1	68	444	0.21169
1536	2048	1	246	234	1.47831
1536	2048	1	394	86	5.16797
1024	2048	1	266	0	6.22224
1536	2048	1	498	98	3.08090
1024	2048	1	194	58	0.28605
1024	2048	1	410	510	3.60674
1024	2560	1	232	60	1.09219
1536	2048	1	208	454	4.32268
1536	2048	1	244	354	3.09090
1536	2048	1	426	316	3.55822
1536	2048	1	306	444	3.32291
1536	2048	1	512	274	0.40511
1536	2560	1	72	140	0.67397
1024	2560	1	242	216	4.85786
1024	2560	1	82	164	6.11003
1536	2048	1	466	398	0.67474
1536	2048	1	458	498	3.84437
1024	2560	1	404	144	4.11411
1536	2560	1	364	128	5.78876
1536	2560	1	490	150	5.39530
1536	2560	1	280	276	5.91555
1024	2560	1	24	278	2.07056
1024	2560	1	132	300	2.63673
1024	2560	1	278	274	3.66576
1536	2560	1	2	204	3.00453
1024	2560	1	396	248	1.96361
1536	2560	1	64	280	0.61120
1024	2560	1	452	340	1.70794
1536	2560	1	432	360	1.69357
1536	2560	1	464	318	4.56014
1536	2560	1	166	324	2.59902
1536	2560	1	86	438	5.08319
1024	2560	1	296	370	3.34771
1536	2560	1	282	418	2.57026
1536	2560	1	512	500	2.29712
1536	2560	1	372	422	2.09210
1536	2560	1	194	510	3.17919
1024	2560	1	404	390	5.33043
1024	2560	1	408	512	4.46295
1024	2560	1	102	450	1.41113
1024	2560	1	126	504	1.58769
1024	2560	1	30	382	0.96343
1024	2560	1	198	274	1.63297
1536	2560	2	4	398	0.00000
1024	2560	2	352	442	0.00000
1536	3584	1	206	490	0.37755
1536	3584	1	422	326	4.55234
1536	3584	1	264	256	5.38091
1024	3584	1	472	446	0.40516
1536	3584	1	36	470	6.16742
1536	3584	1	162	446	0.43663
1536	3584	1	508	122	0.00000
1536	3584	1	288	114	2.24489
1536	3584	1	140	298	2.49761
1536	3584	1	284	472	0.25441
1024	3584	1	412	372	0.91704
1536	3584	1	474	428	0.00000
1024	3584	1	116	474	6.17116
1536	3584	1	78	376	2.78908
1536	3584	1	422	240	5.09413
1536	3584	1	220	154	5.56183
1536	3584	1	396	186	0.50444
1536	3072	1	476	424	3.73581
1536	3584	1	274	4	2.12891
1024	3584	1	334	100	2.57908
1536	3072	1	264	364	5.73240
1024	3584	1	92	228	4.09505
1024	3584	1	212	286	2.11819
1536	3584	1	90	192	1.98140
1024	3584	1	142	124	5.60319
1536	3072	1	2	424	0.90975
1024	3584	1	446	136	2.47942
1024	3584	1	96	322	1.85722
1536	3584	1	416	12	4.87464
1024	3584	2	270	222	0.00000
1536	3072	2	392	442	0.00000
1536	3072	1	346	242	3.66622
1536	3072	1	474	92	1.88530
1536	3072	1	364	32	0.49839
1536	3072	1	268	120	3.25805
1024	3072	1	24	444	2.67330
1024	3072	1	136	448	0.00274
1024	3072	1	246	498	1.82009
1024	3584	1	428	18	2.18057
1024	3072	1	510	510	1.08340
1536	3584	1	122	6	5.98148
1536	3072	1	176	446	5.56938
1536	3072	1	132	140	1.82041
1536	3072	1	190	46	3.04529
1536	3072	1	36	66	4.24699
1024	3072	1	490	346	1.53530
1024	3072	1	372	404	1.76819
1024	3072	1	246	414	2.23593
1024	3072	1	314	300	0.26917
1024	3072	1	238	308	0.00000
1024	3072	1	160	248	0.49008
1024	3072	1	92	318	2.00056
1024	3072	1	42	216	0.53862
1024	3072	1	114	142	0.42373
1024	3072	1	222	108	4.41704
1024	3072	1	298	168	4.01360
1024	3072	1	416	172	2.61063
1024	3072	1	302	66	1.89466
1536	3072	2	190	262	0.00000
1024	3584	1	256	438	0.34551
2560	2560	1	370	52	0.87487
2048	2560	1	408	78	0.00000
2560	2560	1	380	234	1.03358
2048	2048	1	298	466	2.66938
2560	2560	1	88	26	5.41701
2560	2560	1	320	174	4.36227
2560	2560	1	232	30	2.27419
2048	2560	1	292	346	1.98579
2560	2560	1	82	166	5.90306
2560	2560	1	424	452	4.02322
2560	2560	1	388	356	3.54648
2048	2560	1	54	320	4.90398
2048	2560	1	114	246	1.82372
2560	2560	1	20	324	4.93304
2560	2560	1	258	374	5.85342
2048	2048	1	396	448	0.00000
2560	2560	1	102	478	3.44708
2048	2560	1	442	448	0.85647
2048	2560	1	110	464	5.94335
2560	2048	1	398	442	3.70491
2560	2560	1	242	468	5.99994
2048	2560	1	152	32	3.53399
2048	2048	1	202	150	1.05957
2560	2048	1	340	250	4.39064
2048	2048	1	380	114	5.49370
2560	2048	1	66	130	3.27859
2048	2048	1	202	328	3.25390
2048	2048	1	302	310	5.41941
2048	2048	1	90	402	6.24930
2048	2048	1	40	242	0.22730
2048	2048	1	194	60	0.37964
2048	2048	1	82	56	3.73311
2048	2048	1	256	46	0.28220
2560	2048	1	104	246	5.68442
2048	2048	1	464	370	6.05487
2560	2048	1	72	356	5.17604
2560	2048	1	314	106	0.00000
2560	2048	1	236	368	0.00000
2560	2048	1	228	226	4.09214
2048	2560	1	290	82	2.69039
2560	2560	1	208	148	4.34679
2048	2048	1	476	234	0.57367
2048	2560	2	164	152	0.00000
2048	2560	2	222	162	0.00000
2048	2560	2	316	208	0.00000
2560	2560	2	16	160	0.00000
2560	2560	2	460	340	0.00000
2048	2560	2	168	362	0.00000
2048	2560	2	200	416	0.00000
2048	2560	2	318	426	0.00000
2048	2560	2	448	318	0.00000
2560	2560	1	168	320	0.39892
2560	2048	1	438	62	3.02209
2560	2048	1	122	16	0.00000
2048	2048	2	496	66	0.00000
2048	2560	1	66	118	3.72384
2560	2048	2	296	398	0.00000
2560	2048	1	206	108	0.26023
2048	2560	2	340	46	0.00000
2560	2048	1	490	468	3.45098
2560	2560	2	318	480	0.00000
2560	2560	2	8	480	0.00000
2560	2560	1	502	186	4.73840
3584	2048	1	328	464	5.04626
3584	2048	1	244	286	5.17356
3584	2048	1	352	228	5.50983
3072	2048	1	470	328	5.74650
3072	2048	1	262	330	4.66481
3072	2048	1	144	324	6.20004
3072	2048	1	260	76	3.50557
3072	2048	1	152	60	0.60877
3072	2048	2	34	22	0.00000
3072	2048	2	100	26	0.00000
3072	2048	1	84	192	2.27501
3072	2048	1	186	198	0.50783
3072	2048	1	258	220	1.18863
3072	2048	1	440	84	2.60004
3072	2048	1	370	128	2.84015
3072	2048	1	500	188	3.94660
3584	2048	1	82	186	3.28460
3584	2048	1	138	88	0.00000
3584	2048	2	54	26	0.00000
3584	2048	1	230	86	4.02455
3584	2048	1	402	56	0.00000
3584	2048	1	338	48	0.00000
3584	2048	1	462	42	0.00000
3072	2048	2	58	430	0.00000
3072	2048	2	56	352	0.00000
3072	2048	1	54	268	2.07014
3072	2560	1	62	182	1.65612
3072	2560	1	80	134	1.79760
3072	2560	1	74	60	2.14204
3072	2048	1	286	430	4.66243
3072	2048	1	370	254	3.77904
3584	2048	1	76	476	4.30914
3072	2048	1	410	482	2.37422
3072	2560	1	476	6	3.39976
3072	2560	1	32	380	3.50306
3584	2560	2	346	438	0.00000
3584	2560	2	262	460	0.00000
3072	2560	2	78	512	0.00000
3072	2560	2	162	512	0.00000
3072	2560	2	226	512	0.00000
3584	2560	1	128	34	3.69320
3584	2560	1	332	44	2.04181
3584	2560	1	242	106	2.21558
3072	2560	1	204	32	2.30200
3072	2560	1	232	164	3.76281
3072	2560	1	336	68	0.78848
3072	2560	1	402	152	2.81231
3584	2560	1	10	152	2.26639
3584	2560	1	234	206	2.34582
3072	2560	1	112	354	3.70457
3072	2560	2	176	416	0.00000
3072	2560	1	224	384	2.64239
3072	2560	1	262	242	4.59390
3072	2560	1	292	366	2.73319
3072	2560	1	390	328	2.72935
3072	2560	1	460	354	2.54229
3072	2560	1	506	292	2.57307
3584	2560	1	100	358	2.18690
3584	2560	1	94	274	2.16441
3584	2560	1	476	410	4.08377
3072	2560	1	374	460	1.28859
3584	2560	2	374	512	0.00000
3584	2560	2	434	512	0.00000
3584	2560	2	496	512	0.00000
3584	2560	1	420	166	4.46741
3584	2560	1	352	286	3.18341
3584	2560	2	208	390	0.00000
3584	2560	2	248	326	0.00000
3584	2560	2	204	336	0.00000
3584	2560	1	424	328	3.92855
3584	2560	1	50	478	2.91360
3072	2560	1	476	486	2.52984
3584	2560	2	188	502	0.00000
3584	2560	2	340	134	0.00000
3584	2560	1	260	384	4.61861
3584	3584	1	278	82	1.89436
3072	3584	1	240	512	5.68247
3072	3584	1	150	394	6.05363
3584	3584	1	116	296	1.90376
3072	3584	1	258	428	2.51839
3584	3584	1	66	512	2.71171
3072	3584	1	450	512	0.71883
3584	3584	1	260	298	0.91288
3584	3584	1	288	354	0.90131
3072	3584	1	342	482	3.60179
3584	3584	1	112	436	2.87399
3584	3584	1	294	458	2.49897
3584	3584	1	372	380	2.60844
3584	3584	1	218	512	4.67089
3584	3584	1	188	466	3.34623
3072	3584	1	512	446	1.22253
3072	3584	1	394	512	5.33406
3584	3584	1	368	512	3.28920
3584	3584	1	468	400	0.87341
3072	3584	1	388	248	1.10801
3072	3584	1	100	296	3.87657
3072	3584	1	478	380	2.10146
3072	3584	1	278	336	1.58508
3072	3584	1	72	434	1.44089
3072	3584	1	372	400	1.65083
3072	3584	1	50	376	4.46347
3072	3584	1	212	268	0.59178
3072	3584	1	508	282	6.09840
3584	3584	1	438	306	4.10629
3072	3584	1	52	242	0.41101
3584	3584	1	348	204	0.98637
3584	3584	1	512	232	0.60555
3584	3584	1	406	252	3.90788
3072	3584	1	314	236	3.59573
3072	3584	1	28	62	1.27851
3072	3584	1	442	160	2.04605
3584	3584	1	176	222	2.73598
3072	3584	1	214	152	0.58766
3584	3584	1	406	128	2.39225
3584	3584	1	504	30	0.47391
3584	3584	1	512	136	3.72922
3584	3584	1	452	68	3.12359
3072	3584	1	134	92	1.17448
3072	3072	1	6	480	2.42092
3072	3072	1	136	490	2.08658
3584	3584	1	72	164	2.14744
3584	3584	1	272	182	3.85305
3584	3584	1	26	34	4.60841
3072	3584	1	410	6	2.39887
3072	3584	1	270	32	1.91886
3072	3584	1	298	134	3.79128
3584	3072	1	212	432	0.55526
3584	3072	1	406	510	3.25442
3584	3072	1	142	438	0.41531
3584	3584	1	302	12	1.30828
3584	3072	1	506	448	0.91383
3584	3072	1	420	382	5.33258
3584	3072	1	310	424	3.91831
3584	3072	1	506	338	5.87980
3584	3072	1	492	114	3.23914
3584	3072	1	322	188	6.02312
3584	3072	1	396	170	3.51068
3584	3072	1	296	342	3.30025
3584	3072	1	498	0	0.00000
3584	3072	1	442	278	3.47870
3584	3072	1	512	178	0.38261
3072	3072	1	202	434	2.68057
3072	3072	1	456	438	3.61685
3584	3072	1	260	274	0.37263
3072	3072	1	292	438	3.30869
3584	3072	1	190	268	0.00000
3584	3072	1	44	428	0.86854
3072	3072	1	54	402	5.23679
3584	3072	1	92	330	1.70299
3584	3072	1	434	54	2.87418
3584	3072	1	58	170	0.84621
3584	3072	1	352	60	0.26561
3072	3072	1	434	320	2.07557
3584	3072	1	224	164	4.19528
3584	3072	1	156	146	0.51946
3584	3072	1	276	56	3.62580
3584	3072	1	64	248	0.95081
3584	3072	1	210	30	5.79485
3584	3072	1	126	58	4.11177
3072	3072	1	506	132	0.70385
3072	3072	1	498	12	2.54682
3584	3072	1	98	0	4.08297
3072	3072	1	398	66	5.96905
3072	3072	1	134	330	4.53345
3072	3072	1	338	202	1.51032
3072	3072	1	244	36	5.86602
3072	3072	1	232	156	4.27998
3072	3072	1	144	268	1.34276
3072	3072	1	150	60	0.18677
3072	3072	1	74	72	3.35763
3072	3072	1	54	188	4.41069
3072	3072	2	438	256	0.00000
3072	3072	2	4	300	0.00000
2560	3072	1	424	44	4.21445
2048	3072	1	306	212	0.89608
2560	3072	1	310	318	0.46568
2560	3072	1	86	146	5.43728
2048	3072	1	134	112	4.82068
2048	3072	1	196	404	5.20601
2048	3072	1	474	128	3.07983
2048	3072	1	292	88	6.15710
2048	3072	1	66	272	1.94513
2560	3072	1	44	348	2.39567
2560	3072	1	252	244	3.99893
2560	3072	1	144	298	3.08875
2560	3072	1	218	354	0.46365
2560	3072	1	384	172	2.95624
2048	3072	1	478	366	3.00462
2560	3072	1	494	270	2.93410
2048	3072	1	38	446	5.79675
2048	3072	1	416	66	0.50340
2048	3072	1	288	352	3.18795
2560	3584	1	16	96	4.56283
2560	3584	1	124	22	2.06945
2560	3584	1	258	16	3.31069
2560	3072	1	212	504	3.02912
2560	3584	1	200	118	1.83666
2560	3584	1	356	122	2.43934
2560	3584	1	464	168	0.83989
2560	3072	1	366	512	4.33295
2560	3072	1	408	338	3.02768
2560	3072	1	332	406	3.14159
2560	3072	1	494	120	0.50775
2048	3584	1	132	88	2.30736
2048	3584	1	222	30	5.25958
2048	3072	1	382	446	3.80864
2048	3072	1	376	358	0.79525
2048	3584	1	398	84	0.92180
2048	3584	1	70	116	5.96539
2560	3584	1	496	22	1.18119
2048	3584	1	262	162	1.36765
2048	3584	1	444	186	0.55468
2560	3584	1	62	150	4.21112
2560	3584	1	190	218	5.23646
2560	3584	1	322	196	2.39718
2560	3584	1	32	278	1.27066
2560	3584	1	174	292	2.29712
2560	3072	2	142	76	0.00000
2560	3072	2	226	126	0.00000
2560	3072	2	8	182	0.00000
2048	3072	2	200	216	0.00000
2048	3072	2	200	22	0.00000
2048	3584	2	372	18	0.00000
2048	3072	2	152	486	0.00000
2560	3072	2	38	436	0.00000
2048	3584	1	74	462	5.88784
2048	3584	1	210	438	0.00000
2048	3584	1	290	282	0.00000
2560	3584	1	26	384	0.36133
2560	3584	1	324	334	1.70809
2560	3584	1	162	418	2.01236
2560	3584	1	290	512	0.00000
2048	3584	1	370	278	0.00000
2560	3584	1	488	240	1.11728
2048	3584	1	430	426	0.82507
2560	3072	2	344	246	0.00000
