1024	2048	1	54	120	6.04517
1024	2048	1	190	134	4.24071
1024	2048	2	198	78	0.00000
1024	2048	1	246	354	0.41794
1024	2048	2	80	248	0.00000
1024	2048	1	496	246	3.21108
1024	2048	2	262	10	0.00000
1024	2048	2	444	14	0.00000
1536	2048	2	2	30	0.00000
1536	2048	1	88	62	0.00000
1536	2048	2	222	128	0.00000
1536	2048	1	128	374	5.90946
1536	2048	1	224	256	3.63104
1536	2048	1	240	30	5.72666
1536	2048	1	346	60	5.31607
1536	2048	2	496	74	0.00000
1536	2048	1	468	246	3.07064
1536	2048	2	290	342	0.00000
1536	2048	1	388	340	2.45119
1024	2560	1	268	32	1.03705
1024	2560	1	456	68	2.47407
1024	2560	2	76	118	0.00000
1024	2560	1	30	304	5.57174
1024	2560	2	36	208	0.00000
1024	2560	1	30	470	0.83711
1024	2560	1	132	460	2.51448
1024	2560	1	250	474	0.90644
1024	2560	1	132	338	2.97593
1024	2560	1	244	326	3.97721
1024	2560	2	178	288	0.00000
1536	2048	1	288	462	1.50145
1536	2048	1	424	478	5.52568
1536	2560	1	124	40	1.22279
1536	2560	1	34	132	0.00000
1536	2560	1	278	100	3.77380
1536	2560	1	138	176	0.00000
1536	2560	1	248	232	6.16223
1536	2560	1	422	116	0.74462
1536	2560	2	506	140	0.00000
1024	2560	1	356	346	5.07027
1024	2560	1	482	316	2.54286
1536	2560	1	38	222	1.80954
1024	2560	1	358	490	4.18249
1536	2560	1	40	426	5.01465
1536	2560	1	412	440	1.95921
1536	2560	2	512	372	0.00000
1536	2560	1	192	318	5.25204
1536	2560	1	68	314	2.96976
1536	2560	1	184	464	3.23116
1536	2560	2	66	512	0.00000
1536	2560	1	342	260	3.05089
1536	2560	1	456	268	1.30001
1536	2560	1	372	496	5.79271
1024	3072	1	82	84	5.95969
1024	3072	1	158	62	5.60775
1024	3072	1	158	206	5.78953
1024	3072	1	248	102	0.01702
1024	3072	1	318	132	6.26915
1024	3072	1	402	82	3.53204
1024	3072	1	26	112	0.00000
1024	3072	1	326	298	0.37941
1024	3072	1	226	400	0.36534
1024	3072	1	122	308	5.26182
1024	3072	1	512	234	5.58470
1536	3072	1	4	108	4.17712
1536	3072	1	166	454	5.13053
1536	3584	1	140	190	3.98565
1024	3584	1	92	128	0.36572
1024	3584	1	408	12	1.43010
1536	3072	1	290	96	1.25151
1536	3072	1	346	162	3.56154
1536	3584	1	282	18	2.52773
1024	3072	1	508	430	1.20496
1536	3072	1	14	350	1.19319
1024	3072	1	404	320	3.25972
1536	3072	1	94	192	6.21585
1536	3072	1	240	220	3.32307
1536	3072	1	412	196	5.93965
1536	3072	1	302	324	0.00000
1024	3584	1	324	124	1.63782
1536	3584	1	4	170	4.62670
1024	3584	1	496	66	3.50170
1536	3584	1	78	10	3.14159
1536	3584	1	310	252	3.18824
1536	3584	1	386	150	0.23728
1536	3072	1	178	206	3.18982
1536	3072	1	512	122	1.91685
1024	3072	1	58	484	3.47982
1024	3072	1	196	498	2.18984
1024	3072	1	324	478	0.87998
1024	3584	1	348	244	5.64798
1024	3584	1	464	298	0.87776
1536	3584	1	104	290	1.83907
1536	3584	1	366	398	5.82980
1536	3584	1	406	314	1.75003
1536	3072	1	456	368	5.92588
1024	3584	1	180	190	2.58691
1024	3584	1	92	272	5.97778
1024	3584	1	288	398	5.98877
1536	3072	1	106	42	2.11122
1536	3584	1	52	452	6.18940
1536	3584	1	240	396	1.03369
1536	3584	1	142	424	0.00000
1536	3584	1	280	516	0.58446
1024	3584	1	494	470	0.69386
1024	3072	1	246	250	5.58845
1536	3072	1	368	492	3.33424
1536	3072	1	386	32	5.92138
1024	3072	1	244	8	0.69674
1024	3584	1	38	358	2.42666
1536	3584	2	466	118	0.00000
1536	3072	2	502	256	0.00000
1536	3584	1	476	468	4.43902
1536	3584	1	512	226	3.58975
1024	3584	1	220	516	3.11026
1024	3584	1	402	366	1.46746
1536	3072	2	92	418	0.00000
1024	3584	2	218	396	0.00000
1024	3584	1	36	508	1.94412
2048	2048	1	138	68	5.43758
2048	2048	1	66	156	1.15060
2048	2048	1	30	270	0.33165
2048	2048	1	388	84	0.46864
2048	2048	1	90	352	4.59177
2048	2048	1	214	318	0.45613
2048	2048	2	222	102	0.00000
2048	2048	1	358	268	3.80815
2048	2048	1	474	202	1.49547
2560	2048	1	26	34	3.45954
2560	2048	1	118	252	5.65161
2560	2048	1	204	114	0.02835
2048	2048	1	314	298	3.85316
2048	2048	1	452	380	0.00000
2560	2048	1	82	130	3.63331
2048	2048	1	66	52	2.66062
2560	2048	1	46	398	3.79808
2560	2048	1	308	116	0.00000
2560	2048	1	170	20	2.85229
2560	2048	1	452	78	2.08064
2560	2048	1	402	188	1.23762
2560	2048	1	184	202	2.60160
2560	2048	1	436	246	0.78935
2560	2048	1	228	346	4.42859
2560	2048	1	422	358	1.27957
2048	2048	1	378	456	5.00928
2048	2048	1	306	508	1.81706
2048	2560	2	406	46	0.00000
2048	2048	1	132	502	5.44159
2048	2560	1	62	20	2.31558
2048	2560	1	492	52	4.00536
2560	2048	1	196	438	1.87603
2560	2560	2	298	8	0.00000
2560	2048	2	296	394	0.00000
2560	2048	1	366	456	2.90406
2560	2560	1	468	2	3.71666
2560	2560	1	412	110	2.23158
2560	2560	1	180	92	2.52200
2560	2560	1	140	220	0.00000
2560	2560	1	382	262	0.24214
2560	2560	1	264	208	3.85157
2560	2560	2	18	160	0.00000
2048	2560	2	410	160	0.00000
2048	2560	1	262	84	5.19883
2048	2560	2	226	154	0.00000
2048	2560	2	170	150	0.00000
2048	2560	1	30	84	1.93113
2048	2560	1	96	208	0.24498
2048	2560	1	508	272	2.55359
2048	2560	2	318	212	0.00000
2048	2560	1	384	260	0.00000
2048	2560	1	148	292	0.33353
2048	2560	2	440	318	0.00000
2560	2560	1	298	360	5.82831
2560	2560	1	512	372	4.40225
2560	2560	2	462	330	0.00000
2560	2560	1	420	446	5.60009
2560	2560	2	318	488	0.00000
2560	2560	1	210	450	2.49204
2560	2560	1	110	362	3.45212
2560	2560	2	22	478	0.00000
2048	2560	2	322	420	0.00000
2048	2560	2	206	428	0.00000
2048	2560	2	170	368	0.00000
2048	2560	1	436	462	0.07374
2560	2560	1	138	512	2.00048
2048	2560	1	324	494	4.24070
2048	2560	1	284	344	4.49276
2048	2560	1	94	432	0.20155
2048	2560	1	8	368	5.62652
2048	2560	1	156	512	0.51530
2048	2048	1	454	314	3.83986
2560	2048	1	316	22	2.70919
2560	2048	2	88	336	0.00000
2048	2048	2	74	446	0.00000
2048	2048	2	176	382	0.00000
2560	2048	1	250	476	3.53628
3584	2560	1	492	344	3.13758
3584	2560	1	382	354	1.56001
3584	2560	1	258	412	5.17039
3072	2560	1	32	360	4.43696
3072	2560	1	164	386	6.11337
3072	2560	1	386	318	4.99759
3072	2560	1	34	206	0.26625
3584	2560	1	20	420	1.39935
3072	2560	1	508	512	4.66383
3584	2560	1	312	224	3.38311
3584	2560	1	166	492	4.65363
3072	2560	1	262	352	3.04315
3584	2560	1	396	278	1.80359
3072	2560	1	258	486	2.20617
3584	2560	1	446	176	2.86329
3072	2560	1	384	430	1.21475
3072	2560	1	52	446	4.23854
3072	2560	1	180	272	3.47269
3072	2560	1	478	120	2.21757
3584	2560	2	238	340	0.00000
3584	2560	2	242	456	0.00000
3584	2560	2	356	438	0.00000
3072	2560	2	458	186	0.00000
3584	2560	2	188	396	0.00000
3072	2560	2	156	72	0.00000
3072	2560	2	250	12	0.00000
3072	2560	2	304	28	0.00000
3584	2560	1	474	46	0.00000
3584	2560	1	386	20	0.69784
3584	2560	1	52	326	2.24284
3584	2560	1	26	234	0.99468
3584	2560	1	378	146	3.06781
3072	2560	1	374	222	3.55610
3584	2048	1	116	504	0.00000
3072	2560	1	234	48	5.63335
3072	2560	1	234	176	1.79055
3072	2560	1	336	106	3.76132
3584	2560	1	182	234	2.04814
3584	2560	1	56	42	5.36746
3072	2048	1	354	468	2.07789
3072	2560	1	54	52	4.21809
3072	2560	2	76	134	0.00000
3072	2560	1	462	12	3.14917
3584	2048	1	56	460	0.52530
3584	2048	1	324	490	3.56450
3584	2560	1	264	146	3.19511
3584	2560	1	108	130	5.09926
3584	2048	1	412	352	5.66689
3584	2048	1	352	218	5.69518
3584	2048	1	464	54	0.00000
3584	2048	1	368	76	0.00000
3584	2048	1	80	348	1.90987
3584	2048	1	256	416	2.88202
3584	2048	1	200	460	2.86903
3584	2560	1	144	26	2.61680
3072	2048	1	110	454	2.02042
3072	2048	1	82	348	5.01365
3072	2048	1	436	180	5.69073
3584	2048	1	122	106	5.76404
3584	2048	1	238	106	4.15606
3584	2048	1	314	296	2.62388
3584	2048	1	156	216	1.52915
3072	2048	1	238	50	5.57212
3072	2048	1	316	368	4.26603
3072	2048	1	444	304	2.80221
3072	2048	1	356	236	3.08938
3072	2048	1	164	306	5.55768
3072	2048	1	144	74	3.14159
3072	2048	1	54	76	2.83786
3072	2048	1	282	166	2.44212
3072	2048	1	46	228	0.34654
3072	2048	1	200	218	2.47740
3072	3072	1	144	32	1.81080
3072	3072	1	242	102	5.81008
3072	3072	1	404	52	0.00000
3584	3072	1	18	14	5.08326
3072	3072	1	130	140	3.90988
3072	3072	1	56	282	4.03097
3072	3072	1	180	242	2.55415
3072	3072	1	322	206	4.52983
3584	3072	1	38	142	0.20842
3584	3072	2	2	206	0.00000
3584	3072	1	138	164	2.80286
3584	3072	1	260	76	6.16482
3584	3072	1	342	72	3.92495
3584	3072	1	488	100	2.37259
3584	3072	1	434	144	2.88489
3584	3072	1	362	198	2.19194
3584	3072	1	246	190	5.37695
3584	3072	1	80	292	1.05746
3072	3072	1	402	284	1.72872
3072	3072	1	250	394	2.56599
3072	3072	1	318	324	1.42867
3584	3072	1	158	338	0.92946
3584	3072	1	266	354	6.05431
3584	3072	1	370	350	0.49414
3584	3072	2	414	268	0.00000
3584	3072	2	346	268	0.00000
3584	3072	1	414	386	2.43494
3584	3072	1	476	240	2.71471
3584	3072	1	512	408	2.36114
3072	3072	1	128	356	0.19280
3072	3072	1	42	454	3.46654
3072	3072	1	130	506	0.26363
3072	3072	1	236	508	2.09775
3072	3072	1	342	418	3.51170
3072	3072	1	438	390	4.16101
3072	3072	1	440	492	3.97385
3584	3072	1	46	466	4.38056
3584	3072	1	210	510	2.46670
3584	3584	1	290	56	3.43873
3584	3584	1	492	42	0.28544
3584	3584	1	356	22	3.07474
3584	3584	1	438	28	3.27427
3072	3584	1	242	82	1.36413
3072	3584	1	18	40	1.46623
3072	3584	1	66	124	1.05765
3072	3584	1	196	168	5.52695
3072	3584	1	176	290	6.02090
3072	3584	1	84	240	2.32821
3072	3584	1	82	330	2.19118
3072	3584	1	370	82	5.98561
3072	3072	1	218	414	2.20921
3584	3584	1	104	52	0.13631
3584	3584	1	168	88	6.10801
3584	3584	1	398	142	3.72322
3584	3584	1	512	200	5.60938
3072	3584	1	338	220	3.12415
3072	3584	1	472	234	4.38056
3584	3584	1	62	156	5.79890
3584	3584	1	304	230	3.24463
3584	3584	1	414	282	1.98336
3584	3584	1	424	358	2.08309
3584	3584	1	32	292	0.95252
3584	3584	1	228	218	0.56531
3584	3584	1	172	212	5.77699
3584	3584	1	152	308	2.94723
3584	3584	1	278	334	2.80463
3584	3584	1	464	452	4.85399
3072	3584	1	354	450	0.19943
3072	3584	1	508	444	0.00000
3072	3584	1	448	410	3.47027
3584	3584	1	348	442	5.92699
3584	3584	1	74	376	2.71898
3584	3584	1	214	452	3.50403
3584	3584	1	138	438	0.65951
3584	3584	1	264	510	3.80172
3072	3584	1	222	472	5.97056
3072	3584	1	280	432	6.09865
3072	3584	1	80	400	1.51199
3072	3584	1	100	472	4.61793
2048	3072	1	60	208	4.23844
2048	3072	1	70	284	4.26565
2048	3072	1	212	198	5.09355
2048	3072	1	304	150	4.84764
2048	3072	1	368	250	2.15737
2048	3072	1	492	234	1.97280
2560	3072	1	62	146	2.09109
2048	3072	1	476	66	3.32188
2560	3072	1	280	98	5.40776
2048	3072	2	284	278	0.00000
2560	3072	2	138	80	0.00000
2560	3072	2	224	138	0.00000
2560	3072	2	96	228	0.00000
2560	3072	1	184	326	0.75673
2560	3072	1	284	292	0.00000
2560	3072	2	350	234	0.00000
2560	3072	1	384	146	0.00000
2560	3072	1	382	38	4.72203
2560	3072	1	478	276	0.41431
2560	3072	1	394	354	2.61121
2560	3072	1	490	418	0.00000
2560	3072	1	424	476	3.01951
2048	3072	1	208	340	4.17835
2048	3072	1	86	384	5.94255
2048	3072	1	348	350	4.31631
2048	3072	1	412	414	4.12283
2560	3072	1	48	356	1.36344
2048	3072	1	94	500	2.34609
2048	3584	1	36	18	2.22721
2048	3584	1	218	48	5.77405
2048	3584	1	264	154	3.67099
2048	3584	1	502	52	0.00000
2560	3584	1	116	18	4.32394
2560	3584	1	144	88	4.63372
2560	3584	1	148	168	2.27032
2048	3584	1	380	134	0.64827
2048	3072	2	168	478	0.00000
2048	3584	2	374	22	0.00000
2048	3072	2	316	430	0.00000
2560	3072	1	178	424	0.73897
2560	3072	2	106	420	0.00000
2560	3072	1	224	458	0.00000
2560	3584	1	268	32	4.36159
2560	3584	1	392	70	6.22028
2560	3584	1	450	172	0.17920
2048	3584	1	128	242	2.39447
2048	3584	1	320	280	4.74324
2560	3584	1	110	388	6.09631
2048	3584	1	472	192	1.47116
2048	3584	1	502	276	2.01152
2560	3584	1	164	304	2.97513
2560	3584	1	78	194	2.94852
2048	3584	1	120	422	0.61673
2048	3584	1	408	366	0.41761
2048	3584	1	508	386	0.90518
2560	3584	1	6	472	0.79526
2560	3584	1	248	380	5.87717
2560	3584	1	304	182	5.76495
2560	3584	1	240	238	0.00000
2560	3584	1	390	264	2.75496
2560	3584	1	354	358	0.00000
2560	3584	1	456	356	4.59170
