1024	2048	1	140	0	3.41081
1024	2048	2	188	98	0.00000
1024	2048	2	258	0	0.00000
1024	2048	1	260	116	0.00000
1024	2048	1	354	0	0.00000
1024	2048	2	442	0	0.00000
1024	2048	1	502	10	0.00000
1536	2048	2	112	0	0.00000
1536	2048	2	224	164	0.00000
1536	2048	2	290	108	0.00000
1536	2048	2	486	62	0.00000
1536	2048	1	390	0	3.57400
1536	2048	1	366	134	0.41660
1536	2048	1	512	132	0.36398
1024	2048	1	192	278	1.68025
1024	2048	1	310	206	4.60438
1024	2048	1	490	334	0.00000
1024	2048	1	216	384	0.62949
1024	2048	1	330	446	5.30039
1536	2048	1	126	192	2.17213
1536	2048	1	302	250	4.98425
1536	2048	1	228	26	4.36019
1536	2048	1	158	308	4.62097
1536	2048	2	208	398	0.00000
1536	2048	1	420	296	4.36073
1024	2560	1	290	24	1.27230
1536	2048	1	100	432	2.01333
1536	2048	1	288	414	4.17405
1536	2048	1	486	396	3.04540
1536	2048	1	342	472	0.77174
1536	2048	2	414	488	0.00000
1536	2560	1	492	40	2.76434
1536	2560	1	42	60	0.00000
1536	2560	1	186	22	1.62299
1536	2560	1	160	94	1.59281
1536	2560	1	378	128	2.76473
1536	2560	1	258	138	1.19621
1536	2560	1	494	168	5.20746
1536	2560	1	472	266	0.00000
1536	2560	1	310	258	5.54253
1536	2560	1	176	258	0.65042
1536	2560	1	62	244	3.16362
1024	2560	1	404	196	1.31784
1024	2560	1	118	188	3.23130
1024	2560	2	192	280	0.00000
1024	2560	1	490	286	2.48618
1024	2560	1	368	372	0.59636
1024	2560	1	48	342	3.89474
1024	2560	1	244	360	5.07443
1024	2560	1	152	412	2.62245
1024	2560	1	254	476	0.59489
1024	2560	2	354	438	0.00000
1024	2560	1	458	430	0.24085
1536	2560	1	38	476	0.97307
1536	2560	1	70	384	4.04885
1024	2560	1	112	512	3.72484
1536	2560	1	202	512	2.76250
1536	2560	1	228	400	5.35350
1536	2560	1	512	424	3.56526
1536	2560	2	384	410	0.00000
1536	2560	2	460	408	0.00000
1536	2560	1	336	512	4.74044
1536	2560	2	438	512	0.00000
1024	2560	1	0	300	3.98156
1024	3072	1	124	22	3.58405
1024	3072	1	238	58	1.47073
1024	3072	1	22	258	3.28084
1024	3072	1	116	174	2.77761
1024	3072	1	122	298	2.42750
1024	3072	1	238	164	5.54124
1024	3072	1	320	132	3.15624
1024	3072	1	184	244	6.25524
1024	3072	1	226	322	0.40523
1024	3072	1	386	298	4.97965
1024	3072	1	430	116	6.08625
1536	3072	1	6	70	3.72150
1536	3072	1	56	120	0.30816
1536	3072	1	32	234	5.44229
1024	3072	2	498	298	0.00000
1536	3072	1	150	300	1.40430
1536	3072	1	306	228	2.20854
1536	3072	1	260	270	1.70512
1536	3072	1	236	352	4.57591
1536	3584	2	396	118	0.00000
1536	3584	2	468	118	0.00000
1536	3072	1	316	124	3.04640
1536	3072	1	472	212	3.36562
1536	3072	1	404	130	0.18743
1536	3072	1	454	56	2.78901
1536	3072	1	214	38	2.82776
1536	3072	1	102	458	3.51746
1536	3072	1	56	440	3.67997
1536	3072	1	184	500	2.99790
1536	3072	1	266	470	0.00000
1536	3072	1	432	372	0.35447
1536	3072	2	368	354	0.00000
1536	3072	1	336	444	6.01018
1024	3072	1	74	414	1.16708
1024	3072	1	94	494	1.99894
1024	3584	1	52	134	5.88839
1024	3584	1	240	2	0.00000
1024	3584	1	426	32	1.05762
1536	3584	2	20	42	0.00000
1536	3584	1	84	114	3.20672
1024	3584	1	436	154	5.88235
1024	3584	1	334	170	1.28475
1024	3584	1	260	254	6.13524
1024	3584	1	408	266	1.56641
1536	3584	1	146	230	3.30236
1536	3584	1	272	222	1.45369
1536	3584	1	380	206	2.41130
1536	3584	1	474	216	5.51882
1536	3584	1	326	292	3.37396
1024	3584	1	432	364	0.51108
1536	3584	1	62	304	5.86950
1536	3584	1	220	338	0.71883
1536	3584	1	404	352	6.13181
1536	3584	1	478	442	0.00000
1536	3584	1	378	442	5.70681
1536	3584	1	322	498	6.19253
1536	3584	1	168	488	0.30805
1536	3584	1	244	516	0.00000
1536	3584	1	58	484	0.29051
1024	3584	1	28	516	6.04087
1024	3584	1	106	486	5.97386
1024	3584	1	254	516	0.20080
1024	3584	1	348	516	0.37299
2048	2560	2	168	156	0.00000
2048	2560	2	226	150	0.00000
2048	2560	2	164	372	0.00000
2048	2560	2	194	422	0.00000
2560	2560	2	462	332	0.00000
2560	2560	2	16	476	0.00000
2048	2560	2	476	478	0.00000
2048	2560	2	404	44	0.00000
2048	2048	2	440	512	0.00000
2048	2048	1	376	434	4.93032
2048	2048	2	492	68	0.00000
2048	2048	2	394	20	0.00000
2048	2048	1	114	214	5.69963
2048	2048	1	224	266	0.39928
2048	2048	1	108	90	5.78180
2048	2048	1	234	84	3.86161
2048	2048	1	452	286	2.60109
2048	2048	1	28	132	0.66924
2048	2048	1	402	114	1.28794
2560	2048	1	56	134	3.99828
2560	2048	1	56	390	2.83942
2560	2048	1	104	240	2.79093
2560	2048	1	354	62	0.04721
2560	2048	1	194	106	3.38287
2560	2048	1	174	216	5.78449
2560	2048	1	298	210	2.09605
2560	2048	1	478	190	0.75014
2560	2048	1	432	60	0.00000
2560	2048	1	302	52	0.00000
2048	2048	1	68	292	0.00000
2048	2048	1	164	28	0.00000
2048	2048	1	18	436	3.50663
2048	2048	1	86	500	3.82491
2048	2560	1	164	30	2.69689
2048	2560	2	218	4	0.00000
2048	2560	1	288	48	3.79120
2560	2048	1	252	298	3.88555
2560	2048	1	414	356	2.27313
2560	2048	1	496	306	0.35822
2048	2048	1	512	512	4.94329
2048	2560	1	64	128	3.92248
2560	2560	1	222	12	5.20539
2560	2048	1	276	412	3.95896
2560	2048	1	404	456	4.47886
2560	2560	1	380	48	4.51236
2560	2560	2	512	20	0.00000
2560	2560	1	198	118	0.00000
2560	2560	1	78	82	0.45064
2048	2560	1	326	124	4.17427
2048	2560	1	482	122	3.50516
2048	2560	1	394	194	0.26034
2048	2560	2	312	204	0.00000
2048	2560	1	330	316	5.70734
2048	2560	2	442	314	0.00000
2560	2560	2	20	164	0.00000
2560	2560	1	336	124	4.10044
2560	2560	1	440	212	4.32082
2048	2560	1	78	306	3.21754
2560	2560	1	374	500	2.98128
2560	2560	2	502	504	0.00000
2560	2560	2	512	398	0.00000
2048	2560	1	66	454	3.46342
2048	2560	2	30	390	0.00000
2048	2560	1	254	358	5.36089
2560	2560	1	98	334	3.52883
2048	2560	1	496	266	2.76783
2560	2560	1	142	226	5.54092
2560	2560	1	274	424	4.17801
2560	2560	1	182	400	0.44083
2560	2560	1	306	274	3.63097
2560	2560	2	270	512	0.00000
2048	2560	1	348	476	4.00361
2048	2560	1	240	472	3.32972
3072	2048	1	84	176	2.05844
3072	2048	1	172	138	5.67491
3072	2048	1	186	52	2.41027
3072	2048	1	310	50	5.08162
3072	2048	1	276	236	2.16014
3072	2048	1	380	172	5.77635
3584	2048	1	154	122	0.00000
3072	2048	1	458	120	4.93348
3584	2048	1	250	102	3.67061
3584	2048	1	242	226	4.29600
3584	2048	1	380	208	5.35442
3584	2048	1	394	74	5.87924
3584	2048	1	494	58	0.00000
3584	2048	1	354	310	4.72094
3584	2048	1	446	452	2.57994
3584	2560	1	412	118	6.11883
3072	2560	1	502	486	5.64856
3072	2048	1	102	330	4.83569
3072	2048	1	256	336	2.86438
3072	2048	1	420	476	5.60612
3072	2048	1	464	380	5.32476
3584	2048	1	58	284	3.36371
3072	2048	1	472	306	2.21337
3072	2048	1	354	354	4.10609
3072	2560	1	76	38	1.47171
3072	2048	1	176	470	2.20370
3072	2048	1	252	432	4.96036
3072	2560	1	160	184	2.47987
3072	2560	1	66	270	1.65929
3072	2560	1	278	70	6.20084
3072	2560	1	384	94	0.00000
3072	2560	1	224	110	2.88312
3072	2048	1	488	506	3.20534
3584	2560	1	94	28	4.99954
3584	2560	1	346	22	3.42654
3072	2560	1	398	234	3.10554
3072	2560	1	474	320	0.00000
3072	2560	1	310	382	1.98322
3584	2560	1	58	318	0.95526
3584	2560	1	252	206	4.29344
3584	2560	1	110	90	2.07434
3584	2560	1	224	34	3.67354
3584	2048	1	116	460	4.84130
3584	2048	1	218	412	4.84673
3584	2560	1	326	236	3.94894
3072	2560	1	128	400	4.30774
3584	2560	1	236	148	1.56498
3584	2560	2	352	136	0.00000
3072	2560	1	394	364	2.43060
3584	2560	1	486	320	5.91991
3584	2560	1	86	394	3.76288
3072	2560	1	70	504	1.33618
3072	2560	1	382	484	0.00000
3584	2560	1	238	354	5.83160
3584	2560	2	164	408	0.00000
3584	2560	2	320	340	0.00000
3584	2560	1	408	314	5.32151
3584	2560	1	16	180	1.06576
3072	2560	2	448	114	0.00000
3072	2560	2	454	184	0.00000
3584	2560	1	416	406	1.79735
3072	2560	1	222	512	1.55344
3584	2560	1	496	182	3.65262
3072	2560	1	220	430	2.04721
3584	2560	1	230	484	1.26222
3584	2560	2	338	440	0.00000
3584	2560	1	368	512	4.04726
3584	2560	2	106	495	0.00000
3584	2560	1	134	198	3.80444
3584	2048	2	226	32	0.00000
3584	2560	1	458	502	0.79398
3072	3072	1	200	6	1.24031
3072	3072	1	12	82	5.63968
3072	3072	1	90	142	3.21202
3072	3072	1	226	114	2.83049
3072	3072	1	392	2	0.00000
3072	3072	1	328	112	3.63995
3072	3072	1	412	134	3.65454
3072	3072	1	138	246	4.04970
3072	3072	1	22	242	5.56638
3584	3072	1	4	96	5.49999
3584	3072	1	120	132	2.60762
3584	3072	1	4	2	5.45434
3584	3072	1	178	20	5.61021
3584	3072	2	132	56	0.00000
3584	3072	1	272	48	6.00983
3584	3072	1	366	0	0.55224
3584	3072	1	442	18	0.71971
3584	3072	1	388	102	1.81483
3584	3072	1	512	90	2.75885
3584	3072	1	228	154	3.30813
3584	3072	1	202	192	2.89123
3584	3072	1	422	218	3.24126
3584	3072	1	356	218	0.00000
3584	3072	1	472	264	0.39061
3072	3072	1	502	176	5.17604
3072	3072	1	356	242	5.42102
3072	3072	1	310	296	2.37506
3072	3072	1	196	328	3.82761
3072	3072	1	98	386	0.41822
3072	3072	1	110	492	0.56149
3072	3072	2	32	400	0.00000
3072	3584	1	46	98	2.38803
3072	3584	1	142	54	3.55763
3072	3072	1	298	404	5.53812
3072	3072	1	480	304	0.62817
3072	3072	1	394	366	3.31412
3584	3072	1	120	252	2.53236
3584	3072	1	96	336	2.19347
3072	3072	1	486	394	1.44814
3584	3072	1	250	362	2.57971
3584	3072	1	318	364	2.83059
3584	3072	1	502	388	2.23254
3584	3072	1	512	460	2.07609
3584	3072	1	420	458	3.31069
3584	3072	1	130	424	5.11202
3584	3072	1	204	502	0.49225
3584	3072	1	342	508	2.84309
3072	3072	1	446	474	4.67913
3072	3584	1	322	6	5.45661
3072	3584	1	220	36	5.82489
3072	3584	1	332	116	2.26368
3072	3584	1	426	46	0.84150
3584	3584	1	72	28	5.18571
3072	3584	1	510	90	1.53378
3584	3584	1	276	68	2.12940
3584	3584	1	502	60	4.71291
3584	3584	1	338	158	4.14152
3584	3584	1	196	194	3.78718
3584	3584	1	502	192	5.92023
3584	3584	1	470	294	0.84175
3584	3584	1	36	150	1.03419
3584	3584	1	78	202	1.06120
3584	3584	1	90	266	1.18667
3072	3584	1	162	188	3.11067
3072	3584	1	0	186	5.94755
3072	3584	1	260	190	5.63340
3072	3584	1	466	204	6.13234
3072	3584	1	212	278	3.74714
3072	3584	1	112	288	5.92599
3072	3584	1	48	362	3.67655
3072	3584	1	396	246	5.72332
3072	3584	1	320	316	0.05258
3584	3584	1	204	284	0.43241
3584	3584	1	422	208	3.69296
3072	3584	1	456	362	0.90006
3072	3072	2	246	456	0.00000
3584	3584	1	274	358	5.18059
3072	3584	1	232	386	1.59253
3072	3584	1	194	468	1.39657
3072	3584	1	350	442	0.53509
3584	3584	1	28	396	0.59474
3584	3584	1	122	426	0.33602
3584	3584	1	182	484	0.00000
3584	3584	1	268	478	0.15559
3584	3584	1	50	512	0.00000
3072	3584	1	412	512	0.00000
3584	3584	1	322	482	6.02107
3584	3584	1	478	412	5.20042
3584	3584	1	392	358	0.00000
3584	3584	1	472	490	5.47370
3584	3584	1	136	346	5.16876
3072	3584	1	28	466	2.46168
2048	3072	1	252	168	0.17879
2048	3072	1	484	124	6.05581
2560	3072	1	36	278	2.31201
2048	3072	1	320	238	0.00000
2560	3072	1	66	120	1.96019
2048	3072	1	36	248	0.77919
2048	3072	1	78	298	0.56599
2048	3072	1	160	46	0.00000
2048	3072	1	46	102	4.35231
2048	3072	1	240	54	3.22399
2048	3072	1	102	390	4.00967
2048	3072	2	274	275	0.00000
2048	3072	2	220	279	0.00000
2048	3072	2	133	123	0.00000
2560	3584	1	362	210	0.24350
2048	3072	2	310	425	0.00000
2048	3072	1	390	304	0.00000
2560	3072	2	101	237	0.00000
2560	3072	2	135	83	0.00000
2560	3072	2	242	137	0.00000
2048	3072	1	424	450	4.90794
2560	3072	1	238	52	3.80008
2560	3072	1	410	140	3.00769
2560	3072	1	472	74	5.18685
2560	3072	2	358	251	0.00000
2560	3072	1	282	242	2.55043
2560	3072	1	214	256	5.51540
2560	3072	1	200	316	5.45982
2560	3072	2	84	457	0.00000
2560	3072	2	185	375	0.00000
2560	3072	1	474	400	5.76392
2560	3072	1	366	386	0.00000
2560	3072	2	204	489	0.00000
2560	3072	1	16	426	3.56060
2560	3072	1	268	450	0.32598
2560	3584	1	358	16	5.10318
2048	3584	1	58	6	2.41559
2048	3072	1	186	510	3.50933
2048	3584	1	288	48	3.71973
2048	3584	1	416	16	3.28265
2048	3584	1	364	32	5.96394
2048	3584	1	502	80	5.86522
2560	3584	1	78	4	4.33285
2560	3072	2	130	434	0.00000
2560	3584	1	134	84	0.42537
2560	3584	1	238	78	3.95813
2560	3584	1	216	164	1.42042
2048	3072	1	240	316	0.00000
2560	3584	1	504	202	5.75057
2048	3584	2	112	122	0.00000
2048	3584	2	310	196	0.00000
2048	3584	2	202	268	0.00000
2048	3584	1	46	120	3.67478
2048	3584	1	210	184	2.71942
2048	3584	1	418	206	0.00000
2560	3584	1	50	208	0.00000
2560	3584	1	152	246	1.84707
2560	3584	2	261	265	0.00000
2560	3584	2	276	349	0.00000
2560	3072	2	435	411	0.00000
2048	3584	1	80	224	1.82717
2048	3584	1	104	320	5.08167
2048	3584	1	308	288	1.87115
2560	3584	1	152	330	1.05588
2560	3584	1	448	324	1.25330
2560	3584	1	236	462	5.78939
2560	3584	1	494	444	2.25451
2560	3584	1	14	400	0.00000
2560	3584	1	378	386	5.60177
2560	3584	1	374	478	4.83983
2048	3584	1	430	418	0.00000
2048	3584	1	348	472	0.00000
2560	3584	2	150	479	0.00000
2048	3584	1	224	460	0.00000
2048	3584	1	46	414	0.64511
2048	3584	1	94	478	4.25955
2048	3072	1	368	146	5.29182
2560	3072	1	368	44	3.56749
