1024	2048	1	52	94	0.00000
1024	2048	1	144	78	5.66767
1024	2048	2	206	72	0.00000
1024	2048	1	94	238	0.89855
1024	2048	1	240	374	0.39100
1024	2048	1	498	230	3.42573
1536	2048	1	84	362	5.44474
1536	2048	1	198	278	4.12940
1536	2048	1	258	40	5.92119
1536	2048	1	10	6	0.00000
1536	2048	1	92	50	5.93515
1536	2048	1	226	128	0.00000
1536	2048	1	352	24	5.38081
1536	2048	1	388	162	0.13010
1536	2048	1	282	346	4.28664
1536	2048	1	450	396	2.12940
1536	2048	1	496	236	0.46365
1536	2048	2	496	72	0.00000
1536	2048	1	512	346	5.52322
1024	2560	1	258	44	1.03594
1024	2560	1	468	60	2.38560
1536	2560	1	104	12	1.19636
1536	2048	1	312	456	1.79095
1024	2560	1	276	190	0.00000
1024	2560	1	110	230	1.60346
1536	2560	1	30	204	0.27787
1536	2560	1	96	172	5.87829
1536	2560	1	170	64	1.55111
1536	2560	1	282	98	2.84772
1536	2560	1	374	76	3.43579
1536	2560	1	480	106	1.14794
1536	2560	1	188	222	5.93208
1536	2560	1	252	216	5.70528
1024	2560	1	74	318	1.43415
1024	2560	2	214	282	0.00000
1024	2560	1	54	408	4.40922
1024	2560	1	186	442	3.01724
1024	2560	1	74	504	4.62307
1024	2560	1	258	448	5.84134
1024	2560	1	358	324	3.94679
1024	2560	1	416	394	1.63552
1024	2560	1	490	332	2.29911
1536	2560	1	138	340	1.44794
1536	2560	1	30	512	1.93578
1536	2560	1	378	310	2.92318
1536	2560	1	254	460	2.65978
1536	2560	1	162	456	2.58922
1536	2560	1	70	440	5.36816
1536	2560	1	268	360	5.79235
1536	2560	1	400	414	2.24162
1536	2560	1	512	294	0.00000
1024	2560	1	84	126	3.02464
1536	2560	1	442	248	3.40206
1536	2560	2	478	412	0.00000
1024	2560	2	356	440	0.00000
1024	3072	1	116	74	1.30276
1024	3072	1	300	94	5.16280
1024	3072	1	64	268	0.00000
1024	3072	1	152	214	0.91150
1024	3072	2	248	224	0.00000
1024	3072	1	186	338	0.36006
1024	3072	1	394	374	0.23770
1024	3072	1	408	146	5.67898
1024	3072	1	434	62	2.09852
1536	3072	1	142	78	1.19347
1536	3072	1	268	112	1.87402
1536	3072	1	374	60	5.87947
1536	3072	1	510	120	0.00000
1536	3072	1	440	106	3.33840
1024	3072	1	304	304	0.30304
1024	3072	1	94	476	4.59676
1536	3072	1	70	200	0.59507
1024	3072	2	502	294	0.00000
1536	3072	1	190	240	2.81215
1536	3072	1	490	278	3.94087
1536	3072	1	418	406	5.68681
1536	3072	2	370	452	0.00000
1536	3072	1	512	508	5.20804
1536	3584	2	370	58	0.00000
1536	3584	2	472	118	0.00000
1536	3584	1	442	42	5.48201
1536	3584	1	332	132	4.57691
1536	3072	1	316	470	2.76005
1536	3584	1	268	14	2.76050
1536	3072	1	164	442	4.92262
1536	3072	1	116	480	2.14025
1024	3072	1	498	384	0.77122
1536	3072	1	80	326	2.31514
1024	3584	1	2	10	1.80267
1024	3584	2	166	34	0.00000
1024	3072	1	278	500	2.50786
1024	3584	2	248	68	0.00000
1024	3584	1	384	14	2.88984
1536	3584	1	48	18	2.21034
1024	3584	1	484	44	3.56434
1024	3584	1	324	138	1.35118
1536	3584	2	64	114	0.00000
1536	3584	2	44	208	0.00000
1536	3584	1	214	108	0.00000
1536	3584	1	140	122	3.30974
1024	3584	1	14	152	0.30810
1024	3584	1	88	144	0.54393
1024	3584	1	186	174	0.26308
1024	3584	1	54	308	5.50686
1024	3584	1	288	220	1.04059
1024	3584	1	386	280	0.81375
1024	3584	1	510	268	2.13537
1536	3584	2	250	264	0.00000
1536	3584	1	392	200	4.05196
1024	3584	1	258	330	1.04714
1536	3584	1	512	448	5.69571
1536	3584	1	388	298	1.37825
1024	3584	1	192	462	0.07116
1024	3584	1	66	380	2.46362
1024	3584	1	478	472	0.00000
1536	3584	1	44	504	0.44644
1536	3584	1	134	442	0.37910
1536	3584	1	400	460	5.92554
1536	3584	1	476	516	0.00000
1536	3584	1	288	388	1.79914
1536	3584	1	288	486	2.17748
1536	3072	2	200	354	0.00000
1024	3072	2	28	380	0.00000
1024	3072	1	2	108	3.43953
1024	3072	2	290	4	0.00000
1536	3072	1	282	4	3.06119
2560	2560	1	396	512	0.48022
2560	2560	1	434	158	0.00000
2560	2560	1	114	340	4.49134
2560	2560	1	266	214	4.39816
2048	2560	1	310	366	4.35675
2560	2560	1	272	346	5.45913
2560	2048	1	226	360	0.00000
2560	2560	1	22	438	5.52370
2560	2560	1	104	214	5.25449
2560	2560	1	510	214	2.47789
2048	2560	1	232	250	0.00000
2560	2560	1	414	336	0.00000
2048	2560	1	476	266	1.96932
2048	2560	1	74	346	2.67385
2048	2560	1	146	278	0.32484
2048	2560	1	342	268	5.06538
2048	2048	1	14	370	5.58845
2560	2560	1	228	470	3.69053
2048	2048	1	318	288	5.70318
2048	2560	1	404	174	0.30757
2048	2560	1	168	512	0.00000
2048	2560	1	120	94	2.94010
2048	2560	1	402	512	0.00000
2048	2048	1	82	248	0.00000
2048	2560	1	36	184	2.88629
2048	2048	1	194	470	2.90904
2048	2560	1	72	506	3.27645
2560	2560	2	310	490	0.00000
2048	2560	2	194	428	0.00000
2048	2560	2	178	358	0.00000
2048	2560	2	330	430	0.00000
2048	2560	2	450	312	0.00000
2560	2560	2	474	326	0.00000
2048	2560	2	226	150	0.00000
2048	2560	2	324	206	0.00000
2048	2560	2	168	152	0.00000
2048	2048	2	260	506	0.00000
2048	2560	2	402	46	0.00000
2560	2048	2	308	400	0.00000
2048	2560	1	306	78	0.94196
2048	2560	1	498	80	3.68085
2560	2560	2	12	154	0.00000
2560	2560	1	176	74	3.02341
2560	2048	1	322	498	1.60063
2560	2560	1	358	114	2.94197
2560	2560	1	480	8	3.92187
2560	2048	1	418	278	0.94531
2048	2048	1	416	466	5.05029
2560	2048	1	10	410	3.87998
2048	2048	1	452	330	0.24466
2560	2048	1	70	342	4.62838
2560	2048	1	100	254	5.65748
2560	2048	1	206	260	2.66883
2560	2048	1	418	174	1.62912
2560	2048	1	304	72	0.00000
2560	2048	1	180	102	0.00000
2048	2048	1	476	194	0.95670
2048	2048	1	206	350	3.22206
2048	2048	1	178	86	0.00000
2048	2048	1	350	132	3.85603
2048	2048	2	496	62	0.00000
2560	2048	2	150	16	0.00000
2560	2048	1	426	54	0.54783
2048	2048	1	84	96	0.55617
2048	2048	1	158	210	4.50708
2560	2048	1	74	106	3.62631
2560	2048	1	480	330	4.86899
2048	2048	1	178	30	1.94894
3072	2560	1	160	398	6.00756
3072	2560	1	488	458	0.00000
3072	2560	1	328	480	0.75673
3584	2560	1	244	456	4.14566
3584	2560	1	190	488	2.55854
3584	2560	1	476	268	0.24360
3584	2560	1	104	420	3.01267
3072	2560	1	104	506	2.00882
3072	2560	1	378	372	1.48463
3584	2560	1	232	360	5.68984
3584	2560	1	372	376	4.19835
3584	2560	1	48	444	3.09054
3584	2560	1	478	472	5.58381
3584	2560	1	512	384	3.19288
3072	2560	1	234	392	2.93384
3072	2560	1	88	366	0.00000
3072	2560	1	280	320	2.61446
3584	2560	2	344	456	0.00000
3072	2560	1	56	154	5.94259
3072	2560	1	432	188	2.96715
3072	2560	1	128	196	3.04851
3072	2560	1	210	206	0.63476
3072	2560	1	10	256	3.07852
3072	2560	1	336	268	5.52104
3584	2560	1	110	234	4.72550
3584	2560	1	232	302	4.96158
3072	2560	1	482	286	1.48219
3584	2560	1	268	202	2.82214
3584	2560	1	348	226	0.04359
3584	2560	1	388	118	5.97888
3072	2560	1	332	172	6.10429
3584	2048	1	364	482	3.71982
3584	2560	1	482	12	4.43829
3584	2560	1	160	140	3.71198
3584	2048	1	174	370	5.98580
3584	2560	1	280	74	2.04726
3584	2048	1	134	512	4.95035
3584	2560	1	84	52	2.35324
3584	2560	1	24	106	5.53495
3072	2048	1	454	480	2.45834
3072	2560	1	502	150	2.86433
3584	2048	1	14	436	5.70122
3584	2048	1	96	404	6.02778
3584	2048	1	308	316	2.84559
3072	2560	1	212	106	4.25854
3072	2048	1	454	334	4.14978
3584	2048	1	410	346	5.70811
3584	2560	1	46	338	4.16589
3072	2048	1	504	178	2.81279
3072	2048	1	110	494	5.15165
3072	2048	1	76	398	1.26328
3072	2048	1	396	210	0.39352
3072	2048	1	196	498	0.22105
3584	2048	1	288	164	0.79685
3584	2048	1	258	94	3.87026
3584	2048	1	158	104	0.17233
3584	2048	1	392	96	0.00000
3584	2048	1	468	62	0.00000
3584	2048	1	392	222	5.45326
3072	2048	1	312	378	3.49278
3072	2048	1	364	74	6.05445
3072	2048	1	218	218	0.87054
3072	2048	1	250	88	1.85553
3072	2048	1	142	308	5.96143
3072	2048	1	158	146	1.77264
3072	2048	1	40	194	5.93333
3072	2048	1	52	102	5.26782
3072	2048	1	274	278	3.58148
3072	2560	2	254	14	0.00000
3072	2560	2	324	28	0.00000
3072	2048	1	450	34	3.14159
3584	2048	1	140	258	0.00000
3072	2048	1	90	10	1.31169
3072	3072	1	28	178	0.48313
3072	3072	1	124	6	2.19319
3072	3072	1	118	180	3.03851
3072	3072	1	204	114	2.87853
3072	3072	1	348	140	1.58191
3072	3072	1	412	34	0.00000
3584	3072	1	16	70	4.60880
3072	3072	1	222	294	5.68401
3072	3072	1	148	342	0.00000
3072	3072	1	46	398	0.57015
3072	3072	1	46	282	3.77305
3584	3072	1	140	76	2.91058
3584	3072	1	276	32	0.10769
3584	3072	2	214	50	0.00000
3584	3072	1	458	34	5.83974
3584	3072	1	398	120	0.13149
3584	3072	1	244	124	4.90978
3072	3072	1	432	180	1.20362
3584	3072	2	16	196	0.00000
3072	3072	1	444	290	3.68201
3584	3072	1	66	138	5.49779
3584	3072	1	80	278	3.66731
3584	3072	1	184	246	2.91749
3584	3072	1	292	230	1.02523
3584	3072	1	440	232	5.06224
3584	3072	1	382	298	5.04269
3072	3072	1	110	458	1.86225
3072	3072	1	328	398	1.56545
3072	3072	1	192	224	0.00000
3072	3072	1	328	244	0.44118
3072	3072	1	494	408	4.15006
3584	3072	1	248	348	0.60005
3584	3072	1	190	452	5.34823
3584	3584	1	100	4	0.31491
3584	3072	1	14	500	0.48798
3584	3072	1	312	444	1.92587
3584	3072	2	406	362	0.00000
3584	3072	2	352	362	0.00000
3584	3072	1	476	452	0.00000
3584	3584	1	326	36	1.40565
3584	3584	1	380	152	3.77434
3072	3584	1	28	76	2.38399
3072	3584	1	106	70	2.28734
3072	3072	1	284	476	4.34589
3072	3584	1	348	22	1.58364
3072	3584	1	296	88	4.92463
3072	3584	1	194	132	2.01019
3072	3584	1	106	252	3.73935
3072	3584	1	470	70	5.79252
3072	3584	1	470	142	1.81627
3072	3584	1	400	208	1.80343
3584	3584	1	108	130	0.37299
3584	3584	1	288	176	3.68927
3584	3584	1	40	262	2.13753
3072	3584	1	210	288	0.00000
3072	3584	1	278	298	0.00000
3584	3584	1	446	182	4.05548
3584	3584	1	492	280	5.93838
3584	3584	1	142	300	3.61437
3584	3584	1	212	220	2.65414
3584	3584	2	186	106	0.00000
3584	3584	1	456	332	2.42149
3072	3584	1	88	342	4.23159
3072	3584	1	400	460	0.00000
3072	3584	1	472	320	3.63976
3072	3584	1	352	376	3.45605
3072	3584	1	54	434	4.29024
3072	3584	1	178	408	0.71654
3072	3584	1	220	498	1.16960
3584	3584	1	370	430	0.87116
3584	3584	1	448	502	5.74977
3584	3584	1	356	304	5.73640
3584	3584	1	38	430	0.00000
3584	3584	1	98	466	5.96143
3584	3584	1	224	330	0.81515
3584	3584	1	248	456	0.66671
3584	3584	1	512	498	2.45680
2048	3072	1	188	336	3.57607
2048	3072	1	148	152	0.22945
2048	3072	1	48	298	4.09522
2048	3072	1	278	84	3.65044
2048	3072	1	150	42	0.50524
2048	3072	1	22	92	0.00000
2048	3072	1	400	34	6.05889
2048	3072	1	500	88	1.91377
2560	3072	2	138	76	0.00000
2560	3072	1	244	72	4.48287
2560	3072	1	376	44	0.38942
2560	3072	1	480	74	0.16474
2560	3072	1	388	134	2.05417
2560	3072	1	348	180	1.30824
2560	3072	1	512	192	0.54354
2560	3072	1	94	162	1.45258
2560	3072	2	224	136	0.00000
2560	3072	2	354	244	0.00000
2048	3072	2	192	216	0.00000
2048	3072	1	352	250	3.64940
2048	3072	1	384	146	5.33373
2560	3072	1	14	248	1.49018
2560	3072	2	104	218	0.00000
2560	3072	1	418	330	6.19864
2560	3072	1	338	368	6.02113
2048	3072	1	284	370	4.38180
2048	3072	1	460	334	1.57080
2560	3072	1	134	340	6.01051
2560	3072	1	244	322	5.53148
2048	3072	2	162	470	0.00000
2048	3072	2	308	430	0.00000
2048	3072	1	34	348	5.67159
2048	3072	1	42	498	4.91304
2048	3584	1	60	74	1.13940
2048	3584	1	206	42	5.28215
2048	3584	2	360	34	0.00000
2048	3584	1	136	162	6.16664
2048	3584	1	292	258	5.05080
2048	3584	1	384	136	0.73230
2048	3584	1	500	36	0.90975
2048	3072	1	406	458	2.34149
2560	3072	1	24	406	3.84552
2560	3072	1	142	478	2.71706
2560	3072	2	88	430	0.00000
2560	3072	1	234	478	2.82102
2560	3072	1	302	498	2.97209
2560	3584	1	410	10	4.03184
2560	3584	1	126	70	2.47335
2560	3584	1	8	100	4.38924
2560	3584	1	466	142	5.93772
2560	3584	1	512	76	2.50500
2560	3584	1	386	90	1.21660
2560	3584	1	338	182	5.53192
2048	3584	1	472	184	1.72162
2560	3584	1	178	156	0.00000
2560	3584	1	94	192	3.99301
2560	3584	1	218	62	5.88940
2048	3584	1	174	268	1.51599
2048	3584	1	48	358	2.30407
2560	3584	1	156	244	3.16274
2560	3584	1	222	210	2.92456
2560	3584	1	306	246	2.52357
2560	3584	2	434	240	0.00000
2560	3584	1	498	332	2.64425
2560	3584	1	438	382	5.90268
2560	3584	1	296	356	4.24588
2560	3584	1	192	348	0.78908
2560	3584	1	10	270	2.11759
2048	3584	1	408	314	0.23737
2048	3584	1	312	362	5.54905
2048	3584	1	190	336	1.53164
2048	3584	1	162	424	1.71193
2560	3584	1	4	376	1.07464
2560	3584	1	98	394	5.94845
2560	3584	1	210	438	1.33268
2560	3584	1	400	460	1.59338
2560	3584	1	4	512	0.92946
2048	3584	1	480	470	1.14331
2048	3584	1	362	464	0.00000
2048	3584	1	0	452	5.02044
2048	3584	1	136	488	4.97570
2048	3584	1	274	512	1.96261
