1024	2048	1	166	224	6.13250
1024	2048	1	70	144	5.22877
1024	2048	2	194	78	0.00000
1536	2048	1	66	92	5.55936
1024	2048	1	462	224	2.78439
1536	2048	1	58	206	0.00000
1536	2048	1	374	132	3.16581
1536	2048	2	226	156	0.00000
1536	2048	1	248	50	6.08487
1536	2048	1	258	236	1.64442
1536	2048	1	324	350	3.05167
1536	2048	2	234	340	0.00000
1024	2048	1	248	366	0.37451
1024	2048	1	74	450	0.10871
1024	2560	1	256	38	1.03219
1536	2048	1	438	344	3.09585
1536	2048	2	494	60	0.00000
1536	2048	1	226	466	3.77071
1536	2048	1	366	486	0.80206
1536	2560	1	440	2	3.77165
1536	2560	1	358	154	5.96143
1536	2560	1	282	438	3.09511
1536	2560	1	390	424	2.04465
1024	2560	1	70	438	0.05124
1024	2560	1	282	454	5.35600
1536	2560	1	70	442	5.15699
1536	2560	1	476	152	0.47146
1536	2560	1	478	266	5.27057
1536	2560	1	498	362	4.65778
1024	2560	1	184	492	5.24523
1024	2560	1	114	274	3.42845
1024	2560	2	88	182	0.00000
1024	2560	1	300	212	4.44484
1024	2560	1	276	352	5.66162
1024	2560	1	402	422	5.25694
1024	2560	1	416	342	2.00693
1024	2560	1	158	374	3.05653
1536	2560	1	274	258	5.86712
1536	2560	1	192	372	2.83917
1536	2560	1	120	340	3.21448
1536	2560	1	44	266	0.42617
1536	2560	1	88	120	0.83829
1024	2560	1	410	12	3.58527
1024	2560	1	498	48	4.04781
1024	2560	1	446	144	1.81976
1024	2560	1	438	222	1.58508
1536	2048	1	172	52	6.16419
1024	2560	2	196	278	0.00000
1024	3072	1	240	120	6.02586
1536	3072	1	366	30	0.13083
1024	3072	1	90	72	1.13989
1024	3072	1	114	164	0.53717
1024	3072	1	178	216	0.10629
1024	3072	1	334	38	5.12882
1024	3072	2	498	302	0.00000
1024	3072	1	20	230	0.00000
1024	3584	2	438	202	0.00000
1536	3072	2	402	306	0.00000
1024	3584	2	198	400	0.00000
1024	3072	1	332	166	3.69340
1536	3072	1	360	248	2.57110
1024	3072	1	332	292	0.40388
1024	3072	1	246	288	6.16134
1024	3072	1	430	472	0.00000
1536	3072	1	72	50	1.52935
1024	3072	1	104	340	2.27292
1024	3072	1	92	452	4.71165
1024	3072	1	212	396	2.78233
1024	3072	1	336	416	1.78073
1024	3072	1	468	366	1.72552
1536	3072	1	250	104	3.26689
1536	3072	1	184	30	6.22803
1536	3072	1	476	86	1.85795
1536	3072	1	150	286	1.05199
1536	3072	1	286	394	5.48508
1536	3072	1	352	342	2.55702
1536	3584	1	266	18	2.84687
1536	3584	1	484	12	4.10662
1536	3072	1	106	462	5.95761
1536	3072	1	176	448	5.61054
1024	3584	1	500	74	5.79105
1536	3584	1	220	112	2.41648
1536	3584	1	364	156	1.51653
1024	3584	1	128	26	1.02300
1024	3584	1	230	96	1.82007
1024	3584	1	228	182	4.13239
1024	3072	1	436	130	1.90186
1536	3072	1	512	286	1.85004
1024	3584	1	246	16	1.10715
1024	3584	1	94	284	4.01853
1024	3584	1	342	226	4.80366
1536	3584	1	64	202	2.97243
1024	3584	1	402	100	4.22383
1024	3584	1	348	8	3.92404
1024	3584	1	358	370	0.09756
1536	3584	1	134	232	2.75215
1536	3584	1	202	210	2.81110
1536	3584	1	344	338	5.80909
1024	3584	1	464	414	6.11377
1536	3584	1	52	424	6.10333
1536	3584	1	164	440	0.41459
1536	3584	1	226	506	0.24513
1024	3584	1	136	462	0.09158
1024	3584	1	0	468	5.48661
1536	3072	1	22	432	0.21317
1536	3584	1	460	436	0.01421
1536	3584	1	406	246	5.20941
1536	3584	1	512	296	1.96314
1536	3584	1	512	210	5.39762
1536	3072	1	438	498	1.89255
1024	3584	1	264	516	0.00000
1024	3584	1	220	298	1.44776
1536	3584	1	326	456	5.96716
1024	3584	1	496	226	5.64379
1536	3584	1	460	142	3.13176
1024	3072	2	474	32	0.00000
1536	3584	2	254	366	0.00000
1536	3584	2	376	60	0.00000
1024	3584	1	224	372	4.17301
2048	2048	1	92	134	1.80131
2048	2048	1	90	42	2.43382
2048	2048	2	196	40	0.00000
2048	2048	2	286	88	0.00000
2048	2048	1	398	140	5.51233
2048	2048	2	484	72	0.00000
2560	2048	1	68	120	3.57975
2560	2048	2	152	36	0.00000
2560	2048	1	210	102	0.21030
2560	2048	1	314	82	0.00000
2560	2048	1	398	70	5.92893
2560	2048	2	496	38	0.00000
2560	2048	2	512	170	0.00000
2560	2048	1	406	218	4.53602
2560	2048	1	114	244	5.97638
2048	2048	1	400	254	1.89255
2048	2048	1	38	220	0.61753
2048	2048	1	78	372	5.92317
2048	2048	1	192	332	2.84686
2048	2048	1	304	310	5.81202
2048	2048	1	464	368	5.95209
2560	2048	1	68	358	5.25281
2560	2048	1	222	262	3.84565
2560	2048	2	200	422	0.00000
2560	2048	1	270	448	3.56784
2560	2048	1	392	486	2.43258
2560	2048	2	512	276	0.00000
2560	2048	1	510	436	3.30311
2048	2048	1	406	458	0.66104
2048	2560	2	230	150	0.00000
2048	2560	2	174	144	0.00000
2048	2560	2	346	60	0.00000
2048	2560	2	422	44	0.00000
2560	2560	2	24	150	0.00000
2048	2560	1	76	88	3.40322
2048	2560	1	122	234	2.88331
2560	2560	2	2	314	0.00000
2048	2560	2	442	328	0.00000
2048	2560	2	334	424	0.00000
2048	2560	2	196	430	0.00000
2048	2560	2	174	368	0.00000
2560	2560	2	40	478	0.00000
2560	2560	2	318	480	0.00000
2560	2560	2	462	338	0.00000
2048	2048	1	280	466	2.89661
2048	2048	1	182	478	4.30323
2048	2560	1	278	88	3.13583
2560	2560	1	102	68	5.50616
2560	2560	1	306	38	1.50028
2560	2560	1	220	150	4.25329
2560	2560	1	408	130	5.22684
2560	2560	1	512	100	2.00720
2560	2560	1	378	242	1.53485
2560	2560	1	260	390	3.68921
2560	2560	2	104	348	0.00000
2048	2560	1	114	444	5.70756
2048	2560	2	28	296	0.00000
2048	2560	1	298	376	4.07646
2048	2560	1	416	490	0.95481
2560	2560	1	374	364	3.77610
2560	2560	1	450	472	4.27405
2560	2560	1	504	368	3.89311
2560	2560	1	148	432	3.69496
2560	2560	2	174	508	0.00000
2560	2560	2	272	512	0.00000
3072	2048	1	142	44	2.01489
3072	2048	1	250	86	1.75665
3072	2048	1	372	34	1.72950
3072	2048	1	504	132	3.18939
3584	2048	1	130	118	0.24678
3584	2048	1	224	88	4.11452
3584	2048	1	368	64	0.66977
3584	2048	1	260	194	5.64831
3584	2048	1	458	68	0.00000
3584	2048	1	370	226	5.55329
3584	2048	1	292	300	5.25734
3072	2048	1	322	138	0.43372
3072	2048	1	62	158	1.76211
3072	2048	1	400	162	0.41383
3072	2048	1	198	192	0.00000
3072	2048	1	68	244	2.20401
3072	2048	1	224	294	1.32730
3072	2048	1	374	258	1.62140
3584	2048	1	330	460	4.98229
3584	2560	1	128	36	3.65867
3584	2048	1	78	484	4.18570
3072	2048	1	510	304	4.77119
3072	2048	1	508	398	5.14793
3072	2048	1	470	478	3.66887
3072	2048	1	338	434	2.23427
3072	2048	1	218	402	3.87276
3584	2560	1	206	82	4.67112
3072	2048	1	92	416	1.17774
3072	2560	1	212	24	2.30449
3072	2560	1	340	58	0.70226
3072	2560	1	504	66	1.96041
3584	2560	1	300	46	2.33416
3584	2560	1	420	140	5.70909
3072	2048	1	358	344	4.70734
3584	2560	1	512	192	3.95148
3584	2560	1	230	224	1.62406
3584	2560	1	342	246	3.60333
3072	2560	1	106	36	2.44551
3072	2560	1	76	206	4.52022
3072	2560	1	166	262	3.37026
3072	2560	1	294	176	2.59523
3072	2560	1	420	192	3.14936
3072	2560	1	316	338	3.39467
3072	2560	1	244	392	2.88163
3584	2560	1	24	242	4.55842
3584	2560	1	98	148	4.58465
3584	2560	1	104	402	3.52564
3072	2560	1	450	334	4.72031
3584	2560	1	170	328	0.57680
3584	2560	1	236	336	3.44308
3584	2560	1	178	420	4.24117
3584	2560	1	324	360	4.61018
3584	2560	1	444	316	4.41091
3584	2560	1	482	386	3.34316
3584	2560	1	422	454	2.56247
3584	2560	1	156	500	4.53738
3584	2560	1	346	498	4.90187
3584	2560	1	246	446	4.31595
3584	2560	1	62	322	3.95344
3584	2560	2	344	138	0.00000
3584	2560	2	404	250	0.00000
3584	2560	2	344	424	0.00000
3072	2560	1	360	454	0.87647
3072	2560	1	474	448	3.36294
3072	2560	1	14	322	3.70792
3072	2560	1	162	414	6.07897
3584	3584	1	362	372	5.69518
3072	3584	1	2	290	0.66555
3072	3584	1	58	116	0.63275
3584	3584	1	56	294	5.99006
3072	3584	1	484	230	0.78389
3072	3584	1	314	512	3.40755
3072	3584	1	292	70	3.58735
3584	3584	1	138	350	0.77207
3072	3584	1	206	338	1.55710
3584	3584	1	120	220	5.58285
3072	3584	1	396	458	1.45592
3584	3584	1	254	304	0.43851
3072	3584	1	152	414	0.93972
3072	3584	1	282	276	1.66146
3584	3584	1	166	466	5.84468
3584	3584	1	498	218	2.77820
3072	3584	1	478	22	1.27857
3072	3584	1	96	502	5.05823
3072	3584	1	474	338	5.67289
3584	3584	1	380	172	3.15433
3072	3584	1	134	96	3.63155
3072	3584	1	492	106	1.15257
3072	3584	1	108	342	2.97746
3584	3584	1	270	482	0.33191
3072	3072	1	0	426	4.04570
3072	3584	1	370	10	2.94094
3072	3584	1	130	246	1.49402
3072	3072	1	444	396	3.61641
3072	3072	1	262	446	3.26183
3072	3072	1	116	512	3.49885
3072	3584	1	384	402	1.73612
3072	3584	1	184	160	0.25224
3072	3584	1	28	390	3.53149
3584	3584	1	208	348	1.83402
3584	3584	1	220	112	2.58473
3584	3584	1	92	134	1.97043
3584	3584	1	370	308	2.43885
3584	3584	1	452	330	2.88099
3072	3584	2	256	392	0.00000
3072	3584	2	334	156	0.00000
3584	3072	1	214	486	0.00000
3584	3584	1	302	108	2.90082
3584	3072	1	272	464	2.79015
3584	3072	1	156	474	0.00000
3584	3072	1	84	502	2.75472
3584	3584	1	482	86	0.22482
3584	3584	1	418	66	3.46036
3584	3072	1	402	490	1.27536
3584	3072	1	356	380	3.17384
3584	3072	1	428	382	5.64976
3584	3072	1	298	346	1.09286
3584	3072	1	278	226	4.48883
3584	3072	1	82	354	0.99283
3584	3072	1	400	198	5.58963
3072	3584	1	20	6	3.94521
3072	3072	1	54	304	0.32482
3072	3072	1	460	182	0.00000
3072	3072	1	510	282	1.61025
3584	3072	1	68	172	0.59818
3584	3072	1	146	206	0.55814
3584	3072	1	188	292	0.38248
3584	3072	1	490	62	3.10721
3584	3072	1	392	90	1.49939
3584	3072	1	254	72	1.02800
3072	3072	1	388	68	5.89745
3584	3072	1	10	68	1.61113
3072	3072	1	246	180	5.50360
3584	3072	2	244	154	0.00000
3584	3072	2	144	40	0.00000
3072	3072	1	262	282	2.06343
3072	3072	1	382	182	5.80251
3072	3072	1	148	96	0.89124
3072	3072	1	112	340	5.71987
3072	3072	1	118	200	5.59210
3072	3072	1	190	338	5.83343
3072	3072	1	252	14	0.00000
3072	3072	1	370	240	5.98138
2560	3584	1	280	510	0.39671
2560	3584	1	202	456	3.97457
2560	3584	1	456	440	0.21867
2560	3584	1	80	454	2.33031
2560	3584	1	28	398	0.00000
2048	3584	1	492	512	0.90855
2048	3584	1	28	298	2.00415
2048	3584	1	384	456	0.68584
2048	3584	1	150	458	5.67497
2560	3584	1	414	352	0.60378
2048	3584	1	18	200	5.31286
2048	3584	1	22	66	3.35533
2560	3584	1	372	286	0.34168
2048	3584	1	126	174	2.04915
2048	3584	1	456	206	1.33949
2048	3584	1	72	470	0.00000
2048	3584	1	186	250	3.71601
2048	3584	1	398	330	0.00000
2048	3584	1	506	276	1.23150
2048	3584	1	190	366	4.40740
2048	3584	1	310	326	0.31856
2048	3584	1	322	164	1.49403
2560	3584	1	122	122	5.73372
2560	3584	1	178	286	2.54825
2560	3584	1	482	256	1.34732
2560	3584	1	448	166	1.60743
2560	3584	1	64	180	5.84626
2560	3584	1	218	230	0.00000
2560	3584	1	334	174	3.23012
2560	3584	1	292	296	2.69548
2560	3584	1	236	108	2.29399
2560	3584	1	290	42	2.61601
2560	3584	1	408	30	1.54050
2560	3072	1	372	466	5.11091
2560	3584	1	512	44	3.14507
2560	3072	1	492	454	3.65812
2560	3072	1	434	376	3.24270
2560	3584	1	56	24	0.68052
2048	3584	1	418	4	1.65063
2048	3584	1	218	102	4.35362
2048	3584	1	88	14	2.55751
2048	3072	1	86	380	4.10007
2048	3072	1	206	402	5.49984
2048	3072	1	294	354	2.10666
2048	3072	1	362	430	4.04136
2048	3072	1	448	334	4.09409
2048	3072	1	486	448	4.81547
2560	3584	1	156	16	0.00000
2560	3072	1	128	324	0.00000
2560	3072	1	16	308	2.48874
2560	3072	1	278	418	0.54855
2560	3072	1	364	336	3.16970
2560	3072	1	306	246	0.21687
2560	3072	1	410	242	2.52440
2560	3072	1	512	304	3.23224
2560	3072	1	512	176	3.16037
2560	3072	1	458	78	5.51906
2560	3072	1	390	108	2.67795
2560	3072	1	214	480	0.00000
2560	3072	1	242	164	1.07145
2560	3072	1	298	58	2.65469
2560	3072	1	204	52	2.62245
2560	3072	1	106	146	4.61018
2048	3072	1	482	98	3.49458
2048	3072	1	410	44	1.21680
2048	3072	1	370	132	5.66076
2048	3072	1	336	280	4.62265
2048	3072	1	254	188	1.58755
2560	3072	1	224	266	4.00245
2048	3072	1	292	84	5.88866
2048	3072	1	172	116	1.39386
2048	3072	1	34	166	3.77039
2560	3072	2	108	233	0.00000
2560	3072	2	12	189	0.00000
2048	3072	2	188	319	0.00000
2048	3072	2	166	473	0.00000
2560	3584	2	108	301	0.00000
2048	3584	2	122	222	0.00000
2560	3584	2	266	352	0.00000
2048	3072	1	102	306	4.98958
2560	3072	2	138	75	0.00000
2048	3072	2	428	233	0.00000
2048	3072	2	464	183	0.00000
