1536	2560	1	488	194	5.92246
1536	2560	1	184	442	0.30895
1536	2560	1	458	498	3.08478
1536	2560	1	230	334	1.60381
1536	2560	1	344	512	4.68707
1536	2560	1	350	400	3.85436
1536	2560	1	150	256	5.66895
1536	2560	1	414	260	3.19682
1536	2560	1	456	364	4.15164
1536	2560	1	66	438	4.83415
1536	2560	1	258	466	3.74974
1536	2560	1	310	270	5.57648
1536	2560	1	332	128	2.55884
1536	2560	1	306	14	1.82944
1536	2048	1	350	398	5.77811
1536	2048	1	408	278	2.52081
1536	2560	1	214	152	1.58772
1536	2560	1	474	62	2.78109
1536	2560	1	104	16	0.00000
1536	2048	1	248	418	5.86252
1536	2048	1	168	474	2.83425
1536	2560	1	86	130	1.00265
1024	2560	1	508	110	1.09098
1536	2560	1	82	272	2.26021
1024	2560	1	332	486	1.37798
1024	2560	1	100	414	0.00000
1024	2560	1	484	10	1.32994
1024	2560	1	430	326	2.93507
1024	2560	1	222	500	1.83896
1024	2560	1	310	306	3.84157
1024	2560	1	250	404	4.50094
1024	2560	1	64	256	3.67414
1024	2560	1	176	288	5.26387
1024	2560	1	36	150	4.43133
1024	2560	1	228	214	4.48257
1024	2560	1	158	332	2.51058
1024	2560	1	310	54	0.76917
1024	2048	1	100	264	0.51638
1024	2048	1	50	118	2.96674
1024	2048	1	212	368	0.30270
1536	2048	2	499	69	0.00000
1536	2048	2	411	37	0.00000
1536	2048	1	314	34	1.78801
1536	2048	1	292	94	5.30842
1536	2048	1	156	30	3.14649
1536	2048	1	6	18	0.00000
1024	2048	1	226	0	0.00000
1024	2048	1	128	128	3.28451
1024	2048	2	186	100	0.00000
1024	2048	1	442	162	1.58969
1536	2048	1	44	76	3.33824
1536	2048	1	246	138	0.00000
1536	2048	1	242	276	5.86990
1536	2048	1	124	328	1.78069
1536	2048	1	118	218	0.00000
1024	2048	1	506	256	2.74555
1024	2048	1	464	430	1.30627
1536	2048	1	34	180	1.39061
1536	3584	1	124	354	1.37850
1024	3584	1	178	162	1.57080
1024	3584	1	90	454	5.53489
1024	3584	1	88	120	0.51687
1536	3584	1	364	330	6.05528
1536	3584	1	70	152	4.94405
1536	3584	1	290	124	5.87709
1024	3584	1	470	90	4.68409
1536	3584	1	198	160	0.38382
1024	3072	1	152	480	0.48612
1024	3072	1	142	190	0.45844
1536	3584	1	82	236	2.18295
1536	3584	1	322	502	5.55812
1024	3584	1	98	316	1.52188
1024	3584	1	508	394	0.00000
1024	3584	1	396	324	0.75068
1536	3584	1	272	222	2.47554
1536	3584	1	428	188	4.88646
1024	3584	1	468	192	3.02966
1024	3584	1	256	336	5.07554
1536	3584	1	434	278	2.68121
1024	3584	1	304	48	1.58674
1024	3584	1	332	170	1.68601
1024	3072	1	222	162	0.00000
1024	3072	1	272	262	3.64869
1536	3584	1	68	468	0.33246
1536	3072	1	166	418	0.00000
1536	3584	1	192	460	0.34983
1536	3584	1	298	388	1.88792
1536	3584	2	406	106	0.00000
1536	3584	2	362	68	0.00000
1536	3584	2	478	104	0.00000
1536	3072	2	370	458	0.00000
1536	3072	1	282	332	4.81956
1536	3072	1	440	360	5.36388
1536	3072	1	474	170	0.00000
1536	3072	1	366	182	0.50914
1536	3072	1	308	244	5.76163
1536	3072	1	190	228	2.20812
1536	3072	1	200	88	5.23846
1536	3072	1	332	108	0.74838
1536	3072	1	12	338	0.77656
1024	3072	1	264	410	5.94124
1024	3072	1	58	472	2.86514
1024	3072	1	142	344	3.34550
1024	3072	1	444	126	5.98091
1536	3072	1	10	180	6.08579
1536	3072	1	80	154	5.86033
1536	3072	1	116	470	3.19195
1536	3584	1	104	62	3.72586
1536	3072	1	234	502	0.56420
1536	3072	1	512	474	1.52605
1536	3072	1	82	378	3.91823
1024	3072	1	342	244	0.00000
1024	3072	1	282	98	5.58684
1024	3072	1	136	80	1.12973
1024	3072	1	380	114	5.93843
1536	3072	1	456	22	2.81606
1536	3072	2	512	302	0.00000
1024	3072	1	36	240	3.51612
1536	3584	1	502	400	2.02182
1024	3072	2	458	34	0.00000
2048	2048	1	448	106	0.00000
2048	2048	1	90	40	0.83845
2048	2048	1	82	190	0.44205
2048	2048	2	170	84	0.00000
2048	2560	2	442	326	0.00000
2048	2560	2	314	212	0.00000
2048	2560	2	234	152	0.00000
2048	2560	2	166	148	0.00000
2048	2560	2	164	360	0.00000
2048	2560	2	200	418	0.00000
2048	2560	2	470	476	0.00000
2560	2560	2	16	484	0.00000
2048	2560	2	320	424	0.00000
2048	2560	2	82	512	0.00000
2560	2560	2	470	328	0.00000
2560	2560	2	310	494	0.00000
2560	2560	2	20	162	0.00000
2048	2560	2	412	52	0.00000
2048	2560	2	376	108	0.00000
2048	2048	2	410	0	0.00000
2560	2048	2	290	394	0.00000
2048	2048	1	168	404	5.98774
2048	2048	1	164	262	5.81259
2048	2048	1	268	300	0.00000
2048	2048	1	378	330	0.00000
2048	2048	1	484	218	0.14797
2560	2048	1	24	354	4.07944
2560	2048	1	48	156	5.79515
2560	2048	1	64	34	1.29250
2560	2048	1	184	142	0.00000
2560	2048	1	152	214	5.44533
2560	2048	1	318	96	0.00000
2560	2048	1	384	144	3.35614
2560	2048	1	434	60	0.00000
2560	2048	1	490	166	0.75890
2560	2048	1	446	264	1.30735
2560	2048	1	470	344	1.10626
2560	2048	1	266	252	3.17379
2048	2048	1	478	470	4.57375
2048	2048	1	348	444	4.23108
2048	2560	1	346	18	0.91131
2048	2048	2	270	504	0.00000
2048	2048	2	200	500	0.00000
2048	2048	1	54	446	1.15096
2048	2560	1	118	82	0.85301
2048	2560	1	16	38	4.19569
2048	2560	1	264	90	5.15686
2048	2560	1	468	116	5.88196
2048	2560	1	448	224	2.79822
2048	2560	1	364	250	1.12020
2048	2560	1	366	358	5.00196
2048	2560	1	156	258	2.60519
2048	2560	1	76	294	3.23908
2048	2560	1	176	472	4.81126
2048	2560	1	32	422	0.00000
2560	2560	1	194	28	1.93480
2560	2048	1	200	414	0.19539
2560	2560	1	338	10	0.68342
2560	2048	1	358	426	4.61098
2560	2560	1	432	32	0.42944
2560	2560	1	496	164	1.09511
2560	2560	1	484	242	1.34871
2560	2560	1	270	290	5.97706
2560	2560	1	98	424	0.78540
2560	2560	1	128	290	0.87585
2560	2560	1	70	198	0.35367
2560	2560	1	192	156	2.95261
2560	2560	1	376	314	5.78455
2560	2560	1	298	154	5.76078
2560	2560	1	268	418	0.71409
2560	2560	1	448	456	2.99970
3072	2048	1	86	38	0.14388
3072	2048	2	26	62	0.00000
3072	2048	1	0	150	2.15880
3072	2048	1	222	40	4.51007
3072	2048	1	240	116	4.80040
3072	2048	2	116	118	0.00000
3072	2560	2	164	76	0.00000
3072	2048	1	438	50	1.28666
3584	2048	1	222	0	0.00000
3584	2048	1	160	104	6.26168
3584	2048	1	254	104	3.82802
3584	2048	1	384	84	0.00000
3584	2048	1	466	64	0.00000
3072	2048	1	408	192	5.55654
3072	2048	1	158	272	1.89255
3072	2048	1	280	260	3.02448
3072	2048	1	358	274	0.00000
3584	2048	1	84	192	2.54574
3584	2048	1	186	266	4.66764
3584	2048	1	388	212	5.20756
3072	2048	1	44	400	4.22742
3072	2048	1	190	372	4.44254
3584	2048	1	56	286	0.00000
3072	2048	1	462	316	4.00592
3072	2048	1	422	408	2.66071
3584	2048	1	54	388	4.59296
3584	2048	1	378	458	3.22833
3584	2560	1	484	20	3.33102
3072	2048	1	302	458	1.93050
3584	2048	1	52	462	4.37257
3584	2560	1	174	82	5.94221
3584	2048	1	226	492	3.45513
3584	2560	1	270	66	0.48996
3584	2560	1	96	8	3.15311
3584	2560	1	6	22	2.34915
3072	2560	1	188	184	0.00000
3072	2560	1	256	76	2.93562
3072	2560	1	380	50	1.24905
3072	2560	1	4	134	0.67739
3072	2560	1	508	112	0.71985
3072	2560	1	346	160	0.78540
3584	2048	1	512	146	0.50554
3072	2560	1	106	272	3.43669
3584	2560	1	276	164	4.00433
3584	2560	1	454	164	2.56252
3072	2560	1	250	332	3.19584
3584	2560	1	10	186	3.56360
3072	2560	2	462	186	0.00000
3584	2560	1	112	138	5.21134
3584	2560	1	298	236	4.19990
3072	2560	1	130	454	4.13808
3584	2560	1	48	284	3.60435
3584	2560	1	142	230	5.59942
3584	2560	1	402	274	1.35857
3072	2560	1	338	342	2.97922
3072	2560	1	264	446	4.04834
3072	2560	1	386	480	0.00000
3072	2560	1	430	276	4.52455
3072	2560	1	470	352	2.50194
3584	2560	1	116	382	2.38952
3584	2560	1	218	370	3.62057
3072	2560	1	464	484	3.45635
3584	2560	1	56	486	1.17522
3584	2560	2	340	460	0.00000
3584	2560	1	412	344	0.99691
3584	2560	1	174	474	5.53777
3584	2560	1	234	446	4.92290
3584	2560	1	456	486	2.18764
3584	2560	1	464	400	4.40306
3584	2560	1	320	512	1.32216
3072	3072	1	202	52	5.15849
3072	3072	1	152	120	2.58348
3072	3072	1	40	174	2.85076
3072	3072	1	380	6	0.30986
3072	3072	1	334	180	5.53618
3072	3072	1	416	162	6.04944
3072	3072	1	158	258	1.28653
3072	3072	1	196	310	3.83819
3072	3072	1	330	270	1.84249
3584	3072	2	2	202	0.00000
3072	3072	2	436	260	0.00000
3072	3072	1	18	416	0.50710
3072	3072	1	116	442	3.65054
3072	3072	1	294	346	4.45090
3072	3072	1	196	496	3.42710
3072	3072	1	334	412	4.07230
3072	3584	1	62	148	2.40171
3072	3584	1	96	68	5.29091
3072	3584	1	210	118	3.94358
3072	3584	1	312	72	3.13667
3072	3072	1	398	454	0.91893
3072	3072	1	444	0	3.21795
3584	3072	1	56	30	1.77366
3584	3072	1	6	88	4.17996
3584	3072	1	72	152	3.66171
3584	3072	1	182	46	1.49808
3584	3072	1	294	10	4.30099
3584	3072	1	82	382	2.30374
3584	3072	1	24	438	2.40378
3584	3072	1	146	318	4.95313
3584	3072	1	180	228	4.77542
3584	3072	2	240	138	0.00000
3584	3072	1	344	176	1.69374
3584	3072	1	338	98	1.73443
3584	3072	1	448	72	2.74426
3584	3072	1	460	172	1.34311
3584	3072	1	268	250	5.05541
3584	3072	1	408	250	2.13298
3072	3584	1	64	276	1.49213
3072	3584	1	36	362	2.13377
3072	3584	1	192	354	0.69474
3072	3584	1	266	202	1.96297
3584	3072	1	294	318	0.87405
3584	3072	1	472	332	4.76947
3584	3072	1	512	426	3.69969
3584	3072	1	216	402	4.71239
3584	3072	1	344	408	0.97382
3584	3584	1	30	12	5.45447
3072	3584	1	432	22	5.03553
3584	3584	1	164	22	4.29436
3584	3584	1	254	14	0.81378
3584	3072	1	342	486	0.58800
3584	3072	1	438	498	0.88035
3584	3584	1	232	122	4.27938
3584	3584	1	342	100	3.78032
3584	3584	1	474	62	0.27417
3072	3584	1	420	118	6.06725
3072	3584	1	492	150	0.56815
3072	3584	1	384	194	2.22430
3072	3584	1	128	466	3.38657
3072	3584	1	214	466	0.23715
3072	3584	1	336	304	0.50344
3072	3584	1	302	420	2.50766
3584	3584	1	20	230	0.57889
3072	3584	1	454	314	2.13389
3072	3584	1	412	364	4.73700
3072	3584	1	462	474	6.01085
3584	3584	1	106	184	6.03283
3584	3584	1	54	332	2.58238
3584	3584	1	130	328	2.73554
3584	3584	1	172	228	0.62540
3584	3584	1	202	328	2.93762
3584	3584	1	376	188	2.94527
3584	3584	1	250	224	0.36886
3584	3584	1	362	298	5.77955
3584	3584	1	278	302	3.54625
3584	3584	1	462	214	5.53089
3584	3584	1	512	316	2.08969
3584	3584	1	32	442	5.92953
3584	3584	1	72	470	0.00000
3584	3584	1	132	480	0.22498
3584	3584	1	210	460	0.00000
3584	3584	1	310	418	0.00000
3584	3584	1	426	424	0.00000
3584	3584	1	512	458	0.00000
3072	3584	1	22	486	1.14021
3584	3584	2	512	178	0.00000
2560	3584	1	240	232	0.59902
2560	3584	1	34	178	0.84330
2560	3584	1	162	204	3.03915
2560	3584	1	60	348	5.52969
2048	3584	1	64	322	0.00000
2560	3584	1	220	414	4.98540
2048	3584	1	182	386	5.16514
2048	3584	1	282	320	0.00000
2048	3584	1	418	274	3.84298
2560	3584	1	334	248	0.42142
2560	3584	1	452	424	0.00000
2048	3584	1	478	356	0.00000
2560	3584	1	116	308	2.23735
2048	3584	1	330	466	6.07343
2560	3584	1	124	460	2.04737
2048	3584	1	122	464	0.00000
2048	3584	1	172	164	2.20012
2048	3584	1	412	184	0.48501
2560	3584	1	420	50	1.71509
2560	3584	1	8	84	0.27136
2560	3584	1	434	138	3.72233
2560	3584	1	164	90	3.95274
2048	3584	1	102	212	2.34142
2560	3584	1	394	320	6.15883
2560	3584	1	488	200	0.25491
2560	3584	1	312	84	2.17250
2048	3584	1	318	124	0.00000
2560	3584	1	254	136	4.75011
2048	3584	1	224	40	5.44804
2048	3072	1	50	490	1.59654
2048	3584	1	98	86	3.98798
2048	3072	1	218	372	5.75297
2560	3072	1	278	408	4.84194
2048	3072	1	320	472	4.13546
2048	3584	1	420	10	2.88544
2048	3072	2	168	486	0.00000
2560	3072	1	220	480	0.00000
2048	3072	1	470	322	4.18431
2560	3072	1	506	416	0.29213
2560	3072	1	170	388	0.41965
2560	3072	1	428	474	5.30636
2560	3072	1	152	312	0.81103
2560	3584	1	260	356	5.46077
2560	3072	1	394	300	4.52324
2048	3072	1	348	320	3.34858
2048	3072	1	430	400	1.18819
2560	3072	1	76	306	0.90178
2048	3072	1	64	276	1.33617
2560	3072	1	266	300	2.81710
2048	3072	2	284	280	0.00000
2048	3072	2	226	278	0.00000
2560	3072	2	94	442	0.00000
2560	3072	2	50	392	0.00000
2560	3072	2	350	248	0.00000
2560	3072	2	102	230	0.00000
2048	3072	1	94	124	0.20918
2048	3072	1	214	180	4.32473
2048	3072	1	444	188	3.63464
2560	3072	1	152	182	2.33210
2560	3072	1	304	172	4.09773
2560	3072	1	438	184	6.13969
2560	3072	1	10	202	0.68268
2560	3072	1	18	84	5.53527
2560	3072	1	182	62	3.01500
2560	3072	1	324	94	4.52022
2560	3072	1	284	32	4.84671
2048	3072	2	40	378	0.00000
2048	3072	2	78	18	0.00000
2048	3072	2	192	18	0.00000
2048	3072	2	490	448	0.00000
2048	3072	1	364	124	5.62831
2560	3584	1	332	500	0.17638
2048	3584	2	40	432	0.00000
