1536	2048	1	4	218	2.87005
1536	2048	1	102	52	0.00000
1024	2048	1	390	80	4.21304
1536	2048	1	242	50	0.00000
1536	2048	1	228	162	0.00000
1536	2048	1	380	78	5.12391
1024	2048	1	22	140	5.51952
1536	2048	1	348	164	5.08983
1024	2048	1	240	362	0.40489
1024	2048	1	98	230	1.01652
1536	2048	1	356	338	2.26118
1536	2048	1	460	290	3.04077
1024	2048	1	202	80	0.15660
1536	2048	1	244	360	4.28206
1024	2560	1	266	46	1.03145
1024	2560	1	148	48	3.13766
1024	2560	1	66	104	2.12364
1024	2560	1	478	58	2.14187
1536	2560	1	92	110	0.40201
1536	2048	1	96	424	0.00000
1536	2048	1	202	500	3.07128
1536	2048	1	326	480	3.93506
1536	2560	1	426	12	3.46334
1024	2560	1	66	260	0.25952
1024	2560	1	464	258	2.29555
1024	2560	1	232	326	3.68625
1536	2560	1	156	200	0.00000
1536	2560	1	46	218	1.84830
1536	2560	1	262	226	5.76404
1536	2560	1	396	200	0.21682
1536	2560	1	322	94	3.13149
1536	2560	1	380	342	2.11127
1024	2560	1	376	480	4.23073
1536	2560	1	68	334	1.14647
1024	2560	1	310	362	0.90449
1024	2560	1	140	414	1.89550
1024	2560	1	102	472	1.66717
1536	2560	1	66	436	5.16268
1536	2560	1	240	406	4.20305
1536	2560	1	486	332	2.17611
1536	2560	1	382	410	2.02935
1536	2560	1	264	470	1.28762
1024	2560	1	26	356	1.80417
1024	2560	1	418	324	2.55019
1536	2560	1	162	362	3.36530
1024	2560	1	154	230	4.40988
1536	2048	1	12	34	0.00000
1536	2048	1	494	72	2.65469
1536	2560	2	408	92	0.00000
1024	3072	2	496	302	0.00000
1024	3584	2	174	36	0.00000
1024	3072	2	88	388	0.00000
1536	3072	2	378	456	0.00000
1536	3584	2	456	112	0.00000
1536	3584	2	376	60	0.00000
1536	3584	2	44	202	0.00000
1536	3072	2	100	410	0.00000
1024	3584	1	276	422	0.00000
1024	3584	1	428	436	0.00000
1536	3584	1	64	444	0.00000
1536	3584	1	152	422	0.28605
1536	3584	1	240	412	1.01295
1024	3584	1	156	316	0.00000
1024	3584	1	60	366	2.80877
1024	3584	1	310	256	5.66030
1024	3584	1	462	304	1.34693
1536	3584	1	116	218	0.00000
1536	3584	1	82	304	1.52149
1536	3584	1	422	414	2.23432
1536	3584	1	294	300	1.73595
1536	3584	1	392	252	5.17604
1536	3584	1	360	154	1.85923
1536	3584	1	258	152	1.89478
1536	3584	2	496	194	0.00000
1024	3584	1	484	162	4.37743
1024	3584	1	106	190	1.20841
1024	3584	1	54	6	0.00000
1024	3072	1	108	488	0.00000
1024	3072	1	218	288	0.00000
1024	3072	1	98	194	0.00000
1024	3072	1	310	294	0.43610
1024	3072	1	270	204	0.00000
1024	3584	1	92	104	1.24620
1024	3584	1	204	118	5.64536
1024	3072	1	272	504	0.53077
1024	3072	1	172	384	3.36337
1024	3072	1	110	304	3.13154
1024	3072	1	234	422	3.52823
1024	3072	1	380	466	2.47275
1024	3584	1	334	130	1.41648
1024	3584	1	358	46	1.83187
1024	3584	1	494	56	3.52168
1024	3072	1	482	482	5.44676
1536	3072	1	168	444	5.16967
1536	3072	1	280	478	2.55626
1536	3584	2	314	68	0.00000
1536	3072	1	440	504	4.54418
1536	3072	1	54	394	3.89893
1024	3072	1	464	374	1.19142
1024	3072	1	184	156	3.25033
1024	3072	1	422	156	2.53323
1536	3072	1	76	280	0.66856
1536	3072	1	216	272	5.81954
1536	3072	1	316	366	2.77254
1536	3072	1	382	334	2.52752
1536	3072	1	296	184	5.60743
1536	3072	1	22	142	4.45251
1536	3072	1	72	198	4.45458
1024	3072	1	218	52	1.48583
1024	3072	1	408	60	4.92631
1536	3072	1	150	108	2.25967
1536	3072	1	474	116	3.92176
1536	3072	1	206	66	2.19784
1536	3072	1	456	220	0.90225
2560	2560	2	294	6	0.00000
2048	2560	2	410	52	0.00000
2048	2560	2	172	156	0.00000
2048	2560	2	214	158	0.00000
2048	2560	2	312	200	0.00000
2048	2560	2	438	318	0.00000
2048	2560	2	172	362	0.00000
2560	2560	2	18	158	0.00000
2048	2560	2	414	156	0.00000
2048	2560	2	198	412	0.00000
2048	2560	2	20	352	0.00000
2048	2560	2	318	422	0.00000
2560	2560	2	312	492	0.00000
2560	2560	2	470	330	0.00000
2560	2560	2	10	484	0.00000
2560	2560	1	426	466	4.70749
2560	2560	1	324	336	6.27292
2560	2560	1	422	330	2.88427
2048	2560	1	414	480	1.13489
2048	2560	1	250	464	3.43415
2048	2560	1	132	314	0.35877
2048	2560	1	162	478	0.38613
2560	2560	1	80	428	2.46919
2560	2560	1	138	378	5.02884
2560	2560	1	162	260	5.23366
2560	2560	1	28	278	4.41766
2048	2560	1	388	248	1.55410
2560	2560	1	158	170	1.58083
2560	2560	1	300	156	3.16357
2560	2560	1	384	90	2.66841
2048	2560	1	66	242	6.14556
2048	2560	1	30	102	4.07188
2048	2048	1	34	428	2.93193
2048	2560	1	144	26	3.73219
2048	2560	1	272	102	4.65092
2048	2560	1	370	22	3.79938
2048	2048	1	370	440	4.42126
2560	2560	1	22	36	3.60137
2048	2048	1	26	266	0.25961
2048	2048	1	116	360	3.06128
2048	2048	1	206	322	3.13467
2048	2048	1	384	230	1.50423
2560	2048	1	478	508	3.20212
2560	2048	1	368	432	0.94694
2560	2048	1	220	414	2.12062
2048	2048	1	458	376	6.24249
2560	2048	1	68	376	4.48922
2560	2048	1	116	252	5.70762
2560	2048	1	228	288	2.02921
2560	2048	1	368	292	3.06846
2560	2048	1	454	272	0.07059
2048	2048	1	362	110	2.31001
2560	2048	2	496	382	0.00000
2048	2048	2	196	94	0.00000
2048	2048	1	504	132	0.41670
2560	2048	1	190	116	0.11435
2560	2048	1	310	104	0.00360
2048	2048	1	282	242	5.44760
2560	2048	1	404	102	2.16357
2560	2048	2	292	388	0.00000
2048	2048	2	404	24	0.00000
2048	2048	2	478	64	0.00000
2560	2048	2	26	28	0.00000
2560	2048	1	64	124	3.48936
2560	2048	1	470	52	2.60743
3072	2560	2	428	130	0.00000
3072	2560	2	466	194	0.00000
3072	2560	2	310	26	0.00000
3072	2560	2	166	76	0.00000
3072	2560	2	252	18	0.00000
3584	2560	1	314	396	3.44068
3584	2560	1	62	472	3.89311
3072	2560	1	122	494	2.66292
3072	2560	1	338	210	3.90948
3584	2560	1	94	310	0.82328
3072	2560	1	168	382	0.00000
3584	2560	1	446	482	2.29253
3584	2560	1	132	190	5.57456
3072	2560	1	58	462	0.52328
3072	2560	1	242	476	0.00000
3584	2560	1	378	512	0.00000
3072	2560	1	334	498	3.58670
3584	2560	1	216	512	1.58691
3072	2560	1	506	442	0.00000
3584	2560	1	452	320	3.34933
3072	2560	1	392	394	5.52891
3584	2560	1	360	338	2.74196
3072	2560	1	448	322	1.84259
3584	2560	1	236	232	2.82308
3072	2560	1	366	264	3.89561
3584	2560	1	30	252	4.36774
3584	2560	1	182	366	0.00000
3072	2560	1	254	336	2.70929
3584	2560	1	508	456	2.76296
3072	2560	1	128	326	1.64435
3584	2560	2	354	462	0.00000
3584	2560	2	242	458	0.00000
3584	2560	2	350	134	0.00000
3584	2560	2	252	350	0.00000
3584	2048	1	482	470	4.05304
3584	2560	1	378	54	3.17462
3584	2048	1	214	496	2.73217
3584	2048	1	286	460	2.72984
3584	2560	1	186	94	1.42445
3584	2048	1	100	502	1.46389
3584	2560	1	110	50	4.05496
3072	2560	1	496	134	2.13961
3584	2048	1	42	408	1.89910
3072	2560	1	464	32	2.37226
3584	2048	1	196	304	6.21627
3072	2048	1	494	462	4.93134
3584	2048	1	82	348	5.15526
3584	2048	1	398	398	1.76555
3584	2560	1	386	244	0.00000
3584	2560	1	412	174	4.49048
3584	2560	1	512	212	3.72648
3072	2048	1	108	458	2.43169
3072	2560	1	324	90	4.81064
3072	2048	1	210	480	0.00000
3072	2560	1	242	190	0.00000
3072	2560	1	152	154	3.05160
3072	2560	1	52	214	1.81009
3072	2048	1	232	302	4.92600
3072	2560	1	58	86	0.60803
3072	2048	1	368	238	3.07091
3072	2048	1	458	198	3.34940
3584	2048	1	38	270	1.32791
3584	2048	1	372	224	5.44035
3584	2048	1	306	268	2.42707
3072	2048	1	50	296	5.63096
3072	2048	1	66	228	5.36477
3072	2048	1	46	94	3.41562
3072	2048	1	322	140	4.14278
3584	2048	1	378	92	0.00000
3584	2048	1	456	64	0.00000
3072	2048	1	210	216	4.50831
3072	2048	1	240	84	0.90979
3072	2048	1	166	46	3.34737
3072	2048	1	102	16	0.00000
3584	2048	1	134	118	0.00000
3584	2048	1	240	88	4.04067
3584	2048	1	110	204	2.11709
3072	2048	1	500	40	2.28931
3584	2048	1	230	0	0.00000
3584	2048	1	512	112	0.00000
3072	2048	1	38	386	1.84510
3072	2048	2	114	114	0.00000
3584	2048	1	512	368	4.40105
3584	2560	1	512	38	1.75745
3584	2560	1	302	244	0.00000
3072	3072	1	402	82	5.90268
3072	3072	1	294	142	0.96946
3072	3072	1	140	52	2.66160
3072	3072	2	222	34	0.00000
3072	3072	1	212	126	3.51884
3072	3072	1	112	118	5.50680
3072	3072	1	118	302	3.73319
3072	3072	1	246	250	4.00616
3072	3072	1	360	220	0.59178
3072	3072	1	504	120	0.00000
3584	3072	1	224	34	1.93200
3584	3072	1	334	80	0.00000
3584	3072	1	276	140	5.63968
3584	3072	1	156	90	2.45267
3584	3072	1	94	220	3.11254
3072	3072	1	510	258	5.57456
3072	3072	2	418	252	0.00000
3584	3072	1	250	260	4.29570
3584	3072	1	488	186	2.98499
3584	3072	1	390	170	3.14578
3584	3072	2	408	80	0.00000
3584	3072	2	402	352	0.00000
3072	3072	2	32	330	0.00000
3072	3072	1	26	194	0.00000
3584	3072	1	362	430	2.00167
3584	3072	1	150	330	1.86915
3584	3072	1	306	342	0.68911
3584	3072	1	100	400	5.06979
3072	3072	1	496	402	3.68290
3072	3072	1	424	396	3.48259
3072	3072	1	348	318	1.90553
3072	3072	1	234	362	2.06722
3072	3072	1	102	420	0.51915
3072	3072	1	222	468	2.25938
3072	3072	1	330	484	3.20346
3072	3584	1	478	24	0.74750
3584	3072	1	188	480	0.38832
3584	3072	1	428	504	0.73601
3584	3072	1	328	506	2.35306
3584	3584	1	224	84	0.85113
3584	3584	1	84	52	2.17513
3072	3584	1	90	40	0.68161
3072	3584	1	226	66	1.60725
3072	3584	1	336	106	3.81603
3584	3584	1	338	124	4.98766
3584	3584	1	142	202	5.60673
3072	3584	1	428	280	0.00000
3072	3584	1	286	394	0.00000
3072	3584	1	196	328	0.00000
3072	3584	1	204	434	0.42307
3584	3584	1	398	240	0.00000
3072	3584	1	414	152	3.87480
3072	3584	1	94	132	1.19580
3072	3584	1	230	188	1.88847
3072	3584	1	300	276	1.66727
3072	3584	1	82	250	2.16329
3584	3584	1	2	214	0.41944
3584	3584	1	26	296	0.79929
3584	3584	1	286	176	2.13411
3584	3584	1	242	226	2.75390
3584	3584	1	178	322	2.57550
3584	3584	1	466	250	4.24363
3072	3584	1	384	372	2.94797
3584	3584	1	110	336	2.37153
3584	3584	1	4	436	0.00000
3584	3584	1	304	344	0.81242
3584	3584	1	438	372	3.95220
3072	3584	1	126	444	0.62888
3072	3584	1	46	298	4.95737
3072	3584	1	66	376	5.12480
3584	3072	1	488	374	0.94057
3072	3072	2	44	24	0.00000
3584	3072	1	192	200	0.95453
3584	3584	2	310	502	0.00000
3584	3584	1	84	432	3.13522
2048	3072	1	134	34	0.53262
2048	3072	1	126	130	5.17501
2048	3072	1	260	166	5.62831
2048	3072	1	296	92	6.03422
2048	3072	1	28	254	4.27545
2048	3072	1	52	438	0.70050
2048	3584	1	54	66	5.59889
2048	3584	1	166	64	0.14524
2048	3072	2	164	476	0.00000
2048	3584	1	54	242	4.17066
2048	3584	1	140	252	5.36005
2048	3584	1	204	208	5.90885
2048	3584	1	60	322	1.87500
2048	3584	1	148	492	0.43191
2048	3072	1	394	42	0.69288
2560	3072	1	6	38	4.14410
2560	3072	2	148	76	0.00000
2560	3072	2	106	232	0.00000
2560	3072	2	228	134	0.00000
2048	3584	2	372	26	0.00000
2048	3072	2	314	432	0.00000
2048	3072	2	298	276	0.00000
2048	3072	2	190	224	0.00000
2560	3072	2	348	240	0.00000
2048	3072	1	478	252	2.43297
2560	3072	2	16	158	0.00000
2560	3072	1	92	116	5.80621
2560	3072	1	216	42	5.72283
2560	3072	1	376	80	5.35589
2560	3072	1	430	170	2.07789
2560	3072	1	410	306	0.44220
2560	3072	2	510	412	0.00000
2560	3072	1	260	226	2.50110
2560	3072	1	436	428	3.12165
2560	3072	1	346	448	4.45452
2560	3072	2	216	470	0.00000
2560	3072	1	74	344	0.30195
2560	3072	2	110	418	0.00000
2560	3072	1	160	326	0.00000
2048	3072	1	210	354	4.18881
2048	3072	1	442	350	5.33264
2048	3072	2	398	170	0.00000
2048	3072	2	368	392	0.00000
2048	3072	1	506	474	2.10970
2560	3584	1	130	2	2.25835
2560	3584	1	114	86	2.41672
2048	3584	1	286	74	3.89997
2048	3584	1	280	186	0.44040
2048	3584	1	496	60	1.18248
2048	3584	1	454	160	0.97382
2560	3584	1	98	188	2.80645
2560	3584	1	216	74	3.70575
2560	3584	1	344	46	5.24164
2560	3584	1	260	126	1.00234
2560	3584	1	302	166	3.82795
2560	3584	1	358	214	0.66615
2560	3584	1	460	164	0.00000
2560	3584	1	406	280	3.79941
2048	3584	1	414	272	5.30859
2048	3584	1	506	210	4.01765
2560	3584	1	40	272	1.81433
2048	3584	1	246	360	4.08339
2048	3584	1	382	410	5.97945
2048	3584	1	494	390	1.11025
2560	3584	1	194	204	2.48754
2048	3584	1	490	468	1.14822
2560	3584	1	198	348	4.14430
2560	3584	1	102	474	2.81347
2560	3584	1	194	452	3.41989
2560	3584	1	354	410	4.67317
2560	3584	1	494	386	2.30170
2560	3584	1	408	482	3.88314
