1024	2560	1	58	356	3.70937
1024	2560	1	232	338	0.00000
1024	2560	1	118	154	3.33214
1024	2560	1	158	424	2.94513
1024	2560	1	240	478	0.41089
1024	2560	1	332	348	0.10308
1024	2560	1	420	356	0.00000
1024	2560	1	502	308	3.31189
1024	2560	1	404	512	6.20813
1024	2560	1	396	188	1.25763
1536	2560	1	16	404	4.24673
1536	2560	1	46	476	1.07663
1536	2560	1	180	384	5.22381
1536	2560	1	70	242	3.63605
1536	2560	1	428	474	2.70711
1536	2560	1	512	406	3.62357
1024	2560	2	200	298	0.00000
1024	2560	1	294	18	1.40582
1536	2560	1	54	42	0.00000
1536	2560	1	182	240	0.18109
1536	2560	1	302	256	5.75336
1536	2560	1	178	94	1.25921
1536	2560	1	450	246	0.00000
1536	2560	1	364	198	3.04089
1536	2560	1	262	118	1.04214
1536	2560	1	474	148	4.56702
1536	2560	1	214	8	1.95668
1536	2048	1	462	506	2.04432
1536	2048	1	98	422	1.74520
1024	2048	1	220	388	0.50230
1024	2048	1	228	184	4.72628
1024	2048	1	206	274	1.63322
1024	2048	1	308	414	5.59551
1024	2048	1	488	332	0.00000
1536	2048	1	128	328	4.46741
1536	2048	1	248	432	4.42400
1536	2048	1	360	420	1.17036
1536	2048	1	412	286	4.18611
1536	2048	1	480	364	2.70728
1024	2048	1	272	84	6.00223
1024	2048	1	372	0	0.12478
1536	2048	1	86	208	3.29583
1536	2048	1	178	172	5.84084
1536	2048	1	128	26	3.74714
1536	2048	1	342	108	5.97984
1536	2048	1	512	90	2.96268
1536	2048	1	288	82	5.65959
1536	2048	1	236	136	5.81954
1024	2048	1	510	36	0.00000
1024	2048	2	206	102	0.00000
1024	2048	2	74	26	0.00000
1536	2048	2	232	392	0.00000
1536	3584	1	478	434	0.06857
1536	3584	2	478	494	0.00000
1536	3584	1	364	438	5.89900
1536	3584	2	404	498	0.00000
1536	3584	1	304	480	5.94193
1536	3584	1	178	466	0.42603
1536	3584	1	66	470	0.63499
1024	3584	1	360	488	0.00000
1024	3584	1	264	516	0.00000
1024	3584	1	96	482	6.06962
1024	3584	2	26	498	0.00000
1536	3584	1	408	352	5.70131
1536	3584	1	324	300	3.47317
1536	3584	1	226	324	0.81854
1536	3584	1	48	328	0.00154
1024	3584	1	434	382	0.31316
1024	3584	1	266	234	6.05434
1024	3584	2	278	309	0.00000
1024	3584	1	440	272	1.21321
1024	3584	1	68	160	2.77046
1536	3584	1	166	238	3.00022
1536	3584	1	248	220	4.47559
1536	3584	2	316	208	0.00000
1536	3584	1	458	196	5.23709
1536	3584	2	512	272	0.00000
1536	3584	1	444	276	1.76399
1536	3584	1	90	158	4.54968
1024	3584	1	456	144	0.03372
1024	3584	1	436	46	1.32210
1024	3584	1	356	144	0.83842
1024	3584	2	316	186	0.00000
1024	3584	1	250	6	0.00000
1024	3072	1	128	414	2.34995
1024	3072	2	84	370	0.00000
1024	3072	1	36	422	5.65704
1024	3072	1	70	62	3.99602
1024	3072	1	40	240	3.46402
1024	3072	1	122	178	2.53086
1024	3072	2	94	134	0.00000
1024	3072	1	188	128	5.38669
1024	3072	1	202	22	0.64060
1024	3072	1	290	46	0.91716
1024	3072	1	218	258	0.79647
1024	3072	1	324	272	4.51509
1024	3072	2	396	262	0.00000
1024	3072	1	236	352	1.36032
1024	3072	1	132	294	2.28120
1024	3072	1	410	14	0.00000
1024	3072	2	388	88	0.00000
1024	3072	1	316	144	3.08990
1024	3072	1	486	174	3.28036
1024	3072	2	498	98	0.00000
1536	3072	1	66	98	0.25730
1536	3072	2	56	164	0.00000
1536	3072	2	140	52	0.00000
1536	3072	1	212	66	2.83767
1536	3072	1	316	102	3.34083
1536	3072	2	322	40	0.00000
1536	3072	1	410	120	0.01659
1536	3072	1	462	40	2.37193
1536	3072	1	474	224	3.06037
1536	3072	1	336	246	2.47879
1536	3072	2	306	196	0.00000
1536	3072	1	240	252	4.43926
1536	3072	1	64	250	0.74640
1024	3072	2	502	292	0.00000
1536	3072	1	46	440	3.71268
1536	3584	2	20	50	0.00000
1536	3072	1	104	448	3.76022
1536	3072	2	144	406	0.00000
1536	3072	1	130	310	4.90010
1536	3072	1	310	476	5.95977
1536	3584	2	330	32	0.00000
1536	3072	1	436	314	0.00000
1536	3072	2	436	386	0.00000
1536	3072	1	308	354	5.55753
1536	3072	2	372	332	0.00000
1536	3072	2	356	408	0.00000
1536	3072	1	232	372	0.00000
1536	3584	1	188	16	2.91673
1536	3584	2	382	112	0.00000
1536	3584	2	468	104	0.00000
1536	3584	2	368	62	0.00000
1536	3072	1	510	428	0.00000
1024	3072	2	472	30	0.00000
1536	3072	2	512	120	0.00000
2048	2048	1	224	268	0.04648
2048	2048	1	108	206	5.83366
2048	2048	1	56	274	6.07480
2048	2048	1	240	84	4.07370
2048	2048	1	36	100	0.54042
2048	2048	1	122	38	1.93654
2048	2048	2	110	108	0.00000
2048	2048	1	360	134	1.40006
2560	2048	1	12	130	4.40865
2048	2048	2	404	20	0.00000
2048	2048	2	490	54	0.00000
2560	2048	1	174	42	1.97279
2560	2048	1	308	88	0.25830
2560	2048	1	226	174	6.09540
2560	2048	1	166	200	6.03821
2560	2048	1	94	252	2.81463
2048	2048	1	444	248	2.31188
2560	2048	1	414	62	0.00000
2560	2048	1	352	164	1.51821
2560	2048	1	504	144	0.53935
2560	2048	1	500	296	0.55676
2560	2048	1	406	364	2.77761
2560	2048	1	230	450	4.17570
2560	2048	1	206	322	4.14096
2560	2048	1	56	392	2.73183
2048	2048	1	360	434	4.82094
2560	2048	1	388	498	4.10149
2560	2560	2	292	4	0.00000
2048	2048	1	38	442	3.41860
2048	2560	1	88	2	3.55766
2048	2560	1	58	124	3.91918
2048	2560	1	156	62	3.44747
2048	2048	2	218	506	0.00000
2048	2560	1	298	46	3.64819
2048	2048	2	262	508	0.00000
2048	2560	1	480	104	3.27408
2048	2048	1	498	504	4.76685
2048	2560	2	414	48	0.00000
2560	2560	1	104	28	1.14120
2560	2560	1	208	68	1.16941
2560	2560	1	380	122	4.47728
2560	2560	1	244	144	3.96894
2560	2560	1	116	212	0.42285
2560	2560	2	16	164	0.00000
2560	2560	2	502	72	0.00000
2560	2560	1	384	296	3.93941
2560	2560	1	434	418	4.04508
2560	2560	2	462	328	0.00000
2560	2560	1	268	386	4.08393
2560	2560	1	242	504	3.71247
2560	2560	1	350	512	3.22263
2560	2560	1	148	398	0.01103
2560	2560	1	280	308	3.93960
2560	2560	1	216	244	4.05494
2560	2560	1	84	378	3.05191
2048	2560	1	510	284	2.81347
2048	2560	1	406	146	5.87306
2048	2560	1	282	176	4.10017
2048	2560	1	354	252	5.44725
2048	2560	1	326	316	5.39812
2048	2560	1	266	376	4.99666
2048	2560	1	38	324	4.44236
2048	2560	1	80	478	3.16995
2048	2560	1	156	490	0.00000
2048	2560	1	340	512	4.12495
2560	2560	2	22	486	0.00000
2048	2560	2	464	482	0.00000
2048	2560	2	450	312	0.00000
2048	2560	2	198	416	0.00000
2048	2560	2	170	360	0.00000
2048	2560	2	24	406	0.00000
2048	2560	2	168	158	0.00000
3072	2048	1	86	192	1.47064
3072	2048	1	130	94	5.24687
3072	2048	1	208	62	1.95951
3072	2048	1	482	112	5.82566
3072	2048	1	364	98	4.68690
3072	2048	1	254	254	2.37374
3072	2048	1	306	188	6.05951
3072	2048	1	124	338	5.35168
3072	2048	1	272	356	2.04169
3072	2048	1	376	290	3.50047
3072	2048	1	172	508	1.17062
3072	2048	1	438	368	5.94755
3072	2048	1	506	338	2.68702
3584	2048	1	78	298	2.99865
3584	2048	1	146	118	0.20708
3584	2048	1	258	108	3.88327
3584	2048	1	318	302	4.67787
3584	2048	1	232	232	4.32033
3584	2048	1	388	214	5.38645
3584	2048	1	400	82	5.92652
3584	2048	1	500	72	5.75146
3072	2560	1	60	68	1.60016
3072	2560	2	168	84	0.00000
3072	2048	1	250	436	5.49779
3072	2048	1	400	466	5.00004
3072	2560	1	478	32	3.48865
3072	2560	2	432	128	0.00000
3072	2560	2	468	184	0.00000
3072	2560	1	366	110	6.18480
3072	2560	1	266	66	6.06786
3584	2048	1	214	414	5.31727
3584	2048	1	120	448	5.25894
3584	2048	1	80	504	5.26326
3584	2560	1	98	74	2.37182
3584	2560	1	34	110	2.29704
3584	2560	1	204	62	3.53401
3584	2560	1	330	8	4.20332
3584	2048	1	438	452	3.30677
3584	2048	1	512	482	5.60844
3584	2560	1	512	64	5.52903
3584	2560	1	402	114	6.06377
3584	2048	1	226	0	0.00000
3072	2048	1	268	2	2.16021
3072	2048	1	436	0	2.76707
3584	2560	1	278	146	2.26519
3584	2560	1	202	224	4.15179
3584	2560	1	86	208	4.49085
3072	2560	1	472	296	0.07641
3584	2560	1	30	340	6.13423
3584	2560	1	138	306	5.38258
3072	2048	1	10	102	0.21904
3072	2560	1	140	170	2.38431
3072	2560	1	50	246	0.77708
3072	2560	1	296	342	0.29441
3072	2560	1	284	202	2.21485
3072	2560	1	394	284	2.81967
3072	2560	1	148	364	3.78840
3072	2560	1	66	476	1.58901
3072	2560	1	260	450	2.30338
3072	2560	1	452	426	1.79874
3584	2560	1	106	460	2.27942
3584	2560	1	166	400	1.05165
3584	2560	1	28	512	5.82964
3584	2560	1	250	462	0.41727
3584	2560	2	288	344	0.00000
3584	2560	1	250	276	3.71918
3584	2560	1	388	392	1.90143
3584	2560	1	400	316	5.60611
3584	2560	1	494	340	5.89839
3584	2560	2	344	444	0.00000
3584	2560	1	340	502	4.62565
3584	2560	1	512	444	4.20208
3584	2560	2	412	242	0.00000
3584	2560	1	482	170	3.32231
3584	2560	1	438	512	6.08741
3072	2560	1	388	490	5.94016
3072	2560	2	314	26	0.00000
3584	3072	1	512	112	2.45698
3584	3072	1	446	36	0.00000
3584	3072	1	376	184	0.00000
3584	3072	1	462	190	2.95611
3584	3072	1	344	0	4.67429
3584	3072	1	268	74	2.73359
3584	3072	2	194	42	0.00000
3584	3072	2	246	140	0.00000
3584	3072	1	154	84	2.34308
3584	3072	1	200	220	3.03851
3584	3072	1	512	272	0.00000
3584	3072	1	438	300	2.56522
3584	3072	1	482	438	1.61640
3584	3584	1	480	20	2.32304
3584	3072	1	340	436	4.73174
3584	3072	1	306	346	1.72491
3584	3072	1	242	294	3.72772
3584	3584	1	390	50	5.30786
3584	3584	1	394	114	2.16854
3584	3584	1	472	208	4.27665
3584	3584	1	512	268	1.90175
3584	3584	1	484	412	1.93717
3584	3584	1	450	512	5.47643
3584	3584	1	308	410	5.29666
3584	3584	1	190	512	0.22613
3584	3584	1	138	478	0.26549
3584	3584	1	278	502	0.00000
3584	3584	1	394	318	5.24206
3584	3584	1	204	378	0.00000
3584	3584	1	86	362	1.06720
3072	3584	1	484	456	1.00209
3584	3584	1	290	300	0.00000
3072	3584	1	326	472	0.37460
3072	3584	1	472	356	0.98728
3072	3584	1	206	478	0.85519
3584	3584	2	50	512	0.00000
3584	3584	1	284	164	5.47651
3584	3584	1	136	238	0.67754
3584	3584	1	26	262	1.23330
3072	3584	1	424	290	0.95527
3072	3584	1	270	364	1.20656
3584	3584	1	182	58	5.19339
3584	3072	1	172	400	2.84352
3584	3072	1	98	292	1.97156
3584	3072	2	244	490	0.00000
3072	3584	1	14	470	2.25653
3072	3584	1	30	364	3.69923
3072	3584	1	130	308	5.75364
3072	3584	1	234	254	3.54307
3072	3584	1	46	268	0.60349
3584	3072	1	98	472	3.55425
3584	3584	1	70	116	2.00848
3072	3584	1	444	160	0.90371
3072	3584	1	276	156	4.51499
3072	3584	1	322	226	0.29661
3072	3584	1	134	178	2.94420
3072	3584	1	28	100	2.47228
3072	3584	1	342	100	2.17810
3072	3584	1	218	72	3.80264
3072	3584	1	136	46	3.73504
3072	3072	1	102	496	0.83845
3072	3072	1	96	392	0.42036
3072	3072	1	34	266	2.64239
3072	3072	2	44	373	0.00000
3072	3584	1	410	30	0.40886
3072	3072	1	338	502	4.29455
3072	3584	1	490	12	3.45672
3072	3072	1	488	374	1.65394
3072	3072	1	488	304	1.05297
3072	3072	1	328	390	5.75034
3072	3072	1	262	454	3.61953
3072	3072	1	192	450	0.00000
3072	3072	1	192	320	3.80056
3072	3072	1	128	264	4.00582
3072	3072	1	288	282	2.46685
3072	3072	1	352	240	5.93228
3072	3072	1	402	352	3.09144
3584	3072	1	100	188	2.86498
3072	3072	1	502	196	4.25620
3072	3072	1	220	166	3.30111
3072	3072	1	90	162	3.18620
3072	3072	1	180	30	1.16067
3072	3072	1	322	94	4.29132
3072	3072	1	418	116	3.97258
3584	3072	1	72	52	5.68958
3072	3072	1	500	60	5.69477
3072	3072	1	400	0	0.00000
2560	3584	1	490	446	1.98519
2560	3584	1	370	370	5.42166
2560	3584	1	380	474	5.50117
2560	3584	1	214	452	0.00000
2560	3584	1	512	282	0.64630
2048	3584	1	406	312	1.14417
2560	3584	1	480	178	5.76516
2560	3584	1	378	170	0.53178
2560	3584	1	138	446	1.15991
2560	3584	1	156	334	1.29021
2560	3584	1	104	54	2.95969
2560	3584	1	188	244	1.34178
2048	3584	1	452	394	0.00000
2048	3584	1	64	406	0.59972
2048	3584	1	208	460	5.98166
2560	3584	1	364	18	5.31512
2560	3072	1	40	476	3.04345
2048	3584	1	50	134	2.28010
2048	3584	1	358	512	0.00000
2048	3584	1	88	488	4.39994
2560	3072	1	512	210	5.45635
2048	3584	1	172	218	0.00000
2048	3584	1	324	176	4.70391
2560	3072	1	194	448	0.46028
2560	3584	1	160	40	0.94296
2048	3584	1	50	270	5.69852
2048	3584	1	430	196	0.00000
2560	3584	1	230	160	1.13462
2048	3584	1	100	202	0.65382
2560	3584	1	16	386	0.00000
2048	3584	1	240	194	2.78369
2560	3584	1	74	208	1.03464
2560	3584	1	510	68	2.45718
2560	3584	1	236	82	4.12091
2048	3584	1	484	4	5.92185
2560	3072	1	276	440	0.24494
2048	3584	1	420	20	2.97637
2048	3584	1	368	6	5.81722
2560	3072	1	272	244	2.50342
2048	3584	1	276	24	1.93363
2560	3072	1	478	374	5.67295
2560	3072	1	374	378	0.00000
2560	3072	1	438	206	2.39569
2560	3072	1	448	68	5.29921
2560	3072	1	190	294	4.80474
2048	3584	1	54	14	2.35290
2560	3072	1	332	14	3.93849
2560	3072	1	216	376	1.12685
2560	3072	1	206	200	5.85688
2048	3584	1	174	8	3.46473
2560	3584	2	272	348	0.00000
2560	3584	2	284	244	0.00000
2048	3584	2	26	338	0.00000
2048	3584	2	256	340	0.00000
2560	3072	2	94	432	0.00000
2048	3584	2	126	112	0.00000
2560	3072	2	334	238	0.00000
2560	3072	1	36	316	3.36121
2048	3072	2	308	426	0.00000
2048	3072	1	376	364	4.95201
2048	3072	1	144	440	4.24352
2560	3072	1	218	22	3.60451
2560	3072	2	90	228	0.00000
2560	3072	2	218	132	0.00000
2560	3072	2	144	62	0.00000
2560	3072	1	44	152	1.47297
2048	3072	1	456	246	0.00000
2048	3072	1	396	266	5.78841
2048	3072	2	270	278	0.00000
2048	3072	2	222	282	0.00000
2048	3072	1	108	270	1.23201
2048	3072	2	34	376	0.00000
2048	3072	1	36	234	0.00000
2048	3072	1	286	180	0.00000
2048	3072	1	452	74	5.57897
2048	3072	1	376	140	5.52613
2048	3072	1	304	8	3.80158
2048	3072	1	230	56	3.55220
2048	3072	1	132	0	0.00000
2048	3072	1	56	108	4.49120
2048	3072	2	136	124	0.00000
