1536	2560	1	492	512	0.19100
1536	2560	1	458	358	1.82856
1536	2560	1	512	398	3.63319
1536	2560	1	158	512	0.40397
1536	2560	1	388	426	1.88789
1536	2560	1	318	512	3.18605
1536	2560	1	58	442	5.06855
1024	2560	1	482	474	2.32357
1024	2560	1	244	468	3.76914
1024	2560	1	150	476	3.61919
1536	2560	1	240	438	1.52859
1024	2560	1	404	374	1.23579
1024	2560	1	76	266	5.72920
1024	2560	1	14	428	3.38426
1024	2560	1	60	496	3.63816
1024	2560	1	508	302	1.58858
1024	2560	1	462	248	1.31623
1024	2048	2	200	64	0.00000
1024	2560	1	26	312	2.49958
1024	2560	1	72	128	3.15400
1024	2560	1	202	218	4.55315
1024	2560	2	206	280	0.00000
1536	2560	1	512	250	3.65736
1536	2560	1	404	94	3.99881
1536	2560	1	316	262	5.64315
1536	2560	1	294	48	2.81208
1536	2560	1	160	300	1.82907
1536	2560	1	96	160	5.66258
1536	2560	1	496	138	5.66948
1536	2560	1	390	184	0.88932
1536	2560	1	40	206	2.43863
1536	2560	1	446	236	0.31355
1536	2560	1	210	196	0.42531
1536	2560	1	170	108	0.40115
1536	2560	1	166	16	1.11778
1024	2560	1	254	50	0.97176
1024	2048	1	234	370	0.39056
1536	2048	1	60	438	0.41911
1024	2560	1	470	64	1.84833
1024	2048	1	96	242	0.95922
1024	2048	1	44	112	0.00000
1536	2048	1	512	378	4.92971
1536	2048	1	402	396	3.59111
1536	2048	1	296	402	0.83829
1536	2048	1	472	474	1.24976
1536	2048	1	236	300	5.31412
1024	2048	1	490	218	3.26659
1536	2048	1	146	326	2.74512
1536	2048	1	40	298	3.30117
1024	2560	2	356	446	0.00000
1024	2048	1	120	40	0.00000
1024	2560	1	386	512	2.83976
1024	2048	2	250	18	0.00000
1536	2048	1	368	108	2.26709
1536	2048	1	28	0	0.21337
1536	2048	1	92	100	6.00814
1536	2048	1	224	216	1.37960
1536	2048	2	218	130	0.00000
1536	2048	2	498	78	0.00000
1536	2048	1	426	0	3.47449
1536	2048	1	512	248	5.86610
1024	3072	1	128	90	0.91620
1024	3072	1	286	102	5.40560
1024	3072	1	94	226	0.00000
1024	3072	1	168	192	0.00000
1024	3072	2	232	208	0.00000
1024	3072	1	504	96	1.31891
1536	3072	1	140	66	0.52758
1536	3072	1	410	130	2.21467
1536	3072	1	272	164	5.63659
1536	3072	1	58	214	0.81531
1024	3072	1	324	276	0.18438
1024	3072	1	234	342	0.38457
1536	3072	1	20	364	0.24498
1536	3072	1	184	294	1.75296
1536	3072	1	328	274	5.17926
1536	3072	1	186	168	0.00000
1536	3072	1	452	280	5.80773
1536	3072	1	392	384	0.00000
1536	3072	1	272	380	0.51915
1536	3072	1	130	406	5.36561
1024	3072	1	394	488	1.78447
1024	3584	1	486	52	3.21290
1536	3072	1	58	496	0.00000
1536	3584	1	164	4	2.25009
1536	3584	1	398	16	0.95344
1536	3072	2	366	464	0.00000
1536	3584	1	270	42	2.82407
1024	3584	1	250	64	4.30132
1024	3584	1	74	124	0.37321
1024	3584	1	112	206	0.00000
1024	3584	1	66	40	1.05965
1024	3072	2	28	482	0.00000
1024	3072	1	394	60	0.00000
1536	3584	1	372	122	4.31643
1536	3584	2	470	112	0.00000
1536	3584	1	46	164	4.34248
1024	3584	1	388	216	4.64857
1024	3584	1	210	156	1.66884
1024	3584	1	344	120	1.53346
1536	3584	1	262	214	4.97632
1536	3584	1	170	268	2.37760
1536	3584	1	438	230	5.78676
1024	3584	1	352	324	1.04428
1024	3584	1	224	414	5.60707
1024	3584	1	48	404	2.55985
1536	3584	1	122	356	1.49073
1024	3584	1	442	444	0.00000
1536	3584	1	184	462	0.49589
1536	3584	1	28	496	0.87450
1536	3584	1	296	458	6.08614
1536	3584	2	76	274	0.00000
1536	3584	1	484	452	1.13927
1536	3584	2	496	360	0.00000
1536	3072	2	512	50	0.00000
2560	2048	1	88	440	2.54550
2560	2560	1	320	94	5.43867
2560	2560	1	390	4	4.52010
2560	2048	1	444	282	1.58859
2048	2048	1	396	480	5.30811
2048	2560	1	272	326	3.31724
2048	2560	1	108	234	3.59851
2048	2560	1	144	302	0.00000
2048	2560	1	484	246	1.49568
2048	2560	1	444	444	1.37372
2560	2560	1	158	266	5.24523
2048	2560	1	162	490	3.46998
2560	2560	1	376	234	1.83168
2048	2560	1	298	104	0.50016
2560	2560	1	260	238	0.00000
2560	2560	1	326	404	5.62854
2560	2560	1	416	352	0.00000
2560	2560	1	88	434	6.02932
2560	2560	1	46	314	5.12475
2560	2560	1	210	402	0.00000
2048	2560	1	76	496	3.21911
2048	2560	1	332	472	3.44207
2048	2560	1	258	478	0.38362
2048	2560	1	34	364	3.52263
2048	2560	1	160	72	4.23289
2048	2560	1	52	220	3.87541
2048	2560	1	478	104	0.40971
2048	2048	1	100	486	0.36562
2048	2048	1	184	406	3.47700
2560	2560	1	140	132	3.70798
2560	2560	1	36	102	0.44237
2560	2560	2	306	500	0.00000
2560	2560	2	466	332	0.00000
2560	2048	1	128	258	5.65366
2560	2048	1	438	202	1.78397
2560	2048	1	26	242	2.93659
2048	2048	1	466	372	4.20529
2048	2048	1	80	242	6.02988
2560	2048	1	232	180	5.30140
2048	2048	1	188	274	2.18418
2048	2048	1	62	384	4.72483
2048	2048	1	304	338	5.97651
2048	2048	1	226	472	4.18836
2048	2048	1	72	76	0.45208
2560	2048	1	330	108	0.00000
2560	2048	1	164	138	0.00000
2560	2048	1	432	44	0.91886
2560	2048	1	446	118	4.70366
2560	2048	1	242	90	3.92123
2048	2048	1	370	110	2.28256
2560	2048	1	66	128	3.44321
2560	2048	1	198	300	3.02672
2048	2048	1	402	272	0.00000
2048	2560	2	274	2	0.00000
2560	2048	2	298	402	0.00000
2560	2560	2	292	8	0.00000
2048	2560	2	164	146	0.00000
2048	2560	2	222	152	0.00000
2048	2560	2	318	208	0.00000
2048	2560	2	434	320	0.00000
2048	2560	2	406	54	0.00000
2048	2048	2	504	66	0.00000
2048	2048	1	176	150	5.35866
2048	2048	1	206	70	4.24158
2048	2048	1	22	260	5.93670
2048	2560	2	206	420	0.00000
2048	2560	2	178	376	0.00000
3584	2560	1	382	400	6.03252
3584	2560	1	308	444	3.30469
3584	2560	1	510	368	2.94047
3584	2560	1	484	458	5.89019
3584	2560	1	178	510	2.56173
3584	2560	1	238	454	3.60003
3584	2560	1	446	162	2.12163
3584	2560	1	224	360	4.05981
3584	2560	1	432	70	4.35316
3072	2560	1	254	386	1.84767
3584	2560	1	204	80	4.16100
3072	2048	1	296	358	0.00000
3584	2560	1	102	240	2.03266
3072	2048	1	266	370	0.57117
3072	2560	1	418	38	0.98036
3072	2560	1	226	178	3.43305
3072	2560	1	206	478	1.14103
3072	2560	1	98	158	0.84733
3584	2560	1	412	274	5.97636
3584	2560	1	74	444	2.41464
3072	2560	1	44	278	4.32621
3072	2560	1	32	104	4.18079
3584	2560	1	44	338	4.75374
3072	2560	1	372	430	0.75315
3584	2560	1	216	198	0.57790
3584	2560	1	186	338	4.15043
3072	2560	1	306	202	5.95296
3072	2560	1	282	302	2.51724
3072	2560	1	56	436	2.63396
3072	2560	1	474	408	2.58441
3072	2560	1	360	156	2.74807
3072	2560	1	484	128	2.49396
3072	2560	1	430	280	4.64526
3584	2048	1	132	484	4.44859
3072	2048	1	186	200	1.91009
3072	2048	1	32	156	6.10198
3072	2560	2	470	178	0.00000
3072	2048	1	184	396	0.00000
3072	2048	1	402	82	5.52359
3584	2048	1	372	190	5.51112
3072	2048	1	90	270	0.00000
3584	2560	1	328	244	2.52134
3072	2560	2	180	82	0.00000
3072	2560	2	242	32	0.00000
3072	2560	2	322	28	0.00000
3072	2560	2	434	126	0.00000
3584	2560	2	30	84	0.00000
3584	2560	1	102	154	4.95385
3584	2560	2	336	130	0.00000
3584	2048	1	290	346	1.14720
3584	2048	1	448	494	1.53094
3584	2048	1	410	396	4.10258
3584	2048	1	502	250	0.38695
3584	2048	1	390	292	2.01715
3584	2048	1	386	90	6.08579
3584	2048	1	60	418	4.11731
3072	2048	1	184	472	6.11312
3072	2048	1	276	426	6.03463
3072	2048	1	38	448	4.52617
3072	2048	1	408	402	3.09936
3072	2048	1	512	344	4.64552
3072	2048	1	346	342	3.48117
3072	2048	1	184	320	0.71771
3072	2560	1	146	376	5.71692
3584	2048	1	154	130	0.12821
3584	2048	1	462	54	0.00000
3584	2048	1	262	102	3.82775
3072	2048	1	468	168	4.59992
3584	2048	1	2	58	3.05907
3072	2048	1	334	122	2.54890
3072	2048	1	432	254	5.64571
3072	2048	1	178	62	0.35485
3072	2048	1	254	98	3.47365
3072	2048	1	302	232	3.59943
3072	3072	1	186	192	2.89361
3072	3584	1	214	20	4.23067
3072	3584	1	292	78	3.90792
3072	3072	1	302	172	0.36024
3072	3072	1	402	158	0.77956
3072	3072	1	440	212	0.97840
3072	3072	1	388	58	0.00000
3584	3072	1	26	86	3.64572
3072	3072	1	480	44	4.05952
3584	3072	1	40	448	6.11646
3072	3072	1	460	392	2.40419
3584	3072	1	228	190	1.95485
3584	3072	1	296	368	1.91816
3584	3072	1	96	484	0.29605
3072	3072	1	204	322	1.88774
3072	3072	1	108	178	2.55519
3072	3072	1	36	82	0.33240
3584	3072	1	138	130	4.06055
3584	3072	1	196	292	0.57554
3584	3072	1	82	264	4.05244
3584	3072	1	346	228	4.14614
3584	3072	1	192	58	4.77115
3072	3072	1	400	508	5.86366
3584	3584	1	250	4	0.13847
3584	3072	1	174	500	0.36185
3584	3072	1	454	344	4.75954
3584	3072	1	492	442	5.85513
3072	3072	1	380	308	4.73316
3072	3584	1	476	234	2.44762
3584	3584	1	42	220	2.77197
3584	3584	1	270	198	0.12073
3584	3584	1	406	120	1.63098
3584	3584	1	386	204	4.08245
3584	3584	1	26	378	0.86347
3072	3072	1	98	508	1.67611
3072	3072	1	206	58	3.38588
3584	3072	1	330	100	4.39930
3072	3072	1	486	266	3.04733
3584	3072	1	492	96	4.01639
3584	3072	1	510	200	2.70539
3584	3584	1	468	44	1.54105
3072	3584	1	262	220	5.10149
3072	3584	1	386	272	5.01968
3072	3584	1	232	282	1.35627
3072	3584	1	36	204	2.36898
3072	3584	1	32	456	3.33808
3072	3584	1	358	120	1.06480
3584	3584	1	226	368	4.52804
3072	3584	1	252	424	1.43346
3072	3584	1	258	352	0.68952
3584	3584	1	452	266	3.99011
3072	3584	1	478	32	6.19164
3584	3584	1	54	120	5.89219
3072	3584	1	166	412	3.46014
3072	3584	1	408	442	5.59077
3072	3072	1	262	50	3.20916
3072	3584	1	124	118	1.87312
3584	3584	1	340	44	4.98899
3072	3072	1	328	390	1.41294
3072	3072	1	86	392	0.43160
3072	3584	2	114	369	0.00000
3584	3072	2	342	330	0.00000
2560	3072	2	344	240	0.00000
2560	3072	2	138	70	0.00000
2560	3072	2	224	128	0.00000
2048	3072	2	280	274	0.00000
2048	3072	2	42	372	0.00000
2048	3072	2	166	484	0.00000
2560	3072	2	88	424	0.00000
2048	3072	2	490	434	0.00000
2560	3072	2	96	230	0.00000
2048	3072	2	432	230	0.00000
2560	3072	2	228	484	0.00000
2048	3072	1	142	40	0.24908
2048	3072	1	248	0	0.00000
2048	3072	1	316	12	3.44516
2048	3072	1	448	46	1.19683
2560	3072	1	42	86	0.91117
2560	3072	1	192	104	0.50785
2560	3072	1	306	148	0.52315
2560	3072	1	450	58	5.47019
2560	3072	1	446	298	4.48572
2048	3072	1	226	174	3.09725
2048	3072	1	294	184	5.97456
2048	3072	1	374	152	5.33948
2048	3072	1	492	272	3.98957
2048	3072	1	42	132	0.52125
2048	3072	1	38	232	1.16008
2048	3072	1	188	364	0.75778
2048	3072	1	372	322	3.39415
2560	3072	1	74	312	5.77436
2560	3072	1	162	308	0.00000
2560	3072	1	280	334	3.93612
2560	3072	1	398	396	4.39064
2560	3072	1	476	472	3.38122
2048	3072	1	260	408	4.10393
2048	3072	1	416	420	0.00000
2048	3072	1	316	494	1.26712
2048	3584	1	502	2	5.44826
2048	3072	1	100	508	3.01149
2048	3584	2	228	60	0.00000
2048	3584	1	306	134	1.82930
2048	3584	1	44	66	0.00000
2560	3584	1	62	112	2.32309
2560	3072	1	142	446	3.39763
2560	3072	1	316	470	5.50560
2560	3584	1	324	58	5.61652
2560	3584	1	240	64	5.23527
2560	3584	1	150	52	1.83911
2560	3584	1	156	166	3.20920
2560	3584	1	262	168	0.60890
2560	3584	1	378	184	2.98636
2560	3584	1	184	302	3.46334
2048	3584	1	420	172	4.18545
2048	3584	1	248	226	3.74057
2048	3584	2	70	242	0.00000
2048	3584	1	272	366	5.08172
2048	3584	1	370	380	6.01673
2048	3584	1	452	410	5.61170
2560	3584	1	64	244	0.24150
2560	3584	1	50	350	1.95726
2560	3584	1	50	408	1.83832
2560	3584	1	388	324	1.22140
2560	3584	1	254	462	0.71681
2560	3584	1	382	396	0.92730
2560	3584	1	512	108	2.50963
2560	3584	1	512	214	2.26395
2048	3584	1	322	502	2.85063
2048	3584	2	238	454	0.00000
2560	3584	1	70	512	2.02329
2048	3584	1	0	352	4.96971
