1536	2560	1	400	432	2.24138
1536	2560	1	394	512	2.94632
1536	2560	1	182	456	2.85570
1536	2560	1	438	300	1.09557
1536	2560	1	416	158	0.40613
1536	2560	1	496	148	1.05279
1536	2560	1	70	512	2.44506
1536	2560	1	70	448	5.15955
1536	2560	1	234	348	5.31340
1024	2560	1	184	508	0.87971
1024	2560	1	132	322	2.67206
1024	2560	2	94	367	0.00000
1024	2560	1	44	322	2.36422
1024	2560	1	46	236	2.49765
1024	2560	1	72	130	3.12580
1024	2048	1	238	372	0.31683
1024	2560	1	258	42	0.99184
1024	2048	1	100	236	1.07716
1024	2048	1	42	122	0.00000
1024	2048	1	258	124	4.16382
1024	2048	1	498	236	3.58292
1024	2048	2	194	79	0.00000
1024	2048	2	258	15	0.00000
1024	2048	2	438	17	0.00000
1536	2048	1	6	20	0.00000
1024	2560	1	238	382	0.96665
1024	2560	1	272	284	4.06500
1024	2560	1	358	496	4.70814
1024	2560	1	436	376	5.56069
1024	2560	1	470	316	2.42607
1536	2560	1	78	320	2.57074
1024	2560	1	508	238	1.72029
1536	2560	1	48	146	0.00000
1024	2560	1	464	52	2.40769
1536	2560	1	98	42	1.68525
1536	2048	1	264	476	1.78977
1536	2048	1	414	510	0.37253
1536	2560	1	316	76	3.82957
1536	2560	1	154	182	0.00000
1536	2560	1	268	256	5.89673
1536	2560	1	348	234	3.06817
1536	2048	1	132	402	5.75347
1536	2048	1	224	282	3.95799
1536	2048	1	78	74	0.00000
1536	2048	1	254	24	0.08291
1536	2048	1	218	160	0.00000
1536	2048	1	368	76	5.87286
1536	2048	2	498	55	0.00000
1536	2048	2	512	301	0.00000
1536	2048	1	464	250	3.06482
1536	2560	1	512	2	2.52157
1536	2048	1	374	324	1.88711
1536	2048	1	260	338	4.32862
1024	3584	1	18	500	5.37330
1024	3584	1	226	454	0.06403
1024	3584	1	486	444	0.43122
1024	3584	1	106	280	6.13803
1024	3584	1	306	424	0.00000
1024	3584	1	368	344	1.87457
1024	3584	1	38	348	2.58620
1536	3584	1	388	146	0.11504
1536	3584	1	512	252	4.11139
1536	3584	1	418	444	5.83971
1536	3584	1	452	332	1.73810
1536	3584	1	146	430	0.29003
1536	3584	1	246	388	0.96653
1536	3584	1	108	300	1.82212
1024	3584	1	362	240	6.14029
1536	3584	1	300	248	3.68044
1536	3584	1	286	476	0.46929
1536	3584	1	400	252	3.92403
1536	3584	1	58	446	0.17878
1024	3584	1	462	292	0.57415
1536	3584	2	458	126	0.00000
1536	3072	2	372	468	0.00000
1024	3584	1	496	164	4.79349
1024	3584	1	250	134	0.12313
1024	3584	1	170	172	3.24830
1024	3584	1	344	120	1.31753
1024	3584	1	92	118	0.56826
1536	3584	1	140	196	4.92783
1536	3584	1	280	20	2.46631
1536	3072	1	154	444	5.26279
1536	3072	1	448	474	0.09715
1536	3072	1	442	320	0.27774
1536	3072	2	512	320	0.00000
1536	3072	1	512	108	1.84678
1536	3072	1	392	206	3.46875
1024	3584	1	486	68	3.63549
1536	3072	1	122	36	2.42924
1536	3584	1	68	12	3.00183
1536	3072	1	306	300	0.36062
1536	3072	1	380	12	5.96250
1536	3072	1	236	220	3.27052
1536	3072	1	46	94	4.22978
1536	3072	1	178	140	4.02789
1536	3072	1	330	130	2.92251
1024	3072	1	356	4	4.80836
1024	3072	2	474	38	0.00000
1024	3072	1	42	24	5.66272
1024	3072	1	252	78	0.09923
1024	3072	1	322	122	6.15391
1024	3072	1	418	98	2.96422
1024	3072	1	158	104	5.50186
1024	3072	1	40	170	0.08779
1024	3072	1	154	198	5.14891
1024	3072	2	246	250	0.00000
1024	3072	1	320	286	0.26784
1536	3072	1	94	230	5.84816
1536	3072	1	6	234	5.72769
1024	3072	1	402	292	3.45642
1024	3072	1	488	350	1.01940
1024	3072	1	124	330	4.79287
1024	3072	1	470	456	1.47672
1024	3584	1	394	18	1.23670
1024	3072	1	328	462	0.84965
1024	3072	1	0	422	5.91665
1024	3072	1	58	494	3.70151
1024	3072	1	214	426	1.36610
1024	3072	1	186	506	2.14654
1536	3584	2	370	58	0.00000
1024	3584	2	374	516	0.00000
1536	3072	2	196	358	0.00000
2048	2048	1	46	24	2.56276
2048	2048	2	180	74	0.00000
2048	2048	1	78	132	1.07958
2048	2048	1	40	252	0.30097
2048	2048	1	80	360	3.74980
2048	2048	1	212	342	3.17628
2048	2048	1	340	276	3.54967
2048	2048	1	406	82	0.44791
2048	2048	1	506	46	4.03056
2048	2048	1	492	206	1.34211
2560	2048	1	70	134	3.64283
2048	2048	1	452	306	0.47936
2560	2048	1	190	100	0.00000
2560	2048	1	316	74	0.00000
2560	2048	1	466	78	2.52870
2560	2048	1	444	256	0.86094
2560	2048	1	422	182	0.98392
2560	2048	1	176	218	2.57461
2560	2048	1	112	240	5.84571
2560	2048	1	56	368	3.67391
2560	2048	1	242	304	3.39391
2560	2048	2	286	392	0.00000
2048	2560	1	126	4	5.24212
2048	2560	1	42	14	2.72196
2048	2560	1	18	108	0.78079
2048	2048	1	368	440	4.92165
2048	2560	1	318	12	5.11816
2048	2560	1	242	92	5.12264
2048	2560	2	238	152	0.00000
2048	2560	2	174	150	0.00000
2048	2560	1	116	154	0.29562
2048	2560	1	8	402	5.44157
2048	2560	1	162	284	0.44621
2048	2560	2	172	372	0.00000
2560	2048	1	424	356	1.74416
2560	2560	1	468	18	3.57029
2560	2048	2	434	444	0.00000
2560	2560	1	512	68	4.26552
2560	2048	1	374	486	2.58400
2560	2048	1	214	446	1.98131
2560	2560	2	298	4	0.00000
2048	2560	1	502	54	4.01358
2048	2560	2	412	58	0.00000
2048	2560	2	398	152	0.00000
2048	2560	2	302	216	0.00000
2560	2560	2	24	166	0.00000
2048	2560	2	454	324	0.00000
2048	2560	2	196	410	0.00000
2048	2560	2	322	420	0.00000
2560	2560	2	18	482	0.00000
2560	2560	2	296	490	0.00000
2560	2560	2	470	324	0.00000
2560	2560	1	134	178	6.13057
2560	2560	1	26	290	2.76518
2048	2560	1	292	326	4.80416
2048	2560	1	106	422	3.28607
2048	2560	1	166	512	0.00000
2048	2560	1	448	474	0.00000
2048	2560	1	296	512	4.42470
2048	2560	1	406	248	0.00000
2560	2560	1	84	400	3.47210
2560	2560	1	126	512	1.78355
2560	2560	1	200	458	2.59971
2560	2560	1	250	208	3.69221
2560	2560	1	196	88	2.35083
2560	2560	1	294	366	0.00000
2560	2560	1	398	434	5.56203
2560	2560	1	390	230	0.50319
2560	2560	1	440	144	1.92713
3072	2048	1	64	72	2.78535
3072	2048	1	150	76	3.25559
3072	2048	1	318	92	5.22782
3072	2048	1	50	244	0.28465
3072	2048	1	176	214	2.34550
3072	2048	1	284	218	3.10008
3072	2048	1	362	238	3.13112
3072	2048	1	424	290	3.10698
3072	2048	1	484	206	5.50276
3584	2048	1	94	170	2.46571
3584	2048	1	132	104	0.00000
3584	2048	1	238	82	4.04289
3584	2048	1	376	90	0.00000
3584	2048	1	466	62	0.00000
3584	2048	1	308	288	2.99812
3584	2048	1	362	212	5.51187
3584	2048	1	422	352	5.69630
3584	2048	1	236	414	2.82499
3584	2048	1	316	464	3.47959
3584	2048	1	142	406	2.92124
3072	2048	1	200	326	5.42926
3072	2048	1	114	340	0.00000
3072	2048	1	352	382	4.48546
3584	2048	1	26	368	1.07151
3072	2048	1	82	454	2.26096
3072	2048	1	346	468	1.57533
3072	2560	1	216	82	5.89420
3072	2560	2	252	18	0.00000
3072	2560	2	316	28	0.00000
3072	2560	1	130	186	0.32405
3072	2560	1	56	152	0.44745
3072	2560	1	186	240	3.25378
3072	2560	1	276	334	2.77129
3584	2048	1	62	476	0.00000
3584	2560	1	130	14	2.87282
3072	2560	1	464	108	2.09476
3072	2560	2	466	190	0.00000
3072	2560	1	334	220	4.16733
3072	2560	1	344	94	3.83618
3584	2560	1	80	86	5.02481
3584	2560	1	238	106	2.83884
3584	2560	1	384	42	0.77301
3584	2560	1	480	60	5.77666
3072	2560	1	428	318	5.40599
3072	2560	1	106	410	3.83878
3072	2560	2	174	410	0.00000
3584	2560	1	42	238	1.68475
3584	2560	1	140	172	5.07816
3584	2560	1	188	250	1.88713
3584	2560	1	314	228	3.62368
3584	2560	1	390	164	3.09974
3584	2560	1	486	218	2.33728
3584	2560	1	84	340	0.98249
3072	2560	1	364	432	1.25669
3584	2560	1	32	430	1.39767
3584	2560	1	312	446	5.89792
3584	2560	2	240	440	0.00000
3584	2560	1	382	364	1.90923
3584	2560	1	496	350	2.64981
3072	2560	1	238	482	1.78271
3072	3072	1	98	38	2.32455
3072	3072	1	152	144	3.71480
3072	3072	1	280	90	0.65303
3072	3072	1	400	48	0.00000
3584	3072	1	14	20	4.78568
3584	3072	1	42	142	6.07808
3584	3072	2	214	20	0.00000
3584	3072	1	116	124	3.57115
3584	3072	1	376	62	3.90945
3584	3072	1	466	116	2.92721
3584	3072	1	420	178	2.77746
3584	3072	1	260	102	5.76404
3584	3072	1	386	218	2.65885
3584	3072	2	340	274	0.00000
3584	3072	1	232	200	5.72950
3072	3072	2	512	218	0.00000
3072	3072	1	338	196	4.54946
3072	3072	1	252	252	2.53653
3072	3072	1	60	286	3.60719
3072	3072	1	44	448	3.19797
3072	3072	1	134	374	0.31792
3072	3072	1	228	356	2.82267
3072	3072	1	376	282	1.74041
3072	3072	2	436	246	0.00000
3072	3072	1	186	220	0.00000
3584	3072	1	78	292	1.98848
3584	3072	1	188	332	0.78229
3584	3072	1	266	364	0.47795
3584	3072	1	336	382	0.48988
3584	3072	2	490	346	0.00000
3584	3072	2	414	396	0.00000
3584	3072	1	394	468	2.77219
3584	3072	1	510	504	4.07274
3072	3072	1	340	348	1.37340
3072	3072	1	420	390	3.97313
3072	3072	1	330	454	3.50395
3072	3072	1	230	500	2.16849
3072	3072	1	456	452	4.19119
3584	3072	1	32	448	4.31184
3584	3072	1	170	468	2.42016
3584	3584	1	284	80	3.76730
3584	3584	1	396	114	3.78195
3072	3584	1	228	84	1.16144
3072	3584	1	452	58	2.19029
3072	3584	1	366	70	5.35466
3584	3584	1	512	60	0.00000
3584	3584	1	456	452	4.55170
3584	3584	1	106	72	0.10260
3584	3584	1	190	90	5.90813
3072	3584	1	62	158	0.59810
3072	3584	1	114	12	0.48014
3072	3584	1	190	170	5.86318
3072	3584	1	364	180	1.83809
3072	3584	1	496	228	4.82630
3584	3584	1	152	196	0.00000
3584	3584	1	222	240	0.38051
3584	3584	1	308	236	3.54743
3584	3584	1	422	306	1.99681
3072	3584	1	122	266	2.48384
3072	3584	1	98	334	2.21543
3072	3584	1	232	330	5.84528
3072	3584	1	414	306	1.36781
3584	3584	1	132	330	2.75293
3584	3584	1	446	390	1.48158
3584	3584	1	328	390	5.98688
3072	3584	1	116	440	1.62438
3072	3584	1	478	374	3.52483
3072	3584	1	398	438	2.34819
3584	3584	1	10	442	0.23983
3584	3584	1	504	208	4.49909
3584	3584	1	90	384	3.07529
3584	3584	1	44	98	0.00000
3584	3584	1	138	438	0.54490
3072	3584	1	214	456	0.48534
3584	3584	2	202	356	0.00000
3584	3584	2	252	318	0.00000
2560	3072	1	504	428	0.00000
2048	3584	1	328	408	2.84615
2560	3584	1	124	158	2.35619
2560	3584	1	118	400	6.13342
2048	3584	1	510	98	0.00000
2048	3584	1	204	36	5.87829
2048	3584	1	58	454	1.91635
2048	3584	1	16	232	4.03293
2048	3584	1	130	234	3.12273
2048	3584	1	254	140	3.52991
2560	3584	1	290	328	2.96845
2048	3584	1	502	378	0.71483
2048	3584	1	342	172	0.77876
2048	3584	1	412	200	0.96364
2048	3584	1	84	348	5.22434
2048	3584	1	326	282	4.42341
2048	3584	1	506	278	1.88076
2560	3584	1	66	192	2.63999
2560	3584	1	158	272	2.66671
2560	3584	1	218	386	3.02583
2560	3584	1	210	230	3.42853
2048	3584	1	198	452	5.78870
2560	3584	1	312	198	2.66907
2560	3584	1	314	60	3.12093
2560	3584	1	406	490	3.60132
2560	3584	1	406	258	2.77777
2560	3584	1	470	366	4.26165
2560	3584	1	354	364	0.00000
2560	3584	1	456	188	0.00000
2560	3584	1	370	106	0.00000
2560	3584	1	78	510	0.64676
2560	3584	1	480	62	1.44644
2560	3584	1	194	90	4.75782
2560	3584	1	114	38	4.50606
2048	3584	1	510	464	0.75405
2560	3072	1	402	186	2.82299
2560	3072	1	362	40	4.87063
2560	3072	1	376	350	2.29656
2560	3072	1	476	272	0.55617
2560	3072	1	512	98	3.56877
2560	3072	1	280	98	5.11002
2560	3072	1	130	20	1.50172
2560	3072	1	194	332	0.00000
2560	3072	1	284	326	0.00000
2560	3072	1	114	310	0.00000
2560	3072	1	298	502	4.21845
2560	3072	1	440	468	3.28349
2560	3072	1	230	464	0.00000
2560	3072	1	148	462	0.94724
2560	3072	1	28	338	0.62993
2048	3072	1	390	434	3.70019
2048	3072	1	360	334	4.65431
2048	3072	1	190	356	4.08200
2048	3584	1	36	10	5.42893
2048	3072	1	66	462	2.53784
2048	3072	1	64	288	3.84447
2560	3072	1	58	164	1.85129
2048	3072	1	486	232	1.78718
2048	3072	1	472	46	3.57769
2048	3072	1	432	0	0.87606
2048	3072	1	382	142	5.42648
2048	3072	1	280	124	5.33264
2048	3072	1	334	224	1.57892
2048	3072	1	156	36	0.50710
2048	3072	1	176	184	5.50713
2048	3072	1	48	188	5.15476
2048	3072	1	80	366	0.00000
2048	3072	1	44	116	1.95404
2560	3584	1	284	468	0.78540
2048	3072	2	282	273	0.00000
2048	3584	2	374	27	0.00000
2048	3072	2	316	437	0.00000
2560	3072	2	350	233	0.00000
2560	3072	2	230	133	0.00000
2560	3072	2	144	75	0.00000
2560	3072	2	100	416	0.00000
2048	3072	2	160	476	0.00000
2048	3584	2	54	118	0.00000
2560	3072	2	40	440	0.00000
