1024	2048	1	248	362	0.28473
1024	2048	1	54	108	0.00000
1024	2048	2	84	250	0.00000
1024	2048	1	502	238	3.35177
1024	2560	1	276	36	0.93543
1024	2048	1	452	424	4.02237
1536	2048	1	38	462	0.00000
1536	2048	1	38	312	3.20259
1536	2048	1	124	308	3.32383
1536	2048	1	248	398	2.47569
1536	2560	1	70	64	0.00000
1536	2048	1	330	250	5.53235
1536	2048	1	282	274	5.57280
1024	2048	2	206	84	0.00000
1024	2048	2	148	24	0.00000
1024	2048	2	446	12	0.00000
1536	2048	2	32	32	0.00000
1536	2048	2	222	140	0.00000
1536	2048	2	416	18	0.00000
1536	2048	2	508	36	0.00000
1536	2560	2	78	512	0.00000
1024	2048	1	280	36	0.48690
1536	2048	1	92	102	5.76404
1536	2048	1	372	98	0.00000
1536	2048	1	486	230	5.75331
1536	2048	1	512	110	4.67597
1024	2560	1	72	126	3.25474
1024	2560	1	160	216	4.91527
1024	2560	1	480	86	1.26885
1024	2560	1	504	156	0.93429
1536	2560	1	172	80	0.95518
1536	2048	1	438	496	5.82658
1536	2048	2	508	398	0.00000
1536	2048	1	318	478	1.00859
1536	2048	1	158	478	2.65684
1024	2560	1	136	384	2.27942
1024	2560	2	0	364	0.00000
1024	2560	1	44	222	0.96304
1024	2560	1	390	344	0.64184
1024	2560	1	206	480	3.72189
1024	2560	1	34	468	3.57032
1536	2560	1	24	424	5.10337
1536	2560	1	408	430	2.03444
1024	2560	1	482	474	1.77062
1536	2560	1	302	504	2.02772
1024	2560	2	334	512	0.00000
1536	2560	2	156	512	0.00000
1536	2560	1	222	210	5.90044
1536	2560	1	302	236	5.47906
1536	2560	1	300	110	5.47605
1536	2560	1	410	58	2.33201
1536	2560	1	406	322	3.18448
1024	2560	1	510	318	1.97404
1536	2560	1	162	314	1.12842
1536	2560	2	454	228	0.00000
1536	2560	2	512	482	0.00000
1536	2560	2	480	402	0.00000
1536	2560	2	512	134	0.00000
1024	3072	1	46	150	5.78622
1024	3072	1	114	284	2.31874
1024	3072	1	166	188	0.60737
1024	3072	2	248	200	0.00000
1024	3072	1	136	94	1.05583
1024	3072	1	54	40	4.44614
1024	3072	1	284	90	5.38257
1024	3072	1	368	14	2.19365
1024	3072	1	412	160	3.15167
1536	3072	1	38	154	0.21320
1536	3072	1	156	170	4.03286
1536	3072	1	84	62	5.76404
1536	3072	1	170	10	2.21148
1536	3072	1	270	132	3.83746
1536	3072	1	424	180	4.44387
1536	3072	1	252	232	4.37070
1536	3072	1	108	278	1.85986
1024	3072	1	312	256	0.00000
1024	3072	1	212	358	0.74056
1024	3072	1	76	474	0.30055
1024	3072	1	486	398	4.59924
1536	3072	1	104	492	0.00000
1536	3072	1	206	412	6.20641
1536	3072	1	384	316	5.48037
1536	3072	1	316	424	0.00000
1536	3072	1	490	426	2.57893
1024	3584	1	242	112	0.41913
1024	3584	1	50	96	1.00660
1024	3584	1	394	28	2.92663
1024	3584	1	342	132	1.57080
1024	3072	2	504	312	0.00000
1024	3584	1	480	68	3.56796
1024	3584	1	68	184	4.69349
1024	3584	1	66	262	4.91547
1536	3584	1	246	36	2.68390
1536	3584	1	416	32	1.59215
1536	3072	2	366	464	0.00000
1536	3584	2	478	116	0.00000
1536	3584	1	388	106	4.21750
1536	3584	1	478	188	1.17601
1536	3584	1	190	82	2.30293
1024	3584	2	414	210	0.00000
1024	3584	1	506	216	3.66967
1536	3584	1	128	194	1.03542
1536	3584	1	264	218	0.92602
1536	3584	1	160	298	2.27702
1536	3584	1	364	314	5.44723
1024	3584	1	316	226	5.47296
1024	3584	1	68	408	2.32340
1024	3584	1	254	402	0.60526
1024	3584	1	400	362	1.35524
1024	3584	1	492	438	0.70964
1536	3584	1	166	370	1.71782
1536	3584	1	294	440	0.33574
1536	3584	1	184	464	1.01776
1536	3584	1	38	516	0.89213
1536	3584	2	370	510	0.00000
2048	2048	1	92	246	6.12211
2048	2048	2	182	72	0.00000
2048	2048	1	14	124	4.80972
2048	2048	1	2	0	5.48817
2048	2048	1	332	98	0.73502
2560	2560	1	406	460	4.84235
2560	2560	1	424	374	4.71037
2560	2560	1	260	388	0.36135
2560	2560	2	312	484	0.00000
2560	2560	2	20	484	0.00000
2048	2560	2	476	488	0.00000
2048	2560	2	320	432	0.00000
2048	2560	2	194	412	0.00000
2560	2560	1	92	452	5.96917
2560	2560	1	220	512	0.43229
2048	2560	1	256	432	0.18589
2048	2560	1	126	364	4.13761
2048	2560	1	440	444	1.10715
2048	2560	1	74	512	3.19142
2048	2560	1	176	512	0.62126
2048	2560	1	2	356	5.66689
2048	2560	1	328	352	2.12940
2560	2560	1	92	338	5.44910
2560	2560	1	172	310	5.53849
2560	2560	1	240	194	0.37098
2560	2560	1	360	214	6.11114
2560	2560	1	478	114	4.37037
2560	2560	1	300	82	5.32355
2048	2560	2	444	328	0.00000
2048	2560	2	322	204	0.00000
2560	2560	2	30	170	0.00000
2048	2560	2	378	128	0.00000
2048	2560	2	410	48	0.00000
2048	2560	1	72	306	1.93200
2048	2560	1	70	220	5.05027
2048	2560	1	60	132	4.91320
2048	2560	1	84	70	1.53790
2048	2048	1	62	480	4.09305
2048	2048	1	34	390	4.24436
2048	2048	1	180	404	3.03069
2048	2560	1	492	240	1.37340
2048	2560	1	466	106	4.11421
2560	2560	1	96	44	0.98831
2560	2560	1	224	38	3.90471
2560	2560	1	136	166	3.85156
2560	2560	1	408	22	4.20795
2048	2048	1	510	444	4.40120
2048	2048	1	380	476	5.42246
2048	2560	1	318	82	0.79441
2048	2560	2	238	158	0.00000
2048	2560	2	170	156	0.00000
2048	2560	2	218	6	0.00000
2048	2048	2	260	512	0.00000
2048	2048	1	332	334	0.07312
2048	2048	1	374	250	5.88447
2048	2048	1	422	158	2.94420
2560	2048	1	168	426	0.74207
2560	2048	2	300	396	0.00000
2560	2048	1	192	320	3.61145
2560	2048	1	120	260	5.86323
2560	2048	1	6	218	1.22326
2560	2048	1	60	148	3.11940
2560	2048	1	202	120	6.02823
2560	2048	1	312	106	0.00000
2560	2048	1	448	40	0.29419
2560	2048	1	512	230	0.89505
2560	2048	1	492	320	1.03838
2560	2048	1	362	264	3.35171
2560	2048	1	10	16	4.96748
2048	2048	2	414	10	0.00000
2560	2048	2	384	26	0.00000
2560	2048	2	132	20	0.00000
2560	2560	1	512	232	5.22145
2048	2048	1	4	238	5.71624
3072	2560	1	482	436	3.34771
3072	2560	1	412	376	1.14660
3584	2560	1	176	494	2.61482
3072	2560	1	250	306	2.91050
3584	2560	1	260	344	2.22073
3584	2560	1	252	490	3.94023
3584	2560	1	384	416	2.94751
3584	2560	1	464	444	5.97392
3584	2560	1	296	266	2.72337
3584	2560	1	68	486	5.02019
3584	2560	1	186	406	2.65993
3072	2560	2	168	392	0.00000
3072	2560	2	40	492	0.00000
3584	2560	2	340	454	0.00000
3072	2560	1	332	258	3.34255
3072	2560	1	462	270	3.60504
3584	2560	1	26	256	5.75817
3584	2560	1	96	338	0.59335
3584	2560	1	96	220	2.57335
3584	2560	1	208	212	1.93562
3584	2560	1	512	348	3.22274
3072	2560	1	136	210	1.83483
3072	2560	1	304	128	0.00000
3584	2560	1	466	216	3.09268
3072	2560	1	60	246	5.17279
3584	2560	1	364	258	0.00000
3072	2560	1	368	128	0.00000
3072	2560	1	218	86	2.54068
3072	2560	1	480	98	1.81577
3584	2560	1	144	104	4.14105
3584	2560	1	98	4	4.09111
3584	2048	1	80	422	3.67952
3584	2560	1	308	18	2.30107
3584	2560	1	308	112	5.27391
3584	2560	1	452	84	3.89549
3584	2048	1	392	468	2.77310
3584	2048	1	316	322	0.00000
3584	2048	1	442	372	2.80561
3584	2560	2	510	12	0.00000
3072	2560	1	472	10	4.96494
3072	2048	1	436	422	4.03702
3072	2048	1	478	334	5.41023
3072	2048	1	342	366	3.83729
3072	2048	1	234	444	1.52982
3072	2048	1	118	496	4.29906
3072	2560	2	34	94	0.00000
3072	2048	1	62	400	0.28950
3072	2048	1	120	250	6.10514
3072	2048	1	260	292	2.60391
3072	2048	1	328	240	2.37368
3072	2048	1	436	186	0.00000
3072	2048	1	86	118	2.01690
3072	2048	1	228	122	3.90261
3072	2048	1	334	136	2.75944
3072	2048	1	406	66	3.48389
3072	2048	1	480	106	0.00000
3584	2048	1	66	82	2.23294
3584	2048	1	170	122	0.00000
3584	2048	1	256	90	3.67410
3584	2048	1	396	106	5.99770
3584	2048	1	460	62	0.00000
3584	2048	1	398	214	5.18823
3584	2048	2	510	206	0.00000
3584	2048	2	512	152	0.00000
3584	2048	2	228	22	0.00000
3072	2048	1	120	16	4.70219
3072	2560	2	432	140	0.00000
3072	2560	2	462	196	0.00000
3072	2560	2	318	26	0.00000
3072	2560	2	258	12	0.00000
3072	2560	1	402	512	0.00000
3584	2048	1	512	380	5.57807
3072	3072	1	246	144	5.96143
3072	3072	1	342	156	0.43641
3072	3072	1	438	80	3.70309
3072	3072	1	178	218	2.30361
3072	3072	1	78	178	5.60718
3072	3072	1	48	274	2.53651
3072	3072	1	416	194	4.21102
3584	3072	1	26	62	4.03765
3584	3072	1	128	84	2.80113
3584	3072	1	250	66	3.94826
3584	3072	1	368	86	5.87504
3584	3072	1	472	86	3.19131
3584	3072	1	288	222	4.87609
3584	3072	2	260	144	0.00000
3584	3072	2	356	320	0.00000
3584	3072	1	98	204	3.15167
3584	3072	1	50	206	0.00000
3584	3072	1	34	324	2.85619
3072	3072	1	444	256	1.35970
3072	3072	1	362	314	5.05434
3072	3072	1	282	352	2.33498
3072	3072	1	220	392	5.79013
3072	3072	1	200	458	2.58758
3072	3584	1	136	2	2.38575
3072	3584	1	76	40	2.10859
3072	3584	1	92	134	1.48221
3072	3072	1	482	356	5.60112
3584	3072	1	84	376	3.67740
3584	3072	1	228	334	1.17436
3584	3072	1	282	380	1.41706
3584	3072	1	448	376	6.10063
3584	3072	1	394	446	0.00000
3584	3072	1	318	492	0.30588
3584	3072	1	208	464	1.82335
3584	3072	1	72	484	0.92906
3072	3072	1	464	448	1.18392
3072	3072	1	328	504	4.01057
3072	3584	1	266	104	6.22355
3072	3584	1	384	114	4.17896
3584	3584	1	50	66	0.93248
3584	3584	1	204	34	2.14151
3584	3584	1	200	106	5.09974
3584	3584	1	402	80	5.99694
3584	3584	1	344	134	2.68653
3584	3584	1	286	192	5.47346
3584	3584	1	166	202	4.11115
3584	3584	1	96	154	0.39957
3584	3584	1	8	192	3.39056
3072	3584	1	460	156	3.58906
3072	3584	1	354	190	4.63921
3072	3584	1	176	230	0.55546
3072	3584	1	238	270	0.19240
3072	3584	1	316	316	0.00000
3072	3584	1	378	334	0.00000
3072	3584	1	470	340	5.97751
3584	3584	1	38	296	0.87133
3584	3584	1	178	280	2.02600
3584	3584	1	462	134	0.00000
3584	3584	1	428	244	2.82776
3584	3584	1	364	306	5.63637
3584	3584	1	148	330	4.98758
3072	3584	1	154	332	1.58842
3072	3584	1	56	350	0.17130
3072	3584	1	40	216	2.32648
3072	3584	1	94	450	0.86217
3072	3584	1	226	446	0.49067
3072	3584	1	320	466	5.08964
3072	3584	1	482	452	5.17330
3584	3584	1	84	408	5.85929
3584	3584	1	298	350	5.56502
3584	3584	1	468	372	5.54234
3584	3584	1	326	408	0.72912
3584	3584	1	338	486	1.31111
3072	3072	1	170	70	3.82926
3072	3072	1	60	36	2.73249
3072	3072	2	390	46	0.00000
3072	3072	1	40	414	0.00000
3584	3584	2	512	48	0.00000
3584	3584	2	246	452	0.00000
3584	3584	2	162	458	0.00000
2048	3072	1	10	0	0.00000
2048	3072	1	156	12	0.95557
2048	3072	1	288	58	4.09875
2048	3072	1	450	34	1.71661
2560	3072	1	20	100	0.75170
2560	3072	2	128	82	0.00000
2560	3072	1	202	38	0.43801
2560	3072	1	370	86	4.33944
2560	3072	1	462	180	3.93954
2560	3072	1	332	166	1.20408
2560	3072	2	342	244	0.00000
2560	3072	2	244	124	0.00000
2560	3072	1	104	154	4.56119
2560	3072	2	104	234	0.00000
2048	3072	1	360	140	5.81954
2048	3072	1	422	246	3.72852
2048	3072	1	286	188	5.74517
2048	3072	1	188	174	4.00081
2048	3072	1	142	120	0.89718
2048	3072	1	62	242	2.16142
2048	3072	1	134	362	0.27646
2048	3072	2	292	276	0.00000
2048	3072	1	374	338	5.37572
2048	3072	1	510	370	2.18882
2560	3072	1	126	332	0.00000
2560	3072	1	260	332	0.59363
2560	3072	1	412	378	3.62391
2560	3072	1	378	292	4.47082
2048	3584	1	84	10	0.57531
2048	3072	1	274	388	3.69014
2048	3072	2	156	470	0.00000
2048	3072	1	338	494	0.23986
2048	3072	1	426	476	5.81309
2048	3072	2	496	444	0.00000
2560	3072	2	90	438	0.00000
2048	3072	2	42	366	0.00000
2048	3072	2	228	270	0.00000
2048	3584	1	210	50	5.27313
2048	3584	1	404	142	3.03939
2048	3584	1	270	200	5.68401
2048	3584	2	128	228	0.00000
2048	3584	1	318	120	2.39179
2048	3584	1	348	324	0.00000
2048	3584	1	506	136	1.11282
2048	3584	1	448	294	0.34098
2048	3584	1	260	330	0.51215
2560	3072	1	218	456	0.00000
2560	3584	1	176	44	5.65338
2560	3072	1	284	504	5.79334
2560	3584	1	360	2	5.19883
2560	3584	1	242	124	1.15839
2560	3584	1	398	134	1.81508
2560	3584	1	494	96	2.73147
2560	3584	1	54	248	5.83761
2560	3584	1	118	184	2.91781
2560	3584	1	286	186	1.49101
2560	3584	1	448	234	2.86611
2560	3584	1	512	198	2.15398
2560	3584	1	494	416	2.78311
2560	3584	1	382	302	5.57405
2048	3584	1	38	432	0.15432
2560	3584	1	280	304	3.90204
2560	3584	1	314	386	0.00000
2560	3584	1	82	414	1.61126
2560	3584	1	166	288	3.18128
2048	3584	1	0	180	0.74488
2048	3584	1	262	446	6.12281
2048	3584	1	508	462	5.87829
2560	3584	1	186	484	2.31674
2560	3584	1	240	432	2.16066
2560	3584	1	410	418	2.35038
2048	3584	1	442	432	6.06120
2048	3584	1	398	512	5.99621
2048	3584	1	224	252	2.08832
