1536	2560	1	52	436	5.22449
1024	2560	1	454	400	2.49392
1024	2560	1	374	498	1.62075
1024	2560	1	328	314	5.17604
1024	2560	1	42	408	0.00000
1024	2560	1	490	298	1.98055
1536	2560	1	92	230	2.56729
1024	2560	1	134	374	5.34119
1536	2560	1	272	370	1.00720
1536	2560	1	348	476	1.44139
1024	2560	1	184	222	4.67381
1024	2560	1	282	424	0.00000
1536	2560	1	172	384	3.42965
1024	2560	1	22	288	0.95595
1536	2560	1	408	318	3.83268
1024	2560	1	218	278	1.27249
1024	2560	1	144	494	0.85085
1536	2560	2	470	420	0.00000
1536	2560	2	418	396	0.00000
1536	2560	1	210	176	0.54152
1536	2048	1	356	374	0.00000
1536	2560	1	184	80	1.08194
1536	2560	1	386	224	2.97037
1536	2560	1	470	246	6.19234
1536	2560	1	480	132	3.85779
1536	2560	1	418	82	3.67828
1536	2560	1	356	56	3.54754
1024	2560	1	490	72	0.50160
1536	2560	1	90	90	5.92379
1024	2560	1	370	168	3.64713
1024	2560	1	318	48	0.73235
1024	2560	1	84	128	3.40864
1536	2048	1	296	448	0.92468
1536	2048	1	456	378	2.98765
1536	2560	2	332	152	0.00000
1536	2560	1	298	252	5.60109
1536	2048	1	354	188	4.46741
1536	2048	1	340	58	0.38001
1536	2048	2	490	56	0.00000
1536	2048	1	492	132	5.20382
1536	2048	1	20	0	0.00000
1024	2048	1	350	4	0.00000
1024	2048	1	212	64	0.75262
1024	2048	1	234	354	0.50609
1536	2048	1	108	160	6.21598
1536	2048	1	208	122	0.00000
1536	2048	1	250	310	2.71481
1536	2048	1	174	410	3.24669
1536	2048	1	82	488	1.81795
1536	2048	1	96	362	3.58357
1536	2048	1	36	288	3.27784
1024	2048	1	492	222	3.45788
1024	2048	1	100	234	1.14660
1024	2048	1	40	68	5.26705
1024	2048	1	66	158	1.67567
1024	2048	1	108	34	5.43903
1536	2048	1	264	38	4.46225
1024	3584	1	146	452	0.00000
1024	3584	1	386	306	0.35117
1536	3584	1	46	458	0.54432
1024	3584	1	346	142	0.94181
1024	3584	1	66	182	4.81549
1536	3584	1	352	176	4.19633
1024	3584	1	80	320	2.63901
1024	3584	1	494	420	0.66795
1024	3584	1	88	86	0.74217
1024	3584	1	288	412	5.99148
1024	3584	1	482	258	2.09996
1536	3584	1	152	470	0.00000
1536	3584	1	392	234	4.24250
1536	3584	1	334	490	5.78613
1024	3584	1	190	356	0.00000
1024	3584	1	260	248	1.12222
1536	3584	1	132	256	3.52843
1024	3584	1	238	54	0.28482
1536	3584	1	472	418	2.03447
1536	3584	1	384	324	4.63424
1536	3584	1	212	328	6.04482
1536	3584	2	512	291	0.00000
1024	3072	1	436	502	3.38512
1536	3584	1	296	118	1.50794
1536	3584	1	184	140	2.30971
1536	3584	1	56	194	2.86269
1536	3584	1	38	102	0.88865
1536	3584	2	468	115	0.00000
1536	3072	2	384	457	0.00000
1536	3072	1	108	470	3.57151
1536	3072	1	214	494	6.10118
1536	3584	1	306	42	5.68146
1536	3072	1	440	418	2.94346
1536	3584	1	512	54	5.46889
1536	3072	1	384	348	0.30390
1536	3072	1	276	324	1.05923
1024	3072	1	178	410	2.06419
1536	3072	1	106	36	0.78479
1536	3072	1	442	246	5.34460
1024	3072	1	312	246	0.06364
1536	3072	1	218	46	0.00000
1024	3072	1	420	284	2.94831
1536	3072	1	116	266	2.88155
1536	3072	1	478	76	5.18097
1536	3072	1	396	36	0.53354
1024	3072	1	304	96	5.54462
1024	3072	1	404	144	2.60751
1536	3072	1	16	166	5.32101
1536	3072	1	404	138	2.33077
1536	3072	1	296	210	3.63815
1536	3072	1	252	142	3.64169
1024	3072	1	98	378	0.00000
1024	3072	1	204	326	5.83761
1024	3072	1	128	200	0.43784
1024	3072	1	238	196	2.99670
1024	3072	1	140	72	0.89449
1024	3072	2	118	4	0.00000
1024	3072	2	500	292	0.00000
1024	3072	1	346	430	0.00000
1024	3072	2	26	485	0.00000
1024	3072	2	466	39	0.00000
1536	3584	2	248	267	0.00000
1024	3072	1	22	200	2.28350
2048	2048	2	158	98	0.00000
2048	2048	1	100	62	0.00000
2048	2048	1	38	290	5.96722
2048	2048	2	32	160	0.00000
2048	2048	1	160	254	5.44674
2048	2048	1	398	182	0.57790
2048	2048	1	290	280	5.99746
2048	2048	1	394	350	0.23309
2048	2048	2	414	290	0.00000
2048	2048	2	172	360	0.00000
2048	2048	1	164	406	6.02173
2048	2048	1	56	476	0.00000
2560	2048	1	14	176	6.18744
2560	2048	1	22	18	1.48493
2560	2048	2	128	20	0.00000
2560	2048	1	82	114	1.93174
2560	2048	1	188	138	0.00000
2560	2048	1	120	266	0.00000
2560	2048	1	238	232	5.60399
2560	2048	1	304	126	0.00000
2560	2048	1	406	144	4.50837
2560	2048	2	440	66	0.00000
2048	2560	1	48	152	0.00000
2048	2560	1	156	74	1.18764
2048	2048	1	300	352	5.91974
2048	2048	1	216	496	1.75596
2048	2048	1	394	484	5.72059
2048	2560	2	414	54	0.00000
2560	2048	1	494	202	0.66370
2560	2048	1	328	310	1.00407
2560	2048	1	458	344	1.18019
2048	2048	1	494	400	4.92314
2560	2048	1	84	404	4.19988
2560	2048	1	192	446	5.74456
2560	2560	1	92	28	2.11122
2048	2560	1	448	130	3.61191
2048	2560	1	290	104	4.98656
2048	2560	2	386	120	0.00000
2560	2560	1	450	92	3.45540
2560	2048	1	420	428	5.65931
2560	2560	1	374	10	6.01224
2560	2048	2	286	392	0.00000
2560	2560	1	240	24	1.48272
2560	2560	1	132	178	3.73714
2560	2560	1	234	118	0.52609
2560	2560	1	304	174	1.04450
2560	2560	1	390	258	4.18246
2048	2560	1	504	248	1.21270
2048	2560	1	136	238	3.28814
2048	2560	1	242	304	3.74733
2048	2560	2	320	420	0.00000
2048	2560	2	196	420	0.00000
2048	2560	2	168	374	0.00000
2048	2560	1	354	336	0.80667
2048	2560	1	490	378	5.80525
2560	2560	2	468	328	0.00000
2560	2560	2	322	482	0.00000
2048	2560	2	468	488	0.00000
2560	2560	2	14	494	0.00000
2048	2560	2	318	204	0.00000
2560	2560	2	18	166	0.00000
2560	2560	1	164	304	5.09290
2560	2560	1	294	350	5.81954
2560	2560	1	74	444	0.00000
2048	2560	1	34	418	0.00000
2560	2560	1	174	420	6.12135
2048	2560	1	252	486	2.19105
2048	2560	1	384	482	0.00000
2560	2560	1	448	410	5.28405
2048	2560	2	228	156	0.00000
2048	2560	2	164	152	0.00000
2048	2560	2	82	512	0.00000
2560	2560	1	254	478	2.85209
3584	2560	1	226	20	0.00000
3584	2560	1	374	400	5.49252
3584	2560	1	512	8	3.25225
3584	2560	1	512	456	0.76507
3584	2560	1	512	242	3.50092
3584	2560	1	454	52	2.98702
3584	2560	1	134	262	3.20816
3072	2048	1	450	424	3.12032
3584	2560	1	416	328	5.67502
3584	2560	1	340	88	0.62025
3072	2560	1	480	346	3.12288
3584	2560	1	92	456	0.00000
3584	2560	1	280	456	2.71854
3584	2560	1	176	400	5.42259
3584	2560	1	38	368	0.00000
3584	2048	1	94	408	4.09962
3584	2560	1	150	106	3.10315
3072	2048	1	326	480	2.34181
3584	2560	1	332	226	0.57394
3584	2048	1	50	328	0.67058
3584	2048	1	374	454	2.81371
3584	2560	1	412	138	2.78304
3584	2560	1	254	334	1.62529
3584	2560	1	162	452	0.00000
3584	2560	1	218	188	0.00000
3584	2560	1	512	360	3.78416
3584	2048	1	220	258	4.61311
3584	2560	2	372	492	0.00000
3584	2560	2	354	448	0.00000
3072	2560	2	474	190	0.00000
3072	2560	1	108	178	0.78816
3584	2560	1	24	508	0.48740
3072	2560	1	372	486	0.00000
3072	2560	1	336	250	3.18485
3584	2560	1	36	178	0.45545
3072	2560	1	476	272	3.84326
3584	2560	1	16	68	1.90508
3072	2560	1	74	56	3.88668
3072	2560	1	218	2	0.00000
3072	2560	1	236	190	1.02754
3072	2560	1	256	296	3.19914
3072	2560	1	442	418	5.55261
3072	2560	2	152	412	0.00000
3072	2560	2	446	114	0.00000
3072	2560	1	340	132	1.53615
3072	2560	2	152	84	0.00000
3072	2560	2	320	14	0.00000
3072	2560	2	276	28	0.00000
3584	2048	1	120	508	4.24341
3072	2560	1	458	40	4.23136
3072	2048	1	40	444	4.35188
3072	2048	1	56	314	4.94035
3072	2048	1	208	392	4.61272
3072	2048	1	316	352	2.23741
3584	2048	1	376	62	0.00000
3584	2048	1	476	22	0.00000
3584	2048	1	512	104	0.49320
3584	2048	1	400	216	5.40514
3584	2048	1	212	0	0.00000
3584	2048	1	68	52	3.32748
3584	2048	1	262	78	3.83633
3584	2048	1	150	118	0.00000
3072	2048	1	492	304	3.40438
3072	2048	1	398	242	2.89795
3072	2048	1	322	264	2.83738
3072	2048	1	378	76	4.63256
3072	2048	1	72	42	0.00000
3072	2048	1	16	168	0.00000
3072	2048	1	228	36	4.20729
3072	2048	1	240	110	4.70164
3072	2048	1	114	176	5.25702
3584	3072	1	304	52	4.40938
3072	3584	1	32	398	4.98851
3072	3584	1	152	488	2.66092
3584	3584	1	296	512	4.71864
3584	3584	1	486	302	1.93238
3584	3584	1	10	512	3.32049
3584	3584	1	418	326	2.53269
3584	3072	2	364	330	0.00000
3584	3584	1	76	440	6.19217
3072	3584	1	10	478	1.11535
3072	3584	1	442	440	1.14356
3584	3584	1	140	428	2.88185
3072	3584	1	246	512	3.33867
3584	3072	2	14	206	0.00000
3072	3072	2	432	252	0.00000
3584	3584	1	446	394	1.57287
3072	3584	1	372	488	1.70711
3584	3584	1	420	454	2.24206
3072	3584	1	300	448	3.17858
3072	3584	2	124	144	0.00000
3584	3584	1	276	434	4.59087
3584	3584	1	280	356	1.27975
3584	3072	1	204	44	3.86849
3584	3072	2	220	154	0.00000
3584	3072	2	314	108	0.00000
3584	3072	2	364	62	0.00000
3584	3072	1	444	58	0.08316
3072	3584	2	120	370	0.00000
3584	3584	1	20	348	1.07604
3072	3584	1	156	274	0.09261
3072	3584	1	392	356	3.30842
3072	3584	1	498	290	0.99785
3072	3584	1	410	258	5.79580
3584	3584	1	470	226	5.12239
3584	3584	1	290	256	0.23805
3584	3584	1	356	224	3.59619
3072	3584	1	30	282	2.29082
3072	3584	1	228	310	0.90889
3072	3584	1	316	322	0.82882
3072	3584	1	320	212	0.38790
3584	3584	1	134	152	2.72760
3584	3584	1	96	238	2.99931
3584	3584	1	402	94	3.46059
3584	3584	1	234	134	0.66938
3072	3584	1	238	156	5.77772
3584	3584	1	18	134	2.04685
3584	3584	1	308	108	2.91487
3072	3584	1	488	210	1.59886
3072	3584	1	158	66	3.27136
3584	3584	1	512	122	0.00000
3584	3584	1	466	32	0.00000
3584	3584	1	380	6	0.60234
3584	3072	1	478	432	5.23909
3072	3072	2	244	456	0.00000
3584	3584	1	188	60	1.37323
3072	3584	1	418	134	2.11030
3072	3584	1	280	54	5.40033
3072	3584	1	408	28	3.75098
3072	3584	1	496	22	3.34176
3072	3072	1	298	446	3.96509
3584	3584	1	78	18	1.36289
3072	3072	1	98	450	2.71957
3072	3584	1	18	28	0.75494
3072	3072	1	172	414	3.51986
3072	3072	1	58	310	1.75028
3584	3072	1	378	258	2.21545
3584	3072	1	458	240	5.92103
3584	3072	1	512	210	5.82885
3584	3072	1	160	478	2.17597
3584	3072	1	280	470	3.81265
3584	3072	1	364	418	5.55006
3584	3072	1	296	320	0.26733
3584	3072	1	232	218	1.41648
3584	3072	1	478	344	1.94507
3584	3072	1	188	390	5.62749
3584	3072	1	100	238	0.53951
3072	3072	1	438	430	4.69868
3584	3072	1	48	392	2.99367
3584	3072	1	118	360	3.31805
3584	3072	1	104	118	1.93927
3584	3072	1	2	24	0.63694
3584	3072	2	219	279	0.00000
3072	3072	1	418	316	2.98458
3072	3072	1	104	64	3.22111
3072	3072	1	0	54	4.81646
3072	3072	1	494	314	3.23450
3072	3072	1	500	162	0.58749
3072	3072	1	384	0	6.00726
3072	3072	1	278	214	2.29827
3072	3072	1	304	122	5.61636
3072	3072	1	206	52	0.32897
2048	3072	1	350	252	0.00000
2560	3072	1	256	166	6.19253
2048	3072	1	258	158	5.71259
2048	3072	1	142	106	1.82632
2048	3072	1	58	182	4.21952
2048	3072	1	96	246	0.76546
2048	3072	2	190	228	0.00000
2048	3072	2	212	276	0.00000
2048	3072	2	282	282	0.00000
2048	3072	2	190	328	0.00000
2048	3072	2	54	378	0.00000
2560	3072	2	140	78	0.00000
2560	3072	2	90	232	0.00000
2560	3072	2	342	244	0.00000
2048	3072	1	478	198	3.93088
2048	3072	1	374	12	0.33420
2048	3072	1	272	30	2.17502
2048	3072	1	450	60	0.80573
2560	3072	1	14	100	1.70491
2560	3072	1	420	298	3.74799
2560	3072	1	442	150	3.86558
2560	3072	1	350	100	3.33607
2560	3072	1	478	48	4.41207
2560	3072	1	268	26	3.26521
2048	3072	1	112	512	5.04442
2048	3072	1	134	424	5.02497
2048	3072	1	392	392	3.55131
2048	3072	1	284	374	0.68424
2560	3072	1	156	268	3.89686
2560	3072	1	22	476	1.68587
2560	3072	2	90	432	0.00000
2560	3072	1	180	392	4.56195
2048	3584	1	142	188	3.35634
2048	3072	1	468	390	3.75426
2560	3072	1	378	496	4.78212
2560	3072	1	476	404	1.29607
2048	3584	1	466	68	1.33758
2560	3584	1	28	104	0.88507
2560	3072	1	132	508	0.51224
2560	3072	1	228	452	6.20436
2048	3584	1	4	60	5.15991
2048	3072	1	250	482	4.29158
2048	3584	1	336	96	5.63968
2048	3584	2	372	24	0.00000
2048	3584	1	216	44	5.70419
2560	3584	1	166	98	3.97253
2560	3584	1	312	44	4.65186
2560	3584	1	466	130	5.47346
2560	3584	1	318	168	4.65210
2048	3584	1	188	266	0.00000
2048	3584	1	396	204	1.91969
2048	3584	1	378	318	0.00000
2048	3584	1	460	342	0.46577
2560	3584	1	50	382	5.23237
2048	3584	1	508	460	1.70546
2048	3584	1	202	422	0.00000
2048	3584	1	76	388	6.05982
2560	3584	1	352	302	0.31384
2560	3584	1	200	396	5.63148
2560	3584	1	146	466	6.15480
2560	3584	1	94	250	3.62227
2560	3584	1	46	200	0.36002
2560	3584	1	202	214	1.77610
2560	3584	1	176	296	1.43689
2560	3584	1	274	106	1.50111
2560	3584	1	266	368	0.35224
2560	3584	1	418	360	3.98041
2048	3584	1	332	428	5.73464
2048	3584	1	34	278	0.52564
2048	3584	1	36	142	2.01317
2560	3584	1	330	512	5.82347
