1024	2048	1	474	234	2.68879
1024	2048	2	210	77	0.00000
1024	2048	1	164	216	4.15621
1536	2048	1	44	90	5.25834
1024	2048	1	260	368	0.31167
1024	2048	1	128	394	0.28161
1024	2560	1	60	24	4.05435
1024	2048	2	20	380	0.00000
1024	2048	2	258	21	0.00000
1536	2048	2	4	19	0.00000
1536	2048	1	190	68	0.47340
1536	2048	1	150	222	1.48894
1536	2048	1	184	444	4.82581
1536	2048	2	210	139	0.00000
1536	2048	1	274	98	5.53094
1536	2048	1	390	48	4.28155
1536	2048	2	500	68	0.00000
1536	2048	1	302	252	0.00000
1536	2048	1	340	476	4.23985
1536	2048	1	422	290	3.15440
1536	2560	1	430	190	0.82162
1536	2048	1	510	266	5.77303
1536	2048	2	240	364	0.00000
1024	2560	1	254	42	1.12690
1024	2560	1	398	4	1.91889
1536	2560	1	10	28	3.58631
1536	2560	1	62	128	0.76810
1536	2560	1	178	74	2.97486
1536	2048	1	310	362	4.12130
1536	2048	1	480	422	0.94746
1024	2560	2	80	194	0.00000
1024	2560	1	48	134	4.17982
1024	2560	1	366	152	0.44649
1024	2560	1	228	234	4.95511
1536	2560	1	292	102	1.06846
1536	2560	1	512	96	0.00000
1024	2560	2	159	241	0.00000
1024	2560	1	154	376	0.00000
1024	2560	1	284	310	1.09257
1024	2560	1	52	414	2.44591
1536	2560	1	56	306	0.62298
1024	2560	1	200	492	4.73361
1024	2560	1	412	488	3.14893
1536	2560	1	259	249	0.00000
1536	2560	1	354	278	0.61170
1024	2560	1	500	486	2.38956
1536	2560	1	96	432	2.26583
1536	2560	1	264	480	2.55004
1536	2560	1	402	434	5.31665
1536	2560	1	386	358	1.24883
1536	2560	1	412	498	1.85851
1024	3584	1	152	428	0.00000
1024	3584	1	20	482	5.39417
1536	3584	1	436	406	5.81524
1024	3584	1	260	504	0.82359
1024	3584	1	278	382	5.54672
1024	3584	1	418	272	5.85656
1536	3584	1	240	496	0.32939
1024	3584	1	198	264	1.65653
1536	3584	1	196	408	0.31093
1536	3584	1	370	508	0.32720
1536	3584	1	446	516	6.02840
1536	3584	1	462	138	3.15310
1536	3584	1	152	294	0.84467
1024	3584	1	488	220	5.42259
1536	3584	1	310	216	3.16063
1536	3584	1	416	240	3.11538
1536	3584	1	82	158	1.02041
1536	3584	1	158	140	0.07364
1536	3584	1	512	188	1.46583
1536	3584	2	254	264	0.00000
1536	3584	2	398	118	0.00000
1024	3584	1	334	212	3.27130
1024	3584	1	30	116	6.04864
1024	3584	1	84	52	5.65726
1024	3584	1	252	26	0.44395
1024	3584	2	302	88	0.00000
1024	3072	1	4	444	5.79964
1024	3072	1	70	424	0.00917
1024	3072	1	176	488	4.65363
1024	3584	1	352	52	2.57792
1024	3584	1	474	88	2.67435
1536	3584	1	96	58	0.99975
1536	3584	1	190	50	6.08060
1536	3072	1	286	512	3.47157
1536	3072	1	512	480	1.63962
1536	3072	1	352	400	5.56638
1536	3072	1	168	434	5.45687
1024	3072	1	400	474	2.53264
1536	3072	1	102	456	2.32122
1536	3072	1	16	486	5.72589
1024	3072	1	512	362	4.80158
1024	3072	1	136	404	2.32779
1024	3072	1	60	258	0.59732
1024	3072	1	48	160	0.82175
1024	3072	1	140	70	2.09887
1024	3072	1	186	146	1.61613
1536	3072	1	422	188	1.39127
1536	3072	1	392	86	5.57017
1536	3072	1	444	36	2.06340
1536	3072	1	512	232	3.62364
1536	3072	1	410	284	0.83845
1536	3072	1	272	332	3.89389
1536	3072	1	294	212	3.90438
1536	3072	1	194	244	5.80391
1536	3072	1	98	254	0.00000
1536	3072	1	244	110	3.20226
1536	3072	1	196	64	0.31058
1536	3072	1	114	124	3.10827
1536	3072	1	54	62	3.23772
1536	3072	1	2	166	3.73313
1024	3072	2	498	302	0.00000
1024	3072	1	402	274	0.40738
1024	3072	1	464	112	4.18998
1024	3072	1	410	24	2.88334
1024	3072	2	368	84	0.00000
1024	3072	1	216	40	5.68984
1024	3072	1	318	112	5.65933
1024	3072	1	236	354	6.20516
1024	3072	1	308	282	0.22503
1024	3072	1	134	288	2.36941
1024	3072	1	210	246	1.39656
2048	2048	1	70	122	4.76083
2048	2048	1	304	62	0.57674
2048	2048	1	410	56	0.42323
2048	2048	2	492	56	0.00000
2048	2560	2	320	208	0.00000
2048	2048	1	114	252	2.35270
2048	2048	1	248	312	0.00000
2048	2048	1	474	366	6.21888
2560	2048	1	76	378	5.82423
2560	2048	1	126	248	5.78185
2560	2048	1	78	112	3.32588
2048	2048	1	484	170	1.74271
2560	2048	1	210	112	0.00000
2560	2048	1	306	84	0.00000
2560	2048	1	420	60	0.73250
2560	2048	1	416	364	1.86087
2560	2048	1	372	216	2.50356
2560	2048	1	480	242	0.00000
2048	2048	1	388	476	1.27859
2048	2048	1	190	464	2.49898
2048	2560	1	186	64	3.93972
2048	2048	1	66	450	3.21694
2560	2048	1	164	468	2.93964
2560	2048	1	234	392	0.21826
2560	2560	1	430	30	2.00098
2560	2560	1	478	162	5.76742
2560	2560	1	396	196	5.76069
2560	2560	1	186	150	0.00000
2560	2560	1	316	78	3.85018
2560	2560	1	86	120	2.66057
2048	2560	1	434	100	0.00000
2048	2560	1	286	110	4.28308
2048	2560	1	132	200	2.88854
2048	2560	1	68	94	3.72090
2560	2560	1	2	244	2.51063
2560	2560	1	118	284	2.55290
2048	2560	1	252	422	2.71452
2048	2560	1	270	330	5.19229
2048	2560	1	78	316	5.26826
2048	2560	1	134	468	4.83755
2048	2560	1	376	476	0.91403
2560	2560	1	88	396	5.78507
2560	2560	2	14	160	0.00000
2560	2560	2	254	4	0.00000
2048	2560	2	222	152	0.00000
2048	2560	2	444	318	0.00000
2048	2560	2	512	316	0.00000
2560	2560	2	464	324	0.00000
2560	2560	1	290	220	2.72733
2560	2560	1	252	340	6.03353
2560	2560	1	348	386	3.11237
2560	2560	1	442	404	5.76730
2048	2560	1	386	222	2.82445
2560	2560	2	312	492	0.00000
3584	2048	1	248	82	3.95077
3584	2048	1	226	0	0.00000
3584	2048	1	42	0	0.00000
3584	2048	1	140	110	0.00000
3072	2048	1	502	82	5.42991
3072	2048	1	354	76	4.67467
3072	2048	1	130	50	2.14325
3072	2048	1	242	46	3.26086
3584	2048	1	390	114	0.00000
3584	2048	1	472	60	0.00000
3584	2048	1	364	230	5.36843
3072	2048	1	268	134	4.84792
3072	2048	1	22	122	1.58838
3072	2048	1	122	204	3.28349
3072	2048	1	424	194	3.96350
3072	2048	1	458	270	4.24198
3584	2048	1	86	278	3.97325
3584	2048	1	302	346	4.44241
3072	2048	1	376	354	5.41930
3072	2048	1	294	248	1.00806
3072	2048	1	166	294	1.35692
3072	2048	1	34	242	3.03570
3072	2048	1	190	366	2.72400
3072	2048	1	268	436	0.00000
3584	2048	1	16	370	5.28764
3584	2048	1	130	390	0.00000
3072	2048	1	14	442	3.46015
3072	2048	1	114	440	0.00000
3072	2560	1	146	20	0.91585
3072	2048	1	486	438	5.13482
3584	2048	1	108	490	5.09926
3584	2560	1	226	32	2.82797
3584	2048	1	328	480	4.40360
3584	2048	1	512	108	0.00000
3584	2560	1	512	12	5.36347
3584	2560	1	390	74	5.36117
3584	2560	1	170	82	5.27037
3072	2048	1	410	486	4.21409
3072	2560	1	238	98	5.87742
3072	2560	1	68	136	1.27461
3072	2560	1	494	78	2.05424
3584	2560	1	106	132	2.12548
3072	2560	1	496	160	5.43266
3072	2560	1	356	148	0.00000
3072	2560	1	418	220	3.62567
3072	2560	1	232	262	0.69866
3072	2560	1	128	278	2.97675
3072	2560	1	318	282	3.00038
3584	2560	1	250	214	0.00000
3584	2560	1	318	218	0.00000
3584	2560	1	432	186	5.46159
3584	2560	1	144	236	4.77413
3072	2560	1	432	310	3.68257
3072	2560	1	234	472	2.43268
3072	2560	1	314	430	2.54703
3584	2560	1	52	336	2.76829
3584	2560	1	140	300	1.39612
3584	2560	2	234	312	0.00000
3584	2560	1	364	314	1.01840
3584	2560	1	400	416	2.86036
3584	2560	2	334	434	0.00000
3584	2560	1	500	322	2.16846
3584	2560	1	22	474	2.51035
3584	2560	1	220	454	4.01698
3072	2560	1	428	466	2.62725
3072	2560	1	52	342	3.60231
3584	2560	1	364	512	2.49420
3584	2560	1	506	442	2.05021
3072	2560	1	68	512	3.17039
3072	3072	1	78	204	0.41996
3072	3072	1	398	66	6.00316
3072	3072	1	146	220	3.66423
3072	3072	1	246	54	0.69045
3072	3072	1	2	176	0.20750
3072	3072	1	152	56	0.19697
3072	3072	1	74	64	3.11204
3072	3072	1	434	0	5.97614
3584	3072	1	70	86	5.44330
3072	3072	1	64	366	4.01497
3072	3072	1	50	466	2.07491
3072	3584	1	16	26	0.87019
3072	3584	1	98	50	4.26472
3584	3584	1	182	454	0.23678
3584	3584	1	420	478	3.09998
3584	3584	1	512	512	3.38511
3072	3584	1	46	498	5.97129
3072	3584	1	178	408	2.80629
3584	3584	1	260	376	5.94531
3584	3584	1	398	274	5.44569
3072	3584	1	44	360	1.68962
3072	3584	1	66	420	1.77747
3072	3584	1	370	430	1.26486
3072	3584	1	494	460	6.21474
3584	3584	1	80	412	5.61447
3584	3584	1	298	302	5.75926
3584	3584	2	392	374	0.00000
3584	3584	2	452	218	0.00000
3072	3584	1	472	346	1.52380
3072	3584	1	322	334	2.76408
3584	3584	1	146	352	1.60079
3072	3584	1	238	384	5.92119
3072	3584	1	60	260	4.49319
3072	3584	1	98	128	1.65255
3072	3584	1	42	198	1.26365
3072	3584	1	170	210	2.36634
3072	3584	1	122	316	4.56470
3072	3584	1	272	234	3.72466
3584	3584	1	160	280	2.39781
3584	3584	1	200	244	2.38340
3072	3584	1	408	240	3.05883
3584	3584	1	114	190	0.54354
3072	3584	1	284	154	1.43170
3072	3584	1	248	48	1.85037
3072	3584	1	476	188	5.44345
3072	3584	1	370	68	5.42603
3072	3584	1	508	104	4.91378
3584	3584	1	328	190	4.61395
3584	3584	1	228	134	1.76754
3584	3584	1	414	98	3.17576
3584	3584	1	484	110	3.16880
3584	3072	1	494	324	2.48293
3584	3072	1	488	508	1.77163
3584	3072	1	478	416	5.19357
3584	3584	1	298	96	2.02107
3072	3072	1	156	360	2.70821
3072	3072	1	214	342	2.57542
3072	3072	1	308	260	0.52156
3072	3072	1	380	482	2.44861
3584	3584	1	106	46	3.10404
3584	3584	1	172	16	3.00488
3072	3072	1	450	430	4.99751
3072	3584	1	506	6	2.37132
3584	3072	1	68	462	1.99723
3584	3072	1	118	414	4.78332
3584	3072	2	380	368	0.00000
3584	3072	1	230	370	5.99997
3584	3072	1	330	420	1.92859
3072	3072	1	382	298	0.62799
3072	3072	1	492	328	2.18245
3584	3072	1	56	314	5.55812
3584	3072	1	384	266	5.24647
3584	3072	1	290	314	3.11741
3584	3072	1	124	264	0.00000
3584	3072	1	204	250	2.62848
3072	3072	1	428	196	4.33926
3584	3072	2	4	198	0.00000
3584	3072	1	56	186	6.21274
3584	3072	1	224	12	0.24500
3584	3072	1	288	12	0.00000
3584	3072	1	374	12	3.03723
3584	3072	1	500	110	1.56884
3584	3072	1	432	188	4.74436
3584	3072	1	342	122	4.51906
3584	3072	1	218	94	1.97620
3584	3072	1	240	178	4.94999
3584	3584	1	304	6	1.50827
3584	3584	1	512	384	5.40916
2560	3584	1	320	482	0.26625
2560	3584	1	248	480	5.96738
2560	3584	1	152	428	5.92743
2560	3584	1	86	422	0.00000
2048	3584	1	492	450	0.31323
2560	3584	1	486	512	0.51795
2560	3584	1	450	126	4.40453
2560	3584	1	352	388	2.41197
2560	3584	1	462	358	6.13070
2560	3584	1	382	270	2.91217
2048	3584	1	472	334	0.39363
2560	3584	1	24	512	0.00000
2560	3584	1	512	206	0.77962
2560	3584	1	390	82	1.34554
2560	3584	1	396	190	1.74519
2560	3072	1	464	348	2.91169
2560	3584	1	512	60	1.54427
2560	3072	1	512	460	1.56510
2560	3584	1	342	34	4.54779
2560	3584	1	404	512	3.61379
2560	3584	2	284	360	0.00000
2048	3584	1	362	112	4.93732
2048	3584	1	136	390	1.89112
2048	3584	1	398	496	0.17985
2560	3584	1	272	236	5.54486
2048	3584	1	122	484	6.13492
2560	3584	1	72	266	0.38051
2560	3584	1	272	120	2.46685
2048	3584	1	58	462	6.04087
2048	3584	1	260	264	0.22054
2048	3584	1	190	312	2.33579
2048	3584	1	330	310	0.43374
2560	3584	1	26	154	0.00000
2048	3584	1	332	494	0.00000
2048	3584	1	266	408	0.00000
2048	3584	1	392	212	2.07789
2048	3584	1	64	198	1.32954
2560	3584	1	174	164	3.88043
2560	3584	1	164	274	2.37251
2048	3584	2	366	36	0.00000
2048	3072	2	150	484	0.00000
2048	3072	2	198	332	0.00000
2560	3072	2	30	182	0.00000
2048	3072	2	432	238	0.00000
2560	3072	2	138	68	0.00000
2560	3072	2	220	136	0.00000
2560	3072	2	104	242	0.00000
2048	3072	2	308	422	0.00000
2048	3072	2	70	412	0.00000
2048	3584	2	130	242	0.00000
2048	3584	2	204	194	0.00000
2048	3584	1	244	106	0.50558
2048	3584	1	116	112	4.34084
2048	3584	1	102	48	1.08929
2048	3072	1	62	500	1.69515
2048	3072	1	214	410	5.03544
2048	3072	1	160	128	0.00000
2048	3072	1	60	152	5.30413
2048	3072	1	70	276	0.76019
2048	3072	2	186	234	0.00000
2048	3072	1	16	220	3.99907
2048	3072	1	308	296	2.81301
2560	3072	1	10	364	4.56148
2048	3072	1	430	464	3.23705
2560	3584	1	16	34	5.42102
2560	3584	1	142	30	5.96466
2560	3072	1	84	430	0.63390
2560	3072	1	72	272	1.61554
2560	3072	1	190	372	0.00000
2560	3072	1	386	410	2.63241
2560	3072	1	212	486	0.00000
2560	3072	1	286	438	2.48143
2048	3072	1	290	116	5.87077
2048	3072	1	378	142	5.73363
2048	3072	1	34	36	4.73366
2048	3072	1	436	32	0.43613
2560	3072	1	76	46	4.04906
2560	3072	1	242	282	2.03525
2560	3072	1	260	154	0.36575
2560	3072	1	226	38	3.46288
2560	3072	1	346	14	3.40203
2560	3072	1	388	320	2.26922
2560	3072	1	388	192	2.52739
2560	3072	1	470	70	2.17897
2560	3072	1	504	236	3.14063
2048	3072	2	206	22	0.00000
