1024	2048	1	84	164	4.77809
1024	2048	1	202	68	0.40195
1024	2048	1	266	14	0.20542
1024	2048	1	458	0	0.19105
1536	2048	1	16	8	0.33549
1536	2048	1	34	130	1.45485
1024	2048	1	468	216	2.77037
1024	2048	1	242	382	0.40517
1024	2048	1	138	350	1.01427
1024	2048	1	30	504	0.70075
1024	2048	1	10	390	0.00000
1536	2048	1	216	228	1.90954
1536	2048	1	164	46	5.75441
1536	2048	1	226	150	5.41127
1536	2048	1	244	48	0.00000
1536	2048	1	342	54	3.88762
1536	2048	1	512	0	2.63882
1536	2048	1	504	82	2.55604
1536	2048	1	418	128	1.66806
1536	2048	1	438	256	3.13908
1536	2048	1	502	242	6.18721
1536	2048	1	320	380	3.92285
1536	2048	1	234	362	3.11241
1536	2048	1	106	448	5.30437
1536	2048	1	4	454	2.36195
1024	2560	1	484	44	4.34453
1024	2560	1	248	42	1.08514
1024	2560	1	354	84	3.68273
1536	2560	1	92	110	0.49754
1536	2048	1	342	474	4.06985
1536	2048	1	492	386	5.28855
1536	2048	1	466	480	4.55483
1536	2560	1	316	82	0.23975
1536	2560	1	486	192	0.00000
1536	2560	1	262	236	0.00000
1536	2560	1	162	242	0.00000
1536	2560	1	374	168	3.86025
1536	2560	1	498	490	0.90733
1536	2560	1	402	434	2.08543
1536	2560	1	310	354	3.98498
1536	2560	1	62	266	0.64844
1536	2560	1	480	414	0.00000
1536	2560	1	310	490	0.95417
1536	2560	1	184	396	3.14379
1536	2560	1	66	434	5.25166
1536	2560	1	30	492	3.38739
1024	2560	1	358	484	4.65365
1024	2560	1	422	240	1.94232
1024	2560	1	270	214	4.44777
1024	2560	1	328	370	3.40374
1024	2560	1	194	410	2.94884
1024	2560	1	278	298	1.06525
1024	2560	1	220	508	1.01465
1024	2560	1	114	446	5.90073
1024	2560	1	36	464	5.91777
1024	2560	1	124	268	3.67915
1024	2560	1	82	188	0.00000
1024	2560	1	28	298	0.32666
1024	3072	1	158	278	2.54799
1024	3072	1	100	332	2.35619
1024	3584	1	108	54	0.64174
1024	3072	1	60	482	4.19214
1024	3072	1	236	94	4.01102
1024	3072	1	148	188	5.79063
1024	3072	1	184	38	4.10224
1024	3072	1	42	74	3.27324
1024	3072	1	468	150	3.00904
1024	3072	1	396	136	0.00000
1024	3072	1	336	90	3.06426
1024	3072	1	312	292	0.40621
1024	3072	1	248	256	0.28458
1536	3072	1	176	86	0.30432
1536	3072	1	330	102	3.03770
1536	3072	1	246	112	3.04944
1536	3072	1	74	74	0.59062
1536	3072	1	22	26	3.52511
1536	3072	1	412	142	0.17559
1536	3072	1	138	258	1.51924
1536	3072	1	38	350	0.00000
1536	3072	1	178	440	5.38350
1536	3072	1	298	394	4.48789
1536	3072	1	434	292	1.05121
1024	3072	1	430	364	1.33096
1024	3072	1	190	406	3.80578
1024	3072	1	314	436	1.76930
1024	3584	1	268	6	5.90486
1024	3584	2	272	104	0.00000
1536	3584	1	126	192	3.32504
1536	3072	1	278	480	3.13291
1536	3072	1	462	466	3.22649
1536	3072	1	94	508	0.04100
1536	3584	1	178	44	2.64494
1536	3584	1	364	164	0.90602
1536	3584	1	52	182	2.90182
1536	3584	1	74	88	1.49193
1536	3584	1	380	324	4.50341
1536	3584	1	494	328	5.77918
1536	3584	1	506	216	5.84783
1536	3584	1	292	188	2.85644
1536	3072	2	406	448	0.00000
1536	3584	2	466	114	0.00000
1536	3584	1	314	434	5.73019
1536	3584	1	466	442	0.00000
1536	3584	1	158	446	0.32318
1536	3584	1	232	516	0.18521
1536	3584	1	244	330	4.42145
1536	3584	1	106	304	5.00185
1024	3584	1	490	356	0.00000
1536	3584	1	22	490	1.87784
1024	3072	1	496	508	4.05126
1024	3072	1	414	502	4.56628
1024	3584	1	360	66	2.70918
1024	3584	1	466	132	5.84887
1024	3584	1	452	226	5.76078
1024	3584	1	334	206	3.25104
1024	3584	1	140	188	1.68145
1024	3584	1	124	302	4.30390
1024	3584	1	318	364	5.31134
1024	3584	1	124	438	0.42285
1024	3584	2	18	490	0.00000
1024	3584	2	378	472	0.00000
1024	3584	1	412	330	0.00000
1536	3072	2	512	402	0.00000
1536	3072	2	286	12	0.00000
2048	2560	1	126	162	3.45517
2048	2048	1	378	476	1.20312
2048	2560	1	240	90	4.80500
2560	2560	1	92	250	2.68781
2560	2560	1	186	224	3.51797
2048	2560	1	394	464	0.55189
2560	2560	1	324	268	2.28676
2560	2560	1	436	128	5.28258
2048	2560	1	92	20	0.82204
2048	2048	1	230	496	4.80158
2048	2048	1	276	294	5.88160
2560	2048	1	310	236	3.77448
2560	2048	1	496	440	3.49364
2560	2048	1	336	422	1.71049
2560	2560	1	342	176	4.69819
2048	2048	1	456	364	0.00000
2560	2560	1	230	76	4.82218
2560	2048	1	250	508	1.65753
2560	2560	1	384	394	3.65172
2048	2560	1	118	466	5.71244
2048	2560	1	102	356	4.42925
2560	2560	1	260	320	2.37262
2560	2560	1	126	462	3.23591
2560	2560	1	502	408	4.01189
2048	2560	1	294	350	4.29259
2048	2560	1	80	286	4.61874
2048	2048	1	38	402	5.28948
2048	2048	1	166	314	2.63508
2560	2048	1	478	178	4.93322
2560	2048	1	76	364	5.48938
2560	2560	1	24	410	1.27983
2560	2560	1	202	380	2.35292
2048	2560	2	196	418	0.00000
2048	2560	2	322	426	0.00000
2560	2560	2	2	316	0.00000
2048	2560	2	438	316	0.00000
2560	2560	2	470	328	0.00000
2560	2560	2	308	498	0.00000
2560	2560	2	12	154	0.00000
2048	2560	2	312	210	0.00000
2048	2560	2	404	56	0.00000
2048	2560	2	354	58	0.00000
2048	2560	2	228	160	0.00000
2048	2560	1	72	110	3.94510
2560	2560	1	476	62	2.44317
2560	2048	1	224	396	0.00000
2560	2048	1	376	322	4.44109
2560	2048	1	106	248	6.00921
2560	2048	1	66	124	3.51043
2048	2048	1	452	116	0.00000
2048	2048	1	262	184	1.47739
2048	2048	1	30	266	5.77760
2048	2048	1	10	466	4.39855
2560	2048	1	212	128	0.00000
2560	2048	1	310	94	0.00000
2560	2048	1	406	76	6.00474
2560	2048	1	510	34	3.81633
2048	2048	1	180	82	3.93842
2048	2048	1	282	48	0.24712
2560	2048	2	10	22	0.00000
2560	2560	2	114	332	0.00000
3584	2560	1	460	462	2.59936
3584	2560	1	468	388	4.49728
3584	2560	1	390	352	3.21229
3584	2560	1	324	420	3.64123
3072	2560	1	350	450	0.78697
3584	2560	1	290	332	3.52531
3584	2560	1	198	474	5.78568
3072	2560	1	32	346	4.13038
3584	2560	1	88	314	3.15172
3072	2560	1	60	456	4.02545
3584	2560	1	164	350	2.86007
3072	2560	1	306	364	3.98178
3072	2560	1	490	466	3.80652
3072	2560	1	480	376	1.68446
3584	2560	2	222	315	0.00000
3584	2560	2	366	467	0.00000
3584	2560	2	264	479	0.00000
3584	2560	2	158	495	0.00000
3584	2560	2	87	447	0.00000
3072	2560	2	165	411	0.00000
3072	2560	2	221	481	0.00000
3072	2560	2	245	401	0.00000
3072	2560	1	234	238	4.84853
3072	2560	1	124	190	3.54753
3584	2560	1	270	188	1.35479
3584	2560	1	16	258	3.09216
3584	2560	1	406	146	5.92604
3072	2560	1	332	240	2.93611
3584	2560	1	172	254	1.10746
3072	2560	1	424	244	2.95214
3584	2560	1	108	170	5.32217
3072	2560	1	480	80	1.42844
3584	2560	1	200	92	1.68885
3072	2048	1	132	258	1.69286
3072	2560	1	364	60	0.35042
3072	2048	1	228	350	2.29602
3072	2560	1	88	94	3.16274
3072	2560	1	222	34	2.10621
3072	2048	1	48	308	2.80016
3072	2560	1	292	140	4.11246
3072	2560	2	166	73	0.00000
3072	2048	2	32	405	0.00000
3072	2048	2	56	191	0.00000
3072	2048	1	342	426	2.31642
3072	2048	1	386	330	4.35331
3072	2048	1	236	232	5.16735
3584	2560	1	120	34	3.81694
3072	2048	1	480	464	4.02299
3584	2048	1	340	486	4.83026
3584	2048	1	260	338	4.98161
3584	2048	1	40	354	6.02621
3584	2048	1	330	324	4.57332
3584	2048	1	80	472	4.07397
3584	2048	1	150	352	0.00000
3584	2048	1	16	270	0.43972
3072	2048	1	478	216	0.19684
3072	2048	1	424	134	4.60512
3072	2048	1	268	128	0.63050
3072	2048	2	192	127	0.00000
3072	2048	1	212	54	1.63614
3072	2048	2	24	33	0.00000
3584	2048	1	44	70	4.93214
3584	2048	1	366	186	5.10351
3584	2048	1	384	262	5.48045
3584	2048	1	130	94	0.12849
3584	2048	1	246	122	3.41685
3584	2048	2	224	29	0.00000
3072	2048	1	410	6	2.98267
3584	2048	1	376	66	0.48151
3584	2048	1	464	54	5.97498
3072	2048	1	326	234	2.90427
3072	2048	2	118	167	0.00000
3072	2048	1	160	456	0.68619
3072	2560	2	314	9	0.00000
3584	2560	2	342	129	0.00000
3584	2560	2	408	245	0.00000
3584	2560	1	488	238	3.90122
3072	2560	2	16	9	0.00000
3072	2048	2	110	115	0.00000
3584	2048	1	512	128	5.94178
3072	3072	1	96	64	0.73288
3072	3072	1	92	160	1.21421
3072	3072	1	200	178	3.39865
3072	3072	1	238	256	0.49064
3072	3072	1	376	196	4.92830
3072	3072	1	402	76	5.76292
3584	3072	1	34	128	0.00000
3584	3072	1	130	58	4.85060
3072	3072	1	352	356	1.89029
3072	3072	1	476	296	4.08083
3072	3072	1	142	386	4.83381
3072	3072	1	270	374	5.59359
3072	3072	1	312	498	1.72783
3072	3072	1	456	408	3.46350
3584	3072	1	82	276	0.71964
3584	3072	1	186	250	6.24011
3584	3072	1	286	200	4.42370
3584	3072	1	300	102	5.05034
3584	3072	1	280	312	2.84383
3584	3072	1	374	274	5.07581
3584	3072	1	434	188	0.35754
3584	3072	1	448	62	4.15647
3072	3072	1	74	468	5.59388
3072	3584	1	82	48	4.20318
3072	3584	1	208	64	3.80956
3072	3584	1	150	156	5.45114
3072	3584	1	92	198	5.58259
3072	3584	1	352	158	1.84678
3072	3584	1	374	70	4.40644
3072	3584	1	484	74	0.46912
3584	3072	1	36	454	5.64029
3584	3072	1	198	406	4.51088
3584	3072	1	82	372	1.51293
3584	3584	1	240	30	3.10126
3584	3072	1	392	412	0.46716
3584	3072	1	306	424	0.43179
3584	3584	1	132	116	2.31228
3584	3584	1	290	162	4.48221
3584	3584	1	406	224	2.45494
3072	3584	1	312	262	0.49148
3584	3072	1	478	416	2.71232
3584	3584	1	356	30	3.13960
3584	3072	1	432	512	3.25054
3072	3584	1	74	394	3.70219
3072	3584	1	26	280	0.00000
3072	3584	1	510	244	3.80686
3072	3584	1	396	348	0.00000
3584	3584	1	474	116	1.90963
3584	3584	1	378	306	1.86680
3584	3584	1	178	250	2.36877
3584	3584	1	160	400	2.17790
3584	3584	1	272	412	5.52915
3072	3584	1	204	276	0.68218
3072	3584	1	266	406	0.90002
3072	3584	1	256	104	0.33442
3584	3584	2	352	428	0.00000
2048	3072	1	64	56	1.34631
2048	3072	1	46	156	0.51347
2048	3072	1	152	152	0.62273
2048	3072	2	188	224	0.00000
2048	3072	2	194	325	0.00000
2560	3072	2	6	184	0.00000
2048	3072	2	436	230	0.00000
2560	3072	2	138	76	0.00000
2560	3072	2	102	228	0.00000
2560	3072	2	220	134	0.00000
2560	3072	2	340	242	0.00000
2048	3072	2	166	472	0.00000
2048	3584	2	366	36	0.00000
2560	3072	2	46	442	0.00000
2048	3072	2	198	18	0.00000
2048	3072	1	290	84	6.13324
2048	3072	1	314	236	1.30780
2048	3072	1	376	134	5.63419
2048	3072	1	412	32	4.68800
2048	3072	1	504	92	3.70919
2560	3072	1	120	144	4.30750
2560	3072	1	102	12	3.92054
2560	3072	1	234	46	2.64765
2560	3072	1	390	30	4.78916
2560	3072	1	390	124	1.98441
2560	3072	1	512	100	3.19511
2560	3072	1	240	224	3.97487
2560	3072	1	420	226	1.11608
2048	3072	1	36	418	2.53973
2048	3072	1	84	376	2.88334
2048	3072	1	218	390	1.83705
2048	3072	1	308	390	2.29378
2048	3072	1	418	284	1.37759
2048	3072	1	432	356	4.71239
2560	3072	1	92	298	0.90602
2560	3072	1	228	314	1.24905
2560	3072	1	402	330	4.39064
2560	3072	1	512	268	4.14539
2560	3072	1	512	342	4.03831
2048	3584	1	40	64	3.54371
2048	3584	1	108	106	3.59909
2048	3584	1	24	230	5.03414
2048	3584	1	212	106	4.13808
2048	3072	1	398	508	2.14870
2048	3072	1	464	436	5.04734
2560	3072	1	114	402	5.17604
2560	3072	1	66	494	4.93106
2048	3584	1	508	70	1.34871
2560	3072	1	286	436	0.00000
2560	3072	1	456	456	5.21962
2560	3072	1	394	488	2.15880
2560	3072	1	222	474	0.00000
2560	3584	1	184	22	5.88466
2048	3584	1	408	168	6.04458
2560	3584	1	100	102	4.81878
2560	3584	1	362	78	2.86330
2560	3584	1	486	140	2.99022
2560	3584	1	196	156	4.46280
2560	3584	1	82	200	5.96143
2048	3584	1	478	238	3.67475
2048	3584	1	0	306	5.87343
2048	3584	1	268	226	5.91228
2048	3584	1	170	234	3.66487
2048	3584	1	226	326	1.83704
2048	3584	1	70	470	0.00000
2048	3584	1	140	482	0.00000
2048	3584	1	372	312	1.57920
2048	3584	1	302	512	0.00000
2048	3584	2	320	420	0.00000
2560	3584	1	438	238	2.50575
2560	3584	1	334	212	2.46508
2560	3584	1	282	232	5.72876
2560	3584	1	62	302	5.82809
2560	3584	1	150	314	3.04291
2560	3584	1	220	282	2.58546
2048	3584	1	378	464	0.24376
2048	3584	1	476	416	2.39592
2560	3584	1	40	422	5.85923
2560	3584	1	328	358	0.87944
2560	3584	1	414	368	0.78540
2560	3584	1	442	438	0.82885
2560	3584	1	462	512	1.02041
2560	3584	1	286	452	3.80656
2560	3584	1	12	512	3.06482
