1536	2560	1	58	512	2.58026
1024	2560	1	384	512	4.25732
1024	2560	1	442	398	2.33444
1536	2560	1	174	206	2.68306
1536	2560	1	64	428	5.24119
1024	2560	1	230	436	1.04058
1024	2560	1	164	218	4.43696
1024	2560	1	34	314	1.35066
1536	2560	1	416	222	0.49589
1536	2560	1	258	240	5.64472
1536	2560	1	336	332	3.45036
1024	2560	1	236	334	0.54240
1024	2560	1	222	290	1.83155
1536	2560	1	140	370	2.77211
1536	2560	1	410	422	2.37467
1536	2560	1	72	216	0.00000
1536	2560	1	280	510	5.73516
1536	2560	1	432	510	5.18639
1536	2560	1	512	492	2.77905
1536	2560	1	512	328	2.34964
1536	2560	1	462	92	1.50637
1536	2560	1	136	70	5.30201
1536	2560	1	270	110	4.04532
1024	2560	1	430	202	2.24204
1024	2560	1	500	316	1.38970
1024	2560	1	254	38	1.48057
1024	2048	1	98	444	0.00000
1024	2048	1	240	350	0.32464
1024	2048	1	442	232	2.56320
1024	2048	1	230	204	2.72034
1536	2048	1	152	346	0.93248
1536	2048	1	228	240	2.31338
1536	2048	1	344	120	1.97020
1536	2048	1	78	94	1.86702
1536	2048	1	214	392	0.56998
1536	2048	1	40	310	3.85203
1024	2048	1	486	506	4.12042
1024	2560	2	418	70	0.00000
1024	2560	2	116	168	0.00000
1024	2560	1	26	132	0.95301
1536	2048	1	412	442	3.11408
1536	2048	1	340	468	3.02029
1536	2048	1	274	410	3.30924
1536	2048	1	350	276	2.05331
1536	2048	1	440	250	6.14308
1536	2048	1	512	194	1.96898
1536	2048	1	382	30	4.41083
1536	2048	2	502	74	0.00000
1024	2048	2	204	82	0.00000
1024	2048	2	110	48	0.00000
1024	2048	2	264	18	0.00000
1536	2048	2	26	28	0.00000
1536	2560	2	512	192	0.00000
1536	2048	1	236	154	3.07274
1536	2048	1	194	20	2.32287
1024	2560	1	18	458	5.84983
1536	3072	1	230	420	0.52674
1024	3072	1	260	324	0.26538
1024	3072	1	180	234	0.51065
1024	3072	1	116	128	0.00000
1024	3072	1	208	50	0.70829
1024	3072	1	284	66	0.68263
1024	3072	1	312	176	3.74587
1024	3072	1	218	450	4.14659
1024	3584	1	232	126	0.00000
1024	3584	1	152	118	0.00000
1024	3584	1	54	178	5.88132
1024	3072	1	88	410	0.87558
1024	3072	1	506	92	0.80216
1536	3072	1	78	234	2.01443
1536	3072	1	188	198	4.96540
1536	3072	1	98	114	0.93307
1536	3072	1	326	148	0.95976
1536	3072	1	248	96	0.00000
1536	3072	1	406	242	4.93503
1536	3072	1	388	302	5.07116
1536	3072	1	254	300	5.02592
1536	3584	1	430	16	5.70958
1536	3072	1	356	402	3.35772
1536	3072	1	458	152	1.23862
1536	3072	1	54	448	0.49795
1024	3584	1	470	60	5.70424
1536	3584	1	116	182	5.45289
1536	3584	1	144	44	2.69199
1536	3584	1	424	168	0.58341
1024	3584	1	488	224	5.72062
1024	3584	1	318	172	1.14753
1536	3584	1	198	398	0.00000
1536	3584	1	408	386	5.53963
1024	3584	1	128	286	0.53972
1024	3584	1	52	24	5.71442
1536	3584	1	86	374	0.87432
1024	3584	1	62	352	0.26194
1024	3584	1	378	260	5.62676
1024	3584	1	386	54	2.54190
1024	3072	1	444	392	2.71273
1024	3072	1	330	474	0.60285
1536	3584	2	248	154	0.00000
2048	2048	1	420	106	3.74342
2560	2048	1	444	36	1.22106
2560	2048	1	410	250	1.13135
2560	2048	1	310	84	0.00000
2560	2048	1	412	166	1.37195
2560	2048	1	232	104	0.19807
2560	2048	1	238	422	0.61254
2560	2048	1	168	68	0.58457
2560	2048	1	512	404	3.51446
2560	2048	1	422	398	3.16366
2048	2048	1	496	322	5.57807
2048	2048	1	456	428	5.93703
2560	2048	1	176	340	0.23332
2560	2048	1	278	86	0.00000
2048	2048	1	390	332	0.00000
2560	2048	2	350	390	0.00000
2560	2048	2	302	408	0.00000
2048	2048	1	464	180	5.20478
2048	2048	2	512	74	0.00000
2048	2048	1	216	108	3.34042
2560	2560	1	486	124	1.41614
2560	2560	1	308	302	3.81517
2560	2560	1	270	92	2.98231
2048	2560	1	486	104	3.68269
2560	2560	1	412	512	2.65692
2560	2560	1	90	4	1.07771
2560	2560	1	92	408	0.93519
2560	2560	1	362	160	3.76327
2560	2560	1	512	302	1.37143
2048	2560	1	232	134	0.00000
2560	2560	1	512	198	4.77407
2560	2560	1	448	382	1.65322
2560	2048	2	162	502	0.00000
2560	2560	2	314	486	0.00000
2048	2560	2	436	316	0.00000
2560	2560	2	16	330	0.00000
2048	2560	2	318	432	0.00000
2048	2560	2	158	366	0.00000
2048	2560	2	174	150	0.00000
2048	2560	2	58	304	0.00000
2048	2560	2	192	430	0.00000
2560	2560	2	20	156	0.00000
2560	2560	1	86	162	0.80081
2560	2560	1	200	186	2.19897
2560	2560	1	126	284	4.26841
2560	2560	1	216	396	1.25259
2560	2560	1	214	494	1.10964
2048	2560	1	386	380	5.89532
2048	2560	1	88	416	0.43175
2048	2560	1	272	512	5.97187
2048	2560	2	188	512	0.00000
2048	2560	1	8	504	2.38649
2048	2560	1	278	366	1.47763
2048	2560	1	250	288	1.46968
2048	2560	1	210	220	0.98279
2048	2560	1	92	266	2.13981
2048	2560	1	60	190	1.39340
2048	2560	1	72	116	3.78357
2048	2560	1	50	10	1.33171
2048	2048	1	88	382	2.52564
2048	2560	1	304	44	3.75357
2048	2560	2	354	46	0.00000
2048	2560	1	422	82	4.02054
2048	2560	1	442	216	5.45364
2048	2048	1	372	492	5.40629
2048	2048	1	280	420	1.27584
2048	2048	1	224	330	0.36418
2048	2048	1	136	256	5.84065
2048	2048	1	22	230	2.27193
2048	2048	1	86	154	1.29663
2048	2048	1	64	40	1.98592
2048	2048	1	262	244	1.96119
2048	2048	1	306	136	5.56412
2048	2048	2	134	20	0.00000
2048	2048	1	164	80	3.55569
3072	2048	1	174	220	5.07116
3072	2048	1	378	336	6.04126
3072	2048	1	194	406	4.56833
3072	2048	1	98	502	3.52086
3072	2048	1	44	408	3.96565
3072	2048	1	100	62	1.19646
3072	2560	1	46	210	4.71969
3072	2560	1	10	114	1.62318
3072	2048	1	248	78	5.49779
3072	2048	1	434	44	5.34752
3072	2048	1	448	232	2.13537
3072	2048	1	372	482	3.29727
3072	2048	1	472	416	6.02136
3584	2048	1	68	448	5.87829
3584	2560	1	46	46	1.98322
3584	2048	1	80	166	0.19156
3584	2048	1	56	0	1.00765
3584	2048	1	238	80	3.78880
3584	2048	1	332	134	1.49191
3584	2048	1	468	76	0.00000
3584	2048	1	462	332	0.17203
3584	2048	1	364	242	5.75297
3584	2048	1	342	364	2.43871
3584	2048	1	156	250	4.39518
3584	2048	1	66	332	4.90227
3584	2048	1	224	366	4.83771
3584	2048	1	154	470	3.48164
3584	2048	1	252	470	4.60995
3584	2560	1	296	18	4.87926
3584	2560	1	414	8	5.42076
3584	2048	1	512	456	3.85410
3584	2560	1	392	114	5.79475
3584	2560	1	176	94	3.89456
3072	2560	1	240	104	0.81210
3072	2560	1	358	146	0.31033
3072	2560	1	478	164	0.60357
3072	2560	1	434	80	4.22714
3584	2560	1	102	160	5.26094
3584	2560	1	372	246	2.98660
3584	2560	1	290	136	2.70231
3072	2048	2	290	348	0.00000
3072	2560	2	258	26	0.00000
3072	2560	2	164	80	0.00000
3584	2560	1	498	66	3.78763
3072	2560	1	82	408	1.34167
3072	2560	1	286	508	2.20959
3072	2560	1	230	390	3.70613
3072	2560	1	366	452	5.47213
3584	2560	1	2	512	3.78883
3072	2560	1	48	512	3.35332
3072	2560	1	164	512	0.55771
3072	2560	1	146	302	5.10016
3072	2560	1	24	310	1.66924
3072	2560	1	296	308	2.44480
3072	2560	1	438	378	1.94394
3584	2560	1	174	436	2.74680
3584	2560	1	402	388	0.14956
3584	2560	1	326	512	3.56579
3584	2560	1	240	394	2.99015
3584	2560	1	38	436	1.71431
3584	2560	1	320	384	3.22032
3584	2560	1	90	354	1.16354
3584	2560	1	482	338	3.10533
3584	2560	1	458	206	3.56558
3584	2560	1	512	258	2.33437
3584	2560	1	224	240	3.57037
3072	2560	1	392	260	3.20593
3584	2560	1	34	242	0.73899
3584	2560	1	134	254	5.12480
3584	3584	1	192	324	0.00000
3584	3584	1	128	330	0.00000
3584	3584	1	10	308	4.64448
3072	3584	1	44	450	5.86169
3072	3584	1	120	390	5.73419
3584	3584	1	246	356	0.00000
3584	3584	1	120	460	0.00000
3584	3584	1	350	350	2.03269
3584	3584	1	288	510	1.28661
3584	3584	1	440	274	0.00000
3584	3584	1	348	448	1.53653
3584	3584	1	24	222	5.71135
3072	3584	1	482	430	5.18753
3072	3584	1	494	358	5.03040
3584	3584	1	474	414	3.48765
3072	3584	1	320	320	5.35847
3072	3584	1	346	254	0.00000
3072	3584	1	384	416	0.00000
3072	3584	1	130	494	5.59790
3072	3584	1	324	484	0.50357
3072	3584	1	252	462	0.61419
3072	3584	1	218	418	0.45012
3584	3584	1	378	512	1.19802
3072	3584	2	37	304	0.00000
3072	3584	1	58	222	2.75258
3072	3584	1	140	160	3.13231
3584	3584	1	248	198	0.00000
3072	3584	1	206	66	3.00256
3072	3584	1	182	306	0.00000
3072	3584	1	472	100	4.07572
3584	3584	1	416	40	0.00000
3072	3584	1	266	160	4.05318
3584	3584	1	98	254	0.24449
3584	3584	1	170	166	3.19328
3584	3584	1	390	198	6.01184
3584	3584	1	306	28	3.43256
3584	3584	1	330	216	3.44064
3584	3584	1	144	40	0.59309
3584	3584	1	204	104	2.29328
3072	3584	1	0	178	4.16474
3584	3584	1	40	106	3.39376
3072	3584	1	50	78	1.28031
3072	3072	1	382	512	2.32884
3584	3072	1	270	452	3.72841
3584	3072	1	56	494	1.80773
3584	3072	1	496	424	3.24950
3584	3072	1	492	182	0.00000
3584	3072	1	414	132	5.87941
3584	3072	1	334	386	0.00000
3584	3072	1	364	174	5.84888
3584	3072	1	312	174	0.00000
3584	3072	1	452	302	5.48212
3584	3072	1	266	332	4.56606
3584	3072	1	32	380	0.00000
3584	3072	1	158	346	0.53016
3584	3072	1	228	206	3.29721
3584	3072	1	110	434	1.80428
3584	3072	1	322	12	0.00000
3584	3072	1	194	78	0.00000
3584	3072	1	244	58	0.00000
3584	3072	1	134	142	2.29051
3584	3072	2	362	316	0.00000
3584	3072	1	106	202	2.29213
3584	3072	1	34	266	5.19230
3072	3072	1	428	420	0.68111
3072	3072	1	410	346	1.26535
3072	3072	1	272	402	3.39714
3072	3072	1	212	486	5.86801
3072	3072	1	108	464	5.43112
3072	3072	1	18	342	3.34052
3072	3072	1	66	278	3.40507
3072	3072	1	158	312	0.00000
3072	3072	1	206	238	0.00000
3072	3072	1	324	300	3.22521
3072	3072	2	426	254	0.00000
3072	3072	1	330	164	1.44403
3584	3072	1	70	122	0.00000
3072	3072	1	416	82	5.76396
3072	3072	1	210	74	3.79760
3072	3072	1	132	48	1.02954
3072	3072	1	62	54	3.12320
3072	3072	1	8	184	4.51194
3584	3584	1	512	56	0.00000
2560	3584	1	500	312	1.36865
2560	3584	1	320	362	2.72250
2560	3584	1	196	326	1.25580
2048	3584	1	232	384	0.00000
2048	3584	1	74	302	5.84069
2048	3584	1	430	344	0.45728
2560	3584	1	34	470	3.82616
2048	3584	1	468	428	0.75510
2560	3584	1	160	492	0.00000
2560	3584	1	34	278	0.00000
2048	3584	1	36	496	0.00000
2048	3584	1	194	312	0.34961
2048	3584	1	212	506	5.87161
2560	3584	1	406	470	0.25841
2048	3584	1	380	448	5.99092
2048	3584	1	410	220	0.00000
2048	3584	1	328	258	0.00000
2560	3584	1	388	290	5.93576
2560	3584	1	220	394	0.62607
2560	3584	1	274	492	6.02415
2048	3584	1	292	464	0.00000
2048	3584	1	110	476	0.00000
2560	3584	1	156	140	1.90322
2560	3584	1	334	188	3.33235
2048	3584	1	92	46	5.15430
2560	3584	1	394	28	1.02351
2560	3584	1	250	166	3.53638
2048	3072	1	422	456	5.07981
2048	3584	1	42	118	1.10715
2560	3584	1	128	234	1.84174
2560	3584	1	404	144	3.78391
2560	3584	1	482	190	4.29086
2560	3584	1	452	374	1.39713
2048	3584	2	182	200	0.00000
2048	3584	1	344	108	0.89415
2560	3072	1	66	448	0.79433
2048	3072	1	268	512	2.93637
2048	3584	1	462	98	0.00000
2560	3584	1	124	34	0.00000
2560	3072	1	390	312	1.25621
2560	3072	1	412	384	1.47828
2560	3584	1	502	12	0.00000
2560	3072	1	502	314	2.53931
2048	3072	1	362	326	2.73147
2048	3072	1	480	364	0.00000
2048	3072	1	244	80	5.55234
2048	3072	1	122	282	4.00951
2048	3072	1	172	148	5.24793
2560	3072	1	94	316	3.94826
2560	3072	1	370	154	0.00000
2560	3072	1	34	244	3.51956
2048	3072	1	146	442	3.95485
2048	3072	1	284	340	3.47961
2560	3072	2	252	490	0.00000
2560	3072	2	350	450	0.00000
2560	3072	2	346	244	0.00000
2560	3072	2	128	390	0.00000
2048	3072	2	82	412	0.00000
2048	3072	1	24	444	5.77667
2048	3072	1	28	210	0.00000
2048	3072	1	410	50	5.76710
2048	3072	1	324	42	5.78274
2560	3072	1	162	102	5.44967
2560	3072	1	82	134	2.53802
2560	3072	1	266	114	5.40594
2560	3072	1	192	26	3.96575
2560	3072	1	448	134	0.65476
2560	3072	1	484	218	4.57049
2560	3072	1	314	48	5.55329
2048	3584	2	374	32	0.00000
2048	3072	2	194	340	0.00000
2048	3072	2	434	228	0.00000
2560	3072	2	14	174	0.00000
2560	3072	2	108	236	0.00000
