1024	2048	1	116	56	0.15780
1024	2048	1	200	72	0.76996
1024	2048	1	262	0	0.36933
1024	2048	1	468	0	0.00000
1536	2048	1	28	0	0.00000
1536	2048	1	40	106	1.51301
1536	2048	1	202	16	2.77744
1536	2048	1	398	38	4.88354
1536	2048	2	494	62	0.00000
1536	2048	1	466	8	4.95521
1536	2048	1	328	100	2.01633
1536	2048	1	226	144	5.99196
1536	2048	1	468	148	1.39954
1536	2048	2	292	26	0.00000
1024	2048	1	218	194	2.81984
1024	2048	1	444	224	2.76802
1536	2048	1	38	248	6.03055
1024	2048	1	232	364	0.48690
1024	2048	1	6	174	0.05550
1024	2048	1	98	446	0.00000
1024	2560	1	250	44	1.18119
1536	2048	1	160	250	2.07584
1536	2048	1	310	294	2.22955
1536	2048	1	458	254	0.57430
1536	2048	1	214	390	0.20464
1536	2048	1	152	362	0.77105
1536	2048	1	282	396	3.72780
1536	2048	1	422	374	3.95008
1536	2048	1	328	474	3.23591
1024	2560	2	436	64	0.00000
1024	2048	1	496	488	4.04614
1536	2560	1	208	82	0.46365
1536	2560	1	378	22	3.92942
1536	2560	1	510	28	2.13689
1536	2560	1	50	226	0.00000
1024	2560	1	378	180	1.76819
1024	2560	1	270	244	5.10757
1024	2560	2	196	284	0.00000
1024	2560	2	110	150	0.00000
1536	2560	1	160	204	0.00000
1536	2560	1	512	180	2.11122
1536	2560	1	498	228	2.04830
1536	2560	1	386	152	0.74825
1536	2560	1	274	248	6.21079
1536	2560	1	392	316	5.93999
1536	2560	2	64	502	0.00000
1024	2560	2	356	442	0.00000
1024	2560	2	42	498	0.00000
1536	2560	1	496	298	2.29577
1536	2560	1	476	358	2.52719
1536	2560	1	340	306	0.40059
1536	2560	1	388	424	1.93082
1536	2560	1	460	496	4.41775
1536	2560	1	348	512	0.61141
1024	2560	1	440	364	2.69934
1024	2560	1	36	298	0.80102
1024	2560	1	10	410	4.14613
1024	2560	1	178	372	0.76662
1024	2560	1	156	472	1.22466
1536	2560	2	4	496	0.00000
1024	2560	1	286	512	3.34642
1024	2560	1	428	488	4.38767
1024	2560	1	504	296	6.10311
1536	2560	1	116	356	4.52859
1536	2560	1	64	436	5.05541
1536	3584	1	436	196	0.91550
1536	3584	1	200	390	0.00000
1536	3584	1	62	406	0.70886
1536	3584	1	224	112	2.44551
1536	3584	1	422	394	5.55654
1536	3584	1	472	74	0.34845
1024	3584	1	278	474	2.20638
1024	3584	1	156	484	0.33388
1024	3584	1	48	388	0.06242
1536	3584	1	108	188	3.12955
1536	3584	1	152	58	2.98476
1024	3584	1	320	160	1.19175
1024	3584	1	382	240	0.00000
1024	3584	1	508	324	4.22747
1024	3584	1	478	204	5.96910
1024	3584	1	22	270	4.75474
1536	3584	1	52	62	3.63934
1024	3584	1	128	106	0.00000
1024	3584	1	454	34	2.37250
1536	3072	1	26	444	0.39808
1024	3584	1	16	146	4.40074
1024	3584	1	154	272	0.00000
1536	3072	1	370	440	2.31637
1536	3584	2	482	272	0.00000
1536	3584	2	388	116	0.00000
1536	3584	2	260	254	0.00000
1024	3584	1	214	162	0.00000
1024	3584	1	398	68	2.24431
1024	3584	2	282	82	0.00000
1536	3584	2	372	64	0.00000
1536	3072	1	384	324	5.09072
1536	3584	1	366	500	5.85714
1536	3072	1	238	424	0.28084
1536	3072	1	506	456	5.66773
1536	3072	1	476	322	5.47129
1536	3072	1	500	244	5.01827
1536	3072	1	464	102	5.75719
1536	3072	1	368	212	0.89883
1536	3072	1	232	298	5.23246
1536	3072	1	54	304	5.44192
1024	3072	1	430	364	2.67795
1024	3072	1	358	440	3.95401
1024	3072	1	240	442	0.95808
1024	3584	1	44	12	2.70580
1024	3072	1	100	430	0.61466
1024	3072	1	268	318	0.62651
1024	3072	1	180	230	0.57038
1536	3072	1	200	188	5.41688
1536	3072	1	68	218	1.92379
1024	3072	1	446	214	4.53926
1536	3072	1	344	108	0.80142
1536	3072	1	324	18	0.74653
1536	3072	1	246	100	2.99451
1536	3072	1	128	18	1.03499
1536	3072	1	110	98	1.03920
1536	3072	1	16	90	3.65355
1024	3072	2	468	34	0.00000
1024	3072	2	382	90	0.00000
1024	3072	1	316	122	3.65098
1024	3072	1	276	40	3.51637
1024	3072	1	196	56	0.00000
1024	3072	1	46	32	0.00000
1024	3072	1	112	132	0.24614
1024	3072	1	6	254	4.14782
2048	2560	1	216	166	1.42789
2048	2048	1	92	388	2.76308
2048	2048	1	150	254	5.84328
2048	2048	1	244	202	1.60404
2048	2048	1	272	112	2.00976
2048	2048	1	88	130	0.73282
2048	2560	1	416	232	5.39399
2048	2560	1	84	410	0.00000
2048	2560	1	212	350	4.94236
2048	2560	1	178	272	1.63488
2048	2560	1	314	92	2.84505
2048	2048	1	372	484	4.89224
2048	2048	1	218	318	0.44014
2048	2048	1	276	404	1.45579
2048	2048	1	322	308	0.00000
2560	2048	1	64	248	5.12154
2560	2560	1	96	14	5.49779
2048	2560	1	506	72	3.88939
2048	2560	1	422	78	3.93008
2048	2048	1	448	412	0.00000
2048	2048	1	490	298	5.51790
2560	2048	1	222	108	0.00000
2560	2048	1	322	82	0.06220
2560	2048	1	374	248	1.10421
2560	2048	1	344	188	1.24050
2560	2048	1	174	390	0.00000
2560	2048	1	236	428	0.37468
2560	2560	1	274	52	3.51467
2560	2560	1	78	164	0.00000
2560	2560	1	204	184	2.15554
2560	2560	1	322	164	3.97957
2560	2048	1	436	374	2.66797
2560	2048	1	432	70	1.12552
2048	2560	1	426	444	0.00000
2048	2560	1	270	482	5.83708
2560	2560	1	72	408	0.68596
2560	2560	1	162	304	5.27057
2560	2560	1	470	166	2.28119
2560	2560	1	308	294	5.08410
2560	2560	1	394	408	1.57080
2560	2560	1	180	424	2.06743
2560	2560	1	430	504	1.92065
2560	2560	1	480	286	1.88870
2048	2560	1	38	172	1.82610
2048	2560	1	16	244	1.92430
2048	2048	2	190	64	0.00000
2048	2048	2	130	30	0.00000
2048	2048	2	226	16	0.00000
2048	2048	2	446	74	0.00000
2048	2048	2	410	198	0.00000
2048	2560	2	124	112	0.00000
2048	2560	2	70	310	0.00000
2048	2560	2	512	334	0.00000
2048	2560	2	436	324	0.00000
2560	2560	2	14	166	0.00000
2048	2560	2	338	424	0.00000
2048	2560	2	190	424	0.00000
2048	2560	2	18	492	0.00000
2048	2560	2	16	402	0.00000
2048	2560	2	20	334	0.00000
2048	2560	2	198	512	0.00000
2560	2560	2	320	512	0.00000
2560	2560	2	480	346	0.00000
2560	2048	2	358	392	0.00000
2048	2560	2	326	220	0.00000
3584	2560	1	236	330	2.71374
3584	2560	1	370	246	0.00000
3584	2560	1	76	160	5.36145
3584	2560	1	162	104	5.20606
3584	2560	1	264	34	4.84443
3072	2560	1	348	144	0.00000
3072	2560	1	256	120	0.85582
3584	2048	1	512	444	3.68705
3584	2048	1	268	464	4.63518
3584	2048	1	436	502	5.38952
3584	2048	1	152	474	3.34818
3072	2560	1	468	186	0.42239
3072	2048	1	370	478	3.25513
3072	2560	1	62	232	3.97885
3584	2560	1	182	476	3.91912
3584	2560	1	356	480	3.42702
3584	2560	1	246	512	0.00000
3072	2560	1	172	512	0.15815
3584	2560	1	484	446	5.61155
3072	2560	1	202	400	5.51328
3584	2560	1	420	348	0.00000
3584	2560	1	12	434	0.87683
3072	2560	1	316	428	5.72164
3072	2560	1	284	512	2.22248
3072	2560	1	78	512	3.54780
3072	2560	1	404	272	2.72814
3072	2560	1	148	264	0.00000
3072	2560	1	234	292	2.87110
3072	2560	1	52	402	0.64380
3072	2560	1	346	334	2.55591
3072	2560	1	486	286	0.37354
3584	2560	1	66	276	0.40806
3584	2560	1	170	276	2.05628
3584	2560	1	240	194	3.28243
3072	2048	1	486	454	0.41654
3584	2560	1	26	54	3.54449
3072	2560	1	434	80	5.09731
3584	2560	1	500	356	2.36661
3584	2048	1	80	438	0.00000
3584	2560	1	512	214	1.02753
3584	2560	1	482	164	3.20061
3072	2048	1	92	476	4.34716
3584	2560	1	392	124	0.00000
3584	2560	1	272	148	2.67332
3584	2560	1	338	320	3.16493
3072	2560	2	176	88	0.00000
3072	2560	2	252	20	0.00000
3072	2560	2	308	20	0.00000
3584	2048	1	458	312	0.00000
3584	2048	1	354	230	6.03313
3584	2048	1	348	322	2.31736
3584	2048	1	258	380	5.25179
3584	2048	1	100	324	4.86897
3584	2048	1	178	242	5.23347
3072	2048	1	422	344	4.29139
3072	2048	1	220	402	4.90293
3072	2048	1	48	396	3.92890
3072	2048	1	180	210	5.05275
3072	2048	1	406	202	2.67360
3584	2048	1	102	180	0.00000
3584	2048	1	468	56	0.00000
3584	2048	1	512	100	0.00000
3584	2048	1	318	150	0.93187
3584	2048	1	256	104	3.99843
3584	2048	1	252	0	0.00000
3584	2048	1	48	2	0.45524
3072	2048	1	494	38	5.47616
3072	2048	1	340	0	0.00000
3072	2048	1	324	0	0.00000
3072	2048	1	268	72	0.00000
3072	2048	1	230	70	0.00000
3072	2048	1	114	52	0.74421
3072	2048	1	22	116	3.24261
3072	3584	1	426	144	2.33492
3584	3584	1	410	170	5.76188
3072	3584	1	504	334	5.07116
3584	3584	1	406	260	5.81954
3584	3584	1	272	348	0.26961
3584	3584	1	342	448	0.45018
3584	3584	1	352	384	1.05763
3584	3584	1	240	504	4.16054
3584	3584	1	512	462	0.30487
3072	3584	1	478	408	4.51129
3584	3584	1	144	456	3.36026
3584	3584	1	386	448	0.98588
3584	3584	1	368	512	3.96031
3584	3584	1	496	268	0.27812
3584	3584	1	192	308	6.23025
3584	3584	1	464	512	1.96140
3584	3584	1	114	340	0.00000
3072	3584	1	364	248	6.04730
3072	3584	1	402	500	3.02009
3072	3584	1	346	386	6.16461
3584	3584	1	96	466	6.12135
3072	3584	1	490	246	5.18328
3072	3584	1	264	436	0.77961
3072	3584	1	294	506	3.75451
3584	3584	1	178	164	3.33675
3584	3584	1	42	188	4.91928
3584	3584	1	96	244	0.53172
3584	3584	1	484	394	3.18239
3584	3584	1	254	210	0.15894
3584	3584	1	314	212	3.23953
3072	3584	1	38	426	0.23943
3072	3584	1	18	180	4.45760
3072	3584	1	164	490	3.51593
3072	3584	1	252	374	0.65355
3072	3584	1	58	290	1.41730
3072	3584	1	86	498	3.56579
3072	3584	1	108	378	0.00000
3072	3584	1	194	276	4.01090
3072	3584	1	140	172	2.37207
3584	3584	1	414	14	0.19506
3072	3584	1	60	106	1.45108
3072	3584	1	168	68	3.05485
3072	3584	1	464	62	4.21649
3072	3584	1	254	146	3.26804
3584	3584	1	466	42	0.18362
3584	3072	1	386	312	1.64107
3584	3072	1	2	482	5.64668
3584	3072	1	258	474	4.16669
3584	3072	1	496	142	0.00000
3584	3072	1	278	350	3.47189
3584	3072	1	106	490	6.01693
3072	3072	1	422	482	1.09814
3584	3584	1	312	48	3.55209
3584	3072	1	494	406	5.06438
3584	3584	1	208	66	2.27754
3584	3072	1	350	424	5.80698
3584	3072	1	424	274	5.62659
3072	3072	1	374	430	1.23546
3072	3072	1	372	364	1.64687
3072	3072	1	120	484	4.11321
3072	3072	1	134	348	0.68668
3072	3072	1	16	470	0.25327
3072	3072	1	220	452	6.04855
3584	3072	1	144	428	2.43798
3584	3072	1	360	178	6.03934
3584	3072	1	188	360	2.02812
3584	3072	1	222	242	2.78393
3072	3072	1	510	388	4.55502
3584	3072	1	336	4	3.02403
3584	3072	1	302	160	5.90386
3584	3072	1	410	100	6.16376
3584	3072	1	264	24	6.02171
3584	3072	1	180	122	0.94320
3584	3072	1	132	66	3.87025
3584	3072	1	46	38	0.54855
3584	3072	1	102	216	2.00522
3072	3072	1	392	60	6.04387
3072	3072	1	310	10	2.27169
3072	3072	1	478	300	3.81062
3072	3072	1	440	186	1.10884
3072	3072	2	432	260	0.00000
3072	3072	1	152	108	4.09970
3584	3072	2	2	210	0.00000
3072	3072	1	122	42	0.64009
3072	3072	1	30	38	3.72546
3072	3072	1	320	180	2.47107
3072	3072	1	314	266	4.82047
3072	3072	1	180	232	4.54738
3072	3072	1	50	180	4.82995
3072	3072	1	66	312	3.16598
3072	3072	1	0	334	3.07917
3072	3072	1	244	344	2.72256
3584	3072	2	440	16	0.00000
3584	3072	2	502	12	0.00000
3072	3584	1	508	502	5.31647
3072	3584	2	448	330	0.00000
2048	3072	1	278	270	2.79268
2048	3072	1	244	84	5.92118
2048	3072	1	168	132	1.95255
2048	3072	1	114	284	3.89935
2048	3072	1	60	256	1.67388
2048	3072	2	78	408	0.00000
2048	3072	1	36	484	5.55037
2048	3072	1	206	392	4.66481
2048	3072	1	320	34	5.60956
2048	3072	1	376	320	2.91974
2048	3072	2	194	326	0.00000
2048	3072	2	312	440	0.00000
2048	3072	2	164	468	0.00000
2048	3072	2	434	236	0.00000
2048	3072	1	380	142	5.70984
2048	3072	1	446	98	5.19270
2560	3072	1	18	250	3.26271
2048	3072	1	472	342	5.51906
2560	3072	1	110	338	4.37277
2048	3072	1	410	458	5.41026
2048	3584	1	272	12	2.83673
2048	3584	1	130	50	5.86821
2560	3072	2	100	228	0.00000
2560	3072	1	112	132	3.29048
2560	3072	1	188	32	0.97870
2560	3072	1	296	90	5.04112
2560	3072	1	382	68	5.49323
2560	3072	2	222	126	0.00000
2560	3072	2	350	254	0.00000
2560	3072	1	226	226	6.01267
2560	3072	1	320	178	4.87230
2560	3072	1	450	202	0.10543
2560	3072	1	502	310	3.29141
2560	3072	1	370	326	1.37021
2560	3072	2	250	492	0.00000
2560	3072	1	68	462	0.68232
2560	3584	1	152	40	5.70888
2560	3072	1	420	424	0.57493
2560	3584	1	420	20	0.79906
2560	3584	1	406	118	3.57236
2560	3584	1	246	162	3.39121
2560	3584	1	312	154	0.13180
2560	3584	1	144	112	1.99742
2560	3584	1	482	90	5.23567
2560	3072	1	502	504	0.28415
2560	3584	1	474	192	4.54754
2048	3584	1	360	80	0.97162
2048	3584	1	42	136	0.38983
2048	3584	1	74	240	3.10262
2048	3584	2	188	182	0.00000
2048	3584	1	336	258	0.00000
2048	3584	1	400	208	0.00000
2048	3584	1	468	114	0.00000
2048	3584	1	198	290	0.42499
2048	3584	2	240	364	0.00000
2560	3584	1	122	220	1.13545
2560	3584	1	24	294	0.00000
2048	3584	1	434	346	0.45598
2560	3584	1	156	324	1.03067
2560	3584	1	378	304	5.79737
2560	3584	1	230	376	0.58846
2560	3584	1	322	390	6.08579
2560	3584	1	472	252	1.32582
2048	3584	1	102	458	0.00000
2048	3584	1	226	456	0.00000
2048	3584	1	292	448	0.00000
2048	3584	1	348	468	5.94845
2048	3584	1	468	450	0.47570
2560	3584	1	32	460	0.52535
2560	3584	1	160	484	0.00000
2560	3584	1	266	472	6.25020
2560	3584	1	414	458	0.62985
2560	3584	2	266	258	0.00000
2560	3584	1	468	386	2.07240
