1024	2048	2	204	82	0.00000
1024	2048	1	318	78	4.98264
1024	2048	1	104	224	3.23949
1024	2048	1	214	194	2.09159
1024	2048	1	60	446	0.82525
1024	2048	1	236	352	0.50213
1024	2048	1	270	454	4.55974
1024	2048	1	472	246	3.06604
1536	2048	1	32	12	0.00000
1536	2048	1	98	42	0.00000
1536	2048	1	310	66	0.02855
1536	2048	2	232	142	0.00000
1536	2048	1	394	80	0.45824
1536	2048	2	506	74	0.00000
1536	2048	1	494	236	5.77646
1536	2048	1	382	232	2.45409
1536	2048	1	200	218	1.86082
1536	2048	1	206	302	1.49794
1536	2048	2	226	368	0.00000
1024	2048	1	486	484	3.93771
1024	2560	1	264	48	1.19935
1024	2560	1	394	82	2.40908
1536	2048	1	188	482	2.67122
1536	2048	1	334	474	3.54731
1536	2048	1	412	364	3.71540
1536	2048	1	484	408	3.99297
1024	2560	1	50	106	1.73895
1024	2560	1	222	148	4.01078
1024	2560	2	92	198	0.00000
1024	2560	1	328	184	4.61012
1536	2560	1	90	130	0.67474
1536	2560	1	88	28	1.58623
1536	2560	1	236	98	3.95944
1536	2560	1	468	204	0.32206
1024	2560	1	140	388	0.36293
1024	2560	2	210	286	0.00000
1024	2560	1	346	284	1.61514
1024	2560	1	488	194	0.44402
1536	2560	1	266	244	5.91696
1536	2560	1	168	212	4.58868
1536	2048	1	216	36	3.81211
1536	2560	1	72	436	5.05232
1024	2560	1	36	448	1.79655
1024	2560	1	254	454	2.73547
1024	2560	1	378	376	4.39707
1024	2560	1	470	444	2.51280
1536	2560	1	26	292	6.01794
1536	2560	1	402	432	1.86985
1536	2560	1	182	286	2.08821
1536	2560	1	228	398	2.41459
1536	2560	2	330	336	0.00000
1024	2560	2	358	450	0.00000
1024	2560	2	164	286	0.00000
1024	2560	2	84	374	0.00000
1024	2560	1	162	498	5.94963
1536	3584	1	434	412	0.00000
1536	3584	1	192	424	0.00000
1024	3584	1	150	468	0.00000
1024	3584	1	300	432	4.85637
1536	3584	1	72	128	5.79319
1536	3584	1	106	32	5.38877
1024	3584	1	334	204	2.97360
1024	3584	1	144	236	5.70723
1024	3072	1	296	312	0.00000
1024	3072	1	226	280	0.57329
1536	3072	1	374	402	1.48121
1536	3072	1	164	204	4.83961
1024	3584	1	206	16	5.53340
1024	3584	1	110	94	0.00000
1024	3072	1	108	176	0.94200
1024	3072	1	494	258	1.87169
1024	3072	1	384	448	2.08945
1536	3584	1	356	252	1.32155
1024	3584	1	422	288	4.15427
1024	3584	1	254	342	4.37989
1024	3584	1	32	154	0.00000
1024	3072	1	56	492	0.00000
1024	3072	1	194	392	0.00000
1024	3072	1	280	162	4.71301
1024	3072	1	86	52	2.84615
1024	3072	1	416	114	0.00000
1024	3072	1	512	102	1.64913
1536	3072	1	162	416	5.73086
1536	3072	1	358	128	2.80611
1536	3584	1	286	148	5.14061
1536	3584	1	220	46	5.58573
1536	3072	1	470	108	3.45623
1536	3072	1	244	92	3.13081
1536	3072	1	492	318	0.00000
1536	3584	1	178	280	5.20826
1536	3584	1	70	334	0.56799
1024	3584	1	362	50	6.26606
1536	3072	1	40	364	4.99029
1024	3072	1	72	338	0.00000
1024	3072	1	480	432	2.60453
1024	3072	1	404	296	5.47937
1536	3072	1	156	114	0.71706
1536	3072	1	16	34	0.86568
1536	3072	1	496	246	5.28755
1024	3584	1	474	228	0.00000
1536	3584	1	460	96	0.00000
1024	3072	1	116	236	1.20787
1536	3072	1	14	206	1.35151
1536	3072	1	162	262	4.54760
1536	3072	1	264	342	5.21949
1536	3072	1	122	42	3.99830
1536	3072	1	444	14	4.32629
1536	3072	1	512	498	0.00000
2560	2560	1	228	512	2.77653
2048	2560	1	206	470	5.43446
2048	2560	1	246	80	1.61244
2560	2560	1	172	164	0.83234
2048	2560	1	500	220	5.46103
2048	2560	1	274	224	0.32356
2048	2560	1	66	130	3.73972
2048	2560	1	64	282	0.77620
2560	2560	1	226	324	4.00863
2048	2560	1	378	248	4.13721
2048	2560	1	212	340	2.35542
2560	2560	1	412	452	3.69038
2560	2560	1	398	298	0.94693
2048	2560	1	354	376	5.35987
2048	2560	1	98	398	4.06252
2560	2560	1	482	236	2.60516
2560	2560	1	108	446	0.00000
2560	2048	1	262	500	4.21370
2560	2560	1	288	106	2.65773
2560	2560	1	464	122	1.42019
2560	2560	1	30	116	2.10966
2048	2560	1	396	134	4.06889
2048	2048	1	366	500	5.87829
2048	2560	2	236	142	0.00000
2048	2560	2	164	140	0.00000
2048	2560	2	512	314	0.00000
2048	2560	2	440	328	0.00000
2560	2560	1	128	272	6.06955
2048	2560	1	334	512	5.13524
2560	2048	2	288	394	0.00000
2560	2048	2	356	376	0.00000
2560	2048	2	440	458	0.00000
2560	2560	2	476	340	0.00000
2560	2560	2	308	470	0.00000
2048	2560	2	316	432	0.00000
2048	2560	1	476	508	0.30849
2560	2560	1	140	30	1.93090
2560	2048	1	214	392	0.00000
2560	2048	1	58	358	5.52104
2560	2048	1	18	436	5.96825
2048	2048	1	442	464	2.54284
2048	2048	1	280	486	2.97086
2048	2048	1	132	494	1.74641
2048	2048	1	234	276	0.00000
2560	2048	1	240	230	1.17824
2560	2560	1	352	12	5.09926
2560	2048	1	512	434	4.10623
2560	2560	1	512	30	1.28640
2560	2048	1	438	112	4.39064
2560	2048	1	376	248	5.94347
2560	2048	1	320	84	0.00000
2560	2048	1	216	98	0.00000
2560	2048	1	50	188	2.45768
2048	2048	1	458	122	0.35734
2560	2048	1	54	16	4.10587
2048	2048	1	138	390	1.97646
2048	2048	1	382	116	0.86217
2048	2048	1	288	50	4.72720
2048	2048	1	190	124	5.79899
2048	2048	1	98	130	5.54278
2048	2048	1	94	258	3.72400
2048	2048	1	118	20	1.20003
2560	2560	1	280	388	0.63755
2560	2048	1	250	308	4.56676
2048	2048	2	12	370	0.00000
3072	2048	1	396	36	4.88990
3072	2048	1	148	6	0.00000
3584	2048	1	36	8	0.92519
3584	2048	1	222	0	0.00000
3584	2048	1	234	88	3.90352
3584	2048	1	118	80	5.23186
3584	2048	1	468	60	0.00000
3072	2048	1	232	136	4.92697
3072	2048	1	400	178	5.11694
3584	2048	1	40	128	4.15067
3584	2048	1	360	224	5.49968
3072	2048	1	126	248	0.46627
3072	2048	1	32	216	2.05630
3072	2048	1	372	262	5.02532
3584	2048	1	6	226	3.64034
3584	2048	1	218	230	1.89339
3584	2048	1	390	136	4.96436
3584	2048	1	290	364	5.50629
3584	2048	1	448	422	2.20530
3584	2048	1	488	364	5.34238
3584	2048	1	374	498	4.39568
3584	2048	1	190	402	4.94934
3584	2048	1	80	316	3.87078
3072	2048	1	490	350	5.93390
3072	2048	1	406	366	2.04645
3072	2048	1	288	356	2.90682
3072	2048	1	192	416	2.99580
3072	2048	1	56	314	5.39935
3072	2048	1	12	424	3.98036
3072	2048	1	110	488	2.19497
3072	2048	1	254	486	1.10186
3072	2048	1	358	506	3.56205
3072	2048	1	492	480	1.28426
3584	2048	1	120	446	5.48206
3584	2560	1	80	2	4.77984
3072	2560	1	406	62	3.33729
3072	2560	1	484	58	0.00000
3584	2560	1	66	96	4.15335
3584	2560	1	166	106	4.16615
3072	2560	1	270	106	5.38513
3072	2560	1	104	114	0.33770
3584	2560	1	336	196	5.89221
3584	2560	1	418	186	5.89000
3584	2560	1	216	176	4.32432
3072	2560	1	500	208	3.05758
3072	2560	1	354	140	0.00000
3072	2560	1	436	238	3.13641
3072	2560	1	324	276	2.64487
3072	2560	1	172	194	0.00000
3072	2560	1	46	212	5.65738
3072	2560	1	30	32	1.80975
3072	2560	1	0	118	1.70793
3072	2560	1	244	358	5.34474
3072	2560	1	100	440	3.88877
3072	2560	1	24	358	0.39718
3584	2560	1	72	274	2.56493
3584	2560	2	156	266	0.00000
3584	2560	2	214	340	0.00000
3584	2560	2	336	424	0.00000
3584	2560	1	54	390	2.82544
3584	2560	1	144	388	1.69568
3584	2560	1	270	262	5.16492
3584	2560	1	416	396	3.16209
3584	2560	1	286	376	0.32762
3584	2560	1	238	482	1.69638
3072	2560	1	406	396	5.19119
3072	2560	1	492	416	5.90546
3072	2560	1	316	512	0.39714
3584	2560	1	14	512	4.32208
3584	2560	1	484	472	5.72857
3584	2560	1	388	512	2.44213
3072	3584	1	92	182	2.75277
3072	3584	1	174	138	1.73790
3072	3584	1	428	136	5.23205
3072	3584	1	498	336	6.09747
3584	3584	1	420	350	0.66622
3072	3584	1	56	268	2.60935
3072	3584	1	134	306	0.54679
3072	3584	1	196	326	0.47990
3072	3584	1	436	220	2.98760
3072	3584	1	50	396	1.13787
3584	3584	1	4	480	5.66689
3072	3584	1	372	282	3.83633
3072	3584	1	382	384	1.21067
3072	3584	1	440	502	5.65644
3072	3584	1	332	188	0.00000
3072	3584	1	290	144	0.00000
3072	3072	1	148	50	0.00000
3072	3072	1	32	168	3.35292
3072	3072	1	158	200	0.33355
3072	3072	1	94	256	2.77905
3072	3072	1	394	78	6.09568
3072	3072	1	318	180	2.25311
3072	3072	1	480	0	4.04259
3072	3072	1	312	24	0.49457
3584	3072	1	14	116	3.95024
3584	3072	1	144	34	2.33011
3584	3072	1	270	34	4.16200
3584	3072	1	404	34	2.08706
3584	3072	1	404	98	5.00281
3584	3072	1	268	118	1.07753
3584	3072	1	106	146	1.01783
3584	3072	1	154	204	2.23184
3584	3072	1	330	212	5.68590
3584	3072	1	242	252	1.01979
3072	3072	1	508	250	3.21692
3584	3072	1	418	208	3.48715
3584	3072	1	504	254	5.79904
3584	3072	1	488	98	0.00000
3072	3072	1	488	388	0.63200
3072	3072	2	432	258	0.00000
3072	3072	1	302	294	5.94016
3072	3072	1	146	364	4.60173
3072	3072	1	252	498	0.00000
3072	3072	1	142	512	1.97750
3072	3072	1	76	428	4.79329
3584	3072	1	68	322	5.72873
3584	3072	1	146	354	5.78705
3584	3072	1	298	348	0.00088
3584	3072	1	350	446	0.61736
3584	3072	1	438	316	3.65443
3584	3584	1	434	30	0.85609
3584	3584	1	362	14	0.85239
3584	3072	1	502	366	1.66813
3584	3072	1	468	436	2.46862
3072	3072	1	368	400	4.62087
3072	3072	1	340	470	2.47827
3584	3072	1	46	490	0.00000
3584	3072	1	136	492	3.01091
3584	3072	1	234	466	1.85885
3584	3072	1	242	320	0.00000
3584	3584	1	250	38	2.11447
3072	3072	1	456	500	0.75778
3072	3584	1	496	82	5.27795
3072	3584	1	24	116	3.83923
3072	3584	1	16	12	6.15610
3072	3584	1	152	86	4.51356
3584	3584	1	144	94	4.46343
3584	3584	1	268	124	4.41796
3584	3584	1	474	92	1.98872
3584	3584	1	412	158	6.02703
3584	3584	1	146	178	1.92550
3584	3584	1	270	200	3.64271
3584	3584	1	316	258	0.29371
3584	3584	1	414	282	0.81980
3584	3584	1	124	432	0.25652
3584	3584	1	392	480	5.69580
3584	3584	1	202	292	2.53563
3584	3584	1	74	212	5.58710
3584	3584	1	16	248	5.65338
3072	3584	1	164	414	1.48406
3072	3584	1	266	312	3.18079
3072	3584	1	218	204	4.80241
3584	3584	1	54	384	4.10777
3072	3584	1	278	500	3.50778
3072	3584	1	32	486	2.66671
3072	3584	1	202	484	3.87703
2048	3584	1	486	478	0.20618
2560	3584	1	186	324	5.49146
2048	3584	1	442	350	0.00000
2560	3584	1	448	236	1.39387
2560	3584	1	340	324	3.18826
2048	3584	1	328	472	0.00000
2560	3584	1	278	220	4.99237
2048	3584	1	190	478	5.33744
2560	3584	1	84	424	0.41579
2560	3584	1	390	412	0.00000
2560	3584	1	180	470	2.33914
2048	3584	1	272	392	0.27830
2560	3584	1	52	288	6.03804
2560	3584	1	182	240	1.99056
2560	3584	1	34	484	3.26125
2560	3584	1	424	130	5.51727
2560	3584	1	344	158	1.88447
2048	3584	1	214	190	1.34774
2048	3584	1	62	352	0.93364
2048	3584	1	102	452	0.00000
2560	3072	1	502	322	2.20265
2560	3072	1	404	174	2.02129
2048	3584	1	372	302	0.43984
2048	3584	1	486	248	2.23532
2048	3584	1	202	330	2.08899
2048	3584	1	468	128	1.43331
2048	3584	1	96	88	0.55076
2048	3584	1	204	128	4.48111
2048	3584	1	278	238	0.50209
2560	3584	1	128	168	4.36121
2560	3584	1	138	68	1.07711
2560	3584	1	286	60	1.78030
2560	3584	1	404	18	1.53125
2560	3072	1	508	506	6.13890
2560	3072	1	270	192	3.43095
2048	3072	1	322	362	5.88041
2560	3584	1	26	28	1.76773
2560	3072	1	420	380	1.89057
2048	3584	2	52	226	0.00000
2048	3584	2	136	222	0.00000
2048	3584	2	366	44	0.00000
2560	3072	2	250	502	0.00000
2560	3072	2	358	442	0.00000
2560	3072	2	364	244	0.00000
2048	3584	1	376	118	0.56588
2048	3072	2	158	474	0.00000
2048	3072	2	194	312	0.00000
2048	3072	1	214	396	5.07493
2048	3072	1	128	284	0.28403
2048	3072	2	74	422	0.00000
2048	3584	1	18	8	2.94420
2048	3072	1	418	396	2.53240
2048	3072	1	472	386	2.87363
2560	3072	1	94	434	0.67769
2560	3072	1	190	466	0.87500
2560	3072	1	178	298	4.64971
2560	3072	1	176	190	1.29081
2560	3072	2	170	66	0.00000
2560	3072	1	12	314	4.90541
2560	3072	1	4	246	1.61302
2048	3072	1	356	262	1.67928
2048	3072	1	298	132	5.73242
2048	3072	2	510	168	0.00000
2048	3072	2	188	230	0.00000
2048	3072	1	32	272	2.90368
2048	3072	1	128	82	2.52428
2048	3072	2	192	12	0.00000
2048	3072	1	350	2	5.51597
2048	3072	1	452	0	0.00000
2048	3072	1	398	144	5.40692
2560	3072	1	404	98	5.07956
2560	3072	1	506	0	0.00000
2560	3072	1	246	0	2.82416
2048	3072	1	58	142	0.39644
