1536	2560	1	400	422	2.02324
1024	2560	1	210	448	3.12991
1024	2560	1	448	264	1.90372
1024	2560	1	252	42	1.24512
1536	2560	1	486	484	0.81756
1024	2560	1	12	272	0.00000
1024	2560	1	78	436	0.23666
1536	2560	1	350	512	0.51787
1536	2560	1	508	296	4.47057
1024	2560	1	328	484	4.44763
1536	2560	1	72	428	4.98380
1024	2560	1	296	374	3.53964
1536	2560	1	260	244	5.94637
1536	2560	1	200	398	2.89594
1536	2560	1	48	270	0.43956
1536	2560	1	302	370	3.37773
1536	2560	1	138	286	0.00000
1024	2048	1	64	160	4.84787
1024	2048	1	190	94	0.28185
1024	2048	1	262	2	0.23874
1536	2048	1	68	124	0.00000
1024	2048	1	42	458	0.41621
1024	2048	1	176	322	0.28924
1024	2048	1	246	372	0.42356
1024	2048	1	478	230	2.84055
1024	2048	1	458	0	0.17265
1536	2048	1	14	0	0.31204
1536	2048	1	158	36	5.91921
1536	2048	1	224	132	5.86068
1536	2048	1	242	26	6.09641
1536	2048	1	350	42	4.21467
1536	2048	1	450	144	1.32313
1536	2048	1	502	98	2.95636
1536	2048	1	224	232	1.49796
1536	2048	1	102	398	0.00000
1536	2048	1	448	300	0.00000
1536	2048	1	320	364	3.72586
1536	2048	2	230	342	0.00000
1536	2048	1	512	262	0.00000
1536	2048	1	62	486	2.58153
1536	2048	1	308	480	4.28903
1536	2048	1	512	402	4.55660
1536	2048	1	462	510	3.63499
1536	2560	1	328	66	0.61488
1536	2560	1	382	158	0.74585
1024	2560	1	460	30	5.00860
1536	2560	1	76	118	0.82817
1536	2560	1	480	190	0.35144
1024	2560	2	90	198	0.00000
1024	2560	1	358	100	2.88378
1024	2560	1	120	282	3.74939
1024	2560	1	260	214	4.26670
1024	2560	1	298	292	1.33231
1024	2560	1	204	280	1.54118
1536	2560	1	58	512	3.57495
1536	3584	1	458	400	0.00000
1536	3584	2	512	516	0.00000
1536	3584	1	340	444	0.02815
1536	3584	1	224	488	0.70564
1536	3584	1	160	450	0.67856
1536	3584	2	247	365	0.00000
1536	3584	1	14	500	1.64670
1024	3584	1	496	398	1.11569
1024	3584	1	132	450	0.30814
1024	3584	1	34	486	2.13296
1024	3584	1	92	290	5.22955
1024	3584	1	278	366	4.63590
1024	3584	1	420	350	0.00000
1536	3584	1	170	350	1.07071
1536	3584	1	28	292	4.42807
1024	3584	1	416	214	6.05883
1024	3584	1	342	198	3.23698
1024	3584	1	200	240	2.11572
1536	3584	1	366	350	4.95793
1536	3584	1	448	260	5.44771
1536	3584	1	498	186	5.17409
1536	3584	2	474	116	0.00000
1536	3072	1	460	484	3.48417
1536	3584	1	366	116	0.73074
1536	3584	1	316	254	1.52052
1536	3584	1	212	170	3.20305
1536	3584	1	108	186	4.51500
1536	3584	1	4	150	4.36436
1536	3584	1	128	94	4.72833
1536	3072	1	308	386	4.93335
1536	3072	2	388	444	0.00000
1536	3072	1	288	472	3.30140
1536	3072	1	182	442	5.49077
1536	3072	1	110	494	0.25101
1024	3584	1	496	50	3.44987
1024	3584	1	256	120	1.06954
1024	3584	1	362	84	2.56917
1024	3072	1	386	478	4.59599
1024	3584	1	252	8	0.75740
1024	3584	1	158	10	0.55124
1024	3584	1	46	12	4.17071
1024	3072	1	174	416	4.62149
1024	3072	1	44	294	0.71031
1024	3072	1	118	338	5.47715
1024	3072	1	322	402	1.91398
1024	3072	1	466	374	1.94852
1536	3072	1	438	80	1.20616
1536	3072	1	334	4	1.11795
1536	3072	1	288	86	3.10944
1536	3072	1	202	74	0.00000
1536	3072	1	110	64	0.91159
1536	3072	1	50	20	0.87628
1024	3072	1	488	106	3.60601
1536	3072	1	206	274	1.73472
1536	3072	1	50	326	0.91729
1024	3072	1	330	300	0.00000
1536	3072	1	344	146	3.46666
1536	3072	2	422	296	0.00000
1024	3072	1	286	242	0.00000
1024	3072	1	202	204	0.00000
1024	3072	1	180	292	2.94966
1024	3072	1	408	84	0.00000
1024	3072	1	336	90	3.16838
1024	3072	1	274	74	3.86514
1024	3072	1	172	54	0.44691
1024	3072	1	46	52	1.96434
1024	3072	2	44	224	0.00000
1536	3072	2	326	232	0.00000
1536	3584	2	378	66	0.00000
1536	3584	2	302	54	0.00000
1024	3072	2	454	190	0.00000
2048	2560	2	436	318	0.00000
2048	2560	2	326	204	0.00000
2560	2560	2	22	168	0.00000
2560	2560	2	6	320	0.00000
2048	2560	2	348	52	0.00000
2048	2560	2	406	58	0.00000
2048	2048	1	182	70	3.69443
2048	2048	1	306	44	0.45290
2048	2048	1	346	204	2.13049
2048	2048	1	8	262	0.00000
2048	2048	1	182	336	2.58262
2560	2048	1	406	82	0.00000
2560	2048	2	16	16	0.00000
2560	2048	2	160	16	0.00000
2048	2048	2	488	68	0.00000
2048	2048	1	432	146	5.77010
2560	2048	1	128	258	5.92180
2048	2048	1	268	280	5.65770
2560	2048	1	212	116	0.00000
2560	2048	1	310	104	0.00000
2560	2048	2	310	22	0.00000
2048	2048	1	56	404	4.54165
2048	2048	1	124	492	0.95055
2048	2560	1	238	2	5.40426
2048	2048	1	374	484	1.15104
2048	2048	1	460	366	5.96143
2560	2048	1	70	366	5.57645
2048	2560	2	170	164	0.00000
2048	2560	2	238	150	0.00000
2048	2560	1	218	82	4.67160
2048	2560	1	66	114	3.73319
2048	2560	1	138	208	2.77986
2048	2560	1	36	286	4.59177
2048	2560	1	52	358	4.58334
2048	2560	2	164	356	0.00000
2048	2560	2	190	418	0.00000
2048	2560	2	326	434	0.00000
2048	2560	1	284	362	4.76932
2048	2560	1	118	452	5.83199
2048	2560	1	396	480	0.70747
2560	2560	1	16	416	2.01927
2560	2560	1	102	370	2.84285
2560	2560	1	56	500	4.80126
2560	2560	1	182	282	2.90185
2560	2048	1	366	338	3.95548
2560	2048	1	280	218	4.63507
2560	2048	1	462	204	4.66916
2560	2048	1	238	370	0.00000
2560	2048	2	288	390	0.00000
2560	2048	2	450	470	0.00000
2560	2048	1	370	470	3.45026
2560	2048	1	504	436	3.51927
2560	2560	1	242	6	1.58373
2560	2560	1	166	76	4.75851
2560	2560	1	478	82	2.67227
2560	2560	1	400	126	5.19756
2560	2560	1	354	168	4.95537
2560	2560	1	328	262	2.29099
2560	2560	2	458	318	0.00000
2560	2560	1	474	400	4.23598
2560	2560	1	380	372	3.70019
2560	2560	2	316	490	0.00000
2560	2560	1	274	348	3.21393
2560	2560	1	250	462	2.64414
2560	2048	1	72	118	3.46746
2048	2048	2	408	18	0.00000
3072	2560	1	240	512	0.00000
3072	2560	1	254	364	3.89447
3584	2560	1	242	346	3.49236
3072	2560	1	160	408	0.00000
3584	2560	1	230	458	4.88507
3584	2560	1	346	398	3.50649
3584	2560	1	178	330	0.63371
3584	2560	1	22	206	4.07257
3072	2560	1	22	342	4.14120
3584	2560	1	78	334	3.37345
3072	2560	1	446	242	2.86516
3072	2560	1	374	292	3.15152
3072	2560	1	194	274	3.90350
3072	2560	1	332	164	3.79057
3584	2560	1	480	336	4.04894
3072	2560	1	464	366	0.00000
3072	2560	1	328	458	1.60623
3072	2560	1	92	52	2.73385
3072	2560	1	214	42	2.28442
3584	2560	1	466	486	2.69195
3584	2560	1	232	234	1.36130
3584	2560	1	420	128	5.32741
3584	2560	1	512	200	3.57846
3584	2560	1	70	126	5.30672
3584	2560	1	110	16	4.19075
3072	2560	1	464	80	0.77517
3584	2048	1	350	468	4.73161
3584	2560	1	212	78	1.50508
3584	2048	1	186	400	1.87170
3584	2048	1	512	120	0.00000
3584	2048	1	362	56	0.00000
3072	2560	1	94	212	3.92473
3584	2560	1	286	180	2.32368
3584	2048	1	476	48	0.00000
3584	2560	1	294	358	3.74801
3584	2560	1	410	398	2.91420
3584	2048	1	314	336	5.05074
3584	2560	1	184	456	0.00000
3584	2048	1	358	240	4.78331
3072	2560	1	478	478	4.03721
3584	2560	1	300	512	4.52406
3584	2560	1	512	396	0.00000
3584	2560	1	96	464	2.76558
3072	2560	1	34	474	4.35068
3072	2560	2	490	174	0.00000
3072	2560	2	186	74	0.00000
3584	2560	2	406	242	0.00000
3072	2560	1	360	52	0.40109
3072	2560	2	320	32	0.00000
3072	2048	1	153	453	0.00000
3072	2048	1	30	420	3.58320
3072	2048	1	348	440	2.44449
3072	2048	1	458	474	3.90982
3584	2048	1	96	478	4.00660
3072	2048	1	482	390	4.74262
3584	2048	1	22	268	5.88407
3584	2048	1	310	176	4.93918
3584	2048	1	252	90	4.02335
3584	2048	1	232	0	0.00000
3584	2048	1	142	92	0.00000
3584	2048	1	30	98	4.29859
3072	2048	1	482	44	3.83548
3072	2048	1	470	176	4.70956
3072	2048	1	396	236	1.48464
3072	2048	1	364	332	4.66296
3072	2048	1	244	400	2.60376
3072	2048	1	64	308	2.45250
3072	2048	1	144	252	1.93223
3072	2048	1	370	102	0.04478
3072	2048	1	270	116	0.40177
3072	2048	1	218	222	5.60327
3072	2048	1	294	48	1.76929
3072	2048	1	212	94	3.93379
3072	2048	1	102	160	2.15406
3072	2048	1	28	24	4.43069
3072	2048	1	0	206	4.94396
3072	3072	1	88	56	1.34896
3072	3072	1	222	40	0.00000
3072	3072	1	144	136	1.38726
3072	3072	1	402	66	6.23136
3584	3072	1	30	158	0.00000
3072	3072	1	380	186	5.08328
3072	3072	1	250	238	0.50284
3072	3072	1	182	260	3.85022
3584	3072	1	154	162	0.78768
3584	3072	1	134	48	4.51130
3584	3072	1	296	204	3.85173
3584	3072	1	218	160	3.93182
3584	3072	1	412	64	4.41673
3584	3072	1	428	166	0.33958
3584	3072	1	354	270	3.16884
3584	3072	1	288	80	2.25775
3072	3072	1	310	308	3.92370
3072	3072	1	124	376	4.82305
3072	3072	1	252	384	5.33723
3072	3072	2	116	238	0.00000
3072	3072	2	20	292	0.00000
3072	3072	1	18	214	1.37124
3072	3072	1	428	332	0.98529
3584	3072	1	78	248	1.08084
3584	3072	1	58	332	1.57997
3584	3072	1	170	352	2.46043
3584	3072	1	196	278	0.00000
3584	3072	1	268	340	3.21836
3584	3072	1	330	426	0.44547
3584	3072	1	122	412	4.89315
3584	3072	1	156	484	1.83327
3584	3072	1	16	412	5.53632
3072	3072	1	452	414	3.67472
3584	3072	2	492	256	0.00000
3584	3072	2	512	180	0.00000
3584	3072	1	436	494	4.29684
3584	3072	1	512	442	3.27750
3584	3584	2	366	10	0.00000
3584	3584	1	234	54	3.14938
3584	3584	1	128	96	2.24897
3584	3584	1	122	20	5.21949
3072	3072	1	342	480	2.27636
3072	3584	1	480	92	0.06849
3072	3584	1	364	66	4.20955
3072	3072	1	460	506	0.96851
3072	3584	1	208	28	3.62449
3072	3584	1	280	88	0.64159
3072	3584	1	82	88	4.01165
3072	3072	2	102	446	0.00000
3584	3584	1	294	158	4.01706
3584	3584	1	194	218	2.43076
3584	3584	1	414	200	2.67462
3584	3584	1	510	138	0.81765
3072	3584	1	312	170	1.53378
3584	3584	1	292	214	3.83794
3584	3584	1	236	400	2.93996
3072	3584	1	72	376	2.58420
3072	3584	1	126	148	3.66549
3072	3584	1	154	254	0.95250
3072	3584	1	292	264	0.75621
3072	3584	1	462	412	0.82485
3584	3584	1	22	486	5.56664
3584	3584	1	52	298	4.23877
3584	3584	1	186	318	4.26691
3584	3584	1	398	286	2.97435
3072	3584	2	160	370	0.00000
3072	3584	2	252	362	0.00000
3072	3584	2	320	366	0.00000
3584	3584	1	456	412	1.83224
2560	3584	1	512	458	1.43216
2560	3584	1	512	512	2.05770
2560	3584	1	382	476	5.68958
2560	3584	1	276	422	4.58783
2560	3584	1	348	332	1.22767
2560	3584	1	420	412	1.59457
2560	3584	1	448	314	0.41013
2560	3584	1	512	230	1.99652
2560	3584	1	344	210	2.98324
2560	3584	1	414	216	3.46334
2560	3584	1	276	262	6.04478
2560	3584	1	192	308	2.31397
2560	3584	1	156	372	2.56472
2048	3584	1	392	318	1.58798
2048	3584	1	498	276	2.06534
2560	3584	1	80	186	5.65211
2560	3584	1	64	416	0.16515
2560	3584	1	182	184	4.53126
2048	3584	1	496	462	3.52210
2048	3584	1	380	450	0.28409
2048	3584	1	386	182	0.00000
2048	3584	1	132	454	6.19915
2048	3584	1	184	276	3.74077
2048	3584	1	64	474	0.00000
2048	3584	1	252	324	1.94548
2048	3584	1	24	88	3.32790
2048	3072	1	50	460	2.46876
2048	3584	1	198	140	3.75573
2048	3584	1	476	144	5.85078
2048	3584	1	12	216	5.20235
2560	3584	1	484	96	3.10411
2560	3584	1	352	84	2.07623
2560	3584	1	394	20	1.48765
2560	3072	1	394	450	4.87104
2560	3072	1	286	452	6.02532
2560	3072	1	222	480	0.00000
2560	3584	1	148	12	0.00000
2048	3584	1	100	126	3.24487
2560	3584	1	162	116	1.62858
2048	3072	1	502	496	4.94613
2048	3072	1	390	506	2.21668
2560	3584	1	62	50	1.11786
2560	3072	1	478	374	0.94596
2560	3072	1	484	300	4.24307
2560	3072	1	502	236	1.45198
2560	3072	1	512	94	3.10639
2560	3072	1	366	40	4.10167
2560	3072	1	256	24	2.95046
2560	3072	1	420	120	0.97362
2560	3072	1	352	202	1.92957
2560	3072	1	376	306	3.59136
2560	3072	1	252	328	0.91546
2560	3072	1	232	260	4.20422
2560	3072	1	144	252	0.00000
2560	3072	1	84	128	4.76090
2560	3072	1	122	378	5.69518
2048	3072	1	426	420	4.87754
2048	3072	1	456	356	4.66030
2048	3072	1	488	286	1.43527
2048	3072	1	328	340	4.02644
2048	3072	1	204	388	5.21695
2048	3072	1	90	366	2.83072
2048	3072	1	500	116	3.31128
2048	3072	1	408	68	2.49172
2048	3072	1	374	146	5.64062
2048	3072	1	316	232	1.91009
2048	3072	1	296	80	5.99834
2048	3072	1	100	58	1.80826
2048	3072	1	38	148	3.59669
2048	3072	1	156	174	0.73782
2048	3072	1	0	268	4.89224
2048	3584	1	282	214	5.48380
2048	3584	1	326	474	0.00000
2560	3072	2	8	174	0.00000
2560	3072	2	92	230	0.00000
2560	3072	2	230	132	0.00000
2560	3072	2	140	74	0.00000
2048	3072	2	194	322	0.00000
2560	3072	2	36	440	0.00000
2048	3072	2	320	436	0.00000
2048	3072	2	152	476	0.00000
2048	3584	2	366	26	0.00000
2048	3584	2	122	216	0.00000
2560	3584	2	118	296	0.00000
2048	3584	2	274	482	0.00000
2048	3072	2	192	21	0.00000
