1024	2048	1	252	352	0.35237
1024	2048	1	42	104	0.00000
1024	2048	1	476	240	2.93734
1024	2560	1	266	44	0.82331
1024	2048	2	122	54	0.00000
1024	2048	2	246	12	0.00000
1024	2048	2	438	12	0.00000
1536	2048	2	24	24	0.00000
1536	2048	1	78	34	3.23417
1536	2048	2	224	154	0.00000
1536	2048	1	88	122	0.00000
1536	2048	1	316	50	2.83001
1536	2048	2	412	28	0.00000
1536	2048	2	494	60	0.00000
1536	2048	2	512	188	0.00000
1536	2048	1	40	306	3.40473
1536	2048	1	136	316	3.48930
1536	2048	1	258	326	5.08094
1536	2048	1	480	292	5.11072
1536	2048	1	378	238	3.45022
1536	2048	1	266	204	0.94491
1024	2560	2	76	110	0.00000
1024	2560	1	262	232	5.25795
1024	2560	1	70	240	5.51986
1024	2560	1	54	332	2.45609
1024	2560	2	10	418	0.00000
1024	2560	1	78	498	3.82344
1024	2560	1	172	462	3.26306
1024	2560	1	266	464	4.44506
1024	2560	1	450	470	1.95305
1024	2560	1	418	382	1.33706
1024	2560	1	392	286	0.73010
1536	2560	1	44	430	5.11926
1536	2560	1	218	472	2.09899
1536	2560	1	402	426	1.79926
1536	2560	2	318	512	0.00000
1536	2560	2	444	334	0.00000
1024	2048	1	506	482	1.49797
1536	2048	1	132	418	2.08634
1536	2048	1	364	406	0.47251
1536	2048	1	464	470	2.44586
1536	2560	1	224	34	0.75023
1536	2560	1	96	34	0.29533
1024	2560	1	460	92	2.44939
1536	2560	1	90	182	5.42904
1536	2560	1	8	300	2.14486
1536	2560	1	222	172	0.00000
1536	2560	1	282	234	5.88025
1536	2560	1	368	126	0.75968
1536	2560	1	324	74	3.93541
1536	2560	1	502	158	2.64172
1536	2560	1	444	242	3.56538
1024	2048	1	106	246	0.81585
1024	2560	1	470	204	1.87098
1024	2560	2	192	284	0.00000
1024	2048	2	198	68	0.00000
1536	2560	1	102	256	2.31980
1024	3072	2	500	302	0.00000
1024	3072	2	348	338	0.00000
1024	3584	2	162	32	0.00000
1536	3584	2	44	206	0.00000
1536	3584	2	250	266	0.00000
1536	3072	1	498	256	0.18079
1536	3072	1	392	384	5.82183
1536	3584	1	460	308	0.00000
1536	3584	1	388	126	3.63485
1536	3072	1	148	412	5.31852
1536	3584	1	400	10	1.34096
1536	3072	1	276	398	0.45159
1536	3584	1	484	478	5.51784
1536	3584	1	328	494	0.00000
1536	3072	1	364	256	4.42940
1536	3072	1	278	182	0.52753
1536	3584	1	390	326	5.76180
1536	3584	1	178	458	0.34747
1024	3584	1	458	452	0.00000
1536	3584	1	42	496	0.70971
1536	3584	1	492	390	0.65844
1536	3584	1	296	372	1.69922
1536	3584	1	90	358	1.56469
1536	3584	1	44	286	1.61107
1536	3584	1	270	206	5.66537
1024	3584	1	326	314	1.11757
1024	3584	1	160	456	0.00000
1536	3584	2	468	106	0.00000
1024	3584	1	30	492	5.56733
1024	3584	1	46	410	1.79858
1024	3584	1	126	210	0.39828
1024	3584	1	220	150	2.06905
1024	3584	1	330	134	1.52413
1024	3584	1	418	198	4.76960
1024	3584	1	478	54	3.31382
1536	3584	1	60	28	5.99001
1536	3584	1	162	152	3.28882
1536	3584	1	152	278	2.23702
1536	3072	1	124	474	1.51830
1536	3584	1	268	50	2.83558
1024	3584	1	276	54	4.42819
1024	3072	1	412	478	1.53418
1024	3584	1	108	100	0.93500
1024	3072	1	36	458	5.77948
1024	3584	1	16	40	2.00967
1024	3072	1	320	290	0.00000
1024	3072	1	226	326	0.38200
1024	3072	1	176	232	0.22725
1536	3072	2	368	454	0.00000
1024	3072	2	244	220	0.00000
1024	3072	1	102	204	0.19719
1536	3072	1	22	368	0.19875
1536	3072	1	48	222	0.69272
1536	3072	1	158	306	1.31509
1536	3072	1	194	174	0.29497
1024	3072	1	372	72	5.93985
1024	3072	1	296	92	5.50213
1024	3072	1	116	84	1.14851
1024	3072	1	506	96	1.63460
1536	3072	1	128	58	1.48659
1536	3072	1	374	76	1.90152
1536	3072	1	476	162	1.67141
1536	3072	1	376	312	0.00000
1536	3072	1	462	360	5.68251
1536	3072	1	492	60	5.94107
1536	3072	1	302	14	3.45693
1024	3072	2	388	196	0.00000
2048	2048	1	40	150	0.61198
2048	2048	1	72	248	0.27683
2048	2048	1	162	258	3.44523
2048	2048	1	254	156	4.54343
2048	2048	2	190	86	0.00000
2048	2048	2	330	92	0.00000
2048	2048	2	494	62	0.00000
2048	2048	1	390	310	6.12913
2048	2048	1	300	310	0.00000
2048	2048	2	330	404	0.00000
2048	2048	1	64	408	3.64634
2048	2048	1	186	394	3.30980
2048	2048	2	222	496	0.00000
2048	2560	1	90	2	1.08326
2048	2048	1	398	470	5.35125
2048	2560	2	410	60	0.00000
2560	2048	1	26	422	3.41198
2048	2048	1	500	324	4.20302
2560	2048	1	10	220	2.20269
2560	2048	1	86	132	3.96697
2560	2048	1	114	248	5.45934
2560	2048	2	298	384	0.00000
2560	2048	2	196	168	0.00000
2560	2048	1	284	212	5.70528
2560	2048	1	398	172	2.05836
2560	2048	1	464	46	0.57346
2560	2048	2	312	134	0.00000
2560	2048	1	412	280	1.03401
2560	2048	1	202	250	2.43948
2048	2560	1	236	76	4.73963
2048	2560	1	58	176	3.93605
2048	2560	1	90	232	4.19450
2048	2560	1	258	180	0.72353
2048	2560	2	382	124	0.00000
2048	2560	1	470	116	3.91576
2560	2560	2	72	124	0.00000
2560	2560	1	166	130	3.26138
2560	2048	1	400	506	4.34589
2560	2560	2	282	68	0.00000
2560	2560	1	384	134	4.82688
2560	2560	1	278	216	4.85429
2048	2560	1	138	322	2.07254
2048	2560	1	22	394	3.30937
2048	2560	1	264	350	3.23885
2048	2560	1	500	246	1.36177
2560	2560	1	68	316	5.07287
2560	2560	1	162	280	5.22447
2048	2560	2	436	316	0.00000
2048	2560	2	320	212	0.00000
2048	2560	2	182	152	0.00000
2560	2560	2	290	10	0.00000
2048	2560	2	198	412	0.00000
2048	2560	2	324	420	0.00000
2048	2560	2	468	470	0.00000
2560	2560	2	24	474	0.00000
2560	2560	2	306	476	0.00000
2560	2560	2	470	324	0.00000
2560	2560	1	402	344	5.56873
2560	2560	1	238	446	5.96537
2560	2560	1	86	454	6.01693
2048	2560	1	406	460	0.43467
2560	2560	1	336	454	5.83446
2560	2560	1	474	474	0.52324
2048	2560	1	172	512	0.20580
2048	2560	2	84	500	0.00000
3072	2560	2	164	78	0.00000
3072	2560	2	308	20	0.00000
3584	2560	2	344	136	0.00000
3584	2560	2	342	448	0.00000
3072	2560	2	464	200	0.00000
3072	2048	1	16	128	5.88695
3072	2048	1	58	204	5.28611
3072	2048	1	168	210	2.60680
3072	2048	1	128	294	2.34470
3072	2048	1	258	252	3.84261
3072	2048	1	310	306	3.94372
3072	2048	1	200	100	6.08351
3072	2048	1	272	94	3.02878
3072	2048	1	350	80	3.04467
3072	2048	1	414	94	6.18051
3072	2048	1	472	54	2.80374
3072	2048	1	496	172	3.81769
3584	2048	1	20	258	4.74888
3584	2048	1	152	114	0.16755
3584	2048	1	220	0	0.00000
3584	2048	1	268	86	3.77853
3584	2048	1	396	90	6.01558
3584	2048	1	472	48	0.00000
3584	2048	1	512	126	0.40603
3584	2048	1	404	202	5.32431
3584	2048	1	342	236	2.10962
3584	2048	1	480	308	1.10504
3584	2048	1	306	320	1.45437
3072	2048	1	394	354	3.73906
3072	2048	1	512	346	4.54309
3584	2048	1	70	420	3.82047
3584	2048	1	124	504	4.18219
3584	2048	1	438	402	4.48006
3584	2048	1	428	502	1.19477
3584	2560	1	440	70	3.97328
3072	2048	1	88	376	5.60426
3072	2048	1	284	440	5.53041
3072	2048	1	212	510	5.98343
3072	2048	1	40	448	5.12175
3072	2560	1	54	68	3.73942
3072	2560	1	64	176	1.04824
3072	2560	1	312	88	1.24577
3072	2560	1	488	136	2.35983
3584	2560	1	28	98	5.76693
3584	2560	1	98	116	5.82838
3584	2560	1	210	84	5.11290
3584	2560	1	460	156	0.91747
3584	2560	1	278	190	1.85531
3072	2560	1	376	210	1.35612
3072	2560	1	276	182	4.05524
3072	2560	1	170	226	2.14364
3072	2560	1	166	326	1.66122
3072	2560	1	290	318	2.74589
3072	2560	1	372	330	5.83956
3072	2560	1	472	284	4.85586
3584	2560	1	74	238	2.43533
3584	2560	1	276	340	3.59813
3584	2560	1	56	354	5.03705
3584	2560	1	172	220	5.70553
3584	2560	1	188	348	3.24113
3584	2560	1	332	366	3.75684
3072	2560	1	74	434	0.98368
3072	2560	1	154	382	5.91417
3072	2560	1	232	444	3.57975
3072	2560	1	112	512	0.80663
3072	2560	1	314	474	0.62238
3072	2560	1	462	420	2.64953
3584	2560	1	8	502	3.91741
3072	2560	1	402	512	0.00000
3584	2560	1	68	440	2.36678
3584	2560	1	172	478	2.42677
3584	2560	1	232	468	4.24014
3584	2560	1	280	512	4.04961
3584	2560	1	422	302	5.97225
3584	2560	1	398	408	0.00000
3584	2560	1	484	460	5.62142
3584	2560	1	508	378	2.67534
3584	2560	1	512	282	1.77656
3072	3072	1	154	272	1.90867
3072	3072	1	172	146	2.37779
3072	3072	1	76	42	0.87640
3072	3072	1	396	38	0.00000
3072	3072	1	214	74	2.21070
3072	3072	1	96	142	2.31894
3072	3072	1	292	186	0.56395
3072	3072	1	374	170	1.15854
3072	3072	1	438	216	0.94460
3584	3072	1	36	94	4.10016
3072	3072	1	496	16	3.90381
3584	3072	1	238	42	4.10003
3584	3072	1	128	102	3.95138
3584	3072	1	224	204	4.05010
3584	3072	1	244	128	3.64159
3072	3072	1	380	306	4.98170
3072	3072	1	302	418	2.37332
3072	3072	1	92	440	1.28622
3072	3072	1	34	362	3.51570
3072	3072	1	100	510	1.47937
3072	3072	1	236	486	3.26581
3072	3072	1	446	414	2.08869
3584	3072	1	40	222	6.10513
3584	3072	1	102	236	3.64072
3072	3072	1	486	288	2.86939
3584	3072	1	456	202	0.09324
3584	3072	1	316	150	5.54572
3584	3072	1	492	90	3.98065
3584	3072	1	500	0	5.57385
3584	3072	1	388	132	5.89631
3584	3072	1	336	228	5.00616
3584	3072	1	270	284	4.88828
3584	3072	1	100	346	4.15768
3584	3072	1	496	342	4.43822
3584	3072	1	394	386	1.06398
3584	3072	1	250	342	1.40248
3584	3072	1	102	406	0.85425
3584	3072	1	482	468	5.80697
3584	3584	1	98	76	2.09084
3072	3072	1	406	492	1.38769
3072	3584	1	450	100	5.93181
3072	3584	1	318	88	4.36817
3072	3584	1	116	66	1.76268
3072	3584	1	258	174	1.45137
3072	3584	1	414	194	1.84496
3584	3584	1	64	170	1.24057
3072	3584	1	42	90	2.42433
3584	3584	1	192	4	5.74005
3584	3072	1	304	450	2.52134
3584	3072	1	248	468	2.48719
3584	3584	1	144	14	5.80106
3584	3584	1	390	2	1.36727
3584	3584	1	292	62	5.96143
3584	3584	1	398	100	1.31824
3584	3584	1	440	158	3.70670
3584	3584	1	344	224	3.38319
3584	3584	1	254	154	5.61547
3584	3584	1	322	366	5.66575
3584	3584	1	406	298	0.54557
3584	3584	1	416	466	2.69467
3584	3584	1	512	362	2.41810
3584	3584	1	462	402	5.69518
3584	3584	1	512	228	0.00000
3584	3584	1	230	372	4.50940
3072	3584	1	450	306	5.13224
3584	3584	1	28	242	5.29817
3584	3584	1	168	284	0.00000
3584	3584	1	266	272	0.00000
3072	3584	1	512	384	3.92822
3072	3584	1	288	256	0.78916
3072	3584	1	136	240	5.92638
3072	3584	1	228	394	1.02318
3072	3584	1	390	370	1.65258
3072	3584	1	46	306	0.87377
3072	3584	1	106	372	2.18430
3072	3584	1	136	466	1.36324
3072	3584	1	38	410	0.52040
3072	3584	1	278	482	4.19616
3072	3584	1	200	274	5.90268
3584	3584	1	82	438	3.64645
3584	3584	1	244	454	4.97342
3072	3584	1	402	486	2.81093
3072	3584	1	506	498	5.62214
3584	3584	2	146	448	0.00000
3584	3584	1	244	492	5.23848
2560	3072	2	94	234	0.00000
2560	3072	2	140	78	0.00000
2560	3072	2	234	128	0.00000
2560	3072	2	360	240	0.00000
2560	3072	2	92	442	0.00000
2048	3072	2	506	434	0.00000
2048	3072	2	46	380	0.00000
2048	3072	2	384	26	0.00000
2048	3072	2	162	478	0.00000
2048	3072	2	310	434	0.00000
2048	3584	2	378	28	0.00000
2048	3072	2	180	222	0.00000
2048	3072	2	290	292	0.00000
2048	3072	1	148	36	0.34898
2048	3072	1	224	38	0.25002
2048	3072	1	298	34	3.54658
2048	3072	2	72	14	0.00000
2048	3072	2	16	88	0.00000
2048	3072	1	14	236	0.60573
2048	3072	1	86	280	3.46990
2048	3072	1	190	342	3.63069
2048	3072	1	226	202	2.94819
2048	3072	1	290	196	6.16429
2048	3072	1	448	66	0.00000
2048	3072	1	372	126	5.37170
2048	3072	1	460	200	0.57383
2560	3072	1	30	70	0.51239
2560	3072	1	130	150	1.21349
2560	3072	1	316	156	0.30074
2560	3072	2	252	20	0.00000
2560	3072	2	364	12	0.00000
2560	3072	2	440	10	0.00000
2560	3072	1	498	152	0.73693
2560	3072	1	458	298	4.08704
2048	3072	1	486	274	3.99440
2560	3072	1	186	294	5.97338
2560	3072	1	142	368	2.32590
2560	3072	1	52	362	5.78358
2048	3072	1	402	384	1.82812
2048	3072	1	256	392	4.05024
2048	3584	1	230	34	5.23479
2048	3072	1	320	494	1.03687
2048	3072	1	508	508	5.46631
2560	3072	1	402	406	4.64599
2560	3072	1	266	326	3.95040
2560	3584	1	158	22	2.48590
2560	3072	1	210	446	0.30705
2048	3584	1	68	62	0.00000
2048	3584	1	102	228	1.55587
2048	3584	1	276	196	3.72960
2048	3584	1	366	122	3.53581
2560	3584	1	22	126	4.31215
2560	3584	1	50	190	1.46329
2560	3584	1	150	120	2.26649
2560	3072	1	428	508	5.55198
2560	3584	1	234	66	6.10851
2560	3584	1	378	86	0.00000
2560	3584	1	296	88	3.19644
2560	3584	2	512	64	0.00000
2560	3584	1	510	156	2.46194
2560	3584	1	472	228	2.34859
2560	3584	1	374	206	3.85250
2560	3584	1	268	244	0.00000
2560	3584	1	192	246	3.46069
2560	3584	1	90	284	0.33110
2048	3584	1	60	364	0.00000
2048	3584	1	188	354	2.35685
2048	3584	1	292	368	5.45236
2048	3584	1	374	376	6.12710
2048	3584	1	490	334	1.90624
2048	3584	1	512	408	1.55767
2560	3584	1	154	370	0.87455
2560	3584	1	254	378	1.24323
2560	3584	1	246	448	1.45430
2560	3584	1	434	386	0.62895
2560	3584	2	512	484	0.00000
2560	3584	2	512	334	0.00000
2560	3584	1	338	340	3.11779
2560	3584	1	328	512	0.39852
2048	3584	2	14	512	0.00000
2048	3584	1	220	510	5.29461
2560	3584	1	100	512	5.44622
2560	3584	2	2	496	0.00000
