1024	2048	1	104	60	0.39358
1024	2048	1	118	146	1.64348
1024	2048	1	200	84	0.52249
1024	2048	1	264	0	0.16515
1024	2048	1	352	4	0.48089
1536	2048	1	14	20	0.00000
1536	2048	1	340	16	5.72889
1536	2048	1	502	70	2.44134
1536	2048	1	430	148	5.05168
1536	2048	1	284	80	2.21430
1536	2048	1	226	148	0.00000
1024	2048	1	422	170	2.43718
1536	2048	1	62	266	5.52109
1536	2048	1	168	268	0.00000
1536	2048	1	264	230	3.50651
1536	2048	1	428	234	2.14975
1536	2048	1	466	328	1.41206
1536	2048	1	244	354	3.40409
1024	2048	1	124	268	1.84633
1024	2048	1	206	376	0.53041
1024	2048	1	468	372	3.97921
1536	2048	1	58	406	3.20035
1536	2048	1	378	398	5.65657
1536	2048	1	220	478	1.02191
1536	2560	1	334	8	1.57080
1536	2560	1	466	8	1.18109
1024	2048	1	314	462	1.77557
1536	2560	1	8	12	5.49779
1024	2560	1	424	34	2.49846
1024	2560	1	298	52	0.83270
1536	2560	1	88	110	4.31631
1024	2560	1	32	10	2.27407
1024	2560	1	156	148	3.87332
1536	2560	1	300	124	2.67329
1536	2560	1	466	162	1.03453
1536	2560	1	462	304	4.29716
1024	2560	1	268	270	6.14886
1024	2560	1	332	308	3.27287
1024	2560	1	440	208	3.05796
1536	2560	1	100	192	2.11782
1536	2560	1	208	192	0.00000
1536	2560	1	318	272	5.58748
1536	2560	1	28	294	1.41558
1024	2560	1	476	368	4.39240
1536	2560	1	144	324	0.44478
1536	2560	1	224	322	0.61562
1024	2560	1	256	410	5.96313
1024	2560	1	172	402	2.99392
1024	2560	1	430	468	4.16504
1536	2560	1	46	472	0.92606
1536	2560	1	172	454	0.70814
1536	2560	1	388	422	2.16407
1536	2560	1	362	512	2.03828
1024	2560	1	200	512	1.89892
1024	2560	1	52	512	3.96487
1024	2560	1	4	438	3.93465
1024	3072	1	268	242	5.74421
1024	3072	1	334	230	5.90018
1024	3072	1	156	294	0.13872
1024	3072	1	56	4	0.76887
1024	3072	1	0	102	0.78540
1024	3072	1	102	82	0.36717
1024	3072	1	202	18	1.97043
1024	3072	1	170	126	0.27982
1024	3072	1	58	262	0.20853
1024	3072	1	360	40	1.63085
1536	3072	1	20	4	0.70313
1024	3072	2	468	34	0.00000
1024	3072	1	68	398	4.08309
1024	3072	1	238	338	0.00000
1024	3072	1	162	434	0.30128
1024	3072	1	60	496	4.08539
1024	3584	1	72	90	1.35971
1024	3072	1	476	198	3.79376
1536	3072	1	72	104	0.38382
1536	3584	2	18	46	0.00000
1536	3584	2	464	112	0.00000
1024	3584	1	346	76	2.09057
1024	3072	1	368	454	0.70267
1024	3584	1	4	268	0.00000
1024	3584	1	128	196	5.61317
1024	3584	1	130	304	5.50702
1536	3072	1	254	170	2.67090
1536	3072	1	370	22	1.76112
1536	3072	1	446	98	6.07556
1536	3072	1	386	162	0.00000
1536	3072	1	496	238	4.84864
1536	3072	1	322	306	3.34064
1536	3072	2	402	318	0.00000
1536	3072	1	188	308	5.14729
1536	3072	1	32	312	0.99172
1536	3072	1	132	362	1.76796
1024	3072	1	512	454	1.10715
1536	3072	1	104	480	3.40269
1536	3072	1	188	488	0.00000
1536	3072	1	258	474	0.09875
1536	3072	1	374	446	3.61008
1536	3072	1	464	398	0.77566
1536	3584	1	500	16	5.76764
1536	3584	1	416	48	2.54354
1024	3584	1	210	116	1.20919
1024	3072	1	254	476	0.52779
1024	3584	1	458	90	5.76873
1024	3584	1	340	304	6.05858
1024	3584	1	482	252	5.84053
1536	3584	1	210	148	1.96765
1536	3584	1	346	148	1.90803
1536	3584	1	80	236	0.68105
1536	3584	1	166	262	0.98831
1536	3584	1	346	266	1.10569
1024	3584	1	44	516	2.57802
1024	3584	1	102	484	5.66352
1024	3584	1	424	374	0.00000
1536	3584	1	40	404	0.46774
1536	3584	1	74	488	0.42959
1536	3584	1	182	472	0.00000
1536	3584	1	332	496	5.87055
1536	3584	1	210	358	5.36426
1536	3584	1	486	440	6.21608
1536	3584	1	414	360	0.25323
1536	3584	1	490	264	0.38051
2560	2560	2	22	480	0.00000
2048	2560	2	468	478	0.00000
2560	2560	1	512	512	2.36526
2560	2560	1	334	298	4.40021
2560	2560	1	412	404	4.33223
2560	2560	1	362	202	2.13840
2560	2560	1	512	232	1.01220
2560	2560	1	210	276	3.35277
2560	2560	1	304	444	2.70624
2560	2560	1	144	412	5.47832
2560	2560	1	62	268	6.11188
2560	2560	1	512	356	0.59898
2560	2048	1	424	506	3.38476
2560	2560	1	156	224	3.67964
2560	2048	1	352	492	3.32012
2560	2560	1	374	116	5.02810
2560	2560	2	462	332	0.00000
2560	2560	1	208	96	1.07897
2560	2048	1	286	344	4.32949
2560	2048	1	474	164	1.01314
2560	2048	1	492	326	0.97850
2560	2048	1	218	484	4.05404
2560	2560	1	96	106	4.09864
2048	2560	1	486	154	3.86936
2048	2560	1	438	120	3.74494
2048	2560	1	476	276	1.69259
2048	2560	1	342	258	3.98032
2560	2048	1	512	218	1.02728
2560	2048	2	284	394	0.00000
2560	2048	1	416	60	0.00000
2560	2048	1	490	26	0.00000
2560	2048	1	320	94	0.00000
2560	2048	1	368	36	0.00000
2560	2048	1	340	208	4.30876
2560	2048	1	190	184	6.01456
2560	2048	1	266	32	3.16325
2560	2048	1	208	48	2.97760
2048	2048	1	506	202	0.73751
2048	2048	1	426	82	0.71610
2048	2048	1	88	62	0.00000
2048	2048	1	260	0	3.07930
2560	2048	1	90	112	4.48409
2048	2048	2	496	60	0.00000
2048	2048	2	162	62	0.00000
2560	2048	1	148	256	3.37860
2560	2048	1	100	368	2.46569
2560	2048	1	78	478	2.45115
2048	2048	1	442	476	4.13983
2048	2560	1	210	354	5.00136
2048	2560	1	270	118	4.83964
2048	2560	2	384	110	0.00000
2048	2560	2	410	62	0.00000
2560	2560	2	512	16	0.00000
2048	2560	1	118	272	0.52407
2048	2560	1	30	412	0.00000
2048	2560	1	252	444	3.74173
2048	2560	1	208	220	0.78914
2048	2560	1	72	126	1.05300
2048	2560	2	72	504	0.00000
2048	2560	2	308	202	0.00000
2048	2560	1	150	54	2.99257
2048	2560	1	300	20	3.77165
2048	2048	2	208	508	0.00000
2048	2048	2	246	452	0.00000
2048	2048	1	244	300	0.00000
2048	2048	1	144	252	5.99603
2048	2048	1	70	316	5.82048
2048	2048	1	340	414	4.18529
2048	2048	1	154	414	4.09822
2048	2048	1	2	376	2.34443
2048	2560	1	50	34	0.99215
3072	2048	1	348	144	1.38278
3072	2048	1	502	102	4.21545
3072	2048	1	348	32	4.30730
3072	2048	1	232	102	4.17217
3072	2048	1	194	38	1.23908
3072	2048	2	118	112	0.00000
3072	2048	1	90	40	0.31975
3072	2048	1	50	198	1.46985
3072	2048	1	120	272	1.67326
3072	2048	1	276	218	2.05147
3072	2048	1	404	204	3.88771
3072	2048	1	352	324	4.35160
3072	2048	1	502	222	3.56398
3584	2048	1	90	264	2.47338
3584	2048	1	200	254	4.71990
3584	2048	1	150	112	0.14471
3584	2048	1	258	90	3.64776
3584	2048	1	214	0	0.00000
3584	2048	1	404	96	6.05977
3584	2048	1	384	234	5.41929
3584	2048	1	464	56	6.27552
3584	2048	1	512	112	0.15066
3584	2048	1	256	342	4.23073
3584	2048	1	94	390	4.70471
3072	2048	1	414	358	0.83818
3072	2048	1	452	402	3.81361
3072	2048	1	302	444	4.79349
3072	2048	1	188	364	4.92613
3072	2048	1	60	392	0.37244
3072	2048	1	8	318	1.05070
3072	2048	1	184	472	2.25563
3072	2560	1	488	8	2.35851
3584	2048	1	18	472	2.33322
3584	2048	1	308	416	3.53269
3584	2048	1	446	450	2.62451
3584	2048	1	218	502	5.83620
3584	2048	1	166	512	5.75463
3072	2560	2	466	182	0.00000
3072	2560	2	430	126	0.00000
3072	2560	2	324	22	0.00000
3072	2560	1	130	66	3.01393
3072	2560	1	56	92	0.28286
3072	2560	2	18	18	0.00000
3072	2048	2	142	164	0.00000
3072	2560	1	246	88	0.86654
3584	2560	1	94	76	1.08290
3072	2560	1	496	110	2.41163
3584	2560	1	344	34	4.62361
3584	2560	1	422	78	1.03309
3584	2560	1	512	112	3.08644
3072	2560	1	360	220	3.05678
3584	2560	1	118	132	1.55557
3072	2560	1	252	182	2.51798
3072	2560	1	288	334	6.02538
3072	2560	1	152	242	3.14600
3072	2560	1	50	228	0.91281
3072	2560	1	120	396	6.08659
3072	2560	1	40	324	0.39053
3584	2560	1	218	190	4.47023
3584	2560	1	112	254	2.39942
3584	2560	1	4	244	3.45073
3072	2560	1	420	312	3.26698
3584	2560	1	102	350	1.32582
3072	2560	1	232	456	0.98892
3072	2560	1	376	474	0.00000
3584	2560	1	20	432	5.13524
3584	2560	1	370	190	1.19665
3072	2048	2	422	330	0.00000
3584	2560	2	406	250	0.00000
3584	2560	2	358	444	0.00000
3584	2560	1	272	288	2.43572
3584	2560	1	512	256	2.50925
3584	2560	1	506	336	1.89073
3584	2560	1	166	388	1.48209
3584	2560	1	258	380	5.55737
3584	2560	1	402	386	5.09149
3584	2560	1	180	492	3.07584
3584	2560	1	246	492	2.65536
3584	2560	1	328	486	5.20352
3584	2560	1	512	454	2.69123
3584	2560	1	4	512	0.00000
3584	3584	1	190	258	6.10494
3584	3584	1	262	330	0.00000
3072	3584	1	296	256	0.51123
3584	3584	1	264	214	0.39344
3584	3584	1	216	470	3.98934
3584	3584	1	506	234	0.92026
3584	3584	1	188	464	0.00000
3072	3584	1	202	238	3.49936
3584	3584	1	512	54	3.43134
3584	3584	1	462	330	1.55609
3584	3584	1	402	226	2.72648
3584	3584	1	462	38	3.46045
3584	3584	1	346	256	5.75015
3072	3584	1	8	190	0.38832
3072	3584	1	108	208	1.09989
3072	3584	1	470	216	5.62104
3584	3584	1	420	140	5.76781
3584	3584	1	466	512	3.84725
3072	3584	1	510	504	0.21406
3584	3584	1	80	456	0.15991
3584	3584	1	314	370	0.77437
3584	3584	1	426	410	0.89161
3584	3584	1	178	356	2.30861
3072	3584	1	374	324	1.53956
3072	3584	1	24	382	2.98272
3072	3584	1	68	308	1.97569
3072	3584	1	382	396	1.90553
3072	3584	1	464	440	0.55807
3072	3584	1	504	364	1.04667
3072	3584	1	294	512	3.20816
3072	3584	1	354	512	3.86823
3072	3584	1	124	512	0.00000
3072	3584	1	60	482	1.05812
3584	3584	1	22	268	6.05815
3072	3584	1	428	288	5.36465
3072	3584	1	250	122	5.11115
3072	3584	1	466	116	1.54394
3072	3584	1	356	194	3.20707
3584	3584	1	74	142	3.49474
3584	3584	1	302	110	4.79867
3072	3584	1	120	62	5.84081
3072	3584	1	26	20	2.68028
3072	3072	1	176	492	2.89661
3072	3072	1	110	414	0.86712
3072	3072	1	14	350	5.90206
3072	3072	1	90	318	0.00000
3072	3072	1	100	196	5.34733
3072	3584	1	272	16	4.34018
3072	3584	1	410	22	2.03119
3584	3584	1	40	4	2.28315
3072	3072	1	254	404	4.59751
3072	3072	1	442	426	1.69813
3584	3072	1	110	486	2.90621
3584	3072	1	208	466	3.63605
3584	3584	1	250	30	3.76774
3584	3584	1	358	52	4.58850
3584	3072	1	384	470	2.30070
3584	3072	1	512	444	5.18451
3584	3072	1	512	296	3.86492
3584	3072	1	354	390	1.58284
3072	3072	1	208	240	0.51213
3072	3072	1	260	300	3.54704
3072	3072	1	328	306	2.97610
3072	3072	2	422	253	0.00000
3584	3072	1	104	336	1.35404
3584	3072	1	74	238	3.12998
3584	3072	1	244	268	4.98204
3584	3072	1	460	282	3.89780
3584	3072	1	386	258	0.67739
3584	3072	1	504	146	0.99004
3584	3072	1	412	86	3.11731
3584	3072	1	458	56	0.00000
3584	3072	1	288	216	4.97864
3584	3072	1	208	162	3.74547
3584	3072	1	208	40	1.94750
3584	3072	1	320	124	4.51403
3584	3072	1	246	62	4.58474
3584	3072	1	326	4	5.31300
3584	3072	1	12	44	6.08712
3072	3072	1	34	4	2.57577
3072	3072	1	112	60	3.08539
3072	3072	1	180	106	2.81036
3072	3072	1	262	110	5.79856
3072	3072	1	390	178	5.00732
3072	3072	1	500	192	0.34302
3072	3072	1	386	88	4.27540
3072	3072	1	382	0	0.00000
2048	3072	1	146	16	0.00000
2048	3072	2	72	16	0.00000
2048	3072	1	298	52	3.17089
2048	3072	1	480	84	0.96330
2560	3072	1	64	78	3.24126
2560	3072	1	196	56	5.46058
2048	3072	2	134	122	0.00000
2560	3072	2	136	76	0.00000
2560	3072	2	222	142	0.00000
2560	3072	2	344	250	0.00000
2560	3072	1	352	78	4.84667
2560	3072	1	488	146	5.14170
2560	3072	1	368	194	5.14671
2048	3072	1	0	248	5.08135
2048	3072	1	86	260	0.07726
2048	3072	1	184	250	0.21009
2048	3072	2	272	278	0.00000
2048	3072	1	316	206	5.44891
2048	3072	1	370	140	5.34971
2048	3072	1	464	190	3.85174
2048	3072	2	466	282	0.00000
2560	3072	2	68	236	0.00000
2560	3072	1	142	182	2.85780
2560	3072	1	238	292	5.91344
2560	3072	1	486	368	0.00000
2048	3072	2	406	286	0.00000
2560	3072	1	46	310	4.89224
2560	3072	1	176	366	0.00000
2560	3072	2	114	448	0.00000
2048	3072	2	506	374	0.00000
2048	3072	2	488	440	0.00000
2048	3072	2	316	434	0.00000
2048	3072	1	374	350	0.00000
2048	3072	1	28	398	3.69145
2048	3072	1	70	438	0.72664
2048	3072	1	142	486	1.02225
2048	3584	2	6	46	0.00000
2048	3584	1	250	4	4.91463
2048	3584	1	108	72	1.86816
2048	3584	1	368	28	2.79870
2048	3584	1	444	24	3.49381
2560	3072	1	204	472	0.24498
2560	3072	1	344	416	4.83404
2560	3584	1	322	2	4.74240
2560	3584	1	414	68	1.16532
2560	3584	1	512	6	2.31899
2560	3584	1	196	88	0.46432
2560	3584	1	102	68	5.81954
2048	3584	1	492	98	0.22029
2048	3584	1	116	178	1.57080
2048	3584	2	188	260	0.00000
2048	3584	1	330	136	2.02153
2048	3584	1	238	176	3.17189
2048	3584	1	34	314	4.11861
2048	3584	1	140	286	1.22658
2048	3584	1	110	446	5.50173
2048	3584	1	190	420	5.70458
2048	3584	1	236	332	0.32175
2560	3584	1	24	188	0.21501
2048	3584	1	436	194	5.87528
2048	3584	1	348	312	5.78978
2048	3584	1	396	262	5.40284
2048	3584	1	288	402	0.11685
2048	3584	1	412	392	0.00000
2560	3584	1	448	130	0.91735
2560	3584	1	510	208	0.67052
2560	3584	1	240	194	0.00000
2560	3584	2	286	248	0.00000
2560	3584	2	282	354	0.00000
2560	3584	1	136	212	1.12944
2560	3584	1	14	416	4.67689
2560	3584	1	50	316	4.74868
2560	3584	1	168	332	0.00000
2560	3584	1	364	290	0.39968
2560	3584	1	358	416	5.40131
2560	3584	1	190	502	5.59689
2048	3584	1	492	512	5.66405
2560	3584	1	508	374	3.38971
2048	3584	1	346	504	0.00000
2560	3584	1	310	512	0.00000
2048	3584	2	8	234	0.00000
