1024	2048	1	196	80	0.51172
1024	2048	1	126	188	5.51387
1024	2048	1	106	292	2.89856
1024	2048	1	240	346	0.47026
1024	2048	1	470	236	2.94212
1536	2048	1	60	76	5.14392
1536	2048	1	222	134	0.00000
1536	2048	1	152	52	0.00000
1536	2048	1	252	50	5.74195
1536	2048	1	338	120	6.12512
1536	2048	1	406	62	3.69007
1536	2048	2	496	71	0.00000
1536	2048	1	472	138	4.61616
1536	2048	1	482	246	6.04882
1536	2048	1	408	278	3.04314
1536	2048	1	142	236	1.90332
1536	2048	1	356	376	2.06957
1536	2048	2	224	355	0.00000
1536	2048	1	86	422	4.81906
1024	2560	1	16	10	5.50788
1024	2048	1	6	438	0.60299
1024	2560	1	256	40	1.12344
1024	2560	1	430	64	2.89039
1536	2560	1	16	68	3.87959
1536	2560	1	74	112	0.82993
1024	2560	1	188	232	4.34876
1024	2560	2	80	187	0.00000
1536	2048	1	330	478	4.08652
1536	2048	1	486	410	2.82784
1024	2560	1	330	176	3.91642
1536	2560	1	190	134	2.52471
1024	2560	1	376	260	1.23570
1536	2560	1	346	54	0.79006
1536	2560	1	442	44	3.98254
1536	2560	1	72	262	0.61392
1536	2560	1	268	232	5.87484
1536	2560	1	360	290	3.03786
1536	2560	1	456	162	1.02361
1024	2560	1	268	406	3.72441
1024	2560	1	170	330	1.82496
1024	2560	1	68	350	2.29266
1024	2560	1	152	446	5.29466
1536	2560	1	42	430	5.25744
1536	2560	1	192	362	4.70456
1024	2560	1	396	476	2.88366
1024	2560	1	496	480	2.18084
1536	2560	1	264	480	2.52216
1536	2560	1	382	424	1.98465
1536	2560	1	506	304	4.84798
1536	2560	1	410	512	1.30862
1536	2560	2	472	404	0.00000
1024	2560	1	42	502	1.10493
1536	3584	1	82	34	0.79560
1536	3072	1	480	470	1.25373
1536	3072	1	392	414	0.79899
1536	3584	1	512	56	6.20904
1536	3584	1	512	206	2.67795
1024	3584	1	466	206	6.17420
1536	3584	1	332	260	2.88742
1024	3584	1	334	202	3.27758
1024	3584	1	202	246	1.79466
1024	3584	1	152	426	0.16333
1536	3584	1	468	292	2.17329
1024	3584	1	266	364	5.78158
1024	3584	1	18	486	5.30417
1024	3584	1	412	284	0.00000
1536	3584	1	244	498	0.43526
1536	3584	1	126	318	0.84415
1536	3584	1	198	412	0.26259
1024	3584	1	356	448	0.64059
1536	3584	1	440	388	6.00994
1536	3584	1	434	512	5.89808
1536	3584	2	254	370	0.00000
1024	3584	1	82	52	5.91661
1024	3072	1	160	482	4.82033
1536	3584	1	168	100	5.56494
1024	3584	1	28	118	6.08579
1024	3584	1	396	72	1.97333
1536	3584	1	118	146	5.79387
1536	3584	1	54	190	2.01288
1536	3584	1	210	38	5.81038
1024	3072	1	288	486	0.19835
1536	3584	2	250	264	0.00000
1536	3584	2	394	120	0.00000
1536	3584	2	460	110	0.00000
1536	3584	2	370	62	0.00000
1536	3584	1	280	8	3.51248
1536	3072	1	496	310	3.68049
1024	3072	1	400	462	2.34664
1024	3072	1	244	338	5.82280
1024	3072	1	0	472	6.05885
1024	3072	1	174	352	2.82443
1024	3072	1	114	360	2.57635
1024	3072	1	42	354	5.76078
1024	3584	2	308	92	0.00000
1024	3584	2	176	28	0.00000
1536	3584	2	12	44	0.00000
1024	3072	1	452	382	5.75356
1536	3072	1	100	454	2.08874
1024	3072	1	308	266	0.23278
1536	3072	1	96	260	2.89166
1536	3072	1	164	260	5.97712
1024	3072	1	500	462	5.08046
1536	3072	1	186	440	5.23769
1024	3072	2	434	314	0.00000
1024	3072	2	358	342	0.00000
1024	3072	2	490	300	0.00000
1536	3072	1	52	332	2.57951
1536	3072	2	196	364	0.00000
1536	3072	2	114	396	0.00000
1536	3072	1	282	368	4.23256
1536	3072	1	442	240	0.74523
1536	3072	1	274	246	3.66989
1536	3072	1	440	18	1.77078
1024	3072	1	262	170	0.00000
1536	3072	1	512	96	5.65118
1536	3072	1	392	92	1.25506
1536	3072	1	448	152	1.23245
1536	3072	1	250	118	3.28957
1536	3072	1	178	174	5.30329
1536	3072	1	198	44	0.12095
1536	3072	1	18	108	2.76096
1024	3072	1	424	202	0.80964
1024	3072	1	24	170	0.08031
1536	3072	1	88	62	3.11183
1024	3072	1	410	6	2.70244
1024	3072	2	474	34	0.00000
1536	3072	1	300	8	5.51863
1024	3072	1	94	42	4.54445
1024	3072	1	366	80	2.79384
1024	3072	1	266	50	5.56885
1024	3072	1	232	222	0.93390
1024	3072	1	202	162	0.83629
1024	3072	1	158	118	0.48460
1536	3584	1	512	508	5.99009
1536	3584	1	340	514	0.84119
2048	2048	2	116	74	0.00000
2048	2048	2	204	70	0.00000
2560	2048	2	284	386	0.00000
2560	2048	2	350	398	0.00000
2560	2048	2	434	466	0.00000
2560	2048	2	280	510	0.00000
2048	2560	2	440	322	0.00000
2048	2560	2	510	310	0.00000
2560	2560	2	312	482	0.00000
2560	2560	2	470	340	0.00000
2048	2560	2	188	422	0.00000
2048	2560	2	320	428	0.00000
2048	2560	2	160	152	0.00000
2048	2560	2	224	162	0.00000
2048	2560	2	362	56	0.00000
2048	2560	2	144	106	0.00000
2048	2048	2	482	54	0.00000
2560	2560	1	418	360	5.99772
2048	2560	1	298	472	1.77926
2560	2560	1	344	406	2.56394
2048	2560	1	482	438	1.14350
2048	2560	1	116	454	5.71633
2560	2560	1	222	410	2.45732
2048	2560	1	18	298	4.70692
2560	2560	1	94	420	5.92214
2048	2560	1	142	246	3.50650
2048	2560	1	216	346	4.78639
2560	2560	1	274	512	3.75073
2560	2560	1	374	512	3.72535
2048	2560	1	394	250	2.35021
2560	2560	1	178	270	4.62427
2048	2560	1	512	248	2.34478
2560	2560	1	480	186	5.87352
2560	2560	1	400	216	0.00000
2560	2560	1	512	384	3.86943
2560	2560	1	290	236	2.89084
2560	2560	1	88	170	2.59275
2048	2560	2	314	210	0.00000
2048	2560	1	296	100	4.80962
2048	2560	2	420	66	0.00000
2048	2560	1	62	124	3.64738
2560	2560	1	170	144	2.50828
2560	2560	1	252	108	0.71083
2560	2560	1	340	136	3.21295
2048	2048	1	390	472	1.27199
2560	2560	1	452	34	2.03940
2048	2048	1	472	348	0.00000
2560	2048	1	78	376	5.67393
2048	2048	1	236	296	5.99636
2560	2048	1	116	244	5.92519
2560	2048	1	244	370	0.20441
2560	2048	1	452	328	0.95248
2560	2048	1	512	422	0.64918
2048	2048	1	78	462	3.05970
2048	2560	1	152	42	3.58494
2048	2048	1	196	478	2.60189
2048	2048	1	142	314	2.70793
2048	2048	1	8	272	6.07165
2048	2048	1	0	128	4.72417
2048	2048	1	316	42	0.65261
2048	2048	1	400	40	0.76733
2048	2048	1	478	150	0.49917
2560	2048	1	216	114	0.00000
2560	2048	1	310	84	0.00000
2560	2048	1	72	120	3.44305
2560	2048	1	440	54	1.13000
2560	2048	1	504	170	1.10145
2560	2048	1	348	236	3.06770
2560	2048	1	146	0	0.00000
3072	2560	1	198	246	1.61061
3072	2560	1	298	264	3.30613
3072	2560	1	412	240	3.63143
3584	2560	1	144	390	0.69726
3584	2560	1	250	456	4.85019
3072	2560	1	100	494	3.38470
3072	2560	1	34	338	3.73521
3072	2560	1	144	374	2.20834
3072	2560	1	382	446	1.02126
3584	2560	1	10	304	0.00000
3584	2560	1	18	478	3.10957
3584	2560	1	116	500	3.06581
3584	2560	1	240	512	3.40103
3584	2560	1	168	512	3.55123
3072	2560	1	174	512	0.00000
3072	2560	1	250	512	0.00000
3072	2560	1	328	374	4.13063
3584	2560	1	178	272	1.13012
3072	2560	1	278	82	5.13054
3072	2048	1	466	406	5.37481
3072	2048	1	222	504	0.84423
3072	2560	1	368	152	0.00000
3072	2560	1	196	142	1.52071
3584	2560	2	356	460	0.00000
3584	2560	2	232	343	0.00000
3584	2560	1	404	364	3.23030
3584	2560	1	338	354	3.82996
3584	2560	1	362	244	1.00751
3584	2560	1	492	424	5.63902
3584	2560	1	492	300	5.53315
3584	2560	1	430	164	5.50643
3584	2560	1	168	124	1.81739
3584	2560	1	270	202	2.33726
3584	2560	1	24	156	3.24299
3072	2560	1	442	44	5.44409
3584	2560	1	116	214	5.06768
3584	2560	1	342	84	4.49591
3072	2048	1	370	470	3.67095
3072	2048	1	488	484	5.60931
3584	2048	1	110	480	4.79438
3584	2560	1	228	26	2.77060
3584	2560	1	108	54	4.95789
3584	2048	1	60	332	3.50172
3072	2048	1	460	246	5.73206
3584	2048	1	308	332	4.52468
3584	2048	1	140	344	0.71321
3072	2048	1	332	328	5.50785
3072	2048	1	414	282	5.46436
3072	2048	1	254	340	0.00000
3584	2048	1	326	480	4.72813
3584	2560	1	512	42	2.59931
3072	2048	1	184	408	3.06666
3072	2048	1	118	406	0.00000
3072	2560	1	48	40	3.67057
3072	2048	1	10	418	3.79303
3072	2048	1	56	254	3.23846
3072	2048	1	130	264	3.30712
3072	2048	1	224	238	0.91328
3072	2048	1	110	68	1.24097
3072	2048	1	190	110	3.51541
3072	2048	1	230	150	4.69941
3072	2048	1	356	154	0.53103
3072	2048	1	506	172	5.24850
3584	2048	1	136	72	0.24221
3072	2048	1	492	72	4.98784
3072	2048	1	362	40	4.49650
3584	2048	1	240	96	4.00934
3584	2048	1	346	84	0.46388
3584	2048	1	358	226	5.26560
3584	2048	1	462	78	5.88955
3584	2048	1	512	78	0.00000
3072	2560	2	478	186	0.00000
3072	2560	2	440	138	0.00000
3072	2560	2	164	82	0.00000
3584	2048	1	24	0	0.00000
3584	2048	1	388	92	3.46068
3584	2560	1	512	202	5.57088
3072	3072	1	80	28	3.28970
3072	3072	1	152	48	0.00000
3072	3072	1	232	44	0.00000
3072	3072	1	398	68	5.89085
3584	3072	1	20	0	3.44692
3584	3072	1	198	66	3.08017
3584	3072	1	386	60	3.69091
3584	3072	1	246	46	3.51846
3584	3072	1	474	28	3.41931
3584	3072	1	92	108	4.89550
3584	3072	1	306	78	0.48996
3072	3072	1	0	118	2.43249
3072	3072	1	78	156	0.59050
3072	3072	2	432	254	0.00000
3072	3072	1	234	200	3.34881
3072	3072	1	110	218	3.65650
3072	3072	1	26	292	2.60483
3072	3072	1	436	178	3.90091
3584	3072	1	276	232	2.97655
3584	3072	1	202	284	3.19583
3584	3072	1	8	274	3.01120
3584	3072	1	152	168	4.67671
3584	3072	1	34	194	5.82527
3072	3072	1	450	338	1.86314
3584	3072	1	472	112	1.26025
3584	3072	1	388	170	4.87215
3584	3072	1	402	248	5.04198
3584	3072	1	396	326	4.95519
3584	3072	1	506	310	2.64745
3584	3072	1	258	388	4.17903
3584	3072	1	10	508	1.87526
3072	3072	1	384	484	1.94399
3072	3072	1	434	426	5.06927
3072	3072	1	298	406	4.03084
3584	3584	1	472	274	0.00000
3584	3072	1	400	470	1.49457
3584	3072	1	82	432	4.61712
3072	3072	1	220	314	2.62011
3072	3072	1	170	354	2.95211
3072	3584	1	206	98	0.02832
3072	3072	1	298	266	0.26206
3072	3584	1	406	226	3.58166
3072	3584	1	362	182	0.65668
3072	3584	1	276	184	3.21486
3584	3072	1	146	368	5.81954
3072	3072	1	22	462	0.50959
3072	3072	1	100	424	3.26724
3072	3584	1	266	10	0.70131
3584	3072	1	130	244	0.87644
3584	3584	1	474	96	2.72826
3584	3584	1	396	156	4.13618
3584	3584	1	304	94	2.63835
3072	3584	1	42	60	3.71926
3072	3072	1	160	502	2.29196
3584	3584	1	68	90	3.88286
3072	3584	1	450	64	4.76541
3584	3072	1	180	490	4.45576
3584	3584	1	180	44	4.27542
3584	3584	1	354	256	1.69743
3072	3584	1	52	156	1.18306
3072	3584	1	58	230	3.90121
3072	3584	1	184	180	2.32790
3072	3584	1	178	94	2.12364
3584	3072	1	62	336	5.52914
3584	3072	1	356	386	1.35048
3584	3072	1	512	494	0.84664
3584	3584	1	214	124	2.15205
3584	3584	1	98	184	0.85576
3584	3584	1	200	222	2.61167
3584	3584	1	354	20	2.12448
3584	3584	1	116	354	1.68058
3584	3584	1	324	340	5.60278
3072	3584	1	208	286	6.00872
3584	3584	1	38	286	1.87472
3072	3584	1	292	312	3.68660
3584	3584	1	134	266	2.26034
3584	3584	1	408	348	3.63526
3584	3584	1	478	368	3.85036
3584	3584	1	252	408	5.69200
3072	3584	1	450	446	2.32840
3072	3584	1	68	408	3.50038
3072	3584	1	136	508	4.38136
3072	3584	1	220	430	2.32058
3072	3584	1	356	464	3.32032
3072	3584	1	120	438	3.88914
3584	3584	1	490	426	1.18301
3072	3584	1	44	504	1.89280
3584	3584	1	504	206	0.95274
2048	3072	1	204	400	5.25708
2048	3072	1	158	286	1.65133
2048	3072	1	8	294	3.87094
2048	3072	1	24	110	5.45411
2048	3072	1	304	486	1.52847
2560	3072	2	14	184	0.00000
2560	3072	2	138	84	0.00000
2560	3072	2	216	128	0.00000
2560	3072	2	344	238	0.00000
2560	3072	2	100	234	0.00000
2048	3072	2	434	238	0.00000
2048	3072	2	160	474	0.00000
2048	3584	2	304	338	0.00000
2048	3072	1	170	120	1.77885
2048	3072	1	296	102	6.01154
2048	3072	1	432	36	0.78221
2048	3072	1	252	180	1.73595
2048	3072	1	302	276	2.14811
2560	3072	1	32	86	4.09058
2560	3072	1	220	54	3.74460
2560	3072	1	350	64	3.42308
2560	3072	1	272	162	0.00000
2560	3072	1	410	140	0.30870
2048	3584	1	114	18	2.41382
2048	3072	1	0	484	1.20308
2048	3072	2	76	412	0.00000
2048	3584	1	8	74	0.00000
2048	3584	1	122	112	4.54787
2048	3584	1	42	246	3.02377
2048	3584	1	68	462	0.00000
2048	3072	1	472	356	4.34741
2560	3072	1	164	272	1.49634
2560	3072	1	492	322	2.86329
2560	3072	1	510	88	3.02810
2048	3072	1	384	152	5.55935
2048	3584	1	434	58	2.99701
2560	3072	1	72	478	0.97313
2048	3584	1	314	116	5.40333
2048	3584	1	282	184	5.38106
2048	3584	1	178	208	2.22232
2048	3584	1	202	308	1.56388
2048	3584	1	176	434	2.55049
2048	3584	1	370	332	0.00000
2048	3584	1	418	462	2.93658
2048	3584	1	484	434	0.65840
2048	3584	1	450	214	1.62693
2560	3584	1	80	134	0.00000
2560	3072	1	368	286	1.35665
2560	3072	1	262	354	1.60291
2560	3072	1	436	400	2.34719
2560	3072	1	390	446	2.52969
2560	3072	1	286	460	2.45750
2560	3072	1	224	472	3.12331
2560	3584	1	162	32	5.23797
2560	3584	1	274	52	4.76537
2560	3584	1	424	52	4.78562
2560	3584	1	432	106	4.36844
2560	3584	1	182	166	3.76891
2560	3584	1	2	308	0.51327
2560	3584	1	66	288	0.12750
2560	3584	1	196	282	2.21307
2560	3584	1	340	170	2.45218
2560	3584	1	288	216	5.64535
2560	3584	1	444	216	3.18412
2560	3584	1	356	284	4.00365
2560	3584	1	466	332	4.90309
2560	3584	1	460	452	0.44662
2560	3584	2	512	492	0.00000
2560	3584	1	76	424	0.33973
2560	3584	1	154	416	5.99031
2560	3584	1	340	416	2.15676
2560	3584	1	236	482	5.94389
2560	3584	2	20	512	0.00000
