1536	2560	1	180	478	0.55370
1536	2560	1	508	460	5.12372
1536	2560	1	396	412	2.39565
1536	2560	1	340	512	5.49086
1536	2560	2	480	418	0.00000
1024	2560	1	178	488	1.35696
1536	2560	1	246	376	2.01222
1024	2560	1	448	392	2.98878
1536	2560	1	76	456	5.22105
1024	2560	1	490	256	5.53258
1024	2560	1	56	364	1.30661
1024	2560	1	102	430	0.85152
1024	2560	1	288	424	5.38603
1024	2560	1	106	332	2.20343
1024	2560	2	213	391	0.00000
1024	2560	1	298	308	4.65944
1024	2560	2	195	302	0.00000
1024	2560	1	132	250	4.29318
1024	2560	1	74	146	3.01400
1536	2560	1	454	224	5.74668
1536	2560	1	312	258	5.36040
1536	2560	1	448	144	4.55050
1536	2560	1	160	220	5.80328
1536	2560	1	68	248	1.97292
1024	2560	1	394	194	3.48052
1024	2560	1	476	114	0.61700
1536	2560	1	66	110	5.70144
1536	2560	1	134	54	2.22453
1536	2560	1	218	120	3.51018
1536	2560	1	362	72	1.95421
1024	2048	1	246	374	0.68043
1024	2560	1	298	46	1.05858
1536	2560	1	234	6	0.98614
1536	2048	1	460	464	3.63484
1536	2048	1	364	420	0.00000
1536	2048	1	166	424	3.38907
1536	2048	1	98	388	3.95580
1536	2048	1	34	330	3.63201
1024	2048	1	412	440	1.07543
1536	2048	1	234	392	5.79475
1536	2048	1	248	328	5.19132
1536	2048	1	342	276	2.16389
1536	2048	1	342	174	5.30808
1536	2048	1	220	146	0.00000
1536	2048	2	318	142	0.00000
1536	2048	2	270	92	0.00000
1536	2048	2	482	48	0.00000
1536	2048	1	106	222	6.22872
1536	2048	1	178	34	4.16567
1536	2048	1	12	6	0.00000
1024	2048	1	436	104	1.71885
1536	2048	1	4	210	3.48869
1024	2048	1	120	250	2.68747
1024	2048	1	50	136	2.98816
1024	2048	1	104	46	2.51813
1024	2048	2	200	94	0.00000
1024	2048	1	270	6	0.00000
1536	3584	1	178	462	0.44143
1536	3584	1	46	464	0.52013
1024	3584	1	84	436	5.81461
1024	3584	1	478	406	0.56852
1536	3584	1	500	414	1.25027
1024	3584	1	276	246	2.25132
1536	3584	1	488	286	5.66130
1024	3584	1	106	308	0.79689
1024	3584	1	388	256	0.33388
1536	3584	1	336	322	4.39064
1024	3584	1	150	160	1.31703
1536	3584	1	374	182	1.32195
1024	3584	1	472	44	5.61713
1536	3584	1	168	236	0.00000
1024	3584	1	86	106	1.03919
1024	3584	1	316	166	0.26299
1024	3072	1	154	454	0.43697
1024	3584	1	234	338	5.67813
1536	3584	1	332	470	5.77001
1536	3584	2	256	364	0.00000
1536	3584	2	466	112	0.00000
1536	3584	1	132	334	2.40878
1536	3584	1	38	206	2.30267
1024	3584	1	492	284	2.27185
1024	3584	1	392	82	2.64952
1024	3584	1	258	58	1.31328
1536	3584	2	250	268	0.00000
1536	3584	1	270	190	2.36239
1024	3584	1	4	40	3.92699
1536	3584	1	186	24	6.10994
1536	3072	1	312	460	5.89258
1536	3072	2	380	446	0.00000
1536	3584	2	378	56	0.00000
1536	3584	1	342	116	4.58348
1536	3584	1	90	70	3.96031
1536	3072	1	110	452	3.57760
1024	3072	1	290	414	0.00000
1536	3072	1	202	196	3.94402
1536	3072	1	292	130	5.89100
1536	3072	1	370	124	0.00000
1536	3072	1	496	362	3.91844
1536	3072	1	502	496	3.45137
1536	3072	1	104	248	0.00000
1536	3072	1	14	176	5.90576
1536	3072	1	190	36	1.32582
1536	3072	1	478	68	5.54929
1536	3072	1	402	226	3.85789
1536	3072	1	388	334	1.05165
1024	3072	1	468	348	1.52972
1024	3072	2	502	294	0.00000
1536	3072	1	182	308	4.14419
1536	3072	1	226	384	1.14596
1536	3072	1	254	506	0.00000
1024	3072	1	420	142	6.12830
1024	3072	2	464	44	0.00000
1024	3072	1	342	230	0.00000
1024	3072	1	274	252	3.68614
1024	3072	1	98	308	5.38713
1024	3072	1	330	40	5.11504
1024	3072	1	134	72	1.17317
1024	3072	1	68	164	1.05165
1024	3072	1	188	178	0.88187
1024	3072	1	286	94	5.59314
1024	3072	1	212	260	0.66231
1536	3584	2	500	164	0.00000
2048	2048	1	106	66	0.00000
2048	2048	1	66	228	0.00000
2048	2048	1	178	256	5.59672
2048	2048	1	296	324	0.00000
2560	2048	1	30	200	5.74460
2048	2048	1	456	120	0.82110
2048	2048	1	176	376	2.97218
2048	2048	1	92	440	2.27008
2048	2048	1	186	92	4.90061
2560	2048	1	18	432	4.49935
2048	2048	1	378	446	4.81426
2048	2048	1	512	316	5.14201
2560	2048	1	104	300	0.00000
2560	2048	1	172	198	0.62880
2560	2560	1	52	12	1.88066
2560	2048	1	182	490	0.32295
2560	2048	1	324	314	1.53748
2560	2048	1	266	246	4.60270
2560	2048	1	422	112	4.24205
2560	2048	1	378	220	5.30039
2560	2048	1	480	176	1.29722
2560	2048	1	122	96	2.68794
2048	2560	2	170	146	0.00000
2048	2560	2	228	152	0.00000
2048	2560	2	416	50	0.00000
2048	2560	2	384	92	0.00000
2048	2560	2	156	362	0.00000
2048	2560	2	190	424	0.00000
2048	2560	2	312	420	0.00000
2560	2560	2	310	494	0.00000
2560	2560	2	278	12	0.00000
2560	2048	2	286	390	0.00000
2560	2560	2	470	330	0.00000
2560	2048	1	340	50	0.00000
2560	2048	1	210	32	2.57026
2048	2560	1	330	8	1.27863
2048	2048	2	212	500	0.00000
2048	2560	1	132	64	0.70940
2048	2560	1	36	122	2.67248
2048	2560	1	158	244	2.18318
2048	2560	1	44	316	0.00000
2048	2560	1	314	132	5.15572
2048	2560	1	478	230	6.21548
2560	2560	1	134	128	4.08936
2560	2048	1	348	500	5.37106
2560	2048	1	460	340	1.13779
2560	2048	1	374	420	0.00000
2560	2560	1	410	58	1.03154
2560	2560	1	312	202	6.01659
2560	2560	1	52	216	1.39846
2048	2560	1	298	266	1.07099
2048	2560	1	424	138	3.36026
2560	2560	1	230	306	0.00374
2560	2560	1	428	206	2.52655
2048	2560	1	384	358	0.00000
2048	2560	1	270	498	4.96437
2560	2560	1	170	206	4.21552
2048	2048	1	430	350	1.89255
2560	2560	1	432	400	3.27570
2560	2560	1	298	402	0.95055
2560	2560	1	114	328	0.63537
2560	2560	1	54	444	0.00000
2048	2560	1	478	398	0.52240
2048	2560	1	46	474	2.86527
3072	2048	1	454	454	2.47439
3072	2048	1	92	26	0.25570
3072	2048	2	42	14	0.00000
3072	2048	2	110	120	0.00000
3072	2048	2	18	164	0.00000
3072	2048	1	56	258	3.56855
3072	2048	1	200	32	4.45860
3072	2048	1	236	112	4.96744
3072	2048	1	354	86	4.99805
3072	2048	1	324	232	2.94016
3584	2048	1	24	158	3.39544
3584	2048	1	136	122	0.22161
3584	2048	1	250	94	3.75191
3584	2048	1	228	0	0.00000
3584	2048	1	382	90	6.00380
3584	2048	1	458	58	0.00000
3584	2048	2	512	136	0.00000
3584	2048	1	386	216	5.59600
3584	2048	1	456	226	4.77114
3584	2048	1	220	252	5.22818
3072	2048	1	426	236	3.81860
3072	2048	1	474	326	3.64707
3584	2048	1	64	316	0.00000
3072	2048	1	308	346	2.06316
3072	2048	1	196	370	4.62641
3072	2048	1	236	450	1.42795
3072	2048	1	366	458	2.41127
3072	2048	1	38	418	4.10046
3072	2560	2	318	24	0.00000
3072	2560	2	172	74	0.00000
3072	2560	2	432	126	0.00000
3072	2560	2	468	184	0.00000
3584	2048	1	68	406	4.31348
3584	2048	1	80	484	4.26650
3584	2048	1	236	472	3.71163
3584	2048	1	378	466	3.15291
3584	2560	1	424	46	3.78333
3584	2560	1	510	16	3.65324
3584	2560	1	230	70	1.40259
3584	2560	1	62	64	4.71239
3072	2560	1	248	38	2.25836
3072	2560	1	108	120	2.75596
3072	2560	1	18	172	2.96453
3072	2560	1	376	114	0.53257
3072	2560	1	478	96	5.97325
3072	2560	1	86	288	4.23494
3072	2560	1	114	424	1.69675
3072	2560	1	70	512	3.13042
3072	2560	1	226	184	0.22935
3072	2560	1	290	200	0.49334
3072	2560	1	342	236	3.53976
3072	2560	1	236	336	2.83087
3072	2560	1	322	402	3.50466
3072	2560	1	208	512	0.00000
3072	2560	1	374	476	0.00000
3072	2560	1	504	462	3.22901
3072	2560	1	472	360	1.95151
3072	2560	1	490	290	5.24908
3584	2560	1	54	242	3.22833
3584	2560	1	130	202	0.00000
3584	2560	1	218	184	5.88451
3584	2560	1	306	122	4.05484
3584	2560	1	414	176	4.22378
3584	2560	1	510	210	0.50892
3584	2560	1	296	310	2.60767
3584	2560	1	400	294	1.20146
3584	2560	1	496	354	0.97362
3584	2560	1	170	312	5.28413
3584	2560	1	72	426	3.44572
3584	2560	1	166	486	2.67371
3584	2560	1	222	402	4.34589
3584	2560	1	294	502	2.24339
3584	2560	2	362	442	0.00000
3584	2560	1	426	494	5.59370
3584	2560	1	510	466	2.11241
3072	3072	1	62	52	3.28670
3072	3072	1	236	40	5.78842
3072	3072	1	390	0	0.00000
3072	3072	1	494	2	3.15474
3584	3072	1	108	30	1.88610
3584	3072	1	244	52	4.61555
3584	3072	1	388	46	5.31364
3072	3072	1	426	162	0.23950
3584	3072	1	10	114	0.00000
3584	3072	1	82	144	3.96977
3584	3072	1	170	196	1.62215
3584	3072	1	256	128	3.99499
3584	3072	1	318	120	4.26672
3584	3072	1	492	0	3.80890
3584	3072	1	406	170	0.73227
3584	3072	1	306	192	1.18823
3072	3072	1	262	208	2.24412
3072	3072	1	22	202	4.41814
3072	3072	1	162	250	1.63052
3072	3072	1	342	308	3.84999
3072	3072	1	400	362	3.44782
3072	3072	1	472	328	3.33899
3072	3072	2	424	252	0.00000
3072	3072	1	216	380	3.88698
3072	3072	1	278	452	3.35272
3072	3072	1	88	506	4.41351
3072	3072	2	34	316	0.00000
3072	3584	1	258	122	1.31925
3072	3584	1	172	72	0.49684
3072	3584	1	34	136	1.13402
3072	3584	1	150	236	5.89170
3072	3584	1	12	312	2.55673
3072	3584	1	346	204	0.18535
3072	3072	1	352	452	3.04944
3584	3072	1	56	364	5.84081
3584	3072	1	138	288	2.55858
3584	3072	1	252	274	5.00543
3584	3072	1	422	246	4.16531
3584	3072	1	506	184	4.80943
3584	3072	1	512	102	4.13923
3584	3072	1	164	408	4.89169
3584	3072	1	250	414	0.26192
3584	3072	1	298	374	4.96752
3584	3072	2	366	328	0.00000
3584	3072	1	424	342	3.76336
3584	3072	1	512	316	3.22631
3584	3072	1	484	436	0.06485
3072	3072	1	476	456	1.45654
3072	3584	1	434	6	2.19628
3072	3584	1	366	64	2.15926
3584	3072	1	54	502	0.49544
3584	3584	1	98	86	6.15018
3584	3584	1	166	64	6.01139
3584	3584	1	218	8	2.33600
3584	3072	1	312	466	0.77416
3584	3072	1	392	502	1.80542
3584	3584	1	248	106	3.89109
3584	3584	1	330	82	3.29738
3584	3584	1	460	106	5.63981
3072	3584	1	448	148	0.43364
3072	3584	1	504	176	0.74542
3584	3584	1	116	206	5.93629
3584	3584	1	204	234	3.38616
3584	3584	1	254	244	0.00000
3584	3584	1	118	310	2.17868
3072	3584	1	214	358	0.25988
3072	3584	1	128	454	3.27502
3072	3584	1	344	296	1.52908
3072	3584	1	314	404	3.05093
3072	3584	1	390	380	0.46911
3072	3584	1	472	364	0.89411
3072	3584	1	230	486	0.56180
3584	3584	1	344	196	3.47916
3584	3584	1	362	276	3.62636
3584	3584	1	414	322	1.01860
3584	3584	1	454	382	4.16382
3584	3584	1	512	296	2.39639
3072	3584	1	498	468	0.00000
3584	3584	1	54	472	0.00000
3584	3584	1	86	374	4.93014
3072	3072	1	114	372	6.06965
3584	3584	1	202	414	0.25016
3584	3584	1	302	422	5.85342
3072	3584	1	444	256	2.05199
3584	3072	2	6	208	0.00000
3584	3584	1	512	506	2.31071
2048	3072	1	488	84	5.80946
2048	3072	1	348	24	0.62243
2048	3072	1	420	86	5.97206
2048	3072	2	76	12	0.00000
2048	3072	1	0	66	5.70882
2048	3072	1	108	102	0.38269
2560	3072	1	104	134	2.29183
2560	3072	2	134	70	0.00000
2560	3072	2	220	136	0.00000
2560	3072	1	348	54	0.51735
2560	3072	1	446	70	2.27529
2560	3072	1	374	156	1.49362
2560	3072	2	352	232	0.00000
2560	3072	1	404	288	4.14373
2560	3072	2	94	222	0.00000
2048	3072	1	382	146	5.59623
2048	3072	1	210	182	4.87883
2048	3072	1	334	220	4.79835
2048	3072	2	274	280	0.00000
2048	3072	2	232	272	0.00000
2048	3072	1	94	290	0.89413
2048	3072	1	4	314	0.81027
2048	3072	1	50	448	5.13366
2048	3072	2	154	472	0.00000
2048	3072	1	170	376	1.61159
2048	3072	1	332	320	0.49984
2048	3072	1	392	358	3.51129
2048	3072	2	460	290	0.00000
2560	3072	1	66	290	4.89488
2560	3072	1	102	346	0.99220
2560	3072	2	90	448	0.00000
2560	3072	1	2	416	6.16527
2560	3072	1	294	262	3.09565
2560	3072	1	322	420	5.20306
2560	3072	1	172	416	0.30373
2560	3072	1	220	442	6.10851
2048	3072	2	320	426	0.00000
2048	3072	1	334	486	3.85323
2048	3584	2	378	28	0.00000
2560	3584	1	442	48	5.78924
2560	3072	1	512	436	0.35132
2560	3584	1	294	40	2.59367
2560	3584	1	158	26	1.61396
2560	3584	1	188	82	4.25888
2560	3584	1	252	138	4.77964
2560	3584	1	512	132	4.12793
2048	3584	1	506	106	0.29365
2048	3584	1	426	158	3.01037
2048	3584	1	220	52	2.07020
2048	3584	1	152	102	2.13281
2048	3584	1	40	124	1.98902
2048	3584	1	276	156	0.17108
2048	3584	1	346	214	6.27904
2048	3584	1	178	206	1.49910
2048	3584	1	44	196	5.69863
2560	3584	1	18	196	0.54042
2560	3584	1	94	238	3.66074
2560	3584	1	392	210	0.00000
2560	3584	1	310	238	6.03069
2560	3584	1	184	220	2.35837
2048	3584	1	74	302	2.05331
2048	3584	1	192	238	0.00000
2048	3584	1	310	324	5.84334
2048	3584	1	212	470	4.75856
2048	3584	1	512	368	4.37829
2560	3584	1	104	430	2.00552
2560	3584	1	250	454	0.44611
2560	3584	1	162	380	5.33787
2560	3584	1	226	316	4.80305
2560	3584	1	356	354	0.00000
2560	3584	1	438	342	2.28600
2560	3584	1	388	458	4.60923
2560	3584	1	510	290	2.40378
2048	3584	1	348	510	5.81954
