1024	2048	1	50	122	0.00000
1024	2048	1	160	18	0.72393
1024	2048	1	208	68	0.56012
1024	2048	1	322	14	3.91310
1024	2048	1	96	240	0.73507
1024	2048	1	250	368	0.45207
1024	2048	1	502	230	3.25513
1536	2048	1	44	290	3.33463
1536	2048	1	120	292	3.43238
1024	2048	1	450	0	0.13471
1536	2048	1	24	0	0.00000
1536	2048	1	106	132	6.06855
1536	2048	2	226	162	0.00000
1536	2048	1	380	122	0.84863
1024	2560	1	82	120	3.20180
1536	2048	1	410	0	5.56494
1536	2048	1	308	0	3.51817
1536	2048	1	504	58	3.09580
1536	2048	1	512	132	4.72329
1536	2048	1	496	234	5.40713
1536	2048	1	366	264	5.43775
1536	2048	1	290	298	5.56564
1024	2560	1	262	40	1.10596
1024	2048	1	476	418	3.90374
1536	2048	1	250	386	2.90866
1536	2048	1	144	458	2.76794
1536	2048	1	32	482	1.00910
1536	2560	1	266	22	0.83838
1024	2560	1	470	94	1.34907
1536	2048	1	512	402	1.45756
1536	2048	1	440	498	5.79610
1536	2560	1	416	64	2.68255
1536	2560	1	72	80	6.21773
1536	2560	1	138	116	0.71691
1536	2560	1	326	152	5.55660
1024	2560	1	484	180	0.70863
1024	2560	1	164	214	4.70759
1024	2560	2	198	288	0.00000
1024	2560	2	52	220	0.00000
1024	2560	1	162	356	1.89165
1024	2560	1	26	424	3.34239
1024	2560	1	226	444	3.41338
1536	2560	1	228	240	6.01402
1536	2560	1	322	246	5.41128
1536	2560	1	2	318	2.35521
1536	2560	1	152	334	1.73382
1536	2560	1	466	260	2.75707
1024	2560	1	378	368	0.79086
1536	2560	1	408	306	2.68191
1536	2560	1	390	422	2.14510
1536	2560	1	276	470	1.81401
1536	2560	1	68	430	5.25856
1024	2560	1	468	448	2.14996
1536	2560	1	512	366	5.23936
1536	2560	1	512	488	0.69635
1536	2560	1	156	512	2.33045
1024	2560	1	362	512	1.99131
1024	2560	1	98	510	3.82603
1536	2560	2	512	94	0.00000
1536	2560	2	62	512	0.00000
1024	3072	1	38	160	5.85923
1024	3072	1	66	36	4.38740
1024	3072	1	134	92	1.08105
1024	3072	1	170	176	0.52288
1024	3072	1	292	78	5.38978
1024	3072	1	246	184	3.42834
1024	3072	1	120	286	1.69515
1024	3072	1	418	158	2.54612
1024	3072	2	478	40	0.00000
1024	3072	1	310	248	0.00000
1024	3072	1	98	468	0.32204
1024	3072	1	216	354	1.04272
1024	3584	1	238	92	0.00000
1024	3584	1	62	172	4.31017
1024	3584	1	82	92	1.23829
1536	3072	1	30	140	0.03332
1536	3072	1	92	88	6.09481
1536	3072	1	198	16	1.78302
1536	3072	1	180	162	4.28471
1536	3072	1	290	132	3.50877
1536	3072	1	512	16	0.00000
1536	3072	1	390	190	4.55357
1536	3072	1	290	252	3.82595
1536	3072	1	386	322	5.43091
1536	3072	1	492	408	2.74343
1536	3072	1	64	302	1.64876
1024	3072	1	504	366	4.81633
1024	3584	1	396	30	3.07516
1536	3072	1	108	456	0.00000
1536	3072	1	204	398	0.00000
1536	3072	1	322	412	0.00000
1536	3584	1	456	30	1.59835
1536	3584	1	254	10	2.69922
1536	3072	2	388	454	0.00000
1024	3584	1	490	64	3.73314
1024	3584	1	44	246	4.86646
1024	3584	1	360	134	1.42379
1024	3584	1	434	210	3.92699
1024	3584	1	500	232	3.72246
1536	3584	1	164	74	2.28834
1536	3584	1	148	174	1.50478
1024	3584	1	86	408	2.15880
1024	3584	1	254	412	0.57430
1024	3584	1	410	354	1.32928
1024	3584	1	500	430	0.26823
1536	3584	1	242	222	0.00000
1536	3584	1	446	212	0.84533
1536	3584	1	302	424	0.00000
1536	3584	1	198	476	0.59163
1536	3584	1	170	286	1.79660
1536	3584	1	148	368	1.73990
1536	3584	1	402	484	0.54042
1536	3584	1	366	300	5.35786
1536	3584	1	376	102	4.43822
1536	3584	2	488	94	0.00000
1536	3584	1	52	488	0.54240
1024	3584	1	326	230	5.62214
1024	3584	1	24	502	5.01936
2560	2048	1	200	116	0.00000
2048	2048	2	34	38	0.00000
2048	2048	2	70	124	0.00000
2048	2048	2	202	46	0.00000
2048	2048	2	16	272	0.00000
2048	2048	2	48	380	0.00000
2048	2048	1	96	256	0.00000
2048	2048	1	310	120	0.39667
2048	2048	1	180	398	3.14159
2560	2048	1	126	248	6.00343
2048	2048	1	324	320	0.00000
2048	2048	1	364	236	0.00000
2048	2048	1	398	482	5.09695
2048	2048	1	500	432	4.93919
2560	2048	1	438	52	0.00000
2560	2048	2	362	30	0.00000
2560	2048	1	302	112	0.00000
2560	2560	1	238	22	4.26079
2560	2048	1	182	432	1.31824
2560	2048	2	290	390	0.00000
2560	2048	2	220	268	0.00000
2560	2048	1	366	238	3.28522
2560	2048	2	466	264	0.00000
2560	2048	1	4	206	1.49545
2560	2048	2	90	48	0.00000
2560	2560	2	512	18	0.00000
2048	2560	1	338	80	0.73216
2560	2048	1	458	346	1.17202
2560	2560	1	86	64	0.75024
2048	2560	2	260	16	0.00000
2048	2560	2	238	150	0.00000
2048	2560	2	166	152	0.00000
2048	2560	1	486	106	3.72012
2048	2560	2	414	46	0.00000
2048	2560	2	390	126	0.00000
2048	2560	2	328	206	0.00000
2048	2048	1	62	468	4.16560
2048	2560	1	74	50	0.95493
2048	2560	1	98	124	4.39064
2048	2560	1	102	212	5.35266
2560	2560	1	240	194	0.45551
2560	2560	1	402	16	4.27777
2560	2560	1	300	86	5.44000
2560	2560	1	134	156	3.88547
2048	2560	1	488	236	1.35605
2048	2560	2	436	310	0.00000
2560	2560	1	168	290	5.31765
2560	2560	1	368	234	0.00000
2560	2560	1	438	368	4.69443
2560	2560	1	474	124	4.44727
2560	2560	1	82	442	0.00000
2560	2560	1	74	328	5.52903
2560	2560	1	254	362	0.42219
2560	2560	1	432	450	4.87844
2560	2560	2	314	486	0.00000
2048	2560	2	76	488	0.00000
2048	2560	2	328	422	0.00000
2560	2560	2	26	482	0.00000
2048	2560	1	250	402	6.10988
2048	2560	1	422	424	0.91682
2048	2560	1	66	308	1.93815
2048	2560	1	294	342	2.47191
2048	2560	1	142	368	3.60714
2048	2560	2	60	380	0.00000
2560	2560	1	198	512	0.00000
2048	2560	1	176	484	0.94604
3072	2048	1	60	90	1.61078
3072	2048	1	154	14	5.23689
3072	2048	1	242	120	3.79406
3072	2048	1	336	132	2.82683
3072	2048	1	124	260	5.91518
3072	2048	1	44	380	0.55834
3072	2048	1	236	276	2.42797
3072	2048	1	334	234	2.11532
3072	2048	1	432	214	5.62127
3072	2048	1	420	70	3.17763
3072	2048	1	470	116	6.01498
3072	2048	1	338	4	2.70762
3584	2048	1	40	90	2.18924
3584	2048	1	170	124	0.00000
3584	2048	1	268	76	3.84122
3584	2048	2	222	18	0.00000
3584	2048	1	388	92	6.00489
3584	2048	1	466	60	0.00000
3072	2048	1	172	460	4.93106
3072	2048	1	252	454	1.83161
3072	2048	1	340	350	3.47358
3072	2048	1	478	340	5.18472
3072	2048	1	98	494	5.04247
3072	2048	1	402	424	3.91716
3584	2048	1	58	436	3.78305
3584	2048	1	340	302	0.48850
3584	2048	1	398	210	5.37756
3584	2048	1	396	448	2.90027
3584	2048	1	408	430	2.78860
3584	2048	1	492	332	2.72251
3584	2048	2	512	226	0.00000
3584	2048	2	512	148	0.00000
3072	2560	1	170	80	2.08828
3072	2560	2	38	96	0.00000
3584	2048	1	120	492	4.42967
3584	2048	1	272	492	2.42340
3584	2560	1	434	78	3.85022
3584	2048	2	496	500	0.00000
3072	2560	1	482	16	5.31367
3072	2560	1	476	88	1.91009
3072	2560	1	284	142	0.08090
3072	2560	1	384	158	5.73929
3584	2560	1	152	90	4.31595
3584	2560	1	294	108	5.38875
3584	2560	2	340	62	0.00000
3584	2560	1	96	194	2.52633
3072	2560	2	316	36	0.00000
3072	2560	2	260	24	0.00000
3072	2560	1	60	238	4.83228
3072	2560	1	146	184	1.45700
3072	2560	1	342	250	3.26992
3072	2560	1	236	296	3.34123
3072	2560	2	172	424	0.00000
3072	2560	1	430	282	3.80264
3072	2560	1	374	402	1.27497
3584	2560	1	36	216	5.83188
3584	2560	1	484	222	3.08318
3584	2560	1	280	234	2.70104
3584	2560	1	74	350	1.15081
3584	2560	1	182	410	2.22646
3584	2560	1	188	218	2.33600
3584	2560	1	358	366	2.34835
3584	2560	1	354	250	5.87007
3072	2560	1	472	452	3.49379
3584	2560	1	60	472	4.07930
3584	2560	1	274	468	3.78377
3584	2560	2	356	466	0.00000
3584	2560	1	458	452	5.99223
3584	2560	1	176	474	5.49229
3584	2560	1	246	354	1.97350
3584	2560	1	510	326	2.98552
3072	2560	2	40	512	0.00000
3072	2560	1	420	456	3.63410
3072	3072	1	180	210	2.57447
3072	3072	1	282	322	2.53264
3072	3072	1	246	394	5.83089
3072	3072	1	394	16	0.36747
3584	3584	1	44	72	0.62356
3584	3584	1	98	138	0.15432
3072	3072	1	460	72	3.45255
3584	3072	1	26	84	3.82320
3584	3072	1	134	72	2.71364
3584	3072	1	84	146	2.80607
3072	3072	1	36	14	2.11535
3072	3072	1	154	74	3.89474
3072	3072	1	244	136	5.99368
3072	3072	1	348	148	0.96364
3072	3072	1	16	144	3.86736
3072	3072	1	122	256	5.60999
3072	3072	1	50	248	2.97308
3072	3072	1	44	380	0.00000
3072	3072	1	174	446	2.32010
3072	3584	1	148	12	2.20629
3072	3584	1	108	88	2.06414
3072	3584	1	130	168	5.05249
3072	3584	1	0	114	2.41472
3072	3584	1	48	206	1.78189
3584	3072	1	274	58	3.85174
3584	3072	1	460	70	3.05614
3584	3072	1	376	94	5.41289
3584	3072	1	344	126	5.63445
3584	3072	1	244	148	4.23112
3584	3072	1	282	218	4.72362
3072	3072	1	418	182	4.31760
3072	3072	1	438	242	1.24526
3584	3072	1	56	218	5.73339
3584	3072	1	36	298	2.94240
3072	3072	1	364	300	5.25043
3072	3072	1	496	348	5.91815
3584	3072	1	166	218	3.02695
3584	3072	1	90	366	3.58589
3072	3072	1	340	442	3.81451
3072	3072	1	456	446	1.29663
3584	3072	1	34	490	1.19181
3072	3584	1	238	126	0.00000
3584	3072	1	512	160	1.41717
3584	3072	1	512	0	0.00000
3072	3584	1	354	74	4.00597
3584	3072	1	202	326	1.57674
3584	3072	1	282	382	1.38935
3584	3072	1	486	280	1.37470
3584	3072	2	364	316	0.00000
3584	3072	1	470	416	5.77760
3584	3072	1	402	430	6.18838
3584	3072	1	320	480	0.42445
3584	3072	1	194	458	2.18461
3584	3584	1	478	24	1.96967
3584	3584	1	210	114	5.33692
3584	3584	1	390	82	5.98097
3584	3584	1	330	126	2.62997
3584	3584	1	476	176	2.75417
3072	3584	1	418	100	2.93255
3072	3584	1	492	204	2.78147
3072	3584	1	366	180	5.00573
3584	3584	1	164	202	4.12549
3584	3584	1	422	234	2.29840
3584	3584	1	330	230	5.60807
3072	3584	1	132	252	0.92157
3072	3584	1	302	316	0.00000
3584	3584	1	30	308	0.94405
3072	3584	1	226	492	6.18261
3584	3584	1	172	298	1.19668
3072	3584	1	36	360	0.32792
3072	3584	1	230	276	0.37247
3072	3584	1	148	344	1.42960
3072	3584	1	112	466	1.42513
3072	3584	1	372	312	0.30697
3584	3072	1	150	512	2.03444
3072	3584	1	358	478	5.20800
3072	3584	1	506	446	5.23878
3584	3584	1	246	474	0.00000
3072	3584	1	408	398	0.64239
3584	3584	1	120	430	5.87829
3584	3584	1	274	248	2.56434
3584	3584	1	158	352	4.92312
3584	3584	1	392	314	5.11362
3584	3584	1	330	384	5.77080
3584	3584	1	456	422	2.25438
3584	3584	1	512	376	6.17093
3584	3584	2	32	392	0.00000
2048	3584	1	90	422	0.30984
2048	3584	1	254	464	6.14237
2048	3584	1	426	440	6.12056
2048	3584	1	508	476	5.85116
2560	3584	1	56	414	1.97715
2560	3584	1	182	486	5.57877
2560	3584	1	236	446	1.99920
2560	3584	1	326	398	0.13774
2560	3584	1	406	318	5.86907
2560	3584	1	406	428	2.43248
2560	3584	1	482	382	3.02059
2048	3584	2	124	223	0.00000
2048	3584	1	256	326	0.48010
2048	3584	2	198	239	0.00000
2560	3584	1	30	262	0.24715
2048	3584	1	416	312	0.30284
2048	3584	1	332	328	0.16710
2048	3584	1	318	134	1.97789
2048	3584	1	288	194	5.02514
2048	3584	1	414	134	3.16336
2560	3584	1	178	286	3.19350
2560	3584	1	308	308	3.62549
2560	3584	1	122	172	3.19623
2048	3584	1	510	150	0.47348
2560	3584	1	248	124	1.44280
2560	3584	1	172	40	5.81849
2048	3072	1	330	472	0.48852
2048	3584	1	218	50	5.60752
2048	3072	1	448	482	5.97427
2048	3584	1	84	66	0.34392
2048	3584	2	380	25	0.00000
2048	3072	2	162	473	0.00000
2560	3584	1	280	198	1.64724
2560	3584	1	410	40	5.46276
2560	3584	1	448	252	2.90655
2560	3584	1	294	44	5.61391
2560	3584	1	390	140	1.99427
2048	3072	1	120	382	0.58726
2048	3072	1	60	232	2.54552
2560	3072	1	432	376	3.91550
2560	3072	1	406	302	4.34418
2560	3072	2	352	243	0.00000
2560	3072	2	102	435	0.00000
2560	3072	1	8	378	2.38913
2048	3072	1	390	352	5.60766
2048	3072	1	280	408	3.84635
2560	3072	1	234	324	0.32298
2560	3072	1	132	314	0.22300
2560	3072	2	220	473	0.00000
2560	3072	2	100	235	0.00000
2560	3072	2	234	137	0.00000
2560	3072	2	152	81	0.00000
2560	3072	1	506	162	4.08071
2560	3072	1	354	170	1.59709
2560	3072	1	390	62	4.62803
2048	3072	2	224	303	0.00000
2048	3072	1	186	188	4.06355
2048	3072	1	148	134	0.85794
2048	3072	1	300	200	5.98486
2048	3072	1	436	216	3.71886
2048	3072	1	476	268	3.65101
2048	3072	2	76	15	0.00000
2048	3072	2	16	35	0.00000
2048	3072	1	118	42	0.69664
2048	3072	1	288	62	3.94067
2048	3072	1	214	54	5.83855
2048	3072	1	434	44	1.97986
2560	3072	1	10	118	1.02069
2560	3072	1	156	172	4.79643
2560	3072	1	208	54	0.00000
