1024	2048	1	248	354	0.37691
1024	2048	1	126	76	5.78836
1024	2048	2	78	254	0.00000
1024	2048	2	54	114	0.00000
1024	2048	1	492	240	3.49926
1536	2048	1	48	346	4.89404
1536	2048	1	174	300	3.75569
1024	2048	2	248	16	0.00000
1024	2048	2	196	68	0.00000
1024	2048	2	442	14	0.00000
1536	2048	2	4	38	0.00000
1536	2048	1	78	50	0.00000
1024	2560	2	72	114	0.00000
1024	2560	1	118	198	0.18311
1024	2560	1	266	28	0.96736
1024	2560	1	334	122	0.74581
1024	2560	1	476	72	2.71305
1536	2048	1	82	482	1.17227
1536	2560	1	126	20	1.27545
1536	2560	1	238	42	0.00000
1536	2048	1	300	448	2.01548
1536	2048	1	462	434	2.50638
1536	2048	1	276	344	4.15721
1536	2048	1	448	326	4.74686
1536	2048	1	490	244	0.84311
1536	2048	1	424	146	1.00062
1536	2048	2	494	54	0.00000
1536	2048	1	342	52	4.12020
1536	2048	1	250	54	5.94360
1536	2048	2	234	156	0.00000
1536	2560	1	90	142	5.50680
1536	2560	1	44	224	1.81164
1024	2560	1	324	316	4.59910
1024	2560	2	192	286	0.00000
1024	2560	1	136	344	1.45842
1024	2560	2	14	380	0.00000
1024	2560	1	50	512	4.76947
1024	2560	1	272	454	5.34056
1024	2560	1	184	458	2.87157
1024	2560	1	416	418	1.81042
1536	2560	1	44	430	4.96528
1024	2560	1	492	340	2.24180
1536	2560	1	132	288	0.30864
1536	2560	1	208	198	6.17517
1536	2560	1	306	232	5.68774
1536	2560	1	396	82	3.11064
1536	2560	1	340	148	2.86294
1536	2560	2	470	138	0.00000
1536	2560	2	438	244	0.00000
1536	2560	1	164	476	2.87065
1536	2560	1	412	442	1.84822
1536	2560	1	398	334	2.62454
1536	2560	1	502	290	5.79323
1536	2560	1	360	512	5.29626
1536	2560	1	254	508	5.28669
1536	2560	1	14	504	1.94978
1536	2560	2	478	404	0.00000
1024	3072	1	176	216	0.60200
1024	3072	1	402	144	5.55946
1024	3072	1	448	78	5.50072
1024	3072	1	300	294	0.00000
1024	3072	1	430	300	0.44600
1536	3072	1	122	296	1.61089
1536	3072	1	246	228	1.91941
1536	3072	1	320	142	2.01246
1536	3072	1	188	440	5.07012
1536	3072	1	310	468	5.79756
1024	3072	1	128	72	1.46269
1536	3072	1	126	88	1.07770
1536	3072	1	458	192	1.92611
1024	3072	1	184	336	0.23365
1024	3072	1	284	486	1.79225
1024	3072	1	388	508	3.49326
1024	3584	1	468	78	3.48359
1024	3072	1	302	98	5.37558
1536	3072	1	6	414	0.09831
1536	3072	1	102	484	1.96049
1536	3584	1	80	40	1.99123
1536	3072	1	392	408	5.80952
1536	3584	1	426	48	3.41374
1536	3072	1	464	260	4.64657
1024	3072	1	78	246	5.84541
1024	3584	1	178	102	6.23423
1024	3584	1	280	68	1.77696
1024	3584	1	96	136	0.32338
1024	3584	1	326	126	1.21642
1024	3584	1	446	240	1.33291
1536	3584	1	12	316	2.45565
1536	3584	1	112	180	3.39389
1536	3584	1	384	370	5.29849
1536	3584	1	338	214	4.69072
1024	3584	1	58	418	2.56251
1536	3584	1	362	442	2.11334
1024	3584	1	262	320	0.00000
1024	3584	1	34	284	0.65130
1536	3584	1	140	430	0.31599
1024	3584	1	370	200	1.11336
1536	3584	1	30	132	4.31859
1536	3584	1	200	46	6.11352
1536	3584	1	266	26	2.49630
1536	3584	1	260	160	5.05604
1024	3072	1	6	460	4.34729
1024	3584	1	48	26	0.00000
1024	3584	1	478	456	0.23304
1536	3584	1	482	444	0.00000
1536	3584	1	40	486	0.33751
1024	3584	1	178	458	0.00000
1536	3584	2	246	362	0.00000
1536	3584	2	247	265	0.00000
1536	3584	1	270	502	4.86114
1024	3584	1	30	512	5.35982
1536	3072	1	310	48	1.98535
1536	3072	1	396	28	5.35963
1536	3072	1	512	80	0.00000
2048	2560	1	384	512	0.00000
2048	2560	1	492	248	1.30789
2560	2560	1	142	222	5.26523
2048	2560	1	122	128	3.20473
2048	2560	1	70	190	2.82477
2048	2560	1	158	306	0.00000
2560	2560	1	452	188	6.18954
2560	2560	1	398	316	5.63691
2048	2048	1	508	402	4.14263
2560	2048	1	426	368	3.94944
2048	2560	1	502	84	3.94653
2048	2560	1	294	384	4.15563
2560	2560	1	280	338	5.69888
2048	2560	1	324	280	4.36220
2048	2048	1	392	466	5.40179
2048	2560	1	404	168	0.00000
2048	2560	1	72	500	3.17100
2560	2560	1	174	102	3.19155
2560	2560	1	12	442	4.85048
2048	2560	1	70	362	3.52650
2048	2560	1	336	78	0.22014
2560	2048	1	352	506	2.41861
2048	2560	1	244	262	0.00000
2560	2560	1	162	362	4.70399
2560	2560	1	224	496	4.48130
2560	2560	1	494	512	0.00000
2048	2048	1	194	474	3.04252
2560	2560	1	512	212	2.57254
2048	2560	1	176	512	0.00000
2560	2560	1	384	512	0.32175
2560	2560	1	260	206	4.71393
2560	2048	1	414	264	1.27264
2048	2048	1	446	298	0.39306
2048	2048	1	312	300	6.10797
2560	2560	1	474	14	3.72546
2560	2048	1	108	242	5.63799
2560	2560	1	352	142	2.53222
2048	2560	2	190	416	0.00000
2560	2560	2	462	324	0.00000
2560	2560	2	282	14	0.00000
2048	2048	2	254	504	0.00000
2048	2560	2	424	52	0.00000
2560	2048	2	280	386	0.00000
2048	2560	2	172	150	0.00000
2048	2560	2	310	434	0.00000
2048	2560	2	320	204	0.00000
2048	2560	2	438	320	0.00000
2560	2560	2	302	494	0.00000
2560	2048	1	406	178	1.44293
2560	2048	1	426	52	0.46104
2560	2048	1	502	140	0.00000
2560	2048	1	314	80	0.00000
2560	2048	1	202	120	0.00000
2560	2048	1	80	132	3.80637
2048	2048	1	510	142	0.48672
2048	2048	2	486	66	0.00000
2048	2048	1	320	166	4.16234
2048	2048	1	216	342	3.14159
2560	2048	1	54	322	5.20392
2560	2048	1	204	242	1.96783
2048	2048	1	160	252	4.05463
2048	2048	1	176	104	5.93752
2048	2048	1	210	36	2.40269
2048	2048	1	64	126	1.39713
2560	2048	2	440	466	0.00000
2560	2560	2	18	150	0.00000
2048	2560	1	0	282	0.00000
3584	2560	1	34	354	4.73637
3584	2560	1	116	512	2.43508
3072	2560	1	450	302	1.54050
3584	2560	1	302	258	2.08181
3072	2560	1	384	368	1.90842
3072	2560	1	490	488	5.99868
3584	2560	1	46	448	2.75130
3072	2560	1	66	352	5.89276
3584	2560	1	180	468	2.54606
3584	2560	1	356	10	3.07724
3584	2560	1	404	360	5.56646
3072	2560	1	96	488	2.78431
3584	2560	1	248	356	0.00000
3072	2560	1	496	164	2.73824
3072	2560	1	330	482	0.74684
3072	2560	1	232	166	0.68037
3584	2560	1	178	310	3.75813
3072	2560	1	140	210	4.03468
3584	2560	1	506	338	2.59569
3072	2560	1	154	368	5.95300
3584	2560	1	160	200	3.64363
3584	2560	1	144	46	0.28707
3584	2560	1	264	96	2.79160
3072	2048	1	208	508	0.00000
3072	2560	1	274	310	2.92261
3072	2560	1	136	294	3.10969
3072	2560	1	234	384	2.80049
3072	2560	1	28	122	5.31189
3584	2560	1	88	226	0.00000
3584	2560	1	24	80	5.69323
3072	2560	1	358	192	5.61888
3072	2560	1	342	252	5.44804
3584	2048	1	380	302	6.26356
3584	2560	1	472	256	0.83245
3584	2560	1	358	194	0.62798
3584	2560	2	336	442	0.00000
3584	2560	2	418	490	0.00000
3584	2560	2	248	448	0.00000
3072	2560	2	154	82	0.00000
3072	2560	2	318	24	0.00000
3072	2560	2	248	22	0.00000
3072	2048	1	98	488	4.74295
3072	2048	1	104	388	2.04087
3072	2048	1	138	286	5.49779
3584	2048	1	110	404	5.86926
3072	2560	1	420	184	2.54362
3072	2560	1	400	84	1.12245
3072	2560	1	476	6	4.95521
3072	2048	1	500	390	4.46979
3072	2048	1	312	368	3.42213
3584	2048	1	300	176	0.56511
3584	2048	1	298	300	3.19709
3584	2048	1	134	298	5.58093
3584	2048	1	160	114	0.00000
3584	2048	1	480	46	0.00000
3584	2048	1	394	92	6.20436
3584	2048	1	272	82	3.75232
3072	2048	1	444	344	3.90001
3072	2048	1	512	174	3.05112
3072	2048	1	390	236	5.75297
3584	2560	1	440	74	0.00000
3584	2048	1	484	482	4.69316
3584	2560	1	512	82	4.20487
3584	2560	1	512	124	3.91833
3072	2048	1	356	80	6.10680
3072	2048	1	430	46	2.86527
3584	2048	1	378	210	5.63393
3072	2048	1	14	48	5.76538
3072	2048	1	242	204	0.00000
3072	2048	1	292	278	3.58609
3072	2048	1	220	74	1.82110
3072	2048	1	118	168	1.84235
3072	2048	1	110	2	1.25540
3072	2048	1	2	158	0.00000
3584	2048	1	228	0	0.00000
3072	3072	1	396	60	0.00000
3072	3072	1	206	74	3.14213
3072	3072	1	118	146	0.45783
3072	3072	1	34	134	0.00000
3072	3072	2	112	76	0.00000
3072	3072	1	386	170	1.23150
3072	3072	1	182	270	4.70957
3072	3072	1	44	308	0.87796
3072	3072	1	158	366	0.49394
3072	3072	1	338	492	0.81918
3072	3584	1	488	46	0.00000
3584	3072	1	38	510	0.00000
3584	3584	1	96	22	0.40489
3584	3072	1	182	428	4.66073
3584	3072	1	326	448	2.14855
3584	3584	1	328	34	1.46227
3584	3584	1	224	44	5.85604
3584	3072	1	442	206	5.34839
3072	3072	1	454	282	3.92858
3072	3072	1	468	206	1.28549
3584	3072	1	50	84	4.26090
3584	3072	1	28	300	3.62720
3072	3072	1	360	368	1.70547
3072	3072	1	484	434	3.60524
3584	3072	1	280	290	5.61238
3584	3072	1	314	46	6.03821
3584	3072	1	384	132	2.55772
3584	3072	1	94	164	1.96559
3584	3072	1	166	162	5.60158
3584	3072	1	304	174	5.42433
3584	3072	1	158	38	5.76657
3584	3072	2	234	54	0.00000
3584	3072	1	408	286	4.70044
3584	3072	1	504	314	3.80729
3584	3072	1	508	124	3.92354
3072	3072	1	502	42	0.00000
3072	3584	1	306	96	4.99649
3072	3584	1	132	60	1.97569
3072	3072	1	260	504	4.05535
3072	3072	1	84	482	1.36992
3072	3584	1	46	82	2.53893
3072	3584	1	182	156	5.24908
3584	3584	1	16	170	1.31801
3584	3584	1	362	122	0.11066
3584	3584	1	294	178	3.64188
3584	3072	1	472	464	0.31414
3584	3072	1	354	342	0.37725
3584	3072	2	422	424	0.00000
3584	3072	1	146	310	3.66174
3072	3072	2	246	454	0.00000
3072	3584	1	84	246	3.83541
3072	3584	1	412	256	1.12263
3072	3584	1	308	272	0.70287
3072	3584	1	212	302	0.00000
3072	3584	1	96	344	3.59776
3072	3584	1	38	346	2.09515
3584	3584	1	32	410	0.44998
3584	3584	1	130	288	3.34410
3584	3584	1	42	270	2.43823
3584	3584	1	412	162	3.51305
3584	3584	1	472	424	5.22897
3584	3584	1	476	156	0.00000
3072	3072	1	304	270	0.00000
3584	3584	1	160	80	0.00000
3584	3584	1	180	204	2.21844
3584	3584	1	188	352	0.96918
3584	3584	1	288	352	5.55544
3584	3584	1	422	302	0.00000
3072	3584	1	392	458	0.02213
3072	3584	1	296	484	0.58177
3072	3584	1	156	474	1.53855
3072	3584	1	28	464	2.21430
3072	3584	1	184	414	1.92957
3584	3584	1	382	462	0.00000
3584	3584	1	294	470	0.80792
3584	3584	1	86	468	0.00000
3584	3584	1	478	286	4.38011
3072	3584	1	324	412	1.20803
3072	3584	1	468	316	4.03567
3584	3584	1	466	368	4.91583
3584	3584	1	350	324	2.43950
3584	3584	1	210	394	1.12143
3584	3584	1	220	456	1.21684
3584	3584	1	444	496	5.52143
3584	3072	1	444	72	3.50557
2048	3584	1	352	376	5.85420
2048	3584	1	420	304	0.00000
2048	3584	1	342	478	0.00000
2560	3584	1	180	512	5.11002
2560	3584	1	100	392	6.11703
2048	3584	1	472	452	1.13839
2048	3584	1	130	422	1.79802
2560	3584	1	50	500	0.00000
2048	3584	1	132	242	1.88163
2048	3584	1	252	318	0.77024
2048	3072	1	0	510	5.59163
2048	3584	1	102	162	4.17634
2048	3584	1	212	34	5.26404
2560	3584	1	456	496	2.16068
2560	3584	1	210	420	1.54008
2560	3584	1	330	512	0.13093
2048	3584	1	54	498	4.76736
2048	3584	1	118	336	1.86225
2560	3584	1	274	350	4.36433
2048	3584	1	76	84	1.69934
2560	3584	1	436	360	6.03446
2560	3584	1	190	310	0.33324
2560	3584	1	2	362	0.91088
2048	3072	2	160	464	0.00000
2048	3584	1	334	232	1.05301
2560	3584	1	308	168	5.94247
2560	3584	1	364	80	0.74195
2048	3584	1	246	172	4.33983
2048	3584	1	510	280	2.15172
2560	3584	1	148	214	3.75589
2560	3584	1	334	302	2.68370
2560	3584	1	96	178	3.71653
2560	3584	1	512	464	2.16855
2560	3584	1	508	324	2.47793
2560	3584	1	230	212	2.75002
2560	3584	1	460	260	2.46313
2048	3072	1	22	320	4.98656
2048	3584	1	406	84	0.56098
2048	3584	1	488	172	2.03703
2560	3584	1	10	96	4.85233
2560	3584	1	458	88	0.00000
2048	3072	1	200	336	3.48505
2560	3584	1	144	108	1.60015
2048	3584	2	364	40	0.00000
2048	3072	1	272	388	4.80623
2560	3584	1	58	10	4.20018
2048	3072	1	486	420	4.21304
2048	3072	1	382	446	4.27797
2560	3072	1	4	472	1.22738
2560	3584	1	172	32	4.80890
2560	3072	2	104	430	0.00000
2560	3072	1	294	508	2.66214
2560	3072	1	230	480	2.86237
2560	3072	1	420	506	3.96223
2560	3072	1	512	446	0.71980
2560	3072	1	512	348	3.96573
2560	3072	1	418	324	0.00000
2560	3072	1	504	230	2.37555
2560	3072	1	498	52	0.00000
2560	3072	1	362	38	0.00000
2560	3072	2	346	234	0.00000
2560	3072	1	322	354	5.67207
2560	3072	1	216	308	5.46682
2560	3072	1	270	200	4.18721
2560	3072	2	226	136	0.00000
2560	3072	1	262	74	4.68449
2560	3072	2	142	66	0.00000
2560	3072	1	120	154	1.58973
2560	3072	2	88	228	0.00000
2560	3072	1	116	324	0.00000
2560	3072	1	12	320	1.08246
2048	3072	2	292	276	0.00000
2048	3072	1	492	224	0.00000
2560	3072	1	34	80	0.98279
2048	3072	1	344	236	2.10567
2048	3072	1	396	142	5.18846
2048	3072	1	388	14	0.00000
2048	3072	1	274	72	3.54477
2048	3072	1	198	118	0.61945
2048	3072	1	158	24	0.60699
2048	3072	1	4	78	0.00000
2048	3584	1	262	512	3.05470
