1024	2048	1	52	96	0.07017
1024	2048	2	200	72	0.00000
1024	2048	1	250	0	0.00000
1536	2048	1	6	10	0.00000
1024	2048	1	438	0	0.00000
1024	2048	1	104	244	0.73418
1024	2048	1	144	106	5.87034
1024	2048	1	242	374	0.33435
1024	2048	1	488	246	3.36291
1536	2048	1	86	82	0.00000
1536	2048	2	226	144	0.00000
1536	2048	1	252	48	0.00000
1536	2048	1	392	44	4.27307
1536	2048	2	486	60	0.00000
1536	2048	1	424	168	0.46276
1536	2048	1	498	244	0.58576
1536	2048	1	200	284	3.72365
1536	2048	1	66	356	4.88971
1024	2560	1	270	38	1.05457
1024	2560	1	78	102	3.17683
1536	2048	2	250	352	0.00000
1536	2048	1	472	334	5.30039
1536	2048	1	440	440	2.52813
1536	2048	1	304	444	2.22812
1536	2048	1	58	496	0.71468
1024	2560	1	448	58	2.49393
1536	2560	1	246	20	6.04126
1024	2560	1	134	254	0.00000
1024	2560	2	26	268	0.00000
1024	2560	1	342	96	1.13461
1536	2560	1	384	34	2.96372
1536	2560	1	326	120	2.73024
1536	2560	2	456	130	0.00000
1024	2560	1	0	382	3.74035
1024	2560	1	160	362	1.61785
1024	2560	2	186	280	0.00000
1024	2560	1	324	306	4.79715
1536	2560	1	92	34	1.17440
1536	2560	1	208	156	0.00000
1536	2560	1	92	152	5.88695
1536	2560	1	404	314	2.50273
1536	2560	2	432	262	0.00000
1536	2560	1	326	286	5.89655
1536	2560	1	14	216	1.38843
1536	2560	1	394	420	1.90941
1536	2560	1	126	314	0.24498
1536	2560	1	176	454	2.87834
1536	2560	1	512	304	6.03821
1536	2560	1	392	512	5.12633
1024	2560	1	482	324	2.42221
1536	2560	1	78	444	5.30039
1024	2560	1	380	406	1.83379
1024	2560	1	506	502	1.93334
1024	2560	1	290	466	5.68438
1024	2560	1	186	444	3.22077
1024	2560	1	86	500	5.00937
1024	3584	1	42	408	2.17230
1024	3584	1	470	462	0.00000
1024	3584	1	70	258	0.60499
1536	3584	1	390	374	5.41346
1536	3584	1	146	442	0.08544
1536	3584	1	38	480	0.12160
1536	3584	1	304	506	1.68965
1536	3584	1	354	434	2.09763
1024	3584	1	96	138	0.30664
1024	3584	1	288	334	1.18098
1536	3584	1	478	422	6.09206
1024	3584	1	186	440	0.00000
1024	3584	1	192	66	6.11959
1536	3584	1	18	332	1.88617
1536	3584	2	254	262	0.00000
1024	3584	1	448	238	1.92638
1024	3584	1	354	200	1.08110
1536	3584	1	20	126	4.21190
1536	3584	2	252	368	0.00000
1536	3584	2	464	112	0.00000
1536	3072	2	400	112	0.00000
1024	3584	2	202	288	0.00000
1536	3584	1	358	202	4.79203
1536	3072	1	502	496	6.03197
1536	3584	1	422	54	3.73485
1024	3072	1	194	340	0.28098
1024	3072	1	268	462	1.86452
1024	3584	1	326	122	1.37068
1536	3584	1	102	190	3.40727
1536	3584	2	360	62	0.00000
1536	3584	2	52	202	0.00000
1536	3584	2	326	120	0.00000
1024	3072	2	24	374	0.00000
1024	3072	2	504	298	0.00000
1024	3584	1	274	50	2.84670
1024	3072	1	312	302	0.00000
1024	3072	1	364	512	3.40439
1536	3072	1	12	432	6.20164
1536	3584	1	94	52	2.63561
1536	3584	1	200	44	0.01887
1024	3584	1	494	38	3.43626
1536	3584	1	272	12	3.05512
1536	3072	1	312	474	2.67835
1536	3072	1	402	394	5.90437
1536	3072	1	460	264	4.54340
1536	3072	1	156	296	1.54012
1536	3072	1	250	210	1.68126
1536	3072	1	174	416	4.84302
1536	3072	1	98	464	1.86066
1536	3072	1	120	96	0.74900
1024	3072	1	452	268	0.87095
1536	3072	1	498	186	2.23829
1536	3072	1	356	130	1.39558
1024	3072	1	178	210	0.80883
1024	3072	1	72	258	6.03885
1024	3072	1	390	110	5.76915
1024	3072	1	292	94	5.28093
1024	3072	1	122	64	1.38413
1024	3072	1	472	110	2.12202
1536	3072	1	328	58	1.72845
1024	3072	2	352	348	0.00000
1536	3072	2	466	104	0.00000
1536	3072	2	198	350	0.00000
2048	2048	1	384	460	5.07807
2048	2048	2	260	495	0.00000
2560	2048	1	114	244	5.77366
2048	2048	1	118	282	3.76807
2048	2048	1	496	174	0.00000
2560	2048	1	54	310	5.15137
2048	2048	1	302	160	3.85918
2048	2048	1	96	138	1.90290
2048	2048	2	200	442	0.00000
2560	2560	2	302	4	0.00000
2560	2048	2	294	390	0.00000
2560	2048	1	230	250	1.87716
2560	2048	1	392	172	1.24047
2560	2048	1	424	262	1.15002
2560	2048	1	416	380	4.35375
2560	2560	1	448	170	0.00000
2560	2560	1	470	6	3.43262
2560	2560	1	368	148	2.84942
2560	2048	2	330	458	0.00000
2048	2560	1	406	148	5.80904
2048	2560	1	492	74	4.06014
2560	2560	1	146	236	5.48772
2560	2560	1	274	184	0.00000
2048	2560	1	512	240	1.05142
2560	2560	1	294	344	5.50244
2560	2560	1	400	330	5.75287
2048	2560	1	124	118	2.97368
2560	2560	1	10	428	4.80077
2560	2560	1	154	364	4.93070
2048	2560	1	150	276	0.00000
2048	2560	1	226	240	0.00000
2048	2560	1	60	212	2.99093
2048	2048	1	218	44	2.19289
2048	2048	1	306	314	0.00000
2048	2048	1	428	292	0.00000
2560	2048	1	194	110	0.00000
2560	2048	1	320	82	0.00000
2048	2048	2	190	130	0.00000
2048	2048	1	10	206	0.69684
2560	2048	1	72	116	3.51659
2048	2048	2	216	290	0.00000
2560	2048	2	44	398	0.00000
2560	2560	1	164	112	3.14032
2048	2560	2	406	42	0.00000
2560	2560	2	18	166	0.00000
2048	2560	1	338	66	0.45132
2048	2560	1	400	460	0.09936
2560	2560	2	312	477	0.00000
2048	2560	1	282	384	3.60497
2048	2560	1	72	374	3.79643
2048	2560	1	324	270	4.42861
2048	2560	2	442	330	0.00000
2048	2560	2	330	432	0.00000
2048	2560	2	196	418	0.00000
2048	2560	2	76	470	0.00000
2560	2560	2	28	496	0.00000
2560	2560	1	158	510	4.68491
2048	2560	2	172	372	0.00000
2560	2560	2	460	326	0.00000
2048	2560	2	324	204	0.00000
2560	2560	1	378	500	0.39401
2560	2560	1	482	510	0.19403
2048	2560	2	20	94	0.00000
2048	2048	2	412	10	0.00000
2560	2048	1	504	132	5.86177
3072	2048	1	38	58	5.72705
3072	2048	1	94	2	0.95874
3072	2048	1	0	142	5.88140
3072	2048	1	440	16	0.00000
3072	2048	1	372	98	5.25229
3072	2048	1	246	88	2.11240
3584	2048	1	160	102	0.04994
3584	2048	1	216	0	0.00000
3584	2048	1	252	94	3.81169
3584	2048	1	474	60	0.00000
3584	2048	1	390	80	5.92451
3584	2048	1	300	154	0.60243
3584	2048	1	4	198	3.18013
3072	2048	1	372	204	5.63956
3072	2048	1	226	202	6.13490
3072	2048	1	118	264	5.88277
3072	2048	2	92	167	0.00000
3072	2048	1	264	282	3.91576
3072	2048	1	146	386	1.46024
3072	2048	1	292	388	3.46932
3072	2048	1	420	322	3.99484
3584	2048	1	106	292	5.11002
3584	2048	1	306	326	3.05033
3584	2048	1	386	314	0.00000
3584	2048	1	458	488	5.24506
3072	2048	1	476	390	4.06358
3584	2048	1	104	416	5.42289
3072	2048	1	204	494	0.19417
3072	2048	1	92	482	4.98162
3072	2048	1	410	492	4.91340
3072	2560	2	318	27	0.00000
3072	2560	1	248	112	0.23556
3072	2560	2	160	79	0.00000
3072	2560	2	262	17	0.00000
3584	2560	1	142	54	0.00000
3584	2560	1	34	94	5.40896
3072	2560	1	402	96	0.68830
3072	2560	1	28	128	5.68843
3072	2560	1	102	228	3.79109
3072	2560	1	160	292	3.21290
3072	2560	2	166	412	0.00000
3072	2560	1	72	370	5.81954
3072	2560	1	96	492	2.23735
3072	2560	1	250	430	2.63646
3072	2560	1	276	328	2.71340
3072	2560	1	330	270	5.48025
3072	2560	1	336	192	5.23340
3072	2560	1	498	168	2.57150
3072	2560	1	450	226	2.39607
3584	2560	1	76	208	0.19493
3584	2560	1	278	146	2.68635
3584	2560	1	336	30	2.96844
3584	2560	1	412	74	5.77116
3584	2560	1	510	72	4.13049
3584	2560	1	396	198	0.83469
3584	2560	1	146	238	3.55134
3072	2560	1	472	294	1.46520
3072	2560	1	436	380	1.95567
3072	2560	1	338	466	0.66796
3072	2560	1	398	512	0.24305
3072	2560	1	490	494	5.81202
3584	2560	1	34	342	4.31785
3584	2560	1	46	458	2.89062
3584	2560	1	172	336	3.91145
3584	2560	1	118	512	2.49841
3584	2560	1	250	344	0.00000
3584	2560	1	326	270	2.30367
3584	2560	1	458	262	0.56591
3584	2560	1	402	374	5.68435
3584	2560	2	162	476	0.00000
3584	2560	2	254	450	0.00000
3584	2560	2	346	442	0.00000
3584	2560	1	298	512	5.68195
3584	2560	1	430	510	2.81406
3584	2560	1	512	374	2.75069
3584	2560	1	512	474	5.28351
3584	2048	2	512	148	0.00000
3584	3072	1	144	290	3.91415
3072	3072	1	262	352	0.00000
3072	3072	1	154	362	0.72124
3072	3584	1	306	92	4.94952
3072	3584	1	502	76	6.16501
3072	3072	1	464	198	0.92730
3584	3584	1	280	160	3.68854
3072	3072	1	398	162	1.00464
3072	3072	1	206	114	3.10561
3072	3072	1	118	150	3.06603
3072	3072	1	26	106	0.15559
3072	3072	1	156	262	4.52437
3072	3072	1	294	238	5.91937
3072	3584	1	114	58	1.88560
3072	3072	1	90	472	1.52217
3072	3072	1	316	432	1.48406
3072	3072	1	362	340	1.82757
3072	3072	1	462	288	3.49244
3584	3072	1	36	334	3.57170
3072	3072	1	428	498	4.14782
3584	3584	1	42	4	0.00672
3584	3072	1	124	404	4.58992
3584	3584	1	108	10	0.34563
3584	3584	1	162	16	0.00000
3584	3072	1	238	508	0.00000
3584	3072	1	352	464	1.64688
3584	3072	1	268	292	5.32502
3584	3072	1	166	148	2.15139
3584	3072	1	86	192	5.84867
3584	3072	1	36	82	4.31027
3584	3072	1	314	168	3.26848
3584	3072	1	392	278	4.90978
3584	3072	1	408	204	5.10226
3584	3072	1	490	454	0.27366
3584	3584	1	462	86	0.00000
3584	3584	1	336	34	1.49205
3584	3072	1	258	100	5.60844
3584	3072	1	144	44	2.50986
3072	3072	1	230	502	4.13910
3072	3072	1	38	292	3.68698
3072	3072	1	406	44	0.08903
3584	3072	1	512	104	3.60524
3584	3072	1	512	296	3.76399
3584	3072	2	404	366	0.00000
3584	3584	1	356	164	3.48837
3584	3584	1	74	148	1.09640
3072	3584	1	218	170	1.57237
3072	3584	1	32	98	2.72594
3072	3584	1	410	230	0.86523
3584	3584	1	132	276	0.00000
3584	3584	1	176	200	2.19873
3072	3584	1	64	244	3.02332
3072	3584	1	294	276	0.57607
3072	3584	1	388	470	0.00000
3584	3584	1	16	420	0.69866
3072	3584	1	204	296	0.00000
3072	3584	1	482	298	3.97637
3584	3584	1	46	264	2.57751
3584	3584	1	204	332	0.79177
3072	3584	1	182	382	1.28599
3072	3584	1	272	458	4.81967
3584	3584	1	372	466	0.00000
3584	3584	1	438	328	4.15509
3584	3584	1	260	454	0.95127
3584	3584	1	86	458	0.00000
3584	3584	1	422	186	3.35666
3584	3584	1	482	420	1.45681
3584	3584	1	470	462	2.17815
3072	3584	1	88	380	0.00000
3584	3584	1	338	316	0.00000
3584	3072	1	310	40	6.11750
3584	3072	1	402	120	0.93071
3072	3072	1	56	386	0.70387
2048	3072	2	292	277	0.00000
2048	3072	2	168	480	0.00000
2560	3072	2	98	228	0.00000
2560	3072	2	148	74	0.00000
2560	3072	2	230	132	0.00000
2560	3072	2	350	244	0.00000
2048	3072	1	150	30	0.42230
2048	3072	1	174	124	0.27635
2048	3072	1	292	88	3.54838
2048	3072	1	382	146	5.43511
2048	3072	1	400	0	0.15501
2048	3072	1	506	352	1.19719
2048	3072	1	6	334	4.75937
2048	3072	1	180	336	3.49239
2048	3072	1	278	384	4.81271
2048	3072	1	344	214	1.78639
2560	3072	1	4	86	0.91127
2048	3072	1	490	234	0.00000
2560	3072	1	102	156	1.52429
2560	3072	1	252	66	4.69013
2560	3072	1	358	32	0.00000
2560	3072	1	482	36	6.19637
2560	3072	1	512	208	1.46359
2560	3072	1	280	210	4.72112
2560	3072	1	426	262	0.00000
2560	3072	1	118	338	5.97695
2560	3072	1	218	310	5.35992
2560	3072	1	318	338	5.94045
2048	3072	2	501	421	0.00000
2560	3072	2	96	413	0.00000
2048	3584	1	62	86	1.58018
2048	3584	1	224	44	5.37948
2048	3072	1	390	450	3.96471
2048	3584	1	380	32	1.09598
2560	3072	1	4	484	1.36087
2048	3072	2	46	387	0.00000
2560	3072	1	226	468	5.96548
2560	3072	1	318	492	2.44925
2048	3584	1	436	352	0.20743
2048	3584	1	508	380	0.68200
2560	3584	1	100	418	0.00000
2048	3584	1	226	404	0.57341
2048	3584	1	480	468	4.50615
2048	3584	1	76	512	4.43512
2560	3584	1	208	444	1.56393
2560	3584	1	448	388	6.09068
2560	3584	2	452	483	0.00000
2560	3584	1	426	232	2.56311
2560	3584	1	344	284	2.44642
2560	3072	1	434	486	4.79748
2560	3584	1	512	350	2.64513
2560	3584	1	184	312	0.37299
2560	3584	1	480	88	0.00000
2048	3584	1	130	244	1.80262
2048	3584	1	144	324	1.64825
2048	3584	1	68	168	3.91949
2560	3584	1	12	48	4.19399
2560	3584	1	140	36	4.76256
2560	3584	1	8	136	4.79484
2560	3584	1	142	110	1.71152
2048	3584	1	478	188	2.21958
2048	3584	1	378	260	0.87895
2048	3584	1	370	158	0.76456
2048	3584	1	246	190	3.73451
2560	3584	1	80	192	3.70153
2560	3584	1	270	374	4.42516
2560	3584	1	4	266	2.06906
2560	3584	1	140	212	3.63035
2560	3584	1	244	212	2.51609
2560	3584	1	322	186	5.61038
2560	3584	1	376	78	0.91675
2048	3072	1	10	76	0.00000
2048	3072	1	0	206	4.67565
