1024	2560	1	196	220	4.41937
1024	2560	1	500	304	2.06722
1024	2560	1	364	484	1.09244
1024	2560	1	118	356	4.47217
1024	2560	1	470	420	3.03794
1024	2560	1	378	324	0.00000
1536	2560	1	216	186	0.39511
1536	2560	1	68	438	5.02247
1536	2560	1	74	202	1.51126
1024	2560	1	238	432	5.85923
1536	2560	1	400	426	1.91949
1536	2560	1	148	346	3.71272
1024	2560	1	98	470	5.61457
1024	2560	1	40	510	2.75927
1536	2560	1	408	324	2.78682
1536	2560	1	262	362	0.50817
1024	2560	2	206	288	0.00000
1536	2560	1	346	186	2.64581
1536	2560	1	302	254	5.70291
1536	2560	1	454	250	5.89957
1024	2560	1	432	30	2.78112
1536	2560	1	192	50	0.49132
1536	2560	1	92	86	0.00000
1536	2560	1	440	98	4.16734
1024	2560	1	78	110	3.20231
1024	2560	1	314	30	1.01573
1024	2560	1	500	104	0.74155
1536	2048	1	210	464	1.23016
1536	2560	1	490	16	4.91953
1536	2560	1	364	10	3.63226
1536	2048	1	146	368	2.52387
1536	2048	1	490	344	4.86899
1536	2048	1	34	296	3.08281
1536	2048	1	248	302	3.32987
1536	2048	1	332	364	4.04187
1536	2048	1	424	186	2.65917
1536	2048	1	148	242	4.08877
1536	2048	1	48	446	2.27753
1536	2048	1	254	58	5.40011
1536	2048	1	222	130	0.00000
1024	2048	1	122	306	0.00000
1024	2048	1	64	128	0.00000
1024	2048	1	492	230	3.36062
1536	2048	2	490	66	0.00000
1024	2560	1	44	290	1.09222
1024	2048	1	244	344	0.38274
1536	2048	1	82	144	6.03537
1024	2048	1	90	248	1.14115
1024	2048	2	198	96	0.00000
1024	2048	1	338	42	6.06765
1024	2048	1	98	10	5.47467
1536	2048	1	318	18	5.24260
1536	2048	2	114	22	0.00000
1536	2048	1	10	16	0.00000
1536	2560	1	252	480	0.68064
1536	2560	2	480	410	0.00000
1024	3072	1	70	420	6.24366
1024	3072	1	0	448	5.74723
1024	3072	1	144	386	2.90056
1024	3072	1	202	340	5.84261
1024	3072	1	132	190	0.57189
1024	3072	1	152	78	0.87631
1024	3072	1	212	180	2.95787
1024	3072	1	294	106	5.54575
1024	3072	1	306	260	0.00000
1024	3584	1	90	90	1.09755
1024	3584	1	196	282	1.01677
1024	3584	1	260	44	0.54596
1024	3584	1	328	118	2.71875
1024	3584	1	44	240	1.81290
1024	3584	1	220	398	0.00000
1024	3584	1	148	442	0.00000
1024	3584	1	146	170	5.04322
1024	3584	1	400	334	0.70456
1024	3584	1	412	500	5.09401
1024	3584	1	486	418	0.27934
1536	3584	1	50	450	0.36745
1536	3584	1	148	478	6.20102
1536	3584	1	242	516	0.00000
1536	3584	1	332	486	5.66297
1536	3584	1	490	294	5.99518
1536	3584	1	436	446	2.12366
1536	3584	1	212	338	0.00000
1536	3584	1	358	294	5.25323
1536	3584	2	134	240	0.00000
1024	3584	1	442	152	2.35850
1536	3584	1	64	202	2.80846
1536	3584	1	198	170	2.70787
1536	3584	1	358	114	5.05735
1536	3584	2	281	159	0.00000
1536	3584	2	464	118	0.00000
1536	3584	2	504	78	0.00000
1536	3072	2	374	468	0.00000
1536	3584	1	30	98	1.29065
1024	3072	1	500	462	4.44291
1024	3072	1	440	354	1.78421
1536	3072	1	120	460	3.70716
1536	3584	1	204	70	1.94617
1536	3072	1	242	484	0.00000
1536	3072	1	196	304	2.87834
1536	3072	1	92	278	3.29249
1024	3072	1	416	154	2.95268
1024	3072	1	344	4	0.70300
1024	3072	2	472	34	0.00000
1024	3072	2	494	296	0.00000
1536	3072	1	62	190	3.97866
1536	3072	1	48	92	0.60105
1536	3072	1	228	22	0.49882
1536	3072	1	318	102	3.29370
1536	3072	1	332	268	0.97497
1536	3072	1	346	182	4.30788
1536	3072	1	444	162	5.81184
1536	3072	1	512	98	5.74798
1536	3072	1	366	352	0.57548
1536	3072	1	474	324	0.93258
1536	3072	1	510	432	5.69798
1536	3584	1	512	16	1.93999
2048	2048	1	114	66	6.14129
2048	2048	1	188	68	5.84275
2048	2048	1	418	70	0.58800
2560	2048	1	194	146	0.00000
2560	2048	1	306	116	0.00000
2560	2048	1	432	60	0.00000
2048	2048	1	172	148	5.23504
2048	2048	1	68	258	0.00000
2048	2048	1	150	242	5.78288
2048	2048	1	302	292	5.95171
2048	2048	1	364	236	5.79349
2560	2048	1	10	200	5.70668
2560	2048	1	114	246	5.88176
2560	2048	1	466	178	4.92163
2560	2048	1	72	114	2.87913
2560	2048	1	264	246	4.15221
2048	2048	1	374	466	5.26133
2560	2048	1	456	316	1.10264
2560	2048	1	278	318	1.21609
2560	2048	1	98	420	3.65207
2048	2048	1	462	274	2.87607
2048	2048	1	38	440	3.33361
2048	2048	1	180	390	3.19368
2048	2048	1	496	440	3.65612
2560	2048	1	248	450	4.34725
2048	2048	1	218	502	2.14462
2048	2560	1	116	18	0.60362
2560	2560	1	104	42	1.76877
2560	2048	1	444	490	4.54478
2560	2560	1	254	32	1.30025
2560	2560	1	354	80	0.42752
2560	2560	1	448	236	4.84519
2560	2560	1	190	202	0.16895
2560	2560	1	442	120	3.97768
2560	2560	1	262	126	0.00000
2560	2560	1	130	184	3.51670
2560	2560	1	372	440	5.58351
2560	2560	1	80	408	0.00000
2560	2560	1	242	322	5.55547
2048	2560	1	472	120	3.21401
2048	2560	1	302	44	0.66872
2560	2560	1	440	368	5.67014
2560	2560	2	312	496	0.00000
2560	2560	1	160	426	0.00000
2048	2560	1	490	246	1.31258
2048	2560	1	484	358	3.68098
2048	2560	1	364	128	0.68573
2048	2560	2	410	46	0.00000
2048	2560	2	234	150	0.00000
2048	2560	1	366	310	2.28126
2048	2560	1	42	236	0.00000
2048	2560	1	368	486	0.72836
2048	2560	1	248	450	2.92496
2048	2560	1	278	358	5.71851
2048	2560	1	142	192	2.71713
2560	2560	2	18	482	0.00000
2048	2560	2	466	482	0.00000
2048	2560	2	174	364	0.00000
2048	2560	2	188	414	0.00000
2048	2560	1	30	464	0.60782
2048	2560	2	78	496	0.00000
2560	2560	1	246	476	3.52771
2560	2048	2	130	24	0.00000
2560	2560	2	30	166	0.00000
2048	2560	2	320	210	0.00000
2048	2560	2	340	422	0.00000
2048	2560	1	150	470	0.04089
3584	2560	1	244	22	0.00000
3584	2048	1	114	506	4.39493
3584	2048	1	76	412	3.70491
3584	2048	1	226	260	4.69485
3584	2560	1	406	446	2.51166
3584	2560	1	270	410	2.97551
3584	2560	1	162	482	2.30861
3584	2560	1	218	424	5.72659
3584	2560	1	492	456	5.82415
3584	2560	1	68	440	0.00000
3072	2560	1	494	416	3.71489
3072	2560	1	468	272	3.87486
3072	2560	1	370	470	0.00000
3072	2560	1	72	504	2.78932
3072	2560	1	254	304	3.23411
3584	2560	1	34	290	4.04335
3584	2560	1	146	332	1.02773
3584	2560	1	234	216	6.04472
3584	2560	1	146	212	3.43109
3584	2560	1	344	316	0.00000
3584	2560	1	436	338	6.18934
3584	2560	1	512	362	2.85262
3584	2560	1	468	198	2.69014
3584	2560	1	502	154	2.90563
3584	2560	1	312	164	5.63891
3584	2560	1	356	74	2.43667
3584	2560	1	462	78	3.40784
3072	2560	1	160	230	1.10715
3072	2560	1	36	154	1.28880
3072	2560	1	156	106	1.99222
3072	2560	1	276	126	2.76632
3584	2048	1	372	448	2.61349
3072	2560	1	390	84	1.73990
3072	2560	1	356	230	3.20710
3584	2560	1	110	92	1.66438
3584	2560	1	42	164	0.00000
3584	2048	1	464	62	0.00000
3584	2048	1	392	94	0.00000
3584	2048	1	230	0	0.00000
3584	2048	1	384	214	5.54207
3584	2048	1	258	90	4.07736
3584	2048	1	102	26	3.02497
3584	2048	1	168	136	0.00000
3584	2048	1	512	210	1.46592
3584	2048	1	32	308	0.51915
3072	2048	1	412	384	3.31395
3072	2048	1	10	178	4.70731
3072	2048	1	490	502	2.93802
3072	2048	1	300	464	1.73595
3072	2048	1	342	234	2.47124
3072	2048	1	134	496	4.47902
3072	2048	1	98	420	3.73590
3072	2048	1	278	378	4.53777
3072	2048	1	234	290	1.84420
3072	2048	1	428	214	2.81984
3072	2048	1	468	156	2.38780
3072	2048	1	396	48	4.75532
3072	2048	1	216	24	4.23653
3072	2048	1	236	110	4.91519
3072	2048	1	232	198	4.05358
3072	2048	1	92	34	0.28379
3072	2048	1	134	212	0.00000
3072	2560	2	248	19	0.00000
3072	2560	2	318	23	0.00000
3072	2560	2	470	183	0.00000
3072	2048	2	38	472	0.00000
3072	2560	2	20	14	0.00000
3584	2560	2	408	234	0.00000
3584	2560	2	342	454	0.00000
3072	2560	2	168	418	0.00000
3072	2560	2	436	126	0.00000
3584	3072	2	368	334	0.00000
3072	3584	2	16	166	0.00000
3072	3584	2	330	512	0.00000
3072	3584	1	324	288	2.42362
3072	3072	2	12	86	0.00000
3072	3072	2	384	28	0.00000
3072	3072	1	92	14	2.76713
3072	3072	1	220	84	5.87610
3072	3072	1	346	124	5.48495
3072	3072	1	266	216	1.94122
3072	3072	1	46	176	5.46155
3072	3072	1	32	302	3.15251
3072	3072	1	250	330	3.05485
3072	3072	1	156	382	2.21142
3584	3072	1	4	168	0.32879
3072	3072	1	510	46	1.18501
3584	3072	1	166	66	5.34823
3072	3072	1	414	288	2.93942
3072	3072	1	490	298	3.12139
3584	3072	1	208	198	1.24539
3584	3072	1	112	132	2.60685
3584	3072	1	268	40	3.06738
3584	3072	2	226	138	0.00000
3584	3072	2	386	44	0.00000
3584	3072	2	354	112	0.00000
3584	3072	1	448	76	3.12696
3584	3072	2	512	26	0.00000
3584	3072	2	512	94	0.00000
3584	3072	1	358	212	4.54978
3584	3072	1	508	262	5.42364
3584	3072	1	406	282	1.75391
3584	3072	1	82	312	6.20004
3584	3072	1	138	304	3.16357
3584	3072	2	206	294	0.00000
3584	3072	1	208	372	1.03556
3584	3072	1	428	396	0.40400
3584	3072	1	492	386	3.47605
3584	3072	1	300	480	2.67151
3072	3072	1	422	450	4.24789
3072	3584	1	88	86	0.67177
3072	3072	1	52	482	1.74074
3072	3072	1	214	484	3.94142
3072	3072	1	308	506	2.84444
3072	3072	1	376	298	4.03117
3584	3072	1	36	402	3.12976
3584	3072	1	162	438	1.42011
3584	3072	1	156	506	1.71269
3072	3584	1	474	10	4.15936
3072	3072	2	360	370	0.00000
3584	3072	1	362	478	2.85168
3584	3072	1	296	338	0.00000
3584	3584	1	512	40	2.50884
3072	3584	1	172	134	0.94923
3072	3584	1	272	106	5.97200
3072	3584	1	358	122	3.25399
3584	3584	1	8	102	1.19029
3072	3584	1	466	162	1.72740
3584	3584	1	104	138	1.38081
3584	3584	1	172	64	4.38440
3584	3584	1	312	66	1.93966
3584	3584	1	274	138	2.29550
3584	3584	1	416	146	3.63913
3584	3584	1	480	138	0.29042
3584	3584	2	512	184	0.00000
3072	3584	1	182	242	0.96553
3072	3584	1	176	324	1.38402
3072	3584	1	24	290	2.63875
3072	3584	1	404	240	1.30850
3584	3584	1	210	236	4.65747
3584	3584	1	72	228	4.01373
3072	3584	1	464	294	0.85176
3584	3584	1	58	314	4.08883
3584	3584	1	382	276	2.57982
3584	3584	1	174	324	2.59766
3072	3584	1	244	390	1.01595
3072	3584	1	14	410	5.61760
3584	3584	1	80	432	2.86563
3072	3584	2	502	358	0.00000
3072	3584	2	444	396	0.00000
3072	3584	1	342	396	1.24905
3072	3584	1	146	498	0.68723
3072	3584	1	244	512	0.00000
3072	3584	1	350	474	1.60518
3072	3584	1	494	428	3.64444
3584	3584	2	20	502	0.00000
3584	3584	1	138	414	6.11608
3584	3584	1	466	250	1.01611
3584	3584	1	316	358	1.44404
3584	3584	1	466	408	3.81471
3584	3584	1	406	386	0.73742
3072	3584	1	410	512	5.62401
3584	3584	1	184	458	0.87971
3584	3584	2	402	494	0.00000
3584	3584	2	320	512	0.00000
3584	3584	1	302	414	1.04839
3584	3584	1	482	456	4.25115
3584	3584	2	512	302	0.00000
3072	3584	2	112	358	0.00000
3584	3584	1	324	304	2.07000
2560	3584	1	220	238	2.38067
2048	3584	1	464	194	6.07734
2048	3584	1	486	450	1.29845
2560	3584	1	28	264	0.00000
2048	3584	1	438	362	0.42135
2048	3584	1	356	122	0.87479
2560	3584	1	302	178	4.76394
2048	3584	1	342	268	5.99317
2048	3584	1	310	452	5.77178
2560	3584	1	42	184	0.00000
2048	3584	1	198	260	0.00000
2560	3072	1	386	292	4.23405
2048	3584	1	218	448	5.81939
2560	3584	1	296	372	5.82714
2560	3584	1	330	284	5.86353
2560	3584	1	160	484	2.15031
2560	3584	1	76	378	5.43950
2048	3584	1	102	454	6.13459
2560	3584	1	308	62	0.00000
2560	3584	1	274	470	0.00000
2560	3584	1	190	304	1.77903
2560	3584	1	418	350	3.50590
2048	3584	1	44	230	5.47003
2560	3584	1	204	416	0.00000
2560	3072	1	328	60	3.63634
2560	3584	1	512	418	5.45971
2560	3584	1	64	78	0.62139
2560	3072	1	142	504	0.00000
2560	3584	1	102	222	3.65266
2048	3584	1	214	26	5.40315
2048	3584	1	408	14	1.22569
2048	3584	1	164	114	5.21349
2560	3072	1	160	294	5.26347
2560	3584	1	202	140	1.10318
2560	3584	1	416	10	3.87384
2560	3584	1	488	164	4.83455
2560	3072	1	512	166	5.48367
2560	3072	1	228	390	4.97505
2048	3072	1	98	302	1.26920
2048	3072	1	218	340	1.15468
2048	3584	1	130	208	2.91132
2048	3072	1	74	224	4.90077
2560	3072	1	20	160	4.92928
2048	3584	1	44	102	2.44448
2048	3584	1	404	210	3.05396
2048	3072	1	156	412	4.86331
2048	3584	2	20	335	0.00000
2048	3072	1	280	130	5.81004
2048	3072	1	148	142	4.10379
2048	3072	1	26	124	0.00000
2048	3072	1	374	320	1.90683
2048	3072	2	222	287	0.00000
2048	3072	2	272	259	0.00000
2048	3072	2	188	229	0.00000
2048	3072	2	444	277	0.00000
2560	3072	2	145	77	0.00000
2560	3072	2	234	141	0.00000
2560	3072	2	106	229	0.00000
2560	3072	2	358	235	0.00000
2560	3072	2	78	435	0.00000
2560	3072	1	104	372	1.57596
2560	3072	1	482	356	0.31100
2560	3072	1	230	20	3.59444
2048	3072	1	426	56	0.91725
2560	3072	1	30	76	1.14640
2048	3072	1	136	46	0.46363
2048	3072	1	350	4	0.75087
2048	3072	2	269	25	0.00000
2048	3072	1	18	402	5.57449
2048	3584	1	48	8	1.81159
2560	3072	1	40	294	3.07576
2560	3072	1	488	62	5.55719
2048	3072	1	322	490	4.44531
2048	3072	1	290	398	4.81248
2048	3072	2	106	13	0.00000
2048	3072	1	34	18	0.00000
2048	3072	1	390	158	5.59168
2560	3584	1	222	54	3.73378
2560	3072	1	220	450	0.00000
2560	3072	1	512	466	1.60172
2560	3584	1	512	272	2.38259
2048	3072	2	166	479	0.00000
2048	3072	2	50	385	0.00000
2048	3584	2	308	390	0.00000
2048	3072	2	490	436	0.00000
