1024	2048	1	200	64	0.62229
1024	2048	1	68	224	0.76909
1024	2048	1	20	126	3.33080
1024	2048	1	238	374	0.40515
1024	2048	1	502	216	3.70031
1024	2048	1	430	66	3.54481
1536	2048	1	104	58	3.46545
1536	2048	1	218	140	0.00000
1536	2048	1	246	18	0.00000
1536	2048	1	352	146	5.14285
1536	2048	1	364	54	4.50245
1024	2048	1	510	0	0.00000
1536	2048	1	76	448	0.00000
1536	2048	1	332	322	2.77561
1536	2048	1	424	258	3.80182
1536	2048	2	490	67	0.00000
1536	2048	2	260	359	0.00000
1024	2560	1	152	10	3.37790
1024	2560	1	260	46	0.84710
1024	2560	1	456	60	2.06997
1536	2048	1	190	486	2.70664
1536	2048	1	332	468	3.64193
1536	2048	1	512	272	0.09550
1536	2048	1	428	510	3.58532
1536	2560	1	314	136	3.45082
1024	2560	1	308	294	5.65750
1024	2560	1	172	214	3.77883
1536	2560	1	142	194	0.00000
1536	2560	1	86	106	0.49646
1536	2560	1	50	216	1.97433
1024	2560	1	486	248	2.26933
1024	2560	1	392	292	2.52710
1536	2560	1	272	260	5.91222
1536	2560	1	396	212	0.40391
1536	2048	1	512	448	0.82962
1536	2560	1	442	312	2.63637
1536	2560	1	334	346	1.56420
1536	2560	1	170	338	3.52093
1536	2560	1	56	352	1.58955
1024	2560	1	80	116	1.85144
1024	2560	1	96	244	5.89233
1024	2560	1	112	370	2.88185
1024	2560	1	192	290	4.79637
1024	2560	1	268	388	1.50159
1024	2560	1	338	496	4.51206
1024	2560	1	158	512	2.71187
1536	2560	1	72	434	5.27509
1536	2560	1	216	468	2.10910
1536	2560	1	260	444	2.19329
1536	2560	1	392	434	2.41574
1024	2048	2	450	127	0.00000
1536	2560	2	479	417	0.00000
1536	2560	2	447	457	0.00000
1024	3072	1	60	76	1.09435
1024	3072	1	182	26	2.24190
1024	3072	1	268	84	3.92865
1024	3072	1	402	156	5.36712
1536	3072	1	18	76	3.32333
1536	3072	1	116	62	2.67363
1536	3072	1	210	88	3.01724
1536	3072	1	364	92	6.04470
1536	3072	1	418	64	0.00000
1536	3072	1	426	246	0.95613
1536	3072	1	316	178	0.00000
1536	3072	1	288	298	2.99970
1536	3072	1	204	262	5.91798
1536	3072	1	68	170	4.34097
1536	3072	1	82	266	0.66725
1536	3072	1	78	372	3.87460
1024	3072	1	52	218	6.14694
1024	3072	1	108	178	2.89655
1024	3072	1	182	184	2.74713
1024	3072	1	282	180	0.11981
1024	3072	1	312	292	0.26659
1024	3072	1	240	336	0.50710
1024	3072	1	160	342	0.55860
1024	3072	1	50	316	4.68426
1024	3072	1	58	502	5.78011
1024	3072	1	146	474	5.74151
1024	3072	1	242	414	3.67482
1024	3072	1	478	378	1.25374
1024	3072	1	434	446	2.92833
1024	3072	1	380	512	2.62356
1024	3072	1	278	510	0.21147
1536	3072	1	170	444	5.16846
1536	3072	1	448	360	1.87836
1536	3072	1	450	506	4.42826
1536	3072	1	288	512	1.95849
1536	3072	1	382	454	6.22443
1536	3072	1	72	486	5.13902
1024	3584	1	482	68	3.74858
1024	3584	1	72	114	0.74151
1024	3584	1	220	130	5.39148
1024	3584	1	330	126	1.45369
1024	3584	1	498	160	4.14321
1536	3584	1	226	136	0.95404
1536	3584	1	368	144	2.35712
1536	3584	1	462	94	2.87860
1536	3584	1	424	250	4.83338
1024	3584	1	330	248	4.84671
1536	3584	1	124	212	5.81132
1536	3584	1	252	284	2.27122
1536	3584	1	400	350	1.44471
1536	3584	2	186	334	0.00000
1536	3584	1	88	322	4.54784
1024	3584	1	464	324	2.31991
1024	3584	1	136	328	1.01940
1024	3584	1	48	218	5.59213
1024	3584	1	438	446	0.07658
1536	3584	1	50	448	0.12494
1536	3584	1	150	428	0.56468
1536	3584	1	236	418	0.57430
1536	3584	1	306	494	5.86796
1024	3584	1	280	438	6.20914
1024	3584	1	54	388	2.77949
1536	3584	1	508	426	2.71831
1024	3584	1	30	498	5.51683
1536	3584	2	512	32	0.00000
1536	3072	2	484	128	0.00000
2048	2048	1	508	158	0.00000
2048	2048	2	364	80	0.00000
2048	2048	2	486	66	0.00000
2048	2048	1	276	258	5.56021
2048	2048	1	38	248	0.26931
2048	2048	1	128	308	3.32103
2048	2048	1	216	318	2.55359
2048	2048	1	390	224	2.73344
2560	2048	1	106	256	5.85286
2560	2048	1	198	84	0.00000
2560	2048	1	70	130	3.16917
2560	2048	1	406	94	2.35961
2560	2048	1	300	112	0.00000
2560	2048	1	188	242	2.89201
2560	2048	1	380	276	3.13162
2048	2048	1	452	348	0.00000
2560	2048	1	68	354	4.75695
2048	2048	1	378	448	4.39409
2048	2048	1	64	432	0.76077
2048	2560	1	140	42	3.36242
2048	2560	1	260	100	4.98290
2560	2560	1	32	36	3.93336
2048	2560	1	388	20	3.90376
2560	2048	1	454	270	0.00000
2560	2048	1	466	392	0.63689
2560	2048	1	330	494	0.52188
2560	2048	1	464	506	3.82526
2048	2560	2	422	166	0.00000
2560	2560	2	18	170	0.00000
2048	2560	2	168	154	0.00000
2048	2560	2	226	158	0.00000
2048	2560	2	316	212	0.00000
2048	2560	1	62	240	0.00000
2560	2560	1	14	288	5.13195
2048	2560	1	394	244	0.93543
2048	2560	1	254	304	3.13538
2048	2560	1	128	304	0.55708
2048	2560	2	434	310	0.00000
2560	2560	1	314	144	2.99970
2560	2560	1	398	128	2.44786
2560	2560	1	192	194	2.00009
2560	2560	1	184	288	5.00826
2560	2560	1	368	286	2.27767
2560	2560	1	346	370	5.17534
2560	2560	1	220	428	5.15476
2560	2560	1	106	394	3.37039
2048	2560	1	416	492	1.14596
2048	2560	2	332	416	0.00000
2048	2560	2	198	426	0.00000
2048	2560	2	168	372	0.00000
2560	2560	2	470	328	0.00000
2048	2560	2	58	156	0.00000
2560	2560	2	316	500	0.00000
2560	2560	2	20	492	0.00000
2560	2560	1	452	482	4.75997
2048	2560	1	240	474	3.42108
2560	2048	1	222	396	1.46933
3584	2048	1	468	58	0.00000
3584	2048	1	380	88	0.00000
3584	2048	1	130	112	0.00000
3072	2048	1	262	116	0.00000
3584	2048	1	364	224	5.33112
3072	2048	1	496	168	1.89985
3072	2048	1	378	96	5.15092
3072	2048	1	212	322	5.36365
3072	2048	1	80	348	4.27638
3072	2048	1	50	236	4.38064
3584	2048	1	122	352	0.00000
3072	2048	1	414	406	1.55746
3072	2048	1	474	304	1.16590
3584	2048	1	58	472	4.77114
3072	2048	1	220	222	4.95076
3072	2048	1	510	22	1.66401
3072	2560	1	218	68	0.00000
3584	2048	1	260	344	1.97417
3584	2048	1	274	246	2.53379
3584	2048	1	238	94	4.04313
3072	2048	2	62	132	0.00000
3072	2048	1	168	78	3.08825
3072	2048	1	126	482	2.38870
3584	2048	1	482	468	3.98563
3072	2560	1	482	114	1.66464
3584	2048	1	250	440	2.43798
3584	2048	1	52	366	0.00000
3072	2048	1	358	240	2.89524
3584	2048	1	116	224	1.60204
3584	2560	1	358	14	2.81312
3584	2560	1	172	158	0.72996
3072	2560	1	138	178	3.23140
3072	2560	1	350	226	3.97457
3072	2560	1	342	104	5.01527
3072	2560	1	250	198	1.03351
3584	2560	1	424	170	4.66894
3072	2560	1	144	330	1.34187
3072	2048	1	450	512	2.36377
3584	2560	1	282	162	3.76184
3584	2560	1	146	306	0.00000
3072	2560	1	44	202	2.66753
3072	2560	1	402	398	5.43790
3584	2560	1	80	166	3.08983
3072	2560	1	466	226	4.31387
3072	2560	1	258	340	3.08284
3584	2560	2	246	334	0.00000
3584	2560	2	346	460	0.00000
3584	2560	2	266	470	0.00000
3072	2560	2	168	426	0.00000
3072	2560	2	26	482	0.00000
3584	2560	1	228	12	2.73372
3072	2560	1	52	72	1.11616
3072	2560	1	240	478	0.84168
3072	2560	2	332	496	0.00000
3584	2560	2	504	500	0.00000
3584	2560	1	162	40	2.93370
3584	2560	1	62	34	1.76819
3584	2560	1	296	302	2.59440
3584	2560	1	354	280	5.95766
3584	2560	1	478	256	3.84806
3584	2560	1	462	390	2.72732
3584	2560	1	20	440	0.62843
3584	2560	1	44	230	2.34609
3072	2560	1	468	324	2.08118
3072	2560	2	110	470	0.00000
3584	2560	1	140	458	4.68661
3584	2560	2	386	388	0.00000
3584	2560	2	234	398	0.00000
3584	2560	2	188	378	0.00000
3584	2560	2	358	512	0.00000
3072	3072	1	128	222	0.00000
3072	3584	1	142	194	5.94605
3072	3584	1	412	34	1.63984
3072	3072	1	230	358	1.91929
3584	3072	1	186	320	0.39946
3584	3584	1	258	18	2.67034
3072	3072	1	212	466	2.26056
3072	3072	1	270	216	3.67622
3072	3584	1	52	98	1.44709
3072	3584	1	182	116	2.05629
3072	3072	1	82	454	1.86497
3072	3072	1	406	88	5.64937
3072	3072	1	506	188	0.65965
3584	3584	1	10	214	0.71642
3072	3584	1	420	124	3.87354
3072	3072	1	360	426	3.65015
3072	3072	1	502	426	3.71230
3072	3072	1	352	190	0.93820
3072	3072	1	212	164	0.52931
3072	3072	1	216	54	3.95471
3584	3072	1	36	322	5.62598
3072	3584	1	46	218	2.42622
3584	3584	1	52	102	1.70343
3072	3072	1	320	304	1.37500
3584	3072	1	112	438	4.39392
3584	3584	1	114	18	1.87623
3584	3072	1	400	496	0.89307
3584	3072	1	76	216	1.14630
3584	3072	1	294	225	3.17763
3584	3072	1	12	42	4.74456
3072	3072	1	86	108	5.47600
3072	3584	1	294	174	4.25105
3072	3584	1	288	260	1.08818
3584	3584	1	116	200	3.01558
3584	3584	1	206	96	1.74918
3584	3072	1	284	436	5.44130
3584	3072	1	294	326	3.94374
3584	3072	1	302	106	5.85751
3584	3072	1	218	80	6.14328
3584	3072	1	156	78	2.68805
3584	3072	1	466	136	2.29179
3584	3072	1	362	60	2.37783
3072	3584	1	228	44	2.04487
3584	3584	1	222	178	1.52712
3584	3584	1	358	134	0.49823
3584	3584	1	416	158	0.85738
3584	3584	1	470	60	0.48844
3584	3072	1	464	342	0.34566
3584	3584	1	390	276	0.89735
3072	3584	1	420	292	0.22115
3072	3584	1	342	352	2.09215
3584	3584	1	6	440	0.29749
3072	3584	1	504	320	0.49521
3072	3584	1	142	310	4.30329
3072	3072	1	456	372	3.74726
3584	3584	1	206	308	6.07033
3584	3072	1	454	44	5.67166
3584	3584	1	80	352	5.55083
3584	3584	1	114	512	5.58034
3584	3584	1	380	404	5.50155
3584	3584	1	486	344	4.82034
3072	3584	1	294	440	0.22324
3072	3584	1	114	460	1.02495
3072	3584	1	224	390	5.87214
3584	3584	1	496	164	0.42876
3072	3584	1	88	374	4.87627
2048	3072	1	254	170	5.85486
2048	3072	1	136	148	5.52035
2048	3072	1	204	368	4.55679
2048	3072	1	350	374	4.82348
2048	3072	1	432	318	5.84481
2560	3072	1	38	342	2.10434
2048	3072	1	484	216	3.04039
2048	3072	1	300	88	6.00667
2560	3072	1	102	166	5.65637
2560	3072	1	208	196	2.22067
2560	3072	2	138	76	0.00000
2560	3072	2	230	126	0.00000
2560	3072	1	360	62	5.32279
2560	3072	1	184	24	5.08564
2560	3072	1	404	196	1.66146
2560	3072	1	466	108	0.92180
2048	3072	1	488	472	2.19516
2048	3584	1	274	4	3.21553
2048	3584	2	374	26	0.00000
2048	3072	2	164	478	0.00000
2048	3072	1	52	228	4.29080
2048	3072	1	62	440	2.64367
2048	3584	1	86	68	6.14222
2048	3584	1	166	82	6.14857
2048	3584	1	174	220	5.60399
2048	3584	1	276	162	0.34752
2048	3584	1	366	208	0.71194
2048	3584	1	464	82	1.07183
2560	3072	1	112	510	2.12510
2560	3584	1	74	60	2.33603
2560	3584	1	86	156	2.10101
2048	3584	1	486	176	1.50194
2560	3584	1	50	252	1.62629
2048	3584	1	458	294	5.04258
2560	3584	1	14	390	0.98279
2560	3584	1	234	56	4.10036
2560	3072	1	326	462	3.76875
2560	3072	1	176	324	0.00000
2560	3072	1	396	302	0.50888
2560	3072	2	350	250	0.00000
2560	3072	1	8	66	3.32470
2048	3072	1	428	68	1.00887
2048	3072	1	152	28	0.63938
2560	3584	1	330	174	3.70404
2560	3072	1	428	448	3.98814
2560	3584	1	434	36	4.69862
2560	3584	1	440	112	2.24227
2560	3584	1	218	156	4.75090
2560	3584	1	192	236	1.74117
2560	3584	1	216	320	4.22020
2560	3584	1	340	268	0.48352
2560	3584	1	400	298	3.53929
2048	3584	1	66	224	2.71151
2048	3584	1	62	362	1.99806
2048	3072	1	306	286	4.40818
2560	3584	1	130	448	0.00000
2560	3584	1	284	414	4.59374
2048	3584	1	218	464	0.00000
2048	3584	1	144	468	0.19643
2048	3584	1	406	386	0.14290
2560	3072	1	226	482	0.00000
2560	3584	1	490	368	2.52368
2560	3584	1	448	216	5.74221
2048	3584	1	240	324	3.75177
2048	3584	1	326	462	0.00000
2048	3584	1	482	486	0.74986
2560	3584	1	60	512	0.41476
2560	3584	1	402	458	4.31760
2560	3072	2	46	446	0.00000
2560	3072	2	14	178	0.00000
2560	3072	2	88	232	0.00000
