1536	2560	1	90	98	0.43471
1024	2560	1	360	500	4.56422
1024	2560	1	336	332	2.87115
1536	2560	1	78	450	5.03147
1024	2560	1	420	322	2.55205
1024	2560	1	182	416	2.51218
1024	2560	1	134	468	2.51677
1024	2560	1	74	502	2.25994
1536	2560	1	74	344	1.89414
1536	2560	1	182	406	3.30142
1536	2560	1	386	348	1.93757
1536	2560	1	260	398	0.40343
1536	2560	1	262	236	5.90647
1536	2560	1	156	188	0.00000
1536	2560	1	58	210	1.64941
1024	2560	1	472	248	2.34337
1024	2560	1	260	366	2.77849
1536	2560	1	262	482	1.47863
1536	2560	1	472	488	0.74854
1536	2560	1	402	190	0.00000
1536	2048	1	98	418	0.00000
1536	2560	1	378	494	0.65645
1536	2560	1	386	422	1.90479
1536	2560	1	474	330	2.35466
1536	2048	1	306	510	3.61895
1024	2560	1	460	50	1.95450
1024	2048	1	242	372	0.45796
1536	2560	1	422	8	3.26313
1536	2560	1	332	166	2.91994
1536	2048	1	356	338	2.03383
1024	2560	1	144	82	3.16668
1024	2560	1	88	114	2.80250
1024	2048	1	326	86	4.45056
1024	2048	1	512	234	2.82336
1536	2048	1	350	158	5.21120
1536	2048	1	374	80	5.08433
1536	2048	1	468	258	2.96815
1024	2560	1	268	38	0.91351
1024	2560	1	44	260	0.80157
1536	2048	1	96	44	0.00000
1024	2048	2	206	78	0.00000
1024	2048	2	56	250	0.00000
1024	2048	2	30	156	0.00000
1024	2048	2	126	216	0.00000
1536	2048	2	4	28	0.00000
1536	2048	2	244	66	0.00000
1536	2048	2	220	152	0.00000
1536	2048	2	510	74	0.00000
1536	2048	2	246	366	0.00000
1536	2048	2	506	468	0.00000
1024	2560	2	496	400	0.00000
1024	2560	2	190	300	0.00000
1024	2560	2	142	252	0.00000
1536	2560	2	484	148	0.00000
1536	2560	1	194	2	3.21488
1024	2560	1	54	362	1.02820
1024	3072	1	348	284	0.74587
1024	3072	1	290	172	0.16806
1024	3584	1	456	436	0.48364
1024	3584	1	40	370	2.92368
1024	3584	1	472	306	0.92730
1536	3584	1	88	322	1.34984
1536	3584	1	66	460	0.00000
1536	3584	1	148	424	0.36717
1536	3584	1	256	400	0.93689
1536	3584	1	442	428	2.48288
1024	3584	1	134	302	0.59541
1536	3584	1	320	302	2.04952
1536	3584	1	394	246	5.23153
1024	3584	1	268	428	0.41106
1024	3584	1	326	254	5.49357
1024	3584	1	156	192	2.06412
1024	3584	1	232	150	5.33595
1024	3584	1	106	134	0.74658
1024	3584	1	482	172	4.49372
1536	3584	1	128	208	5.55329
1536	3584	1	282	192	1.78455
1536	3584	1	368	154	1.17731
1536	3584	2	460	110	0.00000
1024	3072	1	118	478	0.00000
1024	3072	1	172	410	3.08828
1024	3072	1	246	412	3.49761
1024	3072	1	276	506	0.25933
1024	3584	1	368	66	1.92870
1024	3072	1	386	508	2.18532
1024	3072	1	422	444	5.33584
1024	3072	1	484	368	1.02225
1024	3584	1	482	68	3.55400
1536	3072	1	38	432	3.75350
1536	3072	1	170	440	5.45442
1536	3072	1	320	396	2.80103
1536	3072	1	426	344	1.55278
1536	3072	1	106	292	0.20843
1536	3072	1	230	272	5.52104
1536	3072	1	2	242	2.28963
1024	3072	1	136	290	3.78509
1024	3072	1	92	220	0.40691
1024	3072	1	182	164	2.93537
1024	3072	1	238	278	0.00000
1024	3072	1	210	56	1.46569
1024	3072	1	66	112	2.40878
1024	3072	1	418	118	2.70053
1536	3072	1	16	94	3.56445
1536	3072	1	114	166	4.22274
1536	3072	1	218	128	2.15630
1536	3072	1	188	52	1.66870
1536	3072	2	338	212	0.00000
1536	3072	2	350	58	0.00000
1536	3072	2	426	56	0.00000
1536	3072	1	444	132	4.38839
1536	3072	1	486	194	0.55138
1536	3584	1	420	20	4.93347
1536	3072	1	280	510	2.64398
1536	3072	2	378	462	0.00000
1024	3584	1	52	32	5.20828
1024	3584	1	336	138	1.59918
2560	2048	1	268	290	2.06564
2560	2560	1	16	52	3.84979
2048	2048	1	216	326	3.49279
2048	2048	1	206	92	1.89452
2048	2048	1	20	412	3.91049
2048	2048	1	24	252	0.32264
2048	2048	1	464	218	1.62148
2048	2048	1	292	240	5.37343
2048	2048	1	372	122	2.92753
2560	2048	1	30	72	0.51875
2048	2048	2	416	16	0.00000
2048	2048	2	484	52	0.00000
2560	2048	1	66	126	3.54974
2560	2048	1	118	252	5.72227
2560	2048	1	200	98	5.79275
2560	2048	1	134	138	3.95263
2560	2048	1	210	186	4.03765
2560	2048	1	312	104	0.00000
2560	2048	1	418	106	2.55811
2560	2048	1	482	44	2.53207
2048	2048	1	118	396	3.38386
2048	2048	1	466	364	6.02171
2560	2048	1	78	372	4.48462
2048	2048	1	364	440	4.64353
2048	2560	1	154	14	4.20681
2048	2560	1	56	198	0.00000
2048	2560	1	212	90	4.60173
2048	2560	2	38	104	0.00000
2048	2560	2	172	162	0.00000
2048	2560	2	234	168	0.00000
2048	2560	2	416	64	0.00000
2048	2560	2	422	162	0.00000
2048	2560	2	316	206	0.00000
2560	2560	2	26	168	0.00000
2560	2560	2	292	6	0.00000
2560	2048	1	200	428	1.36972
2560	2048	1	260	428	1.05457
2560	2048	1	442	280	0.31959
2560	2048	1	376	298	3.32145
2560	2048	1	460	406	1.96842
2560	2560	1	476	8	3.35847
2560	2048	2	436	466	0.00000
2560	2560	1	180	160	1.55549
2048	2560	1	148	308	0.87377
2048	2560	2	174	370	0.00000
2048	2560	2	200	428	0.00000
2048	2560	2	324	430	0.00000
2560	2560	2	312	486	0.00000
2560	2560	2	18	482	0.00000
2048	2560	1	386	248	1.75667
2048	2560	2	440	326	0.00000
2560	2560	1	8	284	3.72173
2048	2560	1	250	472	3.33899
2048	2560	1	150	504	0.66045
2560	2560	1	140	250	5.56909
2560	2560	1	146	358	4.79182
2048	2560	1	414	464	1.06173
2560	2560	1	102	444	1.91850
2560	2560	1	290	170	3.57008
2560	2560	1	394	110	2.79383
2560	2560	1	344	274	0.19388
2560	2560	1	446	360	2.54932
2560	2560	1	512	206	1.78590
2560	2560	1	442	480	5.12080
2048	2560	1	368	34	3.68611
3072	2048	1	44	104	3.92054
3072	2048	1	166	66	3.54533
3072	2048	1	268	76	1.36826
3072	2048	1	314	144	4.36506
3072	2048	1	86	222	5.61652
3072	2048	1	40	286	5.89179
3072	2048	1	462	228	3.56483
3584	2048	1	42	72	2.29398
3584	2048	1	126	116	0.00000
3584	2048	1	228	0	0.00000
3584	2048	1	230	88	3.90058
3584	2048	1	462	60	0.00000
3584	2048	1	390	84	0.02452
3072	2048	1	218	222	4.72620
3072	2048	1	360	242	3.10255
3072	2048	1	216	302	4.89632
3072	2048	1	152	376	1.25457
3072	2048	1	218	484	0.00000
3072	2048	1	462	426	5.23470
3584	2048	1	116	222	2.21771
3584	2048	1	206	234	5.97302
3072	2048	1	94	0	0.29818
3584	2048	1	512	92	0.00000
3584	2048	1	368	222	5.77119
3584	2048	1	320	296	2.60506
3584	2048	1	58	272	1.31468
3584	2048	1	82	338	4.89439
3584	2048	1	126	424	1.74208
3584	2048	1	102	494	1.07971
3584	2048	1	380	442	2.70263
3584	2048	1	294	486	2.67861
3072	2048	1	50	510	0.23231
3072	2048	1	126	506	3.46147
3072	2560	2	170	74	0.00000
3072	2560	1	150	154	3.02525
3072	2560	1	242	172	5.95471
3072	2560	1	332	90	4.80636
3072	2560	2	322	20	0.00000
3072	2560	2	260	16	0.00000
3072	2560	1	482	44	2.30067
3584	2560	1	222	4	2.69979
3584	2560	1	114	52	4.74469
3584	2560	1	78	138	4.97429
3584	2560	1	272	98	1.03726
3584	2048	1	510	482	3.75279
3584	2560	1	396	70	1.97995
3584	2560	1	504	80	4.63462
3584	2560	1	390	152	4.83732
3584	2560	1	392	220	5.69500
3584	2560	1	500	222	4.11883
3072	2560	1	50	214	1.49238
3072	2560	1	140	298	2.27650
3072	2560	1	260	342	2.62490
3072	2560	1	340	210	4.24629
3072	2560	1	348	292	4.64992
3584	2560	1	10	168	2.53578
3072	2560	2	462	192	0.00000
3072	2560	2	440	128	0.00000
3584	2560	1	46	252	3.94487
3584	2560	1	160	256	0.88102
3584	2560	1	318	268	1.66751
3072	2560	1	84	374	0.19685
3072	2560	2	168	416	0.00000
3072	2560	1	230	478	0.07481
3072	2560	1	408	392	5.49873
3584	2560	1	14	342	1.59288
3584	2560	1	182	318	0.56391
3584	2560	1	240	350	0.50710
3584	2560	1	386	366	2.96606
3584	2560	1	446	362	3.23432
3584	2560	1	512	362	3.22220
3072	2560	1	506	456	0.28506
3584	2560	1	80	464	3.32754
3072	2560	1	314	512	3.65759
3584	2560	1	408	510	0.00000
3584	2560	1	512	498	5.36363
3584	2560	2	242	446	0.00000
3072	3072	1	74	74	5.83951
3072	3072	1	106	268	3.84831
3072	3072	1	484	224	5.35297
3072	3072	2	424	260	0.00000
3072	3072	1	394	78	5.96143
3072	3072	1	154	100	3.08468
3072	3072	1	218	150	3.43346
3072	3072	1	300	142	0.54220
3072	3072	2	220	46	0.00000
3072	3072	1	250	360	1.87493
3072	3072	1	352	308	1.73838
3072	3072	1	220	266	4.33188
3072	3072	1	210	464	2.53004
3072	3072	1	96	416	0.79321
3584	3072	1	160	84	2.62211
3584	3072	1	6	104	5.88183
3584	3072	1	92	372	4.90061
3072	3584	1	416	142	4.55974
3072	3584	1	180	120	1.84120
3072	3072	1	98	510	0.90036
3584	3584	1	140	22	2.04760
3584	3072	1	290	126	1.94237
3072	3072	1	368	216	0.00000
3584	3072	1	464	216	3.46237
3584	3584	1	380	76	3.67655
3072	3584	1	492	28	0.76672
3072	3072	1	506	416	3.38652
3072	3072	1	430	396	3.52552
3072	3072	1	334	468	3.18876
3584	3072	1	274	234	6.12074
3584	3072	2	372	366	0.00000
3584	3072	2	368	266	0.00000
3584	3072	1	76	224	3.28349
3584	3584	1	284	52	1.02178
3584	3584	1	138	162	0.00000
3584	3584	1	20	190	0.40984
3072	3584	1	264	194	1.37810
3072	3584	1	356	72	3.85483
3584	3072	1	238	468	0.61741
3072	3584	1	110	244	2.44685
3072	3584	1	202	302	0.00000
3584	3584	1	438	134	0.00000
3584	3072	1	488	342	0.87186
3584	3072	1	402	168	4.17197
3584	3072	1	358	60	4.86899
3584	3584	1	218	218	3.32261
3584	3072	1	332	446	1.37651
3584	3072	1	186	342	1.78738
3072	3584	1	328	248	1.93903
3584	3584	1	428	420	2.00800
3584	3072	1	476	450	0.84010
3072	3584	1	436	290	0.00000
3072	3584	1	268	386	0.00000
3584	3584	1	420	278	4.45949
3584	3584	1	120	436	2.41784
3584	3584	1	332	244	1.37595
3584	3072	1	344	322	1.50956
3072	3584	1	392	382	3.00053
3072	3584	2	466	420	0.00000
3072	3584	2	118	352	0.00000
3584	3584	1	294	402	4.29269
3584	3584	1	38	308	0.51793
3584	3584	1	108	322	2.55000
3584	3584	1	198	314	2.32054
3072	3584	1	224	52	1.52335
3072	3584	1	52	268	5.73773
3072	3584	1	190	468	0.29044
3584	3072	2	480	54	0.00000
3584	3584	2	512	174	0.00000
3072	3584	2	130	420	0.00000
3072	3584	2	70	482	0.00000
3072	3584	1	398	488	5.19731
3584	3584	2	300	180	0.00000
3584	3584	2	456	330	0.00000
2048	3072	1	144	140	4.30067
2048	3072	1	136	42	0.54042
2048	3072	1	298	86	5.87403
2048	3072	1	262	164	5.61711
2048	3072	2	12	118	0.00000
2048	3072	1	398	42	0.71829
2048	3072	1	484	36	0.71619
2048	3072	1	510	132	0.00000
2560	3072	1	78	90	6.12512
2048	3072	2	196	224	0.00000
2048	3072	1	390	156	5.33520
2048	3072	2	194	26	0.00000
2048	3072	1	38	248	3.95861
2048	3072	1	46	406	0.00000
2048	3072	1	200	364	4.52918
2048	3072	2	318	260	0.00000
2048	3072	1	474	262	0.00000
2048	3072	1	374	394	6.23836
2048	3072	1	418	320	5.34913
2560	3072	2	100	224	0.00000
2560	3072	2	140	78	0.00000
2560	3072	1	218	56	5.95230
2560	3072	1	362	64	5.29029
2560	3072	2	224	134	0.00000
2560	3072	2	350	240	0.00000
2560	3072	1	400	160	2.30965
2560	3072	1	482	98	6.12658
2048	3072	2	312	430	0.00000
2048	3072	2	160	474	0.00000
2560	3072	1	48	344	0.00000
2560	3072	1	148	318	0.45016
2560	3072	2	108	422	0.00000
2048	3584	2	376	14	0.00000
2048	3584	1	182	70	0.00000
2048	3584	1	60	46	5.50064
2560	3072	1	276	250	2.54796
2560	3072	1	416	312	0.86361
2560	3072	1	306	430	5.40000
2560	3072	1	446	488	2.98479
2560	3072	1	14	458	2.05913
2560	3584	1	132	2	2.70831
2560	3072	2	224	508	0.00000
2048	3584	1	300	90	4.26391
2048	3584	1	512	32	1.35419
2560	3584	1	100	88	2.59587
2560	3584	1	206	78	3.61345
2560	3584	1	328	20	5.24327
2560	3584	1	22	162	0.68138
2048	3584	1	316	190	0.78540
2048	3584	1	56	236	3.97311
2048	3584	1	160	280	5.41732
2048	3584	1	190	212	5.83324
2560	3584	1	92	196	2.93050
2560	3584	1	264	108	0.44057
2048	3584	2	420	212	0.00000
2560	3584	1	278	186	0.97488
2560	3584	1	366	194	0.45476
2560	3584	1	472	150	0.48996
2560	3072	2	508	440	0.00000
2560	3584	1	8	276	1.90632
2048	3584	1	374	390	6.03388
2048	3584	1	400	280	5.59069
2560	3584	1	170	224	3.28667
2048	3584	1	58	334	1.63965
2560	3584	1	194	344	4.19684
2560	3584	1	394	278	3.92850
2048	3584	1	232	350	4.17315
2048	3584	1	238	458	0.00000
2048	3584	1	172	458	0.00000
2048	3584	1	58	428	1.10197
2048	3584	1	498	390	1.05385
2048	3584	1	484	474	0.93091
2560	3584	1	108	462	6.05767
2560	3584	1	176	454	6.08983
2560	3584	1	334	404	4.53640
2560	3584	1	502	380	2.55102
2560	3584	1	408	464	3.88175
2048	3584	1	326	472	0.00000
2560	3584	2	280	352	0.00000
2560	3584	2	118	294	0.00000
2560	3584	2	276	254	0.00000
