1024	2048	1	248	360	0.31577
1024	2048	1	88	430	0.54429
1024	2048	1	476	228	2.82616
1536	2048	1	142	228	0.00000
1024	2048	1	140	202	0.00000
1024	2048	1	60	152	5.69531
1024	2560	1	410	14	3.41703
1024	2560	1	494	96	3.64869
1536	2560	1	312	418	3.08248
1024	2560	1	160	420	1.71640
1536	2560	1	44	268	0.55005
1536	2560	1	72	432	5.39093
1024	2560	1	246	54	0.90762
1024	2048	1	208	468	1.00776
1536	2560	1	212	442	2.93145
1024	2560	1	410	410	4.84974
1536	2560	1	480	340	5.17354
1536	2560	1	80	134	0.94178
1536	2560	1	470	104	0.00000
1024	2560	1	332	478	4.81695
1024	2560	1	440	328	2.11513
1024	2560	1	432	256	2.04246
1024	2560	1	34	408	5.40113
1536	2560	1	374	118	0.00000
1024	2560	1	292	202	4.21742
1024	2560	1	202	284	4.34676
1536	2560	1	260	236	0.00000
1024	2560	1	472	190	1.93200
1536	2560	1	504	266	5.57781
1536	2560	1	140	346	2.77913
1536	2560	1	406	424	1.82099
1536	2048	1	208	474	3.46804
1024	2048	2	208	74	0.00000
1536	2048	2	488	76	0.00000
1536	2048	2	246	350	0.00000
1536	2048	1	348	106	3.59949
1536	2048	2	240	156	0.00000
1536	2048	2	8	26	0.00000
1024	2048	2	260	28	0.00000
1536	2048	1	456	352	2.48751
1536	2048	1	332	374	3.47187
1536	2048	1	326	322	1.71243
1536	2048	1	108	72	0.00000
1536	2048	1	174	62	0.00000
1536	2048	1	400	496	0.51730
1536	2048	1	480	496	3.54022
1536	2048	2	502	266	0.00000
1536	2048	2	272	54	0.00000
1536	2048	1	268	240	1.70557
1024	2560	2	102	196	0.00000
1024	2560	1	128	256	3.52668
1024	2560	1	28	304	1.76761
1024	2560	1	302	308	5.17495
1024	2560	1	288	384	3.69753
1536	2560	1	382	496	0.00000
1536	3584	1	378	516	5.87714
1024	3584	1	180	126	5.18666
1536	3584	1	474	422	0.00000
1536	3584	1	44	438	0.00000
1536	3584	1	354	356	5.90885
1024	3584	1	454	408	0.42521
1536	3584	1	202	498	0.20953
1024	3584	1	382	382	0.45613
1024	3584	1	126	450	0.00000
1024	3584	1	80	354	3.67008
1024	3584	1	206	302	0.62402
1024	3584	1	336	172	4.43121
1024	3584	1	242	400	4.19324
1024	3584	1	94	232	4.22659
1536	3584	1	144	432	0.49688
1536	3584	1	384	144	0.52717
1536	3584	1	346	238	5.48844
1536	3584	1	454	196	5.44888
1536	3584	2	452	96	0.00000
1536	3584	1	492	8	4.50130
1536	3072	1	278	384	5.65149
1536	3584	1	238	242	2.17149
1536	3584	1	178	280	2.48476
1536	3584	1	96	282	2.54941
1024	3584	1	478	218	5.35315
1024	3584	1	276	60	3.06482
1024	3584	1	362	56	3.03094
1024	3584	1	448	58	0.41784
1536	3584	1	242	102	1.96280
1536	3584	1	292	20	2.42299
1536	3072	1	412	396	1.94265
1024	3072	1	448	474	0.42918
1024	3072	1	460	352	1.70076
1536	3072	1	92	476	6.07261
1536	3072	1	168	430	5.69910
1024	3584	1	124	18	0.58427
1024	3072	1	62	510	4.19967
1024	3072	1	320	392	1.96487
1536	3072	1	198	242	0.30685
1536	3072	1	94	322	0.80672
1536	3072	2	4	302	0.00000
1024	3072	1	276	476	2.06776
1024	3072	1	230	310	6.10559
1024	3072	1	326	290	0.63685
1024	3072	1	110	364	2.34599
1024	3072	1	182	382	2.65074
1536	3072	1	374	266	2.28087
1536	3072	1	402	470	4.23722
1536	3072	1	480	86	1.73703
1536	3072	1	372	28	0.00000
1536	3072	1	258	102	3.41491
1536	3072	1	146	32	5.31444
1536	3072	1	90	64	2.21889
1024	3072	1	330	50	4.52291
1024	3072	1	416	152	3.02578
1024	3072	1	90	60	0.45336
1024	3072	1	206	36	5.90007
1024	3072	1	310	170	4.20106
1024	3072	1	182	204	0.48119
1024	3072	1	46	236	0.00000
1024	3072	1	130	146	0.59718
1024	3072	2	486	42	0.00000
1536	3072	1	512	282	1.81951
2560	2560	1	376	346	3.74077
2048	2560	1	120	458	5.90694
2048	2560	1	4	356	4.65471
2560	2560	1	96	52	5.54411
2048	2560	1	124	234	2.62245
2560	2048	1	494	448	4.00232
2560	2560	1	428	446	3.97752
2048	2560	1	56	132	4.16184
2048	2560	1	414	474	0.88811
2048	2560	1	502	272	0.00000
2560	2560	1	118	320	0.00000
2560	2560	1	364	138	4.57886
2560	2048	1	372	432	2.94682
2048	2560	1	326	328	3.74939
2560	2560	1	276	400	3.76382
2048	2048	1	34	238	0.00000
2048	2048	1	54	408	5.21000
2048	2560	1	2	266	5.82489
2560	2560	1	104	482	3.35785
2560	2048	1	194	504	4.72948
2560	2560	1	224	154	4.50631
2048	2560	1	64	512	1.79160
2048	2048	1	132	512	4.30837
2560	2560	1	352	36	1.75614
2560	2048	1	236	374	0.00000
2560	2560	1	508	82	1.42675
2560	2048	1	72	358	4.90061
2560	2048	1	372	70	5.36696
2048	2048	1	478	388	0.00000
2560	2048	1	370	230	4.70437
2048	2048	1	454	240	1.37250
2048	2048	1	378	464	0.55796
2560	2048	1	302	86	0.00000
2048	2048	1	396	128	5.86712
2048	2048	1	320	294	0.00000
2560	2560	1	350	218	1.20797
2560	2560	2	470	332	0.00000
2560	2560	2	24	484	0.00000
2048	2560	2	206	512	0.00000
2048	2560	2	436	326	0.00000
2560	2560	2	18	164	0.00000
2560	2560	2	306	490	0.00000
2048	2560	2	174	360	0.00000
2048	2560	2	258	418	0.00000
2048	2560	2	330	414	0.00000
2048	2560	2	198	408	0.00000
2048	2560	2	242	152	0.00000
2048	2560	2	176	150	0.00000
2048	2560	2	340	54	0.00000
2048	2048	2	308	512	0.00000
2048	2560	2	422	52	0.00000
2560	2048	2	294	394	0.00000
2048	2048	2	484	66	0.00000
2560	2048	2	470	52	0.00000
2048	2048	1	296	44	0.43545
2048	2048	1	184	76	3.36956
2048	2048	1	188	332	2.76046
2048	2048	1	78	132	1.60449
2048	2048	1	106	50	2.37676
2560	2048	1	118	250	5.44201
2560	2048	1	204	124	0.26985
2560	2048	1	220	246	3.68466
2560	2048	1	68	120	3.64869
2560	2048	1	148	0	0.00000
3072	2048	1	284	330	4.30766
3072	2048	1	238	268	0.77727
3072	2048	1	182	194	5.54577
3072	2048	2	114	116	0.00000
3072	2560	2	258	14	0.00000
3072	2560	2	306	18	0.00000
3072	2560	2	170	70	0.00000
3072	2560	2	450	122	0.00000
3072	2560	2	470	176	0.00000
3584	2560	2	344	146	0.00000
3584	2560	2	404	240	0.00000
3584	2560	2	350	442	0.00000
3584	2560	2	258	458	0.00000
3072	2560	2	164	414	0.00000
3072	2048	1	238	48	3.50280
3072	2048	1	120	60	1.66575
3072	2048	1	60	168	2.51051
3072	2048	1	60	254	1.83140
3072	2048	1	174	412	5.72796
3072	2048	1	70	386	0.31100
3072	2048	1	344	434	2.19423
3072	2048	1	404	314	5.11834
3072	2048	1	308	104	0.78193
3072	2048	1	360	18	0.83892
3072	2048	1	438	20	2.36540
3072	2048	1	460	118	2.14414
3072	2048	1	372	196	1.20682
3072	2048	1	496	234	4.11686
3584	2048	1	40	66	3.04263
3584	2048	1	130	102	0.32175
3584	2048	1	242	84	4.09109
3584	2048	1	468	58	0.00000
3584	2048	1	380	82	0.45340
3584	2048	1	308	160	0.00000
3584	2048	1	378	234	5.58963
3584	2048	1	292	294	5.34478
3584	2048	1	328	468	4.88926
3072	2048	1	500	396	4.60173
3072	2560	1	210	32	2.53087
3072	2560	1	104	68	2.67269
3072	2560	1	22	102	2.27485
3072	2560	1	38	198	4.86733
3072	2560	1	254	160	2.30070
3072	2560	2	364	30	0.00000
3072	2048	1	470	488	3.85395
3584	2048	1	82	470	4.30374
3584	2560	1	122	28	3.76398
3584	2560	1	222	90	2.22609
3584	2560	1	306	46	2.74420
3584	2560	1	410	122	5.99921
3584	2560	1	502	176	3.18491
3584	2560	1	14	114	2.50990
3584	2560	1	106	186	3.18943
3584	2560	1	212	220	1.88148
3584	2560	1	326	244	3.52863
3584	2560	2	254	324	0.00000
3072	2560	1	146	280	3.71810
3072	2560	1	22	352	3.06512
3072	2560	1	398	136	3.19283
3584	2560	1	442	306	3.99745
3584	2560	1	466	360	4.08775
3072	2560	1	428	260	3.84300
3072	2560	1	322	308	3.55843
3072	2560	1	250	384	3.13060
3584	2560	1	40	324	3.22869
3072	2560	1	468	322	3.53255
3584	2560	1	110	362	2.92292
3584	2560	1	190	458	3.48339
3584	2560	1	314	370	4.46376
3584	2560	2	172	352	0.00000
3072	2560	1	358	450	0.65811
3072	2560	1	66	498	2.61424
3072	2560	1	460	454	3.54858
3584	2560	1	82	458	4.86072
3584	2560	1	424	512	3.20672
3584	2560	1	510	420	0.96525
3584	2560	1	288	512	4.09342
3072	2560	1	236	512	5.70340
3584	3072	1	146	450	0.05110
3072	3072	1	84	302	0.79745
3072	3072	1	234	164	4.33772
3072	3072	1	238	28	5.47027
3072	3072	1	148	68	0.93863
3072	3072	1	428	94	5.55586
3072	3072	1	98	398	4.45721
3072	3072	1	22	176	1.05525
3072	3072	1	366	190	0.37591
3072	3072	2	438	262	0.00000
3072	3072	1	186	318	4.76519
3072	3072	1	114	192	5.20957
3072	3072	1	488	196	5.54124
3584	3072	1	6	272	1.20709
3072	3072	1	344	344	2.06438
3584	3072	1	80	152	0.95759
3584	3072	1	4	12	1.08194
3584	3072	1	134	182	0.96525
3584	3072	1	262	250	4.53816
3584	3584	1	152	46	1.22980
3072	3072	1	214	446	3.11904
3072	3072	1	280	450	3.42730
3072	3072	1	374	492	3.08964
3072	3072	1	462	408	3.32380
3072	3584	1	138	44	0.74600
3072	3584	1	162	92	0.64946
3072	3584	1	218	130	0.73413
3072	3584	1	330	68	3.45939
3072	3584	1	372	124	4.00250
3072	3072	1	36	500	2.72854
3584	3072	1	78	338	2.15023
3584	3072	1	180	254	0.00000
3584	3072	1	160	48	1.73156
3584	3072	1	390	144	1.84762
3584	3072	1	504	60	3.18236
3584	3072	1	34	500	2.53757
3584	3072	2	24	420	0.00000
3584	3072	2	100	400	0.00000
3584	3072	1	362	218	5.48390
3584	3072	2	238	152	0.00000
3584	3072	2	280	104	0.00000
3584	3072	1	512	172	0.92353
3584	3072	1	480	290	3.16203
3584	3072	1	308	420	4.00126
3584	3584	1	158	138	2.33141
3072	3584	1	386	390	1.48596
3072	3584	1	66	256	0.76837
3072	3584	1	32	180	0.70296
3072	3584	1	192	248	1.31093
3072	3584	2	102	338	0.00000
3072	3584	2	40	380	0.00000
3072	3584	1	488	124	4.03519
3584	3072	1	196	464	0.38654
3584	3584	1	244	116	2.53141
3584	3584	1	280	6	1.99200
3584	3584	1	396	72	3.64279
3584	3584	1	50	438	0.01655
3072	3584	1	440	418	1.54472
3072	3584	2	256	402	0.00000
3072	3584	1	202	416	1.18703
3072	3584	1	200	342	1.37258
3072	3584	1	72	476	4.64614
3072	3584	2	270	498	0.00000
3072	3584	1	348	502	0.42099
3072	3584	1	298	272	2.36720
3584	3584	1	124	194	5.27899
3584	3584	2	22	252	0.00000
3584	3584	1	198	464	0.09881
3584	3584	1	158	360	5.90412
3584	3584	1	118	406	0.00000
3584	3584	1	312	276	1.30689
3584	3584	1	328	132	2.84795
3584	3072	1	438	470	1.01914
3584	3072	2	414	408	0.00000
3584	3072	2	264	342	0.00000
3584	3584	2	386	484	0.00000
3584	3584	1	426	210	3.31057
3584	3584	1	492	240	3.37774
3584	3584	1	484	78	0.66926
3584	3584	1	392	410	2.36395
3584	3584	2	270	330	0.00000
3584	3584	1	512	414	3.23317
3584	3584	1	448	290	3.36291
3584	3584	2	72	316	0.00000
3584	3584	1	322	404	2.45978
2048	3072	1	202	130	5.90905
2048	3072	1	300	92	5.90781
2048	3072	1	466	106	3.89444
2048	3072	1	418	448	4.38266
2048	3072	1	78	364	4.60587
2048	3072	1	40	158	3.93694
2560	3072	1	236	362	0.51775
2048	3072	1	360	376	1.66844
2048	3072	1	486	360	2.53110
2048	3072	1	318	200	1.88533
2048	3072	1	274	284	4.53891
2560	3584	1	92	174	5.23928
2048	3584	1	366	124	1.03674
2048	3584	1	454	196	0.96890
2048	3584	1	490	272	1.21499
2048	3072	1	218	426	5.20479
2560	3072	1	16	304	2.37755
2560	3072	2	112	370	0.00000
2560	3584	1	72	86	4.77986
2048	3072	1	450	496	1.22007
2560	3584	1	88	2	2.03137
2560	3072	1	142	452	5.43896
2048	3072	1	70	472	2.69805
2560	3584	1	278	150	2.01321
2560	3584	1	312	74	2.44209
2560	3072	1	314	178	0.06051
2560	3072	1	102	184	4.87311
2560	3072	2	18	176	0.00000
2560	3072	2	126	74	0.00000
2560	3072	1	244	52	6.09991
2560	3072	1	340	72	2.35417
2560	3072	1	436	60	5.31451
2560	3072	1	444	164	1.23106
2560	3072	1	440	276	2.25867
2560	3072	1	290	436	6.01981
2048	3584	1	294	32	4.49677
2048	3584	1	178	174	1.92616
2048	3584	1	176	112	5.55796
2048	3584	2	22	20	0.00000
2048	3072	1	418	40	0.88118
2560	3072	1	244	238	4.14043
2560	3072	1	380	342	2.21861
2560	3072	1	430	470	3.34067
2560	3072	1	346	432	2.50959
2560	3584	1	428	42	1.33613
2560	3584	1	186	200	5.86811
2048	3584	1	188	272	0.97839
2048	3584	1	38	106	2.02808
2048	3584	1	42	286	0.59887
2560	3584	1	458	102	0.93233
2560	3584	1	340	380	2.39051
2560	3584	1	420	248	0.72763
2560	3584	1	118	426	2.12740
2560	3584	1	192	288	2.32120
2048	3584	1	194	484	5.84835
2048	3584	1	392	324	5.90589
2048	3584	1	298	314	0.00000
2048	3584	1	98	458	0.00000
2560	3584	1	14	384	0.75739
2048	3584	1	414	466	0.57213
2560	3584	1	462	338	0.88096
2560	3584	2	512	202	0.00000
2560	3072	2	512	492	0.00000
2560	3072	2	132	268	0.00000
2560	3072	2	512	226	0.00000
2048	3072	2	50	294	0.00000
2560	3584	1	284	476	0.45611
2560	3584	1	330	262	5.03982
2560	3072	2	218	500	0.00000
2560	3072	2	186	38	0.00000
