1024	2048	1	186	144	4.49600
1024	2048	2	182	94	0.00000
1536	2048	1	94	80	4.89396
1536	2048	1	218	8	0.37691
1536	2048	1	374	128	4.77799
1536	2048	2	490	68	0.00000
1536	2048	1	392	16	2.62376
1536	2048	2	242	168	0.00000
1024	2048	1	214	232	3.62921
1024	2048	1	462	236	2.82379
1536	2048	1	184	224	1.51958
1536	2048	1	500	248	6.10524
1536	2048	1	398	254	3.78594
1536	2048	1	244	294	1.72872
1536	2048	1	328	388	4.11142
1536	2048	1	466	396	4.40950
1536	2048	1	116	440	0.13406
1536	2048	1	212	356	1.71450
1024	2048	1	228	370	0.43241
1024	2048	1	120	366	3.76087
1536	2048	1	340	468	3.78509
1536	2048	1	220	492	2.26174
1536	2048	1	4	504	3.14363
1024	2048	1	0	414	1.92006
1024	2048	1	132	496	4.43138
1024	2560	1	254	42	1.00488
1024	2560	1	44	72	2.09684
1024	2560	1	150	134	4.62415
1024	2560	2	82	218	0.00000
1024	2560	1	394	100	3.22099
1024	2560	1	466	118	5.78088
1024	2048	2	252	18	0.00000
1536	2560	1	86	100	0.94531
1536	2560	1	252	120	1.16590
1536	2560	1	268	250	6.01568
1536	2560	1	474	110	0.00000
1536	2560	1	396	426	2.05836
1536	2560	1	284	398	2.53726
1536	2560	1	152	512	1.54914
1536	2560	1	228	440	2.75943
1536	2560	1	62	434	5.17604
1536	2560	1	146	396	2.96410
1536	2560	2	480	406	0.00000
1536	2560	2	360	292	0.00000
1536	2560	2	18	512	0.00000
1536	2560	1	58	304	0.43094
1024	2560	1	510	234	0.96721
1024	2560	1	292	296	5.21776
1024	2560	1	234	396	1.16590
1024	2560	1	264	498	2.30382
1024	2560	2	176	286	0.00000
1024	2560	1	152	350	1.10599
1024	2560	1	8	346	4.26628
1024	2560	1	36	442	2.36508
1024	2560	2	352	440	0.00000
1024	3072	1	378	334	5.81360
1024	3072	1	216	280	1.14271
1536	3072	1	202	432	5.13218
1024	3072	1	278	98	5.02708
1024	3072	1	116	478	5.49971
1024	3072	1	252	494	4.71502
1536	3584	1	74	44	5.47715
1024	3072	1	88	214	5.83324
1536	3072	1	382	366	0.00000
1536	3584	1	212	68	5.85129
1024	3072	1	166	174	0.21593
1024	3072	1	160	38	1.41709
1024	3072	1	430	252	4.81507
1024	3072	1	300	168	0.00000
1024	3072	1	412	76	2.92245
1536	3072	1	48	48	2.32834
1024	3072	1	472	132	3.15649
1536	3072	1	72	182	3.14159
1536	3072	1	164	246	2.61897
1536	3072	1	186	124	0.00000
1536	3072	1	334	226	3.39713
1536	3072	1	258	94	3.25940
1536	3072	1	410	168	0.14203
1536	3072	1	496	166	2.47485
1024	3072	1	42	312	1.57421
1024	3072	1	288	340	0.31362
1024	3072	1	206	384	5.34044
1536	3072	1	98	388	1.13226
1536	3072	1	60	328	4.17141
1024	3072	1	404	494	2.58032
1024	3584	1	134	76	4.92153
1536	3584	1	288	2	3.56762
1024	3584	1	262	182	5.77411
1024	3584	1	96	174	5.62271
1024	3584	1	34	32	0.00000
1024	3072	1	58	404	0.91065
1536	3072	1	132	14	4.93305
1536	3584	1	448	212	1.07231
1536	3584	1	436	408	6.08116
1536	3584	1	180	280	1.16696
1536	3072	1	372	26	5.37209
1024	3584	1	184	296	2.11659
1024	3584	1	482	216	5.59875
1536	3584	1	86	154	1.92485
1024	3584	1	376	76	2.78823
1024	3584	2	310	98	0.00000
1536	3584	2	396	118	0.00000
1536	3584	2	370	66	0.00000
1024	3072	1	20	90	2.03174
1024	3584	1	164	442	0.00000
1536	3584	1	184	424	0.50959
1536	3584	1	46	346	1.31019
1024	3584	1	336	204	3.11958
1024	3584	1	400	292	0.18080
1536	3584	1	278	204	3.65054
1536	3584	1	248	516	0.55543
1536	3584	1	358	516	0.28246
1536	3584	1	452	516	5.81954
1024	3584	1	272	444	4.26894
1536	3584	1	470	136	2.95285
1024	3584	1	48	516	2.32818
1536	3072	1	512	286	5.33787
1536	3072	1	90	458	2.04952
1024	3072	1	476	464	2.89239
1024	3072	2	468	342	0.00000
1024	3072	1	134	390	5.48595
1536	3072	1	510	508	2.21430
2048	2048	1	80	74	5.49134
2048	2048	1	274	76	0.07924
2048	2048	1	60	206	6.25152
2048	2048	1	206	134	0.00000
2048	2048	1	392	76	0.75932
2048	2048	1	456	134	0.64742
2560	2048	2	8	46	0.00000
2048	2048	1	240	306	0.00000
2048	2048	1	90	340	3.28943
2048	2048	1	182	426	2.88204
2048	2560	1	58	124	3.58263
2048	2560	1	100	208	0.59948
2048	2560	1	196	54	4.08857
2048	2560	1	250	104	0.61521
2048	2560	2	366	226	0.00000
2048	2560	1	358	168	1.61669
2048	2048	1	394	478	0.28641
2048	2048	1	480	362	0.00000
2560	2048	1	24	206	2.66439
2560	2048	1	164	212	2.50068
2560	2048	1	204	130	0.00000
2560	2048	1	310	108	0.00000
2560	2048	1	344	194	0.81904
2560	2048	1	82	354	5.25266
2048	2560	2	508	325	0.00000
2560	2560	1	26	6	1.68368
2048	2560	2	414	88	0.00000
2560	2048	2	404	270	0.00000
2560	2048	1	380	340	1.76021
2560	2048	1	490	322	3.48497
2560	2560	1	404	10	3.71687
2560	2560	1	296	26	3.31938
2560	2560	1	208	62	1.61656
2560	2560	1	212	174	2.21602
2560	2560	1	310	178	3.50007
2560	2560	1	462	148	5.65934
2560	2560	1	64	204	3.97041
2048	2560	1	456	208	0.00000
2560	2560	1	414	246	6.09057
2560	2560	2	152	286	0.00000
2048	2560	1	276	292	5.84128
2048	2560	1	232	374	2.26059
2048	2560	1	72	314	1.34236
2048	2560	1	142	484	1.24778
2048	2560	1	36	440	3.89193
2048	2560	1	428	482	0.00000
2560	2560	1	84	420	5.73739
2560	2560	1	224	362	0.98279
2560	2560	1	246	478	2.84780
2560	2560	1	320	370	0.00000
2560	2560	1	402	468	3.73263
2560	2560	1	496	356	0.96600
2560	2560	2	318	487	0.00000
2048	2560	2	314	434	0.00000
3072	2048	1	98	38	2.87021
3072	2048	1	46	174	0.81019
3072	2048	1	190	42	3.63744
3072	2048	1	204	110	3.74108
3072	2048	1	124	266	0.05760
3072	2048	1	250	202	3.86392
3072	2048	1	428	58	5.19166
3072	2048	1	376	130	4.98102
3584	2048	1	36	22	1.00605
3584	2048	1	136	70	0.00000
3584	2048	1	234	18	0.00000
3584	2048	1	256	94	4.15871
3584	2048	1	100	142	5.13454
3584	2048	1	10	174	4.18494
3584	2048	1	466	70	0.00000
3584	2048	1	394	126	5.06405
3584	2048	1	368	226	5.48791
3584	2048	1	444	238	5.58639
3584	2048	1	110	278	3.41141
3072	2048	1	374	238	5.30686
3072	2048	1	284	310	0.76605
3584	2048	1	10	306	5.04747
3072	2048	1	362	390	0.42795
3072	2048	1	452	398	5.83708
3584	2048	1	332	346	5.10525
3584	2560	2	220	338	0.00000
3584	2048	1	358	478	3.51462
3584	2048	1	496	310	1.68775
3584	2048	1	500	482	2.33531
3584	2560	1	428	54	4.38264
3584	2048	1	130	418	4.94645
3584	2048	1	100	498	5.01089
3584	2560	1	198	58	3.59487
3584	2560	1	426	178	5.86737
3584	2560	1	326	206	5.37559
3584	2560	1	158	170	5.48121
3584	2560	1	56	102	3.41740
3072	2560	1	504	34	5.85127
3072	2048	1	388	490	3.74077
3072	2048	1	222	370	2.43718
3072	2048	1	26	410	3.80692
3072	2048	1	70	438	0.31836
3072	2048	1	182	486	0.00000
3072	2560	1	250	42	3.99356
3072	2048	1	114	494	0.00000
3072	2560	1	54	58	1.99928
3072	2560	1	168	226	2.25246
3072	2560	2	148	82	0.00000
3072	2560	1	262	122	0.78540
3072	2560	1	266	226	0.00000
3072	2560	1	432	78	5.85959
3072	2560	1	364	150	0.00000
3072	2560	1	334	286	3.21200
3072	2560	1	416	238	3.56287
3584	2560	1	74	226	3.50635
3072	2560	2	468	178	0.00000
3584	2560	1	150	266	5.16732
3584	2560	1	280	274	5.07224
3584	2560	1	410	314	4.17197
3072	2560	1	170	360	5.20138
3072	2560	1	102	452	3.41725
3072	2560	1	62	354	2.16267
3072	2560	1	346	382	3.98906
3072	2560	1	482	294	3.38241
3072	2560	1	380	442	3.51079
3072	2560	1	444	492	3.20316
3584	2560	1	44	402	2.35920
3584	2560	1	98	322	1.83705
3584	2560	1	164	390	1.87762
3584	2560	1	152	486	2.59728
3584	2560	1	266	466	2.66426
3584	2560	1	338	416	2.79937
3584	2560	1	396	418	2.67631
3584	2560	1	378	494	5.87470
3584	2560	1	494	458	5.52203
3584	2560	1	502	358	2.15536
3584	2560	1	512	238	0.00000
3072	3072	1	232	88	0.00000
3072	3072	1	388	56	0.00000
3584	3072	1	230	176	0.00000
3584	3072	1	292	192	0.00000
3072	3072	1	260	264	0.00000
3072	3072	1	124	166	1.40020
3072	3072	1	160	56	0.00000
3072	3072	1	342	256	2.80849
3072	3072	1	178	302	2.06296
3072	3072	1	52	344	3.43210
3072	3072	1	54	460	3.43378
3072	3584	1	136	30	3.24934
3072	3072	1	204	476	0.00000
3072	3072	1	362	380	3.16861
3072	3072	1	294	440	3.01724
3072	3072	1	442	316	4.51625
3072	3072	1	428	170	4.13546
3584	3072	1	84	232	5.68676
3072	3072	1	510	370	4.50486
3072	3072	1	404	446	1.89255
3584	3584	1	4	10	2.00598
3072	3584	1	280	66	2.64742
3072	3584	1	366	24	4.92961
3072	3584	1	94	160	2.83783
3072	3584	1	278	190	3.61161
3072	3584	1	392	166	5.06639
3072	3584	1	424	92	4.41764
3584	3584	1	34	102	4.55091
3584	3584	1	180	144	2.31512
3584	3584	1	230	86	2.34534
3584	3072	1	184	340	4.95573
3584	3072	1	404	286	3.56403
3584	3072	1	342	86	2.49654
3584	3072	1	178	36	2.73956
3584	3072	1	416	54	2.67795
3584	3072	1	272	488	4.83139
3584	3072	1	334	340	1.59707
3584	3072	1	440	448	1.77276
3584	3072	1	476	360	1.86290
3584	3072	1	490	250	4.36693
3584	3072	1	476	180	3.99465
3584	3072	1	422	146	0.77207
3584	3072	1	180	230	2.65274
3584	3072	1	54	310	5.78957
3584	3584	1	336	132	3.61070
3584	3584	1	110	242	0.89883
3072	3584	1	180	282	1.63532
3072	3584	1	172	166	5.73889
3072	3584	1	220	102	0.00000
3584	3584	1	252	224	1.74596
3584	3584	1	500	64	3.63045
3584	3584	1	342	302	1.75015
3072	3584	1	390	240	5.72702
3072	3584	1	312	276	0.76485
3584	3072	1	176	434	3.15159
3584	3072	1	116	510	0.27336
3584	3072	1	8	442	1.93334
3584	3584	1	392	8	1.57080
3584	3584	1	392	180	4.20892
3584	3584	1	492	248	4.23204
3584	3584	1	204	330	0.96747
3584	3584	1	144	294	1.00488
3072	3584	1	38	278	0.90572
3072	3584	1	78	374	0.42049
3072	3584	1	416	350	4.67491
3072	3584	1	204	340	1.58562
2048	3072	1	42	90	6.01933
2048	3072	1	186	110	1.88888
2048	3072	1	304	110	5.72109
2048	3072	1	286	18	5.00053
2048	3072	1	432	0	6.27398
2048	3072	1	102	208	0.04112
2048	3072	1	0	184	2.10808
2048	3072	2	188	224	0.00000
2048	3072	2	198	322	0.00000
2048	3072	1	266	234	6.06992
2048	3072	1	460	304	1.82731
2560	3072	2	16	178	0.00000
2048	3072	2	398	178	0.00000
2560	3072	2	140	80	0.00000
2560	3072	1	244	10	3.17614
2560	3072	1	378	0	3.70991
2560	3072	1	374	158	2.92123
2560	3072	1	460	162	0.00000
2560	3072	1	222	184	1.43666
2560	3072	1	72	292	2.10416
2560	3072	2	102	232	0.00000
2560	3072	1	182	294	5.56092
2560	3072	1	312	294	2.45675
2560	3072	2	348	242	0.00000
2560	3072	1	474	308	2.71522
2560	3072	1	390	406	1.56029
2048	3072	1	204	388	5.49109
2048	3072	2	158	476	0.00000
2048	3072	2	314	428	0.00000
2048	3584	2	368	20	0.00000
2048	3072	1	58	318	2.21416
2048	3584	1	38	2	2.20265
2048	3072	2	74	422	0.00000
2048	3584	1	100	96	0.47735
2048	3072	1	428	432	2.71458
2560	3072	1	24	374	4.36120
2560	3072	1	84	434	0.72502
2048	3072	2	504	460	0.00000
2560	3072	1	250	398	2.30201
2560	3584	1	340	44	5.08504
2560	3072	1	150	456	0.86000
2048	3584	1	446	88	5.89705
2048	3584	1	366	112	0.66896
2048	3584	1	226	138	4.69640
2560	3584	1	154	38	1.08976
2560	3584	1	134	112	4.23206
2560	3072	2	238	470	0.00000
2560	3072	1	512	500	5.91385
2560	3584	1	428	10	2.55979
2560	3584	1	372	158	1.16988
2560	3584	1	512	106	4.15410
2560	3584	1	466	202	1.37340
2560	3584	1	292	106	1.64757
2560	3584	1	204	208	2.56369
2560	3584	1	278	206	5.72850
2560	3584	1	440	334	2.62192
2560	3584	1	376	364	2.43860
2048	3584	1	270	240	0.81056
2560	3584	1	2	166	3.54485
2560	3584	1	92	224	4.74530
2048	3584	1	420	264	0.00000
2048	3584	1	26	244	0.00000
2048	3584	1	210	194	1.23666
2048	3584	2	124	224	0.00000
2048	3584	1	60	378	1.89985
2048	3584	1	322	312	0.30205
2560	3584	1	64	308	0.45392
2560	3584	1	512	280	1.15555
2560	3584	1	512	406	0.81462
2560	3584	1	494	512	1.43891
2560	3584	1	306	496	3.77481
2560	3584	1	170	414	6.01267
2560	3584	1	88	428	0.47085
2048	3584	1	474	374	0.70226
2048	3584	1	170	372	3.73591
2048	3584	1	472	490	0.70678
2048	3584	1	72	462	5.82677
2048	3584	1	192	508	5.70528
2048	3584	1	298	466	0.20958
2048	3584	1	250	396	3.53976
2560	3584	1	18	512	0.00000
2560	3584	2	270	350	0.00000
2560	3584	2	212	356	0.00000
2560	3072	2	228	124	0.00000
2560	3072	2	344	456	0.00000
2560	3584	2	122	300	0.00000
2048	3584	1	358	494	0.40774
2560	3584	1	248	492	5.92016
