1536	2560	1	208	444	4.72166
1024	2560	1	474	408	0.00000
1536	2560	1	40	488	0.89815
1024	2560	1	262	502	5.79811
1024	2560	1	268	356	2.54981
1024	2560	1	380	358	0.59691
1024	2560	1	138	414	1.13957
1024	2560	1	156	494	3.82700
1024	2560	1	266	226	2.54111
1024	2560	1	8	308	3.61948
1536	2560	1	26	44	0.00000
1024	2560	1	118	192	3.20450
1024	2560	1	384	200	2.32599
1536	2560	1	492	304	3.51411
1536	2560	1	198	238	0.53034
1536	2560	1	416	282	0.43891
1536	2560	1	140	116	1.42628
1536	2560	1	502	450	3.81841
1536	2560	1	382	136	2.97720
1536	2560	1	512	208	4.96873
1536	2560	1	512	116	3.72978
1536	2560	1	296	22	1.01892
1536	2048	1	452	496	1.51988
1536	2560	1	308	248	5.59696
1024	2560	1	68	358	4.00853
1536	2560	1	98	368	4.66305
1536	2560	1	256	342	2.97934
1536	2560	1	116	512	4.72368
1536	2560	1	338	512	4.74088
1536	2560	1	392	388	0.00000
1536	2560	1	80	250	5.84598
1536	2560	1	256	128	1.04099
1024	2560	2	350	436	0.00000
1024	2560	2	196	295	0.00000
1536	2560	2	470	409	0.00000
1536	2560	1	140	8	2.30185
1024	2560	1	292	22	1.00146
1024	2048	1	326	432	4.84843
1024	2048	1	222	378	0.67582
1024	2048	1	210	264	1.78022
1024	2048	1	238	174	5.55607
1024	2048	2	208	73	0.00000
1024	2048	1	22	0	0.00000
1024	2048	1	136	0	0.00000
1024	2048	1	260	0	0.00000
1024	2048	1	326	0	0.00000
1024	2048	1	496	0	0.00000
1536	2048	1	58	10	0.00000
1536	2048	1	124	0	0.00000
1024	2048	1	328	218	4.16584
1024	2048	1	486	332	0.00000
1536	2048	1	226	144	0.00000
1536	2048	1	184	56	3.36747
1536	2048	1	110	404	1.99114
1536	2048	1	160	286	4.52198
1536	2048	1	232	376	0.31626
1536	2048	1	310	308	3.60462
1536	2048	1	260	82	5.57209
1536	2048	1	398	166	1.01322
1536	2048	1	334	24	4.94996
1536	2048	2	496	73	0.00000
1536	2048	1	392	340	5.99552
1536	2048	1	498	262	0.38251
1536	2048	1	332	428	1.90543
1536	2048	1	438	0	3.27711
1536	2048	1	512	434	3.06161
1024	3072	1	8	106	5.99863
1024	3072	1	150	16	3.74915
1024	3072	1	222	84	1.48227
1024	3072	1	268	4	5.87981
1024	3072	1	330	84	3.69305
1024	3072	1	486	136	0.30127
1024	3072	2	466	38	0.00000
1024	3072	1	114	210	2.90651
1024	3072	1	36	292	3.78381
1024	3072	1	74	352	3.97307
1024	3072	1	276	178	5.49964
1024	3072	1	188	218	0.04874
1024	3072	1	434	382	6.10537
1024	3072	2	340	356	0.00000
1024	3072	2	500	296	0.00000
1536	3072	1	50	134	0.39842
1536	3072	1	82	14	4.29742
1024	3072	2	402	96	0.00000
1536	3072	1	292	84	2.38848
1536	3072	1	354	18	4.80157
1536	3072	1	472	166	2.89129
1536	3072	1	398	158	0.19856
1536	3072	1	94	228	5.06975
1536	3072	1	252	198	1.05352
1536	3072	1	480	344	2.74756
1536	3072	1	382	364	2.95252
1536	3072	1	448	454	5.24046
1536	3072	1	302	244	3.88198
1536	3072	1	136	308	1.59211
1536	3072	1	230	352	4.68246
1024	3072	1	246	322	0.46178
1024	3072	1	60	446	0.99257
1536	3072	1	54	440	3.76873
1536	3072	1	114	454	3.72642
1536	3072	1	266	472	5.92108
1536	3072	1	184	482	2.98372
1536	3584	2	196	54	0.00000
1536	3584	2	398	104	0.00000
1536	3584	2	474	96	0.00000
1536	3072	1	384	500	5.55078
1024	3072	1	216	464	5.06678
1024	3584	1	80	18	4.05518
1024	3584	1	434	32	1.32582
1024	3584	1	300	72	2.69099
1024	3584	1	232	148	0.00000
1024	3584	1	56	122	3.71520
1536	3584	1	6	100	1.57945
1536	3584	1	132	128	3.19096
1536	3584	1	338	172	2.04456
1024	3584	1	506	184	5.40772
1024	3584	1	390	176	0.23129
1024	3584	1	306	232	0.00000
1536	3584	1	248	216	4.65740
1536	3584	1	454	262	5.97986
1536	3584	1	338	280	3.15760
1536	3584	1	22	334	5.55682
1024	3584	1	426	366	0.15607
1024	3584	1	92	450	5.94321
1024	3584	2	18	516	0.00000
1024	3584	1	356	500	0.20362
1024	3584	1	268	516	0.40452
1536	3584	1	76	468	0.56923
1536	3584	1	182	460	0.32524
1536	3584	1	230	366	1.60858
1536	3584	1	314	510	5.90626
1536	3584	1	356	432	6.09067
1536	3584	1	406	356	0.03620
1536	3584	1	482	416	5.82412
1024	3584	2	176	30	0.00000
1536	3584	2	494	504	0.00000
2048	2048	1	210	42	2.64854
2048	2048	1	240	232	0.29989
2048	2048	1	176	120	5.81954
2048	2048	1	108	202	5.62214
2048	2048	2	498	62	0.00000
2048	2048	2	408	20	0.00000
2048	2048	2	210	504	0.00000
2048	2048	2	258	512	0.00000
2048	2560	2	172	146	0.00000
2048	2560	2	232	152	0.00000
2048	2560	2	470	488	0.00000
2560	2560	2	14	482	0.00000
2048	2560	2	160	364	0.00000
2048	2560	2	196	416	0.00000
2048	2048	1	60	280	6.03821
2048	2048	1	70	384	5.21550
2048	2048	1	374	128	1.30454
2048	2048	1	104	60	0.00000
2048	2048	1	414	244	3.30343
2560	2048	1	76	98	4.01373
2560	2048	1	84	212	1.32773
2560	2048	1	180	208	5.77315
2560	2048	1	314	98	0.41106
2560	2048	1	234	64	5.33928
2048	2048	1	18	458	0.00000
2048	2048	1	380	444	4.81912
2560	2048	1	32	384	2.73310
2560	2048	1	346	66	0.00000
2560	2048	1	408	68	0.00000
2560	2048	1	482	130	0.97928
2560	2048	1	256	446	4.21931
2560	2048	1	416	280	3.52361
2560	2048	1	426	404	1.99972
2560	2048	1	512	344	0.00000
2048	2560	2	412	44	0.00000
2560	2560	2	462	332	0.00000
2560	2560	2	286	2	0.00000
2560	2560	1	352	26	5.70888
2560	2048	1	464	504	4.16019
2048	2048	1	86	494	2.78282
2048	2560	1	74	120	3.75956
2048	2560	1	322	18	3.45530
2048	2560	1	508	4	4.87230
2048	2560	1	40	236	4.98819
2048	2560	1	254	312	0.00000
2048	2560	1	126	282	1.06919
2048	2560	1	210	86	2.02295
2048	2560	1	372	126	4.49612
2048	2560	1	486	126	3.61171
2560	2560	1	54	156	0.50340
2048	2560	1	362	302	0.00000
2048	2560	1	502	336	3.85893
2560	2560	1	208	34	1.92274
2560	2560	1	248	130	2.30181
2560	2560	1	348	254	0.00000
2560	2560	1	168	238	5.53685
2560	2560	1	266	256	5.95037
2560	2560	1	450	100	1.09591
2560	2560	1	480	256	2.45840
2560	2560	1	206	342	4.73990
2048	2560	2	312	206	0.00000
2560	2560	1	444	400	4.60751
2048	2560	1	12	448	3.35496
2048	2560	1	94	414	3.45130
2560	2560	1	98	468	0.76019
2048	2560	2	442	322	0.00000
2048	2560	1	328	440	5.73971
2560	2560	1	260	474	0.00000
2560	2560	1	366	474	2.19628
2560	2560	1	480	480	5.31793
2048	2560	1	250	458	2.50327
3072	2048	1	78	84	5.45603
3072	2048	1	214	60	4.27732
3072	2048	1	350	94	5.94960
3072	2048	1	458	118	4.35491
3584	2048	1	152	120	0.00000
3584	2048	1	260	78	3.69832
3584	2048	1	388	84	6.02398
3584	2048	1	496	64	5.78131
3072	2048	1	246	282	2.49078
3072	2048	1	256	174	0.00000
3072	2048	1	380	212	4.87246
3072	2048	1	104	174	1.41723
3072	2048	1	108	354	5.12820
3072	2048	1	192	320	2.30259
3072	2048	1	276	428	3.58326
3072	2048	1	150	468	4.18673
3072	2048	1	454	318	3.14785
3584	2048	1	30	312	3.41336
3584	2048	1	102	378	4.18247
3584	2048	1	238	226	4.15231
3584	2048	1	376	218	5.48196
3584	2048	1	402	314	4.54515
3584	2048	1	430	428	2.66476
3584	2048	1	354	506	3.82966
3584	2560	1	268	48	2.96577
3072	2048	1	492	468	3.08578
3584	2048	1	94	460	4.60789
3584	2048	1	184	446	5.87810
3584	2560	1	108	30	5.03297
3072	2560	1	452	36	5.84562
3072	2048	1	368	324	3.35521
3072	2048	1	360	464	3.56067
3072	2560	1	232	62	1.68945
3072	2560	2	440	130	0.00000
3072	2560	2	458	198	0.00000
3072	2048	1	142	284	0.00000
3584	2560	1	16	190	5.97226
3584	2560	1	66	106	2.18203
3072	2560	1	108	126	2.78809
3072	2560	1	32	168	3.28141
3072	2560	1	202	164	2.95086
3072	2560	1	102	296	3.05163
3072	2560	1	266	292	1.39754
3072	2560	1	382	128	0.00000
3072	2560	1	406	258	1.80380
3072	2560	1	202	392	2.77307
3072	2560	1	204	502	1.64056
3072	2560	1	328	356	4.02694
3072	2560	1	412	370	0.61152
3584	2560	1	4	358	0.00000
3072	2560	1	450	482	2.44647
3584	2560	1	84	462	1.44235
3584	2560	1	148	208	4.19462
3584	2560	1	242	156	1.85774
3584	2560	1	422	94	5.48834
3584	2560	1	382	172	2.12655
3584	2560	1	82	330	2.99420
3584	2560	1	194	280	4.46508
3584	2560	1	312	226	1.84583
3584	2560	1	312	300	1.45857
3584	2560	1	394	358	0.54554
3584	2560	1	496	344	6.00013
3584	2560	2	154	392	0.00000
3584	2560	1	290	404	0.00000
3584	2560	2	346	456	0.00000
3584	2560	1	232	470	0.00000
3072	3072	1	32	0	2.73906
3072	3072	1	200	0	1.73693
3072	3072	1	382	0	0.11876
3584	3072	1	186	142	3.09899
3072	3072	1	232	98	3.13896
3072	3072	1	166	202	2.89105
3072	3072	1	26	224	5.41820
3072	3072	1	104	158	3.23087
3072	3072	1	462	2	1.97680
3072	3072	1	354	98	4.74119
3584	3072	1	120	12	1.39165
3584	3072	2	172	52	0.00000
3584	3072	2	236	14	0.00000
3584	3072	1	314	50	3.40021
3584	3072	2	244	108	0.00000
3584	3072	1	66	102	5.16696
3584	3072	1	384	82	0.66928
3584	3072	1	498	74	2.68395
3584	3072	1	482	200	1.58910
3584	3072	1	454	260	1.62272
3584	3072	2	378	320	0.00000
3072	3072	2	426	254	0.00000
3072	3072	2	252	452	0.00000
3072	3072	2	34	370	0.00000
3072	3072	1	460	144	3.49630
3072	3072	1	300	268	2.19938
3072	3072	1	352	212	5.37923
3072	3072	1	232	328	4.67462
3072	3072	1	100	388	0.11523
3584	3072	1	112	224	2.49993
3584	3072	1	292	174	2.83726
3584	3072	1	378	210	3.49928
3584	3072	1	254	274	2.14733
3584	3072	1	512	364	2.52019
3584	3072	1	512	458	2.19640
3584	3072	1	450	354	3.09827
3584	3072	1	292	374	1.88098
3584	3584	1	510	20	3.45787
3584	3072	1	114	368	5.38602
3584	3072	1	208	406	2.80754
3072	3072	1	428	334	4.28263
3072	3072	1	458	404	1.41727
3072	3072	1	320	430	5.57456
3072	3584	1	118	30	0.11266
3072	3584	1	192	8	3.72818
3072	3584	1	42	86	2.39184
3072	3072	1	464	510	5.75162
3072	3584	1	418	46	5.93441
3584	3072	1	92	448	1.55307
3584	3584	1	170	16	2.27770
3584	3072	1	290	504	3.85366
3584	3584	1	350	48	4.43993
3072	3584	1	236	86	0.03298
3072	3584	1	300	38	2.27375
3072	3584	1	390	176	0.74877
3584	3584	1	68	112	0.46510
3072	3584	1	486	166	0.44381
3584	3584	1	148	160	0.02447
3584	3584	1	234	144	1.60622
3584	3584	1	512	144	4.97581
3584	3584	1	394	124	4.83743
3072	3584	1	194	230	2.96174
3072	3584	1	144	156	3.85384
3072	3584	1	0	208	5.72422
3072	3584	1	102	312	5.90482
3072	3584	1	22	316	2.22909
3072	3584	1	0	380	2.14845
3072	3584	1	6	444	1.96226
3072	3584	1	152	416	1.59738
3072	3584	1	286	270	2.58929
3072	3584	1	388	284	0.33129
3584	3584	1	84	230	0.37824
3072	3584	1	458	342	0.05599
3584	3584	1	16	338	2.86778
3584	3584	1	104	318	1.56917
3584	3584	1	218	292	0.50655
3584	3584	1	346	246	0.00000
3584	3584	1	332	318	0.57719
3584	3584	1	270	370	4.79758
3584	3584	1	482	212	4.90043
3584	3584	1	480	274	5.16720
3584	3584	1	404	338	6.24569
3584	3584	1	504	342	1.67763
3584	3584	1	500	430	1.91526
3072	3584	1	340	432	5.87040
3072	3584	1	270	512	0.34725
3072	3584	1	494	490	1.02290
3584	3584	1	164	456	6.03108
3584	3584	1	86	448	0.00000
3584	3584	1	236	478	6.02320
3584	3584	1	352	424	5.05859
3584	3584	1	454	494	5.23567
2048	3584	1	288	364	3.86322
2560	3584	1	226	448	6.09103
2048	3584	1	64	402	0.00000
2560	3584	1	32	362	0.24760
2048	3584	1	166	466	4.42994
2560	3584	1	142	218	1.85521
2048	3584	1	442	410	0.32790
2048	3584	1	492	512	0.63232
2560	3584	1	374	478	5.09392
2048	3584	1	412	202	0.00000
2560	3584	1	156	336	0.51257
2560	3584	1	312	312	1.54912
2560	3584	1	374	382	4.65467
2560	3584	1	120	490	0.49583
2048	3584	1	88	244	4.55959
2560	3584	1	4	244	0.90675
2560	3584	1	378	196	0.48299
2048	3584	1	174	356	0.65354
2048	3584	1	82	78	3.77661
2560	3584	1	16	112	0.45619
2560	3584	1	482	172	6.01520
2048	3584	2	274	182	0.00000
2048	3584	2	192	244	0.00000
2048	3584	2	242	344	0.00000
2560	3584	2	474	448	0.00000
2560	3584	2	490	374	0.00000
2560	3584	2	488	302	0.00000
2560	3584	2	266	244	0.00000
2048	3584	2	338	174	0.00000
2048	3584	2	158	100	0.00000
2048	3584	2	58	190	0.00000
2048	3072	2	160	494	0.00000
2048	3072	2	34	382	0.00000
2048	3072	2	308	424	0.00000
2560	3072	2	102	438	0.00000
2560	3072	2	346	240	0.00000
2560	3072	2	96	224	0.00000
2560	3072	2	224	136	0.00000
2048	3072	2	232	278	0.00000
2048	3072	2	292	280	0.00000
2048	3584	1	260	96	2.97870
2048	3584	1	342	14	5.77442
2048	3584	1	416	36	3.24431
2560	3584	1	24	2	4.94582
2560	3584	1	112	96	5.89423
2560	3584	1	220	142	2.28589
2560	3584	1	284	96	5.31947
2560	3072	1	406	486	3.53474
2560	3072	1	490	444	0.00000
2560	3584	2	512	58	0.00000
2560	3072	1	282	464	6.06104
2560	3072	1	356	394	0.00000
2560	3072	2	208	480	0.00000
2560	3584	1	146	16	5.58265
2048	3072	1	204	458	2.65768
2048	3072	1	98	314	0.00000
2048	3072	1	60	210	0.75208
2048	3072	2	140	120	0.00000
2048	3072	1	246	336	4.90524
2048	3072	1	394	408	5.09810
2560	3072	1	30	396	3.06115
2560	3072	1	102	340	5.73178
2560	3072	2	50	266	0.00000
2048	3072	2	446	284	0.00000
2048	3072	1	372	264	0.00000
2048	3072	1	482	214	2.67795
2560	3072	1	226	284	5.72459
2560	3072	1	158	310	5.75350
2560	3072	1	282	226	3.15955
2560	3072	1	512	226	5.16002
2560	3072	1	396	118	2.92097
2560	3072	1	130	156	2.41049
2560	3072	2	142	72	0.00000
2560	3072	1	230	40	3.46952
2560	3072	1	512	98	5.21204
2560	3072	1	418	8	2.35619
2560	3072	1	30	112	0.00000
2048	3072	1	222	144	0.25615
2048	3072	1	310	172	0.00000
2048	3072	1	384	142	5.54746
2048	3072	1	56	90	4.15449
2048	3072	1	156	24	0.00000
2048	3072	1	444	30	5.62119
