1024	2048	1	242	366	0.30749
1024	2048	1	100	236	0.71469
1024	2048	1	52	104	6.25616
1024	2048	1	120	50	0.00000
1024	2048	2	238	22	0.00000
1536	2048	2	18	38	0.00000
1536	2048	2	230	144	0.00000
1024	2048	1	472	242	3.60527
1536	2048	1	10	272	3.49210
1536	2048	2	146	250	0.00000
1536	2048	1	266	222	0.61719
1536	2048	1	386	216	3.44691
1536	2048	1	256	336	5.04349
1024	2560	1	252	42	1.40170
1024	2560	1	460	78	2.55359
1536	2048	1	92	458	0.98996
1536	2048	1	430	436	2.35447
1536	2048	1	476	338	5.32200
1536	2048	2	500	76	0.00000
1536	2048	1	88	82	0.00000
1536	2048	1	294	44	2.70828
1536	2560	1	74	76	0.70778
1536	2560	1	176	60	0.79298
1536	2560	1	330	56	4.31172
1536	2048	1	302	432	1.08072
1024	2560	1	306	260	4.37081
1024	2560	1	86	246	5.64398
1536	2560	1	202	184	0.00000
1536	2560	1	118	184	5.32143
1024	2560	2	74	150	0.00000
1024	2560	1	434	154	1.69398
1536	2560	1	496	138	5.94436
1536	2560	1	364	126	0.88522
1024	2560	1	178	428	3.17962
1024	2560	1	304	460	4.70421
1536	2560	1	52	236	2.26806
1536	2560	1	318	256	5.73640
1536	2560	1	432	228	0.28204
1536	2560	1	190	454	2.35822
1024	2560	1	400	390	1.02165
1024	2560	1	496	292	2.04654
1024	2560	1	362	314	1.07900
1024	2560	1	88	480	4.43565
1024	2560	1	44	308	2.39286
1024	2560	1	192	284	4.83276
1536	2560	1	384	432	2.03144
1536	2560	1	444	342	2.20236
1536	2560	1	78	446	5.30018
1024	2560	1	448	478	1.53834
1536	2048	2	496	236	0.00000
1536	2560	2	310	512	0.00000
1024	3584	1	454	454	0.00000
1536	3584	2	46	208	0.00000
1536	3584	2	468	120	0.00000
1536	3584	2	290	112	0.00000
1536	3072	2	380	464	0.00000
1536	3584	2	258	270	0.00000
1024	3584	1	174	452	0.00000
1536	3584	1	178	448	0.00000
1536	3584	1	342	460	0.00000
1536	3584	1	462	294	0.23629
1536	3584	1	386	348	5.36371
1536	3584	1	262	362	1.76897
1536	3584	1	48	472	0.79782
1536	3584	1	84	374	1.39127
1536	3584	1	34	288	1.66080
1024	3584	1	320	328	1.20234
1024	3584	1	126	226	0.48918
1024	3584	1	102	118	0.60460
1024	3584	1	420	208	4.64527
1536	3584	1	278	202	5.75839
1536	3584	1	140	252	2.42966
1536	3072	1	464	372	5.64916
1536	3072	1	286	402	0.31676
1536	3072	1	404	378	5.83375
1024	3584	1	76	364	2.62955
1024	3072	1	94	200	0.25703
1024	3072	1	178	210	0.30562
1024	3072	2	248	212	0.00000
1024	3072	1	236	314	0.57070
1024	3072	1	306	290	0.00000
1536	3072	1	30	356	0.46589
1024	3072	1	128	86	1.01017
1024	3584	1	272	60	4.58364
1024	3584	1	224	150	1.95767
1024	3072	1	70	456	1.15714
1024	3584	1	338	138	1.42358
1024	3072	1	416	474	1.51106
1024	3584	1	486	48	3.37219
1536	3584	1	90	96	5.97164
1536	3584	1	184	124	3.52391
1536	3584	1	404	118	3.13925
1536	3584	1	386	18	1.50637
1536	3072	1	128	486	1.82434
1536	3072	1	168	402	5.16525
1536	3584	1	278	24	2.94596
1536	3072	1	184	304	1.72061
1536	3072	1	362	260	4.63994
1536	3072	1	480	272	0.13017
1536	3072	1	38	232	0.84782
1536	3072	1	182	190	0.66320
1024	3072	2	354	350	0.00000
1024	3072	1	304	92	5.43813
1024	3072	1	366	78	5.53777
1536	3072	1	8	118	1.77648
1536	3072	1	130	72	1.83095
1536	3072	1	280	190	0.74905
1536	3072	1	388	88	1.79269
1536	3072	1	474	80	5.61592
1536	3072	1	430	162	1.57698
1024	3584	2	172	36	0.00000
2048	2048	1	28	160	0.48833
2048	2048	1	78	240	0.30958
2048	2048	1	166	250	3.13163
2048	2048	1	268	166	4.65595
2048	2048	2	184	90	0.00000
2048	2048	1	280	44	2.25865
2048	2048	2	412	24	0.00000
2048	2048	2	498	62	0.00000
2560	2048	2	134	22	0.00000
2048	2048	1	304	310	0.00000
2048	2048	1	394	282	0.00000
2048	2048	1	48	382	4.10459
2048	2048	1	182	382	3.49458
2048	2560	1	94	12	0.96137
2048	2048	2	222	482	0.00000
2048	2048	1	380	470	5.44635
2560	2048	1	4	208	2.22109
2560	2048	1	72	124	3.71590
2048	2048	1	506	296	5.06523
2560	2048	1	20	420	3.57206
2560	2048	1	110	236	5.66730
2560	2048	1	186	122	0.00000
2560	2048	1	312	80	0.00000
2560	2048	1	448	52	0.00000
2560	2048	1	288	248	0.00000
2560	2048	1	402	156	2.15554
2560	2048	1	406	276	0.00000
2560	2048	2	308	398	0.00000
2048	2560	1	82	136	3.86281
2048	2560	1	238	186	0.46365
2048	2560	1	222	68	4.56325
2048	2560	2	416	60	0.00000
2048	2560	2	328	202	0.00000
2048	2560	2	172	146	0.00000
2048	2560	2	374	116	0.00000
2048	2560	1	468	120	3.89367
2560	2560	1	78	64	0.26625
2560	2560	1	284	44	0.00000
2560	2560	1	388	14	4.26094
2048	2560	1	88	226	4.24145
2048	2560	1	130	322	1.33063
2048	2560	1	16	378	3.36914
2048	2560	2	170	370	0.00000
2048	2560	2	200	426	0.00000
2048	2560	1	274	358	3.43814
2048	2560	2	332	416	0.00000
2048	2560	1	74	484	3.56047
2048	2560	1	182	508	0.00000
2048	2560	1	252	492	0.00000
2048	2560	1	410	466	0.00000
2048	2560	2	324	480	0.00000
2048	2560	2	438	328	0.00000
2048	2560	2	484	466	0.00000
2560	2560	2	30	474	0.00000
2560	2560	1	4	248	1.01358
2560	2560	1	232	460	6.02085
2560	2560	2	312	484	0.00000
2560	2560	1	80	422	5.96413
2560	2560	1	102	338	5.10675
2560	2560	1	172	272	5.17604
2560	2560	1	154	140	3.60756
2560	2560	1	276	216	4.20531
2560	2560	1	394	116	5.01515
2560	2560	1	388	328	5.37343
2560	2560	2	486	324	0.00000
2560	2560	1	356	460	0.00000
2560	2560	1	474	464	1.20401
3584	2048	1	154	126	0.00000
3584	2048	1	4	360	4.49912
3584	2048	1	32	284	4.89224
3072	2048	1	508	174	3.78841
3072	2048	1	424	144	0.00000
3072	2048	1	364	96	3.20346
3072	2048	1	190	122	0.00000
3072	2048	1	278	100	3.08396
3072	2048	1	272	246	3.76271
3072	2048	1	300	318	4.05635
3584	2048	1	70	428	4.04514
3072	2048	1	384	362	3.99971
3072	2048	1	302	460	5.44203
3072	2560	1	212	12	0.00000
3072	2048	1	118	318	1.42139
3072	2048	1	140	398	5.16602
3072	2560	2	166	78	0.00000
3584	2560	2	342	134	0.00000
3584	2048	1	314	322	1.86635
3584	2048	1	258	92	3.88391
3584	2048	1	476	54	0.00000
3584	2048	1	384	92	0.00000
3584	2048	1	388	508	1.15060
3584	2048	1	446	408	4.78370
3584	2048	1	324	224	2.25829
3072	2048	1	150	218	2.46685
3072	2560	1	256	104	1.02495
3584	2560	2	22	76	0.00000
3584	2560	1	246	94	4.90978
3584	2560	1	134	6	4.89453
3584	2560	2	84	94	0.00000
3072	2560	2	462	186	0.00000
3072	2048	1	54	460	1.66264
3072	2560	1	36	84	3.69672
3072	2560	1	68	190	0.94724
3072	2560	1	368	234	0.78540
3072	2560	1	292	166	4.05669
3072	2560	1	168	246	2.14510
3072	2560	1	126	304	2.01008
3072	2560	2	168	384	0.00000
3584	2560	2	250	454	0.00000
3584	2560	2	344	454	0.00000
3584	2560	2	170	488	0.00000
3584	2048	1	448	306	1.04521
3072	2560	1	462	116	2.22142
3584	2560	1	84	258	2.46143
3584	2560	1	256	194	1.99860
3584	2560	1	172	218	5.51906
3584	2560	1	436	54	4.00165
3072	2560	1	466	266	4.00093
3072	2048	2	44	114	0.00000
3072	2048	1	58	216	5.62749
3072	2560	1	284	324	2.79174
3584	2560	1	60	368	5.46922
3072	2048	1	466	32	2.79250
3584	2048	2	224	20	0.00000
3072	2560	1	84	420	0.72255
3584	2560	1	288	328	3.83301
3584	2560	1	406	434	0.00000
3584	2560	1	342	370	3.67089
3584	2560	1	198	356	3.13344
3072	2560	1	378	364	5.96630
3072	2560	1	238	420	3.23197
3072	2560	1	318	496	0.38832
3584	2560	1	56	446	2.49172
3072	2560	1	454	412	3.27414
3584	2560	1	430	300	5.99939
3584	2560	1	464	158	0.64987
3584	2560	2	302	512	0.00000
3072	2560	2	494	512	0.00000
3584	2560	1	512	344	2.80547
3072	3072	1	414	376	1.99092
3072	3072	1	272	378	2.35619
3072	3072	1	240	496	3.62411
3072	3072	1	396	476	0.92017
3072	3584	1	420	100	5.81202
3072	3584	1	312	90	4.73366
3072	3584	1	56	112	2.95050
3584	3072	1	46	434	1.18698
3072	3072	1	282	184	0.34494
3072	3072	1	382	160	0.86217
3584	3072	1	118	230	3.00815
3584	3584	1	94	62	2.53835
3584	3584	1	116	14	5.51952
3584	3584	1	192	2	2.70918
3584	3072	1	242	468	5.69518
3584	3584	1	242	144	6.14847
3584	3584	1	292	94	5.99397
3072	3072	1	182	142	2.70791
3072	3072	1	100	134	2.94420
3072	3072	1	36	128	0.21892
3072	3072	1	64	40	1.26216
3072	3072	1	214	60	2.43297
3072	3072	1	390	72	0.00000
3072	3072	1	468	52	3.60851
3584	3072	1	32	88	4.08090
3584	3072	1	132	106	3.99212
3584	3072	2	424	430	0.00000
3584	3072	2	358	336	0.00000
3584	3072	2	362	402	0.00000
3584	3072	1	252	56	3.88119
3584	3072	2	254	124	0.00000
3584	3072	1	224	190	4.33994
3584	3072	1	378	136	5.91756
3584	3072	1	324	150	5.93123
3584	3072	1	476	102	3.63229
3584	3072	1	430	204	3.29356
3584	3072	1	102	346	4.51174
3072	3072	1	84	432	1.15498
3072	3072	1	48	354	3.69460
3072	3584	1	114	60	1.93677
3072	3072	1	96	508	1.53956
3072	3072	1	380	298	4.74578
3072	3072	1	488	300	3.08254
3584	3072	1	48	210	5.97513
3072	3072	1	444	206	0.88848
3072	3584	1	222	162	1.52886
3072	3584	2	134	152	0.00000
3072	3584	1	294	260	0.64482
3072	3584	1	122	258	2.73053
3072	3584	1	204	288	0.00000
3072	3584	1	54	318	1.01529
3584	3072	1	350	230	4.93996
3584	3072	1	258	274	4.84436
3584	3072	1	252	346	1.64757
3584	3072	1	460	334	4.69112
3072	3584	1	424	196	1.50191
3584	3584	1	68	160	1.20959
3584	3584	1	42	262	2.55359
3072	3584	1	442	292	5.15607
3584	3072	1	316	452	5.14860
3584	3072	1	482	498	0.00000
3584	3584	1	376	2	1.16938
3584	3584	1	410	82	1.10715
3584	3584	1	440	152	3.90230
3584	3584	1	188	298	0.50959
3584	3584	1	302	284	5.86285
3584	3584	1	348	200	0.00000
3584	3584	1	420	266	3.37415
3584	3584	1	496	226	0.00000
3072	3072	1	146	254	1.53396
3072	3584	1	232	388	1.61948
3072	3584	2	112	352	0.00000
3072	3584	1	42	398	0.00000
3072	3584	1	72	486	1.10449
3072	3584	1	396	370	2.09600
3584	3584	2	126	270	0.00000
3584	3584	1	4	396	0.89688
3072	3584	1	396	468	0.00000
3072	3584	1	228	436	0.96705
3072	3584	1	288	472	0.95983
3584	3584	1	86	422	0.48269
3584	3584	1	152	456	0.00000
3584	3584	1	230	356	4.56350
3584	3584	1	344	376	0.00000
3584	3584	1	486	368	3.09355
3584	3584	1	432	380	2.70482
3584	3584	1	412	452	5.91744
3584	3584	2	492	492	0.00000
3584	3584	1	276	458	4.97482
2048	3072	1	466	206	1.04549
2048	3072	1	292	174	6.16221
2048	3072	1	230	200	2.85603
2048	3072	1	82	250	3.35222
2048	3072	1	140	54	0.27075
2048	3072	1	240	48	0.00000
2048	3072	1	452	92	5.80623
2560	3072	1	126	146	1.22628
2560	3072	1	50	64	0.24584
2560	3072	1	330	134	0.80509
2048	3072	1	182	326	3.73374
2048	3072	1	244	398	4.19903
2048	3072	1	388	382	2.51773
2560	3072	1	28	360	5.98042
2560	3072	1	150	394	1.98429
2560	3072	1	172	278	6.04049
2048	3584	1	66	58	0.14075
2560	3072	1	344	416	5.08910
2560	3072	1	432	308	4.59063
2560	3072	1	266	352	3.49490
2048	3584	1	348	4	0.95930
2048	3584	1	90	230	1.65231
2048	3584	1	280	196	0.99179
2048	3584	1	408	138	3.34992
2048	3584	1	210	42	5.52922
2048	3584	1	498	2	4.94774
2560	3584	1	16	126	5.08035
2560	3584	1	152	52	2.75865
2560	3584	1	238	64	0.00000
2560	3584	1	410	12	5.60621
2560	3072	1	508	148	0.43822
2560	3584	1	6	232	1.21773
2560	3584	1	140	136	1.96429
2560	3584	1	68	320	0.15588
2048	3584	1	180	358	3.33112
2048	3584	1	96	356	0.31935
2048	3584	1	284	362	5.53201
2048	3584	1	380	380	5.91532
2048	3584	1	462	322	1.97138
2560	3584	1	4	428	1.44545
2560	3584	1	176	246	3.55363
2560	3584	1	248	248	0.19811
2560	3584	1	364	218	4.08072
2560	3584	1	368	70	0.36943
2560	3584	1	488	154	2.02026
2560	3584	1	494	226	2.22732
2560	3584	1	128	416	0.58126
2560	3584	1	250	392	4.69771
2560	3584	1	344	328	3.24027
2560	3584	1	410	414	0.45455
2048	3072	2	40	382	0.00000
2048	3072	2	156	482	0.00000
2560	3072	2	104	236	0.00000
2560	3072	2	228	132	0.00000
2560	3072	2	354	244	0.00000
2560	3072	2	136	79	0.00000
2048	3072	2	20	107	0.00000
2048	3072	2	76	15	0.00000
2048	3584	2	338	456	0.00000
2048	3584	2	32	500	0.00000
2560	3584	2	506	334	0.00000
