1024	2560	1	196	196	5.35835
1024	2560	1	256	310	3.87362
1536	2560	1	14	336	1.82280
1536	2560	1	160	346	2.99791
1536	2560	1	276	250	6.05393
1024	2560	1	274	412	3.20179
1024	2560	1	444	482	4.07500
1024	2560	1	126	434	1.51025
1536	2560	1	80	432	5.09800
1024	2560	1	320	198	4.04275
1536	2560	1	384	422	1.98008
1536	2560	1	250	418	1.98971
1024	2560	1	376	336	4.71687
1536	2560	1	402	332	5.49552
1024	2560	1	132	308	2.69355
1024	2560	1	242	42	1.02344
1536	2560	1	90	244	0.33018
1024	2560	2	354	434	0.00000
1536	2560	2	482	408	0.00000
1536	2560	2	502	466	0.00000
1024	2560	1	432	40	2.51863
1536	2560	1	348	116	5.41250
1536	2560	1	496	116	4.65718
1536	2560	1	88	114	0.54681
1024	2048	1	236	378	0.19068
1536	2048	1	164	420	5.31614
1536	2048	1	432	498	3.93767
1536	2560	1	2	210	3.12905
1024	2048	1	88	392	0.52531
1024	2048	1	478	238	2.93749
1536	2048	1	266	494	3.68594
1536	2048	1	390	366	3.28299
1536	2048	1	268	234	1.79480
1536	2048	1	386	88	4.97543
1536	2048	2	512	126	0.00000
1536	2048	1	114	112	0.00000
1536	2048	1	176	10	6.00193
1536	2048	2	248	68	0.00000
1024	2048	1	214	156	1.09256
1024	2048	1	60	112	3.78838
1024	2048	2	194	86	0.00000
1024	3072	1	326	282	0.26513
1024	3072	1	30	116	0.49386
1536	3072	1	98	222	0.87951
1536	3072	1	32	74	4.20694
1024	3072	1	84	250	2.27452
1024	3072	1	128	150	5.83571
1024	3072	1	314	452	1.84632
1024	3072	1	392	422	2.38215
1024	3072	1	452	354	1.61624
1536	3072	1	62	330	1.20056
1536	3072	1	188	242	0.92421
1536	3072	1	192	76	3.73265
1536	3072	1	106	110	0.76222
1024	3584	1	114	432	0.53897
1024	3584	1	294	278	1.47134
1024	3584	1	158	318	1.43669
1024	3584	1	62	2	0.68664
1024	3072	1	86	358	5.73840
1536	3584	1	104	118	5.01898
1024	3584	1	458	64	2.51963
1536	3584	1	262	92	1.82844
1536	3584	1	174	26	1.58462
1536	3072	1	62	480	0.48162
1536	3072	1	162	424	5.29636
1536	3584	1	294	12	1.94448
1536	3072	1	340	496	5.37458
1536	3072	1	272	370	0.00000
1536	3072	1	382	280	2.65238
1536	3072	2	394	400	0.00000
1536	3072	1	436	470	3.27857
1024	3072	1	24	454	0.00000
1024	3584	1	138	168	0.64821
1024	3072	1	250	334	5.55255
1024	3072	1	404	84	1.52237
1024	3072	1	422	170	1.55959
1024	3072	1	230	36	1.88850
1024	3072	2	308	136	0.00000
1024	3584	1	356	134	1.78849
1024	3584	1	306	30	1.69265
1536	3584	1	148	294	2.00664
1024	3584	1	408	328	0.42502
1024	3584	1	278	406	0.29136
1536	3584	1	442	230	4.79733
1536	3584	2	480	108	0.00000
1536	3584	1	424	82	0.69881
1536	3072	1	466	274	5.24403
1536	3072	1	450	80	0.95773
1536	3072	2	346	86	0.00000
1536	3584	1	6	390	0.23935
1024	3584	1	438	458	0.71996
1536	3584	1	304	206	0.67390
1536	3584	1	392	302	4.21985
1536	3584	1	206	460	0.00000
1536	3584	1	148	404	0.00000
1536	3584	1	474	424	0.00000
1536	3584	1	294	458	5.84648
1536	3072	1	260	108	3.52240
1024	3072	2	114	48	0.00000
1024	3584	1	44	284	3.47581
1536	3584	1	48	474	4.16638
1024	3584	1	472	214	2.87958
1536	3072	1	472	374	5.32404
2048	2048	1	200	148	1.47432
2048	2048	1	198	328	0.00000
2048	2048	1	322	306	0.00000
2048	2560	1	144	62	3.17206
2048	2560	1	286	20	3.04557
2048	2048	1	390	452	4.96954
2048	2048	1	78	412	0.21954
2048	2048	1	48	324	0.90975
2048	2048	1	36	232	0.63732
2048	2048	1	58	86	3.85978
2048	2048	1	268	44	0.62025
2048	2048	1	166	66	0.32175
2048	2048	1	376	138	0.00000
2048	2048	1	482	160	0.00000
2560	2048	1	122	240	5.63968
2560	2048	1	222	214	4.08250
2560	2048	1	68	356	5.05445
2048	2048	1	478	382	5.76764
2560	2048	1	96	502	4.26024
2560	2048	1	46	130	0.00000
2560	2048	1	176	94	0.00000
2560	2048	1	248	344	0.00000
2048	2560	1	312	138	1.02265
2048	2560	1	198	246	1.32183
2048	2560	1	114	442	5.44047
2560	2560	1	54	118	5.75769
2560	2560	1	210	404	5.99795
2560	2560	1	178	124	4.30901
2560	2048	1	350	214	0.00000
2560	2048	1	430	70	0.00000
2560	2048	1	498	254	0.00000
2560	2560	1	268	52	2.97730
2560	2048	1	502	472	0.00000
2560	2048	1	402	438	0.00000
2560	2560	1	298	198	4.24874
2560	2560	1	464	148	4.70723
2560	2560	1	422	474	3.80264
2048	2560	1	42	356	4.00354
2048	2560	1	326	342	1.88354
2048	2560	2	312	436	0.00000
2048	2560	2	196	428	0.00000
2048	2560	2	176	370	0.00000
2560	2560	2	18	476	0.00000
2560	2560	2	320	498	0.00000
2560	2560	2	466	328	0.00000
2560	2560	1	4	304	5.13353
2560	2560	1	322	10	0.00000
2048	2560	1	414	468	1.02696
2560	2560	1	94	510	0.78540
2560	2560	1	146	262	0.00000
2560	2560	1	252	310	5.76326
2560	2560	1	362	392	3.37150
2560	2560	1	410	242	1.62506
2048	2560	1	64	114	3.42965
2048	2560	1	56	498	2.27734
2048	2560	2	424	44	0.00000
2048	2560	2	358	42	0.00000
3072	2048	1	426	170	3.31030
3072	2048	1	350	184	2.96206
3072	2048	1	274	136	2.84352
3072	2048	1	172	68	6.05466
3072	2048	1	34	0	5.97100
3072	2048	1	98	0	0.06163
3072	2048	1	454	36	0.91635
3072	2048	1	338	6	0.00000
3072	2048	1	0	178	4.17196
3584	2048	1	136	124	6.03020
3584	2048	1	76	202	3.90751
3584	2048	1	226	100	3.86727
3584	2048	1	226	0	0.00000
3584	2048	1	386	0	0.53393
3584	2048	1	390	98	0.62381
3584	2048	1	454	84	0.00000
3584	2048	1	512	110	0.00000
3584	2048	1	364	238	5.62294
3584	2048	1	224	292	5.05255
3072	2048	1	470	250	3.96563
3584	2048	1	30	336	4.87932
3072	2048	1	418	364	2.48383
3072	2048	1	376	448	3.20234
3072	2048	1	268	254	1.85806
3072	2048	1	184	182	0.45493
3072	2048	1	114	246	2.69986
3072	2048	1	0	68	5.36446
3072	2048	1	22	276	2.10714
3072	2048	1	222	332	4.92062
3584	2048	1	336	470	4.94240
3584	2048	1	86	468	4.32143
3584	2560	1	420	78	1.51899
3584	2560	1	406	186	4.48883
3584	2560	1	142	20	4.27865
3584	2560	1	252	78	2.18443
3072	2048	1	56	432	0.20594
3072	2048	1	220	426	4.68266
3072	2560	1	466	36	3.44863
3072	2560	1	212	42	2.52686
3072	2560	1	352	50	1.69805
3584	2560	1	32	148	0.25160
3072	2560	1	78	32	1.23317
3072	2560	1	116	124	1.29017
3072	2560	1	0	184	4.35097
3072	2560	1	228	168	3.87063
3072	2560	1	378	162	5.22659
3584	2560	1	260	228	2.49975
3584	2560	1	512	216	2.71975
3584	2560	1	348	348	3.06853
3584	2560	1	428	338	3.45587
3584	2560	1	478	384	3.78221
3072	2560	1	474	254	3.51992
3072	2560	1	334	236	5.66353
3072	2560	1	274	312	2.98363
3072	2560	1	76	240	4.68207
3072	2560	1	28	384	3.00310
3072	2560	1	104	354	3.48811
3072	2560	1	244	432	2.74033
3584	2560	1	90	316	1.25038
3072	2560	1	450	380	1.53090
3584	2560	1	90	404	1.06920
3584	2560	1	204	412	4.38939
3072	2560	1	140	512	5.59210
3072	2560	2	162	398	0.00000
3584	2560	1	10	512	3.10362
3072	2560	1	462	498	2.99118
3072	2560	1	350	468	1.22899
3584	2560	2	174	314	0.00000
3584	2560	2	244	326	0.00000
3584	2560	2	270	456	0.00000
3584	2560	2	176	489	0.00000
3584	2560	2	330	464	0.00000
3072	3072	1	72	66	2.73212
3072	3072	1	204	146	4.56082
3072	3072	1	344	200	1.35970
3072	3072	1	254	30	5.94722
3072	3072	1	156	34	6.02599
3072	3072	1	410	88	6.06452
3072	3072	1	488	174	0.58998
3072	3072	1	16	192	5.08015
3072	3072	1	162	238	0.94260
3072	3072	1	166	320	4.18582
3072	3072	1	226	396	3.68928
3072	3072	1	318	432	3.47410
3072	3072	1	450	434	4.01473
3584	3072	1	2	314	2.16146
3584	3072	1	72	198	1.26172
3584	3072	1	126	266	1.92804
3584	3072	1	138	334	2.16518
3072	3072	1	0	352	4.97438
3072	3072	1	108	394	1.13080
3072	3072	1	192	508	1.79145
3072	3584	1	70	78	1.12765
3072	3584	1	118	150	1.32074
3072	3584	1	268	74	4.26347
3072	3584	1	378	22	2.46067
3584	3584	1	16	18	4.92683
3584	3072	1	74	414	0.59808
3584	3072	1	138	448	0.46130
3584	3072	1	110	72	4.03186
3584	3072	1	214	8	2.62010
3584	3072	1	304	50	2.78304
3584	3072	1	398	6	0.33145
3584	3072	1	460	40	3.63494
3584	3072	1	478	156	3.33203
3584	3072	2	512	72	0.00000
3584	3072	1	400	158	3.38060
3584	3072	1	330	212	5.79013
3584	3072	1	202	110	1.27036
3584	3072	2	248	154	0.00000
3584	3072	1	228	262	5.86659
3584	3072	1	278	310	3.80181
3584	3072	1	322	350	5.91428
3584	3072	1	440	298	6.08187
3584	3072	2	408	372	0.00000
3584	3072	1	498	288	6.01019
3584	3072	1	248	418	1.19051
3584	3072	1	236	476	4.26526
3584	3072	1	410	464	1.45426
3584	3584	1	392	18	5.04201
3584	3584	1	230	48	3.72020
3584	3584	1	364	96	2.48501
3584	3584	1	294	84	3.41563
3584	3584	1	466	94	3.52919
3584	3584	1	512	10	0.26082
3584	3072	2	512	396	0.00000
3584	3584	1	192	178	1.40853
3584	3584	1	354	194	1.18718
3584	3584	2	408	240	0.00000
3584	3584	1	476	200	0.58668
3584	3584	1	14	154	2.28174
3072	3584	1	422	158	2.36416
3072	3584	1	302	184	3.89252
3072	3584	1	214	266	5.80026
3072	3584	1	82	244	0.76652
3072	3584	1	492	260	1.02349
3072	3584	1	408	260	0.00000
3072	3584	1	348	296	5.64087
3584	3584	1	192	304	5.18150
3584	3584	1	148	346	1.77240
3584	3584	1	354	344	4.07861
3072	3584	1	310	352	5.64482
3072	3584	1	478	382	0.92108
3072	3584	1	142	334	0.00000
3072	3584	1	86	326	0.65364
3072	3584	1	66	428	1.21849
3584	3584	1	150	442	0.29943
3584	3584	1	506	414	1.29644
3072	3584	2	202	452	0.00000
3584	3584	2	334	434	0.00000
3584	3584	2	250	404	0.00000
3584	3584	2	434	378	0.00000
3072	3584	1	388	478	0.85266
3584	3584	1	92	438	0.81276
3072	3584	1	246	482	5.36546
3072	3584	2	512	432	0.00000
3584	3584	1	358	470	0.53508
2560	3072	2	140	64	0.00000
2560	3072	2	226	128	0.00000
2048	3072	2	440	226	0.00000
2560	3072	2	100	228	0.00000
2560	3072	2	346	238	0.00000
2560	3072	2	102	420	0.00000
2560	3072	2	54	448	0.00000
2560	3584	2	268	244	0.00000
2560	3584	2	122	300	0.00000
2048	3072	2	158	468	0.00000
2048	3584	2	110	224	0.00000
2560	3584	2	266	348	0.00000
2048	3072	1	296	104	6.00190
2048	3072	1	118	132	1.74061
2048	3072	1	16	182	3.69930
2048	3072	1	94	268	2.16299
2048	3072	1	12	304	5.62851
2048	3072	1	4	396	5.49779
2048	3072	1	268	202	5.67846
2048	3072	2	360	18	0.00000
2048	3072	1	420	46	0.48968
2048	3072	1	474	104	3.43814
2560	3072	1	70	10	3.76390
2560	3072	1	102	130	4.70544
2560	3072	1	484	76	0.00000
2560	3072	1	328	68	4.20822
2048	3072	1	386	150	5.59014
2048	3072	1	230	302	4.37829
2048	3072	1	182	402	5.26599
2048	3072	1	308	350	3.58620
2048	3072	1	384	292	0.00000
2560	3072	1	2	238	3.76010
2048	3072	1	424	384	3.78750
2560	3072	1	76	304	1.39241
2560	3072	1	240	244	4.74941
2560	3072	1	486	192	5.09236
2560	3072	1	404	244	3.08643
2560	3072	1	512	266	2.23950
2560	3072	1	298	344	0.63456
2560	3072	1	220	356	3.02558
2560	3072	1	26	398	4.15456
2048	3072	1	318	462	4.29291
2048	3584	1	86	24	1.41989
2048	3584	1	214	44	5.73971
2048	3584	1	154	94	2.50894
2048	3584	1	118	162	1.90196
2560	3072	1	224	462	0.00000
2560	3072	1	122	492	1.46343
2048	3072	1	472	512	1.10477
2560	3072	1	326	412	2.81984
2560	3072	1	480	356	4.93955
2560	3072	1	396	448	3.28015
2560	3072	1	506	436	2.23732
2560	3584	1	492	4	0.94444
2560	3584	1	260	28	3.68646
2560	3584	1	392	98	1.78337
2048	3584	1	390	70	1.70486
2560	3584	1	226	152	2.14041
2560	3584	1	10	116	3.50504
2560	3584	1	328	148	2.23342
2048	3584	1	146	122	1.01000
2560	3584	1	488	200	1.53598
2560	3584	1	328	228	1.59433
2560	3584	1	146	148	0.00000
2560	3584	1	474	270	1.55025
2048	3584	1	246	162	1.00318
2048	3584	1	416	216	6.04552
2048	3584	1	358	258	5.98682
2048	3584	1	278	298	6.00129
2048	3584	1	162	266	4.26572
2560	3584	1	62	166	2.98038
2048	3584	1	486	278	1.47619
2560	3584	1	166	278	2.35671
2560	3584	1	334	344	1.05486
2560	3584	1	382	416	0.47424
2560	3584	1	460	428	4.03042
2560	3584	2	512	90	0.00000
2048	3584	1	40	348	0.80561
2048	3584	1	76	466	0.47418
2048	3584	1	228	458	0.00000
2048	3584	1	386	442	4.87241
2560	3584	1	10	398	0.55342
2560	3584	1	164	432	2.56748
2560	3584	1	288	490	3.38611
