1536	2048	2	492	60	0.00000
1024	2048	2	204	90	0.00000
1536	2048	2	302	92	0.00000
1024	2048	1	510	2	0.00000
1024	2048	1	346	0	0.28257
1536	2048	1	402	0	3.43521
1536	2048	1	236	66	0.00000
1536	2048	2	234	184	0.00000
1536	2048	1	150	16	3.29468
1024	2048	1	52	148	2.57069
1024	2048	1	154	132	2.93120
1024	2048	1	452	154	1.24257
1024	2048	1	492	240	0.28092
1536	2048	1	58	60	3.45276
1536	2048	1	102	220	5.93606
1024	2048	1	122	286	3.39454
1024	2048	1	232	380	0.39246
1024	2560	1	302	48	0.67279
1024	2048	1	442	440	1.01327
1536	2048	1	94	322	2.16388
1536	2048	1	242	290	5.91927
1536	2048	1	400	292	1.09549
1536	2048	1	396	416	0.00000
1536	2048	1	226	388	5.59968
1536	2048	1	166	450	3.10021
1536	2560	1	94	36	0.06697
1024	2560	1	488	10	4.11791
1536	2048	1	274	506	1.20287
1024	2560	1	464	110	1.19263
1536	2560	1	48	164	1.12663
1536	2048	1	440	500	3.23107
1536	2560	2	512	34	0.00000
1024	2560	2	186	274	0.00000
1024	2560	1	58	162	1.64148
1024	2560	1	70	246	3.84269
1024	2560	1	0	370	3.81197
1024	2560	1	136	328	2.08607
1024	2560	1	294	218	4.47712
1536	2560	1	176	164	2.62398
1536	2560	1	248	122	2.14057
1536	2560	1	370	100	1.94612
1536	2560	1	488	236	6.21358
1536	2560	1	416	266	3.11098
1536	2560	1	302	240	5.62355
1536	2560	1	136	248	5.67637
1536	2560	1	76	290	2.55425
1536	2560	1	208	324	1.35388
1024	2560	1	296	304	4.25970
1024	2560	1	410	386	3.22570
1024	2560	1	282	426	5.39426
1536	2560	1	54	446	4.77815
1536	2560	1	466	374	4.37594
1536	2560	1	332	376	3.89050
1024	2560	1	128	468	0.66486
1024	2048	2	255	21	0.00000
1024	2560	1	50	452	0.60636
1024	2560	1	200	500	1.17218
1024	2560	1	352	498	1.33178
1536	2560	1	512	456	0.43615
1536	2560	1	438	512	2.87987
1536	2560	1	326	512	5.45034
1536	2560	1	186	462	0.62464
1024	3072	1	150	60	1.17874
1024	3072	1	296	94	5.22794
1024	3072	1	400	118	6.18206
1024	3072	1	350	4	0.63914
1536	3072	1	18	174	6.07472
1536	3072	1	84	186	0.00000
1024	3072	1	464	244	0.00000
1024	3072	1	160	190	0.58265
1024	3072	1	236	210	0.64582
1024	3072	1	288	244	0.62402
1024	3072	1	350	258	0.00000
1024	3072	1	80	296	3.39417
1024	3072	1	140	332	3.19898
1024	3072	1	260	418	5.84373
1024	3072	1	148	474	0.56931
1024	3584	1	82	140	0.21101
1024	3584	1	180	160	0.94426
1024	3584	1	268	48	1.57993
1024	3584	1	326	184	1.55208
1024	3584	1	384	304	0.00000
1024	3584	1	286	340	4.91290
1024	3584	1	130	340	1.67753
1536	3584	2	412	90	0.00000
1536	3584	2	476	110	0.00000
1536	3072	1	198	100	6.14786
1536	3072	1	174	210	2.73088
1536	3072	1	302	96	0.84318
1536	3072	1	384	152	0.44269
1536	3072	1	458	212	0.00000
1536	3072	1	410	20	1.91182
1536	3072	1	470	396	5.27037
1536	3072	1	504	510	1.96839
1536	3072	1	316	238	5.35071
1536	3072	1	308	346	5.32560
1536	3072	1	126	330	3.62169
1536	3072	1	12	362	0.66969
1536	3072	1	262	498	0.46859
1536	3072	2	372	466	0.00000
1536	3072	1	196	406	0.19380
1536	3072	1	102	478	3.48267
1536	3584	1	30	96	4.14203
1536	3584	1	156	58	3.44740
1536	3584	1	200	210	0.00000
1024	3584	1	472	202	3.13438
1536	3584	1	98	156	4.49327
1536	3584	1	76	330	1.60858
1536	3584	1	250	426	6.21718
1536	3584	1	276	232	2.86300
1024	3584	1	504	410	0.00000
1536	3584	1	70	456	0.56883
1536	3584	1	182	464	0.33003
1536	3584	1	338	482	5.12798
1536	3584	1	510	426	1.34574
1536	3584	1	330	194	5.94345
1536	3584	1	434	180	5.22808
1536	3584	1	456	254	2.27939
1536	3584	1	398	324	5.12737
1536	3584	1	300	372	1.81325
1536	3584	1	94	234	1.98146
1024	3584	1	76	468	5.97677
1024	3584	1	452	506	2.18549
2048	2560	2	174	146	0.00000
2048	2560	2	234	150	0.00000
2048	2560	2	316	204	0.00000
2048	2560	2	384	98	0.00000
2560	2048	2	294	394	0.00000
2048	2048	1	72	204	0.18657
2048	2048	1	148	228	5.76078
2048	2048	1	272	290	0.00000
2048	2048	1	400	348	2.38649
2048	2048	1	488	232	0.00000
2560	2048	1	84	198	5.84413
2560	2048	1	220	32	3.04379
2048	2048	2	190	90	0.00000
2560	2048	1	196	266	5.15639
2560	2048	1	22	36	0.81664
2560	2048	1	164	160	0.00000
2048	2048	2	112	74	0.00000
2560	2048	1	100	86	5.87990
2560	2048	1	140	0	5.66394
2560	2048	1	266	304	3.27888
2048	2048	1	156	384	3.09067
2048	2048	1	54	460	4.13370
2048	2560	1	78	36	4.85255
2048	2560	2	206	2	0.00000
2048	2048	2	270	510	0.00000
2048	2560	1	362	6	1.08402
2048	2048	1	348	436	4.54329
2560	2048	1	20	332	3.97903
2048	2048	1	472	458	4.42199
2560	2048	1	194	414	0.46365
2048	2048	1	352	140	4.93383
2560	2560	1	116	28	1.67953
2048	2560	1	282	102	5.21079
2048	2560	1	462	108	5.95429
2048	2560	1	70	122	2.02431
2048	2560	1	146	246	3.08915
2048	2560	1	340	264	1.75136
2048	2560	1	444	202	2.72916
2560	2560	1	62	194	0.07131
2560	2560	2	18	156	0.00000
2560	2560	1	184	148	3.16783
2560	2560	1	282	166	5.76801
2560	2048	1	336	510	0.81248
2560	2560	1	426	52	0.58969
2560	2560	1	498	168	1.58081
2560	2560	1	488	256	1.65394
2048	2560	2	318	422	0.00000
2048	2560	2	466	478	0.00000
2560	2560	2	470	328	0.00000
2048	2560	2	452	308	0.00000
2560	2560	2	314	492	0.00000
2048	2560	2	192	420	0.00000
2048	2560	2	174	372	0.00000
2560	2560	1	80	406	0.48008
2048	2560	1	40	474	0.35166
2048	2560	1	70	286	0.00000
2048	2560	1	180	466	4.93130
2560	2048	1	370	424	5.34203
2560	2048	1	314	78	0.00000
2560	2048	1	260	182	2.71375
2560	2048	1	386	152	3.81782
2560	2048	1	500	164	0.98501
2560	2048	1	442	264	1.46278
2560	2048	1	470	336	1.25584
2048	2048	1	470	118	4.69460
2560	2048	1	438	38	0.00000
2048	2560	1	338	362	4.69628
2560	2560	1	118	286	1.03808
2560	2560	1	346	320	5.83823
2560	2560	1	280	298	5.52764
2560	2560	1	200	392	0.78057
2560	2560	1	432	450	3.44155
2560	2560	2	512	8	0.00000
2048	2560	2	408	48	0.00000
2048	2048	2	412	6	0.00000
3072	2048	1	94	46	0.31791
3072	2048	1	210	30	4.70050
3072	2048	1	236	108	4.52868
3072	2048	1	398	60	0.00000
3584	2048	1	54	160	2.58875
3584	2048	1	152	128	0.26583
3584	2048	1	226	258	5.07493
3584	2048	1	392	204	5.15802
3584	2048	1	220	0	0.00000
3584	2048	1	266	88	3.67269
3584	2048	1	388	90	5.95896
3584	2048	1	456	48	0.00000
3584	2048	1	512	94	0.00000
3072	2048	1	292	238	3.18515
3072	2048	1	418	212	5.23503
3584	2048	1	66	300	5.76819
3072	2048	1	484	326	4.18654
3072	2048	1	370	326	0.56320
3072	2048	1	112	262	2.26294
3072	2048	2	12	154	0.00000
3072	2048	1	216	366	4.51675
3584	2048	1	236	466	3.12765
3072	2560	2	166	72	0.00000
3072	2560	2	18	10	0.00000
3072	2560	2	464	184	0.00000
3584	2560	2	404	242	0.00000
3584	2048	1	82	392	4.73633
3584	2048	1	82	456	4.75666
3584	2560	1	84	24	4.83646
3584	2560	1	260	72	0.84777
3584	2048	1	386	452	3.04310
3584	2560	1	492	22	3.38287
3584	2560	1	512	254	2.37258
3584	2560	1	420	134	2.54784
3072	2048	1	252	452	1.57334
3072	2048	1	424	428	1.71122
3072	2048	1	430	494	1.73884
3072	2560	1	492	96	0.96641
3584	2560	1	24	162	3.80464
3584	2560	1	174	132	5.51710
3584	2560	1	78	236	0.00000
3584	2560	1	138	198	5.68795
3072	2560	1	342	284	3.21862
3072	2560	1	362	54	0.00000
3072	2560	1	258	62	2.31479
3072	2048	1	28	428	4.13331
3072	2560	1	142	186	3.28903
3072	2560	1	30	236	1.29870
3072	2560	1	14	174	1.46639
3072	2560	1	220	188	0.00000
3072	2560	1	300	190	0.56673
3584	2560	1	286	158	3.93717
3584	2560	1	342	220	3.54648
3584	2560	1	444	504	1.35371
3584	2560	1	430	344	0.70888
3584	2560	1	346	342	0.29403
3584	2560	1	232	342	3.82699
3584	2560	1	152	332	2.45242
3072	2560	1	146	386	2.42813
3072	2560	1	242	328	3.12174
3072	2560	1	454	272	4.24449
3072	2560	1	464	358	2.10707
3072	2560	1	278	448	4.06845
3072	2560	1	380	480	0.00000
3072	2560	1	492	490	3.68543
3584	2560	1	84	392	2.94947
3584	2560	1	82	504	2.40369
3584	2560	1	174	486	2.79973
3584	2560	1	258	450	4.97378
3584	2560	1	352	462	2.46668
3072	3072	1	112	86	2.40176
3072	3072	1	44	160	2.00953
3072	3072	1	188	56	5.74859
3072	3072	1	76	258	0.82515
3072	3072	1	206	210	1.09191
3072	3072	2	370	42	0.00000
3072	3072	1	338	202	5.74948
3072	3072	1	418	166	0.36220
3584	3072	1	44	56	2.17429
3584	3072	1	118	36	2.56165
3584	3072	1	302	22	4.87609
3584	3072	1	440	40	1.19860
3584	3072	2	342	112	0.00000
3584	3072	2	254	152	0.00000
3584	3072	1	140	158	3.58308
3584	3072	1	18	114	5.65369
3584	3072	2	12	200	0.00000
3072	3072	1	214	308	3.49426
3072	3072	1	148	432	3.56714
3072	3072	1	10	400	0.57806
3072	3072	1	290	348	3.86071
3072	3072	1	464	292	1.40227
3584	3072	1	106	300	2.98092
3584	3072	1	210	82	0.65108
3584	3072	1	200	238	4.12253
3584	3072	1	326	168	1.03125
3584	3072	1	498	142	0.00000
3584	3072	1	468	240	5.70528
3584	3072	1	378	224	3.23263
3584	3072	1	262	266	4.93106
3584	3072	1	238	380	5.76109
3584	3072	1	302	364	0.00000
3584	3072	1	452	338	3.69198
3584	3072	2	512	420	0.00000
3584	3072	1	34	388	2.10032
3072	3072	1	318	410	4.03765
3072	3584	1	216	2	3.42419
3072	3584	1	288	26	3.75922
3072	3072	1	402	494	0.71852
3072	3584	1	448	42	0.56521
3584	3584	1	24	38	0.54042
3584	3072	1	116	476	3.56392
3584	3072	1	240	484	5.78780
3584	3072	1	422	480	0.91220
3584	3584	1	476	12	0.72298
3584	3072	1	320	452	1.13470
3584	3584	1	302	18	1.26852
3584	3584	1	348	98	3.60148
3584	3584	1	174	40	0.69620
3584	3584	1	230	88	4.55690
3072	3584	1	360	88	2.37739
3072	3584	1	138	82	5.57017
3072	3584	1	44	128	1.86300
3072	3584	1	238	194	1.90489
3072	3584	1	354	170	2.14399
3584	3584	1	40	106	0.79634
3584	3584	1	152	138	5.10903
3584	3584	1	328	226	3.68022
3584	3584	1	250	240	0.00000
3072	3584	1	508	202	0.98180
3584	3584	1	90	228	1.10827
3584	3584	1	194	286	2.82554
3072	3584	1	412	252	2.16841
3584	3584	1	14	294	2.33985
3584	3584	1	120	318	2.78039
3584	3584	1	440	310	3.00275
3584	3584	1	500	212	0.00000
3584	3584	1	346	314	4.23078
3072	3584	1	264	300	3.29297
3072	3584	1	182	358	0.49067
3072	3584	1	334	338	0.00000
3072	3584	1	422	380	4.44715
3072	3584	1	46	282	1.93181
3072	3584	1	40	360	1.97603
3072	3584	1	116	440	0.00000
3072	3584	2	40	490	0.00000
3584	3584	1	410	466	0.63353
3584	3584	1	302	438	5.75828
3072	3584	1	288	460	1.29250
3072	3584	1	456	470	0.00000
3584	3584	1	38	466	5.66998
3584	3584	1	240	466	0.46258
3584	3584	1	146	462	0.49128
2048	3072	2	80	14	0.00000
2048	3072	2	202	18	0.00000
2048	3072	1	100	120	0.27103
2048	3072	1	210	190	4.38876
2048	3072	1	54	298	0.85541
2048	3072	2	42	376	0.00000
2048	3072	2	226	274	0.00000
2048	3072	2	284	282	0.00000
2048	3072	1	360	130	5.62576
2048	3072	1	450	66	3.42332
2560	3072	1	48	122	5.72639
2560	3072	2	128	80	0.00000
2560	3072	1	176	44	2.49832
2560	3072	1	290	48	4.33967
2560	3072	1	436	38	4.45833
2560	3072	1	512	128	2.06004
2560	3072	1	430	194	5.58353
2560	3072	1	304	174	4.61175
2560	3072	2	226	134	0.00000
2560	3072	2	350	246	0.00000
2560	3072	2	102	226	0.00000
2560	3072	1	160	192	2.62256
2048	3072	1	456	210	0.52328
2560	3072	1	2	240	3.63731
2560	3072	1	72	308	6.14895
2560	3072	1	150	368	0.00000
2560	3072	2	38	392	0.00000
2560	3072	2	98	436	0.00000
2048	3072	1	352	284	2.74091
2048	3072	1	262	374	0.75324
2048	3072	1	500	368	0.54993
2048	3072	2	418	404	0.00000
2048	3072	2	168	484	0.00000
2048	3072	1	0	512	1.62908
2048	3072	2	14	428	0.00000
2048	3584	1	412	10	2.79241
2048	3072	1	296	482	4.59878
2560	3072	1	264	266	3.72750
2560	3072	1	398	306	4.01577
2560	3072	1	504	426	0.27754
2560	3072	1	292	420	5.25766
2560	3072	1	420	498	5.86280
2560	3584	1	512	130	1.53941
2560	3584	1	454	88	3.41785
2560	3072	2	222	492	0.00000
2560	3584	1	8	86	0.34311
2560	3584	1	312	38	1.67162
2560	3584	1	186	94	4.23887
2560	3584	1	318	102	1.64746
2560	3584	1	268	156	4.84921
2048	3584	1	78	102	3.90107
2048	3584	1	76	202	2.11108
2048	3584	1	182	182	1.64334
2048	3584	1	294	118	0.00000
2048	3584	2	226	52	0.00000
2048	3584	1	432	170	0.61603
2560	3584	1	26	206	0.65685
2048	3584	1	430	272	3.94188
2048	3584	2	192	274	0.00000
2048	3584	1	56	326	1.16703
2560	3584	1	162	216	3.11861
2560	3584	1	246	242	0.87758
2560	3584	1	458	214	1.13610
2560	3584	1	326	262	0.73966
2560	3584	1	512	340	1.67004
2560	3584	1	84	294	2.05431
2048	3584	1	116	460	0.00000
2048	3584	1	214	420	5.54244
2048	3584	1	292	334	6.18947
2048	3584	1	474	361	0.00000
2048	3584	1	330	478	5.99256
2048	3072	2	490	435	0.00000
2560	3584	1	98	384	4.89977
2560	3584	1	132	456	1.68563
2560	3584	1	262	362	5.30771
2560	3584	1	412	338	6.02025
2560	3584	1	450	450	0.56093
2560	3584	1	20	510	5.84878
2560	3584	1	236	510	0.41966
2560	3584	1	330	512	0.00000
