1024	2048	1	236	162	5.85129
1024	2048	1	208	274	1.62818
1024	2048	1	310	224	4.17336
1024	2048	1	222	378	0.48372
1024	2048	1	322	444	4.95737
1024	2048	1	480	314	0.00000
1536	2048	1	158	300	4.57865
1536	2048	1	180	74	3.40324
1536	2048	1	320	28	4.92808
1536	2048	1	428	14	3.16224
1536	2048	1	396	174	1.11439
1536	2048	1	506	216	0.47156
1536	2048	1	402	332	6.09680
1536	2048	1	304	304	3.30629
1536	2048	1	510	346	5.30159
1536	2048	1	368	428	1.92561
1536	2048	1	512	448	3.04869
1536	2048	1	122	436	2.18200
1536	2560	1	38	40	6.15883
1536	2560	1	154	22	1.85553
1024	2560	1	302	14	1.14559
1536	2560	1	146	96	1.23412
1536	2560	1	322	8	1.31728
1536	2048	2	224	400	0.00000
1536	2048	2	224	154	0.00000
1536	2048	2	292	108	0.00000
1024	2048	2	198	72	0.00000
1024	2048	2	266	20	0.00000
1024	2048	2	350	38	0.00000
1024	2048	2	502	50	0.00000
1536	2048	2	54	24	0.00000
1536	2048	2	122	32	0.00000
1536	2048	2	494	72	0.00000
1024	2048	2	130	24	0.00000
1024	2560	1	110	214	2.92886
1024	2560	1	318	246	2.05104
1024	2560	1	408	202	2.32156
1536	2560	1	66	238	5.30039
1536	2560	1	260	126	0.98279
1536	2560	1	492	92	3.42024
1536	2560	1	392	144	3.03851
1536	2560	1	512	224	5.17252
1536	2560	1	304	260	5.63034
1536	2560	1	184	244	0.55230
1536	2560	1	462	344	3.46197
1536	2560	1	422	290	0.32175
1536	2560	1	500	468	3.80066
1536	2560	1	384	384	0.00000
1536	2560	1	248	352	3.31467
1536	2560	1	334	512	4.79498
1536	2560	1	184	448	4.69131
1536	2560	1	70	358	4.74363
1024	2560	1	458	392	0.23701
1024	2560	1	376	364	0.69288
1024	2560	1	270	362	3.09655
1024	2560	2	188	288	0.00000
1024	2560	1	68	350	4.00416
1024	2560	1	126	410	1.36696
1024	2560	1	256	476	5.87829
1024	2560	2	356	448	0.00000
1536	2560	1	52	470	0.75448
1536	2560	1	106	512	4.59324
1024	2560	1	150	510	3.91782
1024	2560	2	22	284	0.00000
1536	3584	1	74	478	0.63651
1536	3584	1	296	486	5.95869
1536	3584	1	246	516	6.07180
1536	3072	1	260	452	6.09951
1536	3584	1	198	348	1.39057
1024	3072	2	500	294	0.00000
1536	3584	1	480	422	5.74715
1024	3584	1	224	152	0.00000
1024	3584	1	298	254	0.00000
1536	3584	1	396	344	0.17458
1536	3584	1	338	264	3.04387
1536	3584	1	370	448	5.81954
1536	3584	1	22	320	5.72459
1536	3584	1	330	170	1.91042
1536	3072	1	186	498	3.05478
1536	3584	1	176	486	0.60005
1024	3584	1	68	38	4.59414
1536	3584	1	48	90	1.55297
1024	3584	1	56	122	3.80359
1536	3072	1	210	184	1.05101
1024	3072	1	438	356	0.00000
1024	3072	1	470	156	0.41670
1536	3584	1	244	224	1.64422
1024	3584	1	420	358	0.20543
1536	3584	1	142	162	3.70019
1024	3584	1	414	46	1.04121
1536	3584	2	400	124	0.00000
1536	3584	2	474	118	0.00000
1024	3584	1	312	76	2.94541
1536	3584	2	364	58	0.00000
1536	3072	1	374	362	3.02242
1536	3072	1	454	444	5.52477
1536	3072	1	478	182	2.89318
1536	3072	1	406	154	0.00000
1536	3072	1	310	92	2.57307
1536	3072	1	298	242	4.27450
1536	3072	1	474	342	2.67860
1536	3072	1	382	484	5.75284
1536	3072	1	222	356	4.78916
1536	3584	1	462	242	0.33247
1024	3584	1	482	160	5.65023
1536	3584	2	44	200	0.00000
1024	3584	1	374	200	0.40957
1536	3072	1	126	448	3.74748
1536	3072	1	54	426	3.55542
1024	3072	2	352	342	0.00000
1536	3072	1	54	108	0.76786
1536	3072	1	88	220	4.68055
1536	3072	1	142	312	1.54416
1024	3072	1	204	480	4.64663
1024	3072	1	334	60	3.23082
1024	3072	2	384	90	0.00000
1024	3072	2	468	30	0.00000
1024	3072	1	284	174	5.32035
1024	3072	1	252	314	0.90698
1024	3072	1	194	228	0.44374
1024	3072	1	212	86	1.32822
1024	3072	1	118	200	2.92052
1024	3072	1	86	366	4.39840
1024	3072	1	56	450	1.35970
1024	3584	1	112	484	5.56964
1024	3584	1	366	516	0.00000
1024	3072	1	22	108	5.47779
1024	3072	1	32	280	3.67262
1024	3072	1	138	24	3.38411
1536	3072	1	74	18	4.41037
2048	2048	1	48	348	5.31351
2048	2048	1	68	276	5.73846
2048	2048	1	116	194	5.41272
2048	2048	1	94	70	0.00000
2048	2048	1	162	92	0.00000
2048	2048	1	224	248	0.00000
2048	2048	1	226	42	2.84309
2048	2048	1	364	114	1.39540
2048	2048	1	416	258	3.35269
2048	2048	2	494	68	0.00000
2560	2048	1	182	206	5.95526
2560	2048	1	68	100	4.29206
2560	2048	1	70	194	1.48192
2560	2048	1	252	48	5.48105
2560	2048	1	296	102	0.00000
2560	2048	1	344	44	0.00000
2560	2048	1	412	60	0.00000
2560	2048	1	394	256	4.03187
2560	2048	1	494	134	4.48476
2560	2048	1	510	334	0.00000
2560	2048	1	34	390	2.77336
2048	2048	1	6	470	0.00000
2048	2048	1	92	510	5.43122
2048	2048	2	210	504	0.00000
2048	2560	2	268	2	0.00000
2048	2048	1	370	432	4.62925
2048	2560	1	320	10	2.88870
2048	2560	2	402	54	0.00000
2048	2048	1	508	506	4.72953
2560	2048	1	250	444	4.23035
2560	2048	1	408	390	2.29279
2048	2560	2	168	158	0.00000
2048	2560	2	230	156	0.00000
2048	2560	2	320	206	0.00000
2048	2560	2	382	212	0.00000
2048	2560	1	370	122	4.54020
2048	2560	1	206	82	2.08057
2048	2560	1	56	134	4.14566
2048	2560	1	472	148	0.53938
2560	2560	1	48	148	0.00000
2560	2560	1	228	38	2.00782
2560	2560	1	350	36	5.62214
2560	2048	1	478	484	4.31081
2560	2560	1	454	70	1.17372
2560	2560	1	260	128	2.69681
2560	2560	1	150	206	5.23154
2560	2560	1	260	246	5.59822
2560	2560	1	350	236	0.00000
2560	2560	1	480	250	2.48055
2560	2560	2	474	330	0.00000
2048	2560	1	44	222	5.07637
2048	2560	1	118	278	0.98279
2048	2560	2	166	363	0.00000
2048	2560	2	202	417	0.00000
2048	2560	2	446	325	0.00000
2048	2560	1	248	328	0.39226
2048	2560	1	368	286	0.00000
2560	2560	1	4	316	4.03644
2560	2560	1	198	348	4.54475
2560	2560	1	422	394	4.61332
2048	2560	2	456	486	0.00000
2560	2560	2	18	500	0.00000
2560	2560	2	262	499	0.00000
2048	2560	1	92	456	3.50036
2048	2560	2	26	444	0.00000
2048	2560	1	260	464	2.87223
2048	2560	1	314	460	0.18379
2560	2560	1	116	442	1.00872
2560	2560	1	354	460	2.34496
2560	2560	1	490	478	2.31377
2048	2560	1	370	502	1.05165
2048	2048	2	24	202	0.00000
2560	2048	1	492	206	4.59895
2560	2048	1	340	176	1.72345
3584	2048	1	390	72	5.87509
3584	2048	1	488	48	5.71072
3584	2048	1	254	86	3.72655
3584	2048	1	226	0	0.00000
3584	2048	1	144	126	0.00000
3072	2048	1	462	114	4.11200
3072	2048	1	352	88	5.56099
3072	2048	1	210	54	3.82741
3072	2048	1	108	88	5.50203
3072	2048	1	2	114	4.16196
3072	2048	1	92	164	1.59243
3072	2048	1	256	160	0.40988
3072	2048	1	400	188	5.31640
3584	2048	1	230	224	4.23884
3584	2048	1	378	220	5.79028
3584	2048	1	414	320	5.22069
3584	2048	1	32	282	3.01681
3072	2048	1	464	324	2.98494
3072	2048	1	376	328	3.28490
3072	2048	1	256	280	2.46057
3072	2048	1	196	320	2.17178
3072	2048	1	114	356	4.90796
3072	2048	1	24	216	4.98841
3072	2048	1	250	458	3.40291
3072	2048	1	164	474	3.67210
3584	2048	1	96	378	4.07648
3584	2048	1	2	496	2.71520
3072	2048	1	356	470	4.26745
3584	2048	1	440	424	2.42238
3584	2048	1	370	482	3.50335
3584	2560	1	274	42	3.08885
3584	2048	1	208	464	6.08649
3584	2048	1	112	460	5.22176
3584	2560	1	122	24	4.79785
3072	2560	1	458	36	5.65183
3584	2560	1	58	104	2.26316
3072	2560	1	114	144	2.97759
3072	2560	1	22	160	3.20112
3072	2560	1	388	126	6.12638
3072	2560	1	256	70	1.59857
3584	2560	1	236	146	1.84319
3584	2560	1	148	208	3.98083
3584	2560	1	18	184	5.78557
3072	2560	1	412	254	1.57497
3072	2560	1	202	206	3.46371
3072	2560	1	256	292	4.55318
3072	2560	1	94	284	3.11043
3584	2560	1	424	124	5.76922
3584	2560	1	386	172	2.41514
3584	2560	1	494	152	3.61817
3584	2560	1	296	212	1.91439
3584	2560	1	308	300	1.26129
3584	2560	1	512	344	5.66877
3584	2560	1	386	352	0.45747
3584	2560	1	190	290	4.22894
3072	2560	1	508	372	0.14335
3584	2560	1	72	342	2.81562
3072	2560	1	194	366	3.01699
3072	2560	1	328	366	3.94517
3072	2560	1	408	370	0.78226
3584	2560	1	244	474	0.00000
3072	2560	1	464	496	1.89348
3072	2560	1	196	512	1.29767
3584	2560	1	96	474	1.28778
3584	2560	1	168	392	1.18735
3584	2560	1	292	394	0.00000
3584	2560	2	352	454	0.00000
3584	2560	1	434	404	3.86687
3584	2560	1	504	492	2.45955
3072	2560	1	30	512	2.24044
3072	2560	2	468	182	0.00000
3072	2560	2	442	132	0.00000
3072	2048	2	50	350	0.00000
3072	3072	1	16	0	2.21569
3072	3072	1	172	8	1.33755
3072	3072	1	386	0	0.00000
3072	3072	1	228	106	2.96092
3072	3072	1	104	156	3.09202
3584	3072	1	124	26	0.99332
3584	3072	1	254	0	0.00000
3584	3072	1	318	62	3.14736
3584	3072	1	390	62	0.45843
3584	3072	1	512	76	2.28669
3584	3072	1	236	164	3.28549
3584	3072	1	204	44	1.09283
3584	3072	1	62	96	5.18519
3072	3072	1	450	132	3.57793
3072	3072	1	362	92	4.55656
3072	3072	1	26	96	5.46427
3072	3072	1	178	200	2.80580
3072	3072	1	340	216	5.45727
3072	3072	1	300	266	2.38700
3072	3072	1	32	230	5.72575
3072	3072	1	56	398	2.92729
3072	3072	1	106	394	0.00000
3072	3072	1	228	322	4.61363
3072	3072	1	414	336	4.05867
3072	3072	2	438	256	0.00000
3584	3072	1	46	324	5.54980
3584	3072	1	120	230	2.35656
3584	3072	1	170	160	6.21861
3584	3072	1	294	182	2.82727
3584	3072	1	388	174	3.16158
3584	3072	1	476	224	0.91383
3584	3072	1	478	280	1.09589
3584	3072	1	442	390	2.64891
3584	3072	1	512	388	1.98594
3584	3072	1	372	474	4.33313
3584	3072	1	302	382	2.03889
3584	3584	1	232	10	2.47515
3584	3584	1	444	52	5.31743
3584	3072	1	188	380	2.05767
3584	3584	1	512	38	2.51237
3072	3584	1	44	94	1.99448
3072	3584	1	108	32	0.27195
3072	3584	1	484	178	0.28057
3584	3072	1	512	476	2.65164
3072	3072	1	496	394	1.32944
3072	3072	1	298	430	6.14232
3072	3584	1	182	2	3.69638
3072	3584	1	244	100	0.00000
3584	3072	1	80	452	1.75547
3584	3072	1	260	282	2.13237
3072	3584	1	160	172	3.19546
3072	3072	2	258	444	0.00000
3584	3584	1	512	186	5.30372
3584	3584	1	194	74	2.38904
3072	3072	1	486	504	5.77626
3584	3584	1	406	220	5.27524
3584	3584	1	512	292	5.55282
3584	3584	1	328	94	0.26175
3072	3584	1	418	40	5.91794
3072	3584	1	318	48	2.59426
3584	3584	1	62	298	0.00000
3072	3584	1	384	162	0.98071
3584	3584	1	142	276	0.78936
3584	3584	1	52	94	0.38382
3584	3584	1	154	144	6.02520
3072	3584	1	216	244	3.05930
3072	3584	1	306	324	2.10990
3072	3584	1	384	300	6.10943
3072	3584	1	112	326	5.92212
3072	3584	1	10	218	1.45358
3072	3584	1	8	316	2.00847
3072	3584	1	52	422	2.17301
3072	3584	1	8	480	1.75096
3072	3584	1	176	428	1.80031
3072	3584	1	444	348	0.67474
3584	3584	1	30	410	0.10267
3584	3584	1	308	248	0.00000
3584	3584	1	236	266	0.14087
3584	3584	1	90	208	0.06108
3072	3584	1	280	500	0.43346
3072	3584	1	176	510	4.42154
3072	3584	1	372	448	0.30830
3072	3584	1	402	512	0.00000
3072	3584	1	464	410	0.47265
3584	3584	1	86	486	0.29146
3072	3584	1	488	494	4.90621
3584	3584	1	164	464	6.04616
3584	3584	1	216	350	5.28716
3584	3584	1	250	444	5.67033
3584	3584	1	314	410	5.69845
3584	3584	1	356	326	0.22726
3584	3584	1	410	378	0.49936
3584	3584	1	490	438	5.23596
3584	3584	1	512	358	4.94118
3072	3072	1	14	504	2.97881
3072	3072	1	502	0	2.11338
2048	3072	2	44	370	0.00000
2048	3072	2	166	480	0.00000
2048	3072	2	140	120	0.00000
2048	3072	2	222	270	0.00000
2048	3072	2	286	274	0.00000
2560	3072	2	140	76	0.00000
2560	3072	2	102	228	0.00000
2560	3072	2	228	130	0.00000
2560	3072	2	350	244	0.00000
2560	3584	2	270	244	0.00000
2560	3584	2	264	346	0.00000
2560	3584	1	134	470	0.49675
2560	3584	1	224	460	5.67080
2560	3584	1	376	468	5.19191
2560	3584	1	388	382	4.77114
2048	3584	1	436	412	0.22528
2560	3584	1	32	368	0.00000
2560	3584	1	154	358	0.64289
2560	3584	2	120	302	0.00000
2048	3584	1	82	404	5.94016
2048	3584	1	182	458	4.48520
2048	3584	1	188	360	0.59797
2560	3584	1	480	198	5.96143
2560	3584	1	344	304	1.57080
2560	3584	1	362	194	0.78540
2048	3584	1	410	208	0.00000
2048	3584	1	116	236	1.26952
2048	3584	1	72	176	1.30780
2048	3584	1	68	104	3.34044
2048	3584	1	138	120	3.97749
2048	3584	1	276	96	3.04049
2048	3584	1	508	262	0.67088
2560	3584	1	150	220	1.66764
2560	3584	1	218	152	1.91248
2560	3584	1	276	94	4.90978
2560	3584	1	34	108	0.23599
2560	3584	1	112	90	6.01139
2048	3584	1	362	34	6.19259
2048	3072	2	318	442	0.00000
2048	3072	1	210	442	2.94432
2560	3072	1	352	406	0.00000
2560	3072	1	270	482	0.00000
2560	3072	2	96	440	0.00000
2048	3584	1	428	30	3.39965
2560	3072	1	474	464	5.99253
2560	3072	1	414	468	3.15927
2560	3072	1	406	136	3.07565
2560	3584	1	142	6	5.40212
2560	3072	1	10	496	5.06365
2048	3072	1	388	390	5.46554
2560	3072	1	40	398	3.13321
2560	3072	1	110	332	5.53605
2560	3072	1	166	318	5.67556
2560	3072	1	226	302	5.53551
2560	3072	1	282	242	2.86796
2048	3072	1	240	348	4.92348
2048	3072	1	94	330	0.00000
2048	3072	1	66	212	0.78540
2048	3072	1	76	98	4.21996
2048	3072	1	214	156	0.26799
2048	3072	1	320	198	0.00000
2048	3072	1	384	258	5.80882
2048	3072	1	506	216	2.26813
2560	3072	1	8	92	5.83141
2560	3072	1	120	142	2.39854
2048	3584	2	278	182	0.00000
