1024	2048	1	384	154	1.70162
1024	2048	1	110	56	0.32867
1024	2048	1	212	384	0.20684
1024	2048	2	196	82	0.00000
1024	2048	1	292	472	1.02911
1024	2048	1	458	370	3.96582
1536	2048	1	90	250	5.85350
1536	2048	1	66	430	3.10468
1536	2048	1	226	136	0.00000
1536	2048	1	280	68	5.64354
1536	2048	1	172	286	0.29508
1536	2048	1	296	226	3.95674
1024	2560	1	178	122	3.76184
1024	2048	1	34	498	1.73476
1024	2560	1	292	50	0.56652
1024	2048	1	120	274	1.71269
1024	2048	1	90	150	1.60634
1024	2560	1	414	28	2.68376
1536	2560	1	14	8	5.70588
1536	2048	1	194	512	0.93061
1536	2048	1	266	394	0.46039
1536	2048	1	350	494	1.06953
1536	2048	1	390	218	3.67888
1536	2560	1	108	120	4.32542
1024	2560	1	420	184	1.70090
1024	2560	1	42	146	2.27872
1024	2560	1	4	452	4.13398
1024	2560	1	64	508	4.04469
1024	2560	1	178	390	3.68913
1024	2560	1	278	444	6.10333
1024	2560	1	270	270	6.15039
1024	2560	1	334	300	3.39071
1024	2560	1	232	276	1.35193
1536	2560	1	12	286	2.33439
1536	2560	1	66	204	1.72636
1536	2560	1	200	184	3.10098
1536	2560	1	316	112	2.58610
1536	2048	1	354	372	6.05182
1536	2048	1	456	376	0.66104
1536	2048	1	512	98	2.46536
1536	2048	1	18	4	0.00000
1536	2560	1	226	318	0.00000
1536	2560	1	138	332	0.43490
1536	2560	1	8	392	5.26414
1024	2560	1	440	428	5.13381
1024	2560	1	150	232	1.10161
1536	2560	1	406	396	1.28749
1536	2560	1	312	260	5.33827
1536	2560	1	452	182	0.79895
1536	2560	1	446	20	4.49943
1536	2560	1	428	88	4.08307
1536	2560	1	46	494	0.90710
1536	2560	1	176	486	0.49194
1536	2560	1	372	512	4.93149
1024	2048	1	366	0	0.43926
1024	2048	1	256	0	0.00000
1536	2048	1	360	0	4.71300
1536	2560	1	512	296	3.66074
1024	3072	1	184	14	1.29469
1024	3072	1	52	10	3.94967
1024	3072	1	88	108	1.06862
1024	3072	1	330	24	1.09872
1024	3072	1	190	116	0.47886
1024	3072	1	80	228	3.98675
1536	3072	1	54	126	6.02648
1024	3072	1	476	200	4.17710
1024	3072	2	378	184	0.00000
1024	3072	2	472	38	0.00000
1024	3072	1	342	250	6.03083
1024	3072	1	268	242	5.95815
1024	3072	1	160	276	0.41735
1024	3072	1	58	334	3.24735
1024	3072	1	226	350	0.11451
1536	3072	1	204	94	3.57802
1024	3072	1	102	428	3.76823
1536	3072	1	374	154	2.66773
1536	3072	1	444	110	5.99730
1536	3072	1	346	14	4.78712
1536	3072	2	28	70	0.00000
1536	3072	2	140	20	0.00000
1536	3072	1	186	312	5.07891
1536	3072	1	396	284	1.80291
1536	3072	1	498	240	4.65970
1024	3072	1	138	490	0.49702
1024	3072	1	248	456	0.91888
1024	3072	1	362	452	0.75985
1536	3072	1	128	386	1.59600
1536	3072	1	30	312	0.98116
1536	3072	1	264	468	0.40797
1536	3072	2	373	455	0.00000
1536	3072	1	458	394	0.91857
1536	3072	2	424	352	0.00000
1024	3072	1	508	472	1.44137
1024	3584	1	68	116	0.78917
1024	3584	1	0	38	4.94568
1024	3584	1	192	116	4.55732
1024	3584	1	296	36	1.55845
1024	3584	1	464	104	6.06854
1536	3072	1	100	482	3.53868
1536	3584	2	9	55	0.00000
1024	3584	1	150	208	5.44932
1536	3584	1	186	56	5.43444
1536	3072	1	464	460	0.77946
1536	3584	1	332	20	1.70712
1536	3584	1	512	26	0.00000
1536	3584	1	340	142	1.40814
1536	3584	1	210	162	1.72382
1536	3584	1	486	238	0.29405
1536	3584	2	468	118	0.00000
1024	3584	1	488	238	5.57560
1024	3584	1	362	296	0.00000
1024	3584	1	30	268	6.02532
1024	3584	1	110	296	5.93040
1536	3584	1	100	250	0.57330
1536	3584	1	174	290	0.44830
1536	3584	2	240	368	0.00000
1536	3584	1	340	258	0.70650
1024	3584	1	28	516	2.44748
1024	3584	1	88	470	5.87038
1024	3584	1	432	408	0.25330
1536	3584	1	15	396	0.00000
1536	3584	1	80	464	0.43895
1536	3584	1	180	462	0.19252
1536	3584	1	394	338	0.34906
1536	3584	1	480	438	6.16019
1536	3584	1	328	486	5.60082
1536	3584	2	252	268	0.00000
2560	2560	1	502	506	1.62121
2560	2560	1	468	430	1.00294
2560	2560	1	424	382	3.99665
2560	2560	1	300	426	2.79198
2560	2560	1	138	400	5.32918
2560	2560	1	170	512	5.59297
2560	2560	1	52	490	3.01628
2048	2560	2	462	480	0.00000
2048	2560	1	280	488	3.26989
2048	2560	1	144	490	6.11951
2048	2560	1	68	502	1.95004
2048	2560	1	30	382	0.00000
2048	2560	2	192	422	0.00000
2048	2560	2	168	362	0.00000
2048	2560	1	374	402	4.93341
2048	2560	1	272	372	4.57368
2048	2560	1	4	258	3.74120
2048	2560	1	98	222	0.34067
2048	2560	1	190	262	0.94030
2048	2560	1	290	290	4.17632
2048	2560	2	440	316	0.00000
2048	2560	2	314	206	0.00000
2048	2560	2	172	148	0.00000
2048	2560	2	232	156	0.00000
2048	2560	1	320	154	5.17052
2048	2560	2	382	98	0.00000
2048	2560	2	412	51	0.00000
2048	2048	1	430	486	4.17620
2560	2560	1	504	274	0.54822
2560	2560	1	366	288	4.86120
2560	2560	1	60	262	0.00000
2048	2560	1	474	256	1.72197
2560	2560	1	136	228	3.11118
2560	2560	1	230	284	2.87696
2560	2560	1	312	168	2.45092
2048	2560	1	444	104	3.78945
2560	2560	2	18	163	0.00000
2048	2560	1	68	138	4.05612
2048	2560	1	84	60	1.37934
2048	2048	2	22	501	0.00000
2048	2048	1	118	510	2.02775
2048	2048	1	24	406	1.88471
2048	2560	1	272	66	3.98205
2048	2048	2	210	505	0.00000
2048	2048	2	254	497	0.00000
2048	2048	2	240	443	0.00000
2048	2048	1	144	414	4.15190
2048	2048	1	334	428	4.05942
2048	2560	2	362	1	0.00000
2560	2560	1	6	50	2.78862
2560	2560	1	114	68	3.77972
2560	2560	1	218	72	1.28192
2560	2560	1	512	146	0.81751
2560	2560	1	394	114	5.54648
2560	2560	2	280	3	0.00000
2560	2560	1	484	30	5.17690
2560	2048	1	512	450	0.00000
2560	2048	1	84	460	3.83603
2560	2048	1	346	454	3.18467
2560	2048	1	246	424	5.10052
2560	2048	1	102	322	2.14013
2560	2048	1	172	286	3.04575
2560	2048	1	334	332	4.33494
2560	2048	1	496	322	0.48748
2560	2048	1	484	254	0.94644
2048	2048	1	54	312	5.40345
2048	2048	1	136	262	5.93998
2048	2048	1	244	300	0.00000
2560	2560	2	14	474	0.00000
2048	2048	1	48	176	4.91675
2048	2048	1	18	30	0.87769
2048	2048	1	54	66	0.75778
2048	2048	1	152	64	5.60714
2048	2048	1	488	196	0.81809
2048	2048	1	398	138	0.85832
2048	2048	1	336	2	2.56514
2048	2048	2	508	65	0.00000
2048	2048	2	408	0	0.00000
2048	2048	1	470	20	1.28410
2560	2048	1	80	102	4.92488
2560	2048	1	486	164	1.34887
2560	2048	1	318	214	4.20681
2560	2048	1	192	178	5.99340
2560	2048	1	298	98	0.00000
2560	2048	1	360	42	0.00000
2560	2048	1	422	60	0.00000
2560	2048	1	488	52	0.00000
2560	2048	1	216	66	3.16777
3072	2048	1	86	50	0.40090
3072	2048	1	184	46	4.21905
3072	2048	1	210	106	4.26999
3072	2048	2	108	122	0.00000
3072	2048	1	2	160	1.06803
3072	2048	1	104	264	2.27953
3072	2048	1	368	42	4.48770
3072	2048	1	344	148	0.90132
3072	2048	1	272	228	2.44567
3072	2048	1	508	106	4.32526
3072	2048	1	464	0	2.78035
3584	2048	1	224	0	0.00000
3584	2048	1	150	116	0.21516
3584	2048	1	266	88	3.76712
3584	2048	1	390	94	6.11199
3584	2048	1	468	60	0.00000
3584	2048	1	512	98	0.00000
3584	2048	1	384	218	5.46298
3584	2048	1	180	256	4.78804
3584	2048	1	20	234	4.47379
3072	2048	1	402	220	4.29527
3072	2048	1	4	318	0.92394
3072	2048	1	174	366	4.81815
3072	2048	1	32	424	0.41072
3072	2048	1	404	308	4.66505
3072	2048	1	346	368	1.77579
3584	2048	1	102	318	2.10842
3072	2048	1	470	400	3.54702
3584	2048	1	214	358	3.79643
3584	2048	1	122	450	5.33184
3584	2048	1	284	418	4.19220
3584	2048	1	506	428	2.32803
3584	2048	1	412	464	2.38038
3584	2048	1	326	512	5.41619
3584	2560	1	256	30	5.32765
3072	2048	1	112	500	2.66664
3072	2048	1	178	462	2.10639
3072	2048	1	292	448	4.65039
3584	2048	1	36	464	2.22629
3072	2560	1	472	2	1.94603
3072	2560	1	402	44	2.05421
3072	2560	2	310	24	0.00000
3072	2560	1	58	128	0.69519
3072	2560	1	198	96	0.40991
3072	2560	2	466	192	0.00000
3072	2560	2	438	126	0.00000
3584	2560	1	36	62	0.87742
3584	2560	1	160	88	5.91658
3584	2560	1	54	140	1.49173
3584	2560	1	414	92	1.87421
3584	2560	1	512	90	3.80047
3072	2560	1	20	254	0.59360
3072	2560	1	154	248	3.50010
3072	2560	1	258	196	2.68946
3072	2560	1	358	212	2.70103
3072	2560	1	446	316	3.59264
3584	2560	1	36	210	4.46866
3584	2560	1	256	182	4.55914
3584	2560	1	374	214	1.06290
3584	2560	1	502	244	2.65619
3072	2560	1	254	350	4.35839
3072	2560	1	112	414	5.22667
3072	2560	1	378	472	0.00000
3072	2560	1	250	476	0.70514
3072	2560	1	124	512	3.36420
3584	2560	1	84	282	1.66793
3584	2560	1	70	396	0.72978
3584	2560	1	28	512	6.00681
3584	2560	1	226	280	1.17472
3584	2560	1	294	372	6.14815
3584	2560	2	348	448	0.00000
3584	2560	1	108	512	0.00000
3584	2560	2	176	472	0.00000
3584	2560	2	244	492	0.00000
3584	2560	1	432	310	1.83691
3584	2560	1	436	384	4.42295
3584	2560	1	512	434	1.72965
3584	2560	1	422	512	3.01129
3584	2560	1	328	512	5.34736
3072	3072	1	110	64	3.17375
3072	3072	1	86	180	5.64773
3072	3072	1	188	144	2.43891
3072	3072	1	220	0	0.58076
3072	3072	1	366	0	6.04739
3072	3584	1	426	318	5.64074
3072	3072	1	424	84	4.49633
3072	3072	1	402	164	4.20381
3072	3584	1	350	494	0.95670
3072	3584	1	270	454	2.44529
3072	3584	1	336	372	1.66867
3072	3584	1	34	402	2.76715
3072	3072	2	432	252	0.00000
3072	3072	1	482	178	0.68232
3584	3072	1	56	44	6.14777
3584	3072	1	118	28	0.00000
3584	3072	1	206	46	2.13560
3072	3584	1	490	290	5.40262
3072	3584	2	460	422	0.00000
3072	3072	2	244	450	0.00000
3072	3584	2	126	160	0.00000
3584	3584	1	258	434	2.97750
3584	3584	1	320	272	5.85444
3584	3584	1	460	164	5.34243
3584	3584	1	402	228	2.51279
3584	3584	1	406	448	1.38766
3584	3584	1	136	100	5.49730
3584	3584	1	148	184	4.81126
3584	3584	1	26	394	0.58800
3584	3072	1	460	292	3.44864
3584	3072	2	228	142	0.00000
3584	3072	2	250	258	0.00000
3584	3072	2	278	188	0.00000
3584	3072	2	292	72	0.00000
3584	3072	2	338	116	0.00000
3584	3072	1	378	252	0.95942
3584	3072	1	470	164	1.61171
3584	3072	1	432	40	3.31378
3584	3072	1	486	46	0.00000
3584	3584	1	80	268	0.96705
3584	3584	1	238	250	0.15984
3584	3072	1	350	382	1.61676
3584	3072	1	368	490	2.35896
3584	3584	1	450	36	3.30127
3584	3584	1	252	24	3.70114
3584	3584	1	512	62	3.14159
3584	3584	1	356	58	5.22005
3584	3584	1	320	126	4.37375
3584	3584	1	208	512	2.89754
3584	3584	1	428	322	2.13551
3584	3584	1	512	280	6.25091
3584	3584	1	92	444	0.38291
3584	3584	1	164	424	0.16741
3584	3584	1	306	356	0.03819
3072	3584	1	100	504	1.08588
3072	3584	2	108	364	0.00000
3072	3072	2	32	392	0.00000
3072	3072	1	188	294	0.00000
3072	3072	1	290	162	5.90151
3584	3072	1	70	228	3.15364
3072	3072	1	98	318	0.00000
3072	3072	1	264	310	3.31526
3072	3072	1	330	298	3.02097
3072	3072	1	86	456	1.00721
3072	3072	1	360	404	4.04028
3584	3072	1	134	448	2.14883
3584	3072	2	242	408	0.00000
3584	3072	2	30	362	0.00000
3072	3072	1	394	506	1.76028
3584	3072	1	58	502	1.42985
3072	3584	1	106	246	2.04824
3072	3584	2	58	302	0.00000
3072	3584	1	220	240	3.09523
3584	3584	1	18	106	0.03885
3072	3584	1	434	172	0.87376
3072	3584	1	430	102	0.70452
3072	3584	1	300	244	5.56021
3072	3584	1	334	138	3.05336
3072	3584	1	300	20	5.00385
3072	3584	1	252	106	5.80284
3072	3584	1	148	98	4.62401
3072	3584	1	28	30	2.67795
3072	3584	1	0	194	0.66104
3072	3072	1	182	484	2.97707
2560	3584	1	368	422	5.45741
2560	3584	1	512	378	2.63807
2560	3584	1	52	308	4.58839
2560	3584	1	512	274	1.73595
2048	3584	1	348	336	5.36892
2560	3584	1	130	206	2.22067
2048	3584	1	118	512	5.66350
2048	3584	1	208	460	5.87532
2048	3584	1	246	326	0.26233
2048	3584	1	194	420	5.44103
2048	3584	1	20	512	0.00000
2560	3584	1	194	494	5.80211
2048	3584	1	438	378	0.40489
2560	3584	1	512	198	0.55860
2048	3584	1	52	300	3.29281
2048	3584	1	108	434	5.55083
2048	3584	1	288	398	0.00000
2048	3584	1	196	222	0.00000
2560	3584	1	244	244	6.06236
2048	3584	1	228	186	4.54724
2560	3584	1	36	404	4.81121
2048	3584	1	360	270	5.26856
2560	3584	1	368	298	0.47064
2560	3584	1	182	370	6.03963
2560	3584	1	304	502	0.23688
2560	3584	1	132	512	0.00000
2048	3584	1	422	190	0.00000
2048	3584	1	330	144	2.39040
2048	3584	1	124	188	1.95940
2560	3584	1	24	184	0.26890
2048	3584	1	0	216	0.41393
2560	3584	1	2	498	5.75760
2560	3584	2	262	356	0.00000
2048	3584	2	136	284	0.00000
2048	3584	1	26	16	0.47385
2048	3584	1	122	74	0.23022
2048	3072	2	158	486	0.00000
2048	3072	1	80	498	3.84209
2048	3584	1	240	32	4.63038
2048	3584	1	372	22	2.90174
2048	3584	1	448	36	3.73155
2048	3584	1	494	96	0.33350
2560	3584	1	104	86	5.83580
2560	3584	1	216	80	1.33810
2560	3584	1	336	112	1.30397
2560	3584	1	438	144	1.03504
2560	3584	1	512	12	2.23957
2560	3072	1	448	400	6.09586
2560	3072	1	212	462	0.00000
2560	3584	1	352	28	4.99250
2560	3072	1	338	410	4.30720
2048	3072	1	360	320	6.19524
2048	3072	1	0	240	4.98838
2048	3072	1	82	268	0.26726
2048	3072	1	186	272	0.00000
2048	3584	2	158	76	0.00000
2048	3072	2	308	430	0.00000
2048	3072	2	494	440	0.00000
2560	3072	2	6	390	0.00000
2560	3072	2	102	440	0.00000
2560	3072	1	166	380	0.00000
2560	3072	1	244	310	5.87325
2560	3072	1	54	320	4.81297
2560	3072	2	100	230	0.00000
2560	3072	2	352	242	0.00000
2560	3072	1	394	198	5.87549
2560	3072	1	502	138	6.03029
2048	3072	1	34	0	5.15028
2048	3072	1	150	6	0.00000
2048	3072	1	148	88	0.68123
2048	3072	1	282	24	3.16621
2048	3072	1	268	194	5.14122
2048	3072	1	368	142	5.56436
2048	3072	1	456	74	0.58716
2560	3072	1	6	162	4.43171
2560	3072	1	60	14	3.06363
2560	3072	1	176	42	5.78819
2560	3072	1	138	176	2.90283
2560	3072	1	348	60	4.65010
2048	3072	2	470	286	0.00000
2048	3072	2	288	284	0.00000
2560	3072	2	230	134	0.00000
2560	3072	2	136	76	0.00000
