1024	2048	2	198	82	0.00000
1024	2048	1	116	74	0.00000
1024	2048	1	362	138	3.18712
1024	2048	2	338	42	0.00000
1536	2048	2	18	54	0.00000
1024	2048	2	26	510	0.00000
1536	2048	2	228	180	0.00000
1536	2048	2	288	106	0.00000
1536	2048	2	312	38	0.00000
1536	2048	2	488	72	0.00000
1024	2048	1	212	380	0.32751
1024	2048	1	234	154	0.73651
1024	2048	2	254	32	0.00000
1024	2048	1	190	268	2.03444
1024	2560	1	312	6	1.20405
1024	2048	1	502	300	5.81594
1536	2048	1	122	132	0.55560
1536	2048	1	82	372	0.81242
1024	2048	1	398	390	4.92445
1024	2560	1	64	142	2.39755
1536	2048	1	212	292	3.47171
1536	2048	2	274	362	0.00000
1536	2048	1	440	186	1.47408
1536	2048	2	386	60	0.00000
1536	2560	1	24	20	5.77154
1024	2560	1	358	58	0.78335
1024	2560	1	374	140	3.90294
1536	2048	1	200	506	0.47952
1536	2048	1	392	424	0.00000
1536	2048	1	334	306	2.67795
1536	2048	1	468	342	2.85423
1536	2560	1	362	62	2.75801
1536	2560	1	62	144	3.93391
1536	2560	1	118	210	0.86217
1536	2560	1	258	86	0.00000
1024	2560	1	246	366	0.00000
1024	2560	2	176	292	0.00000
1024	2560	2	350	444	0.00000
1024	2560	2	348	498	0.00000
1024	2560	1	60	276	4.32126
1024	2560	1	336	324	3.28349
1024	2560	1	436	198	0.56192
1024	2560	2	500	108	0.00000
1024	2560	1	86	410	0.48313
1024	2560	2	36	500	0.00000
1536	2560	2	478	422	0.00000
1536	2560	1	48	332	2.80403
1536	2048	1	478	508	3.79292
1536	2560	1	306	262	5.65916
1536	2560	1	152	334	0.38051
1024	2560	1	500	394	5.76764
1024	2560	1	170	440	3.84541
1024	2560	1	428	466	3.57391
1536	2560	1	54	474	0.80812
1536	2560	1	232	442	0.00000
1536	2560	1	478	112	1.12469
1536	2560	1	436	216	1.91382
1536	2560	1	466	304	4.60905
1536	2560	1	322	398	3.17760
1536	2560	1	404	396	5.97572
1024	2560	1	256	470	0.58116
1536	2560	1	346	512	4.79729
1536	2560	1	494	486	0.99114
1536	2560	2	504	364	0.00000
1024	3584	1	334	292	0.00000
1024	3584	1	112	68	4.86650
1024	3584	1	130	302	5.54961
1536	3584	1	340	492	5.41435
1024	3584	1	426	350	6.03821
1536	3584	1	54	460	0.73886
1536	3584	1	512	434	0.00000
1536	3584	1	182	476	0.00000
1536	3584	1	380	242	1.69190
1536	3584	1	92	218	0.54042
1024	3584	1	130	470	5.63845
1536	3584	1	116	334	1.40835
1536	3584	1	512	262	1.17539
1024	3584	1	54	148	5.67911
1536	3584	1	396	362	0.00000
1536	3584	1	236	220	1.53421
1024	3584	1	496	250	5.32955
1536	3584	1	262	330	1.52115
1536	3072	1	168	424	2.89963
1536	3072	1	212	186	4.62411
1536	3072	1	98	486	3.52091
1536	3584	1	214	128	1.92302
1536	3072	1	486	126	5.90106
1536	3072	1	310	218	0.41804
1536	3072	1	380	94	2.84297
1536	3072	1	502	360	0.00000
1536	3584	1	434	186	1.75090
1536	3072	1	230	458	0.33954
1536	3072	1	434	394	2.71874
1536	3072	1	188	310	5.12883
1536	3072	1	360	314	0.93555
1536	3072	1	484	238	2.04613
1536	3072	1	388	452	2.96174
1536	3072	1	246	54	1.71098
1536	3584	2	480	106	0.00000
1536	3584	2	420	122	0.00000
1024	3584	1	392	2	1.11236
1024	3072	1	272	364	5.02280
1536	3072	1	42	446	0.69819
1024	3072	1	14	440	0.00000
1536	3072	1	42	322	1.02148
1024	3584	1	496	120	5.78202
1024	3584	1	0	238	0.00000
1024	3072	1	118	462	0.00000
1024	3072	1	246	464	1.00988
1024	3584	1	40	514	5.60600
1024	3072	1	438	344	0.98822
1024	3584	1	402	154	2.51955
1024	3072	1	146	332	1.05784
1024	3072	1	6	286	3.19418
1024	3072	1	74	176	3.00606
1024	3072	1	126	188	0.44794
1024	3072	1	146	64	4.57686
1024	3072	1	210	14	0.50085
1024	3072	1	310	112	5.28859
1024	3072	1	280	178	5.07831
1024	3072	1	290	260	4.59625
1024	3072	1	356	36	0.00000
1024	3072	1	442	120	1.55609
1024	3072	1	506	182	1.69515
2048	2048	1	160	46	3.26930
2048	2048	1	64	16	4.58269
2048	2048	1	84	144	2.82502
2048	2048	1	46	284	5.93019
2048	2048	1	162	194	0.32812
2048	2048	1	232	222	5.77485
2048	2048	1	386	134	3.60461
2048	2048	2	408	18	0.00000
2048	2048	1	494	200	0.60449
2560	2048	1	16	112	5.63707
2560	2048	1	92	40	3.81050
2560	2048	1	216	46	3.04449
2560	2048	1	278	12	2.97300
2560	2048	1	164	42	2.80686
2560	2048	1	198	122	5.68224
2560	2048	1	232	182	1.61244
2560	2048	1	306	80	0.17203
2560	2048	1	364	64	5.74403
2560	2048	1	424	56	0.00000
2560	2048	1	474	118	3.16084
2560	2048	1	332	232	3.20641
2560	2048	1	512	200	0.72485
2560	2048	1	500	304	1.25822
2560	2048	1	26	284	4.02972
2048	2048	1	118	364	3.72570
2048	2048	1	318	336	1.05165
2048	2048	1	350	412	4.19661
2560	2048	1	80	412	2.57958
2560	2048	1	236	414	2.84998
2560	2048	2	298	390	0.00000
2560	2048	1	358	454	3.45153
2048	2048	1	0	462	1.11447
2048	2048	1	140	462	1.30136
2048	2560	1	76	14	1.69515
2048	2048	2	238	438	0.00000
2048	2048	2	212	504	0.00000
2048	2048	1	320	508	3.66246
2048	2560	2	376	98	0.00000
2048	2560	2	408	52	0.00000
2048	2560	1	512	12	3.98962
2560	2560	1	30	72	3.79858
2560	2560	2	28	168	0.00000
2560	2048	1	168	486	2.56993
2560	2560	1	430	2	3.31749
2560	2560	2	512	22	0.00000
2560	2560	1	148	108	0.00000
2560	2560	1	254	88	0.86944
2560	2560	2	284	6	0.00000
2560	2560	1	370	102	5.44360
2560	2560	1	500	100	4.74295
2560	2560	1	490	214	0.00000
2560	2560	1	400	250	2.46685
2560	2560	2	468	332	0.00000
2048	2560	2	244	158	0.00000
2048	2560	2	180	156	0.00000
2048	2560	2	324	218	0.00000
2048	2560	2	466	484	0.00000
2048	2560	2	160	362	0.00000
2048	2560	2	194	418	0.00000
2048	2560	2	448	312	0.00000
2048	2560	1	196	80	5.35248
2048	2560	1	106	178	3.60835
2048	2560	1	74	120	0.31100
2048	2560	1	28	102	0.00000
2048	2560	1	350	140	5.32530
2048	2560	1	452	232	1.14265
2560	2560	1	6	282	3.73779
2560	2560	1	96	320	3.91556
2560	2560	1	208	260	3.34323
2560	2560	1	294	186	6.02939
2560	2560	1	348	322	5.15991
2560	2560	1	236	390	3.61665
2048	2560	1	128	276	1.16829
2048	2560	2	28	280	0.00000
2048	2560	1	42	374	4.74268
2048	2560	1	276	438	3.10352
2048	2560	1	346	492	3.46321
2560	2560	1	34	450	5.91583
2560	2560	1	130	448	5.17604
2560	2560	1	356	450	2.02111
2560	2560	1	498	502	2.29490
2048	2560	1	144	490	0.00000
2048	2560	1	22	462	0.92161
2048	2560	2	68	512	0.00000
2560	2560	1	190	512	5.00845
3584	2048	1	382	218	5.36068
3584	2048	1	394	84	5.95101
3584	2048	1	460	56	0.29488
3584	2048	1	512	98	0.00000
3584	2048	1	270	104	3.74075
3584	2048	1	236	0	0.00000
3584	2048	1	152	100	0.00000
3584	2048	1	14	90	3.76758
3072	2048	1	332	10	5.53184
3072	2048	1	426	0	3.09230
3072	2048	1	86	50	0.71591
3072	2048	1	206	24	1.80468
3072	2048	1	236	100	4.74401
3072	2048	1	0	194	0.95800
3072	2048	1	36	288	0.98595
3072	2048	1	136	172	5.96060
3072	2048	1	418	140	2.56214
3072	2048	1	366	184	5.60550
3072	2048	1	300	204	2.52064
3072	2048	1	148	354	5.41345
3072	2048	1	242	372	2.94784
3072	2048	1	320	344	2.88603
3072	2048	1	392	340	2.74502
3072	2048	1	502	200	4.15624
3584	2048	1	232	240	4.42939
3584	2048	1	44	268	1.09687
3584	2048	1	80	322	0.87493
3584	2048	1	268	304	5.07729
3072	2048	1	198	462	1.64655
3072	2048	1	342	464	4.52077
3072	2048	1	488	448	2.69178
3584	2048	1	112	390	4.38951
3584	2048	1	198	400	0.33369
3072	2560	1	280	76	2.30199
3072	2560	2	14	11	0.00000
3072	2560	2	472	193	0.00000
3072	2560	1	196	160	0.00000
3072	2560	2	166	77	0.00000
3072	2560	1	20	96	5.37689
3072	2560	1	76	316	3.14701
3072	2560	1	176	358	3.38193
3072	2560	1	430	44	1.48811
3584	2048	1	378	470	2.65030
3584	2048	1	474	468	2.46624
3584	2048	1	236	482	3.63607
3584	2560	1	322	26	5.83681
3584	2560	1	64	62	2.00036
3584	2048	1	86	490	5.68487
3072	2560	1	350	150	0.76245
3072	2560	2	436	131	0.00000
3072	2560	1	260	266	0.11572
3072	2560	1	350	278	3.37202
3584	2560	1	12	120	2.01547
3584	2560	1	114	146	3.88687
3584	2560	1	454	72	0.21705
3584	2560	1	512	270	3.46893
3584	2560	1	206	60	2.44327
3584	2560	1	270	170	4.67124
3584	2560	1	244	232	4.34759
3584	2560	1	120	246	5.21025
3072	2560	1	412	334	3.66536
3584	2560	1	52	286	1.64705
3584	2560	1	360	296	3.29941
3584	2560	1	434	292	3.35355
3584	2560	1	512	100	0.00000
3584	2560	1	512	330	0.46906
3072	2560	1	294	430	0.90931
3072	2560	1	114	512	3.14088
3072	2560	1	376	482	0.00000
3072	2560	1	470	388	0.91840
3584	2560	1	102	350	1.05669
3584	2560	1	234	336	4.94321
3584	2560	1	152	406	1.20297
3584	2560	1	46	492	2.86563
3584	2560	1	184	480	2.87966
3584	2560	1	280	442	5.72341
3584	2560	1	408	398	5.48028
3584	2560	1	364	452	2.64854
3584	2560	1	234	480	5.62918
3584	2560	2	474	512	0.00000
3072	3072	1	113	33	3.21835
3072	3072	1	63	148	5.53751
3072	3072	1	219	59	5.01424
3072	3072	1	321	100	4.17088
3072	3072	1	490	131	0.25196
3584	3072	1	57	25	3.04743
3072	3072	1	185	220	5.41367
3072	3072	1	86	326	0.16456
3072	3072	1	272	178	5.40917
3072	3072	1	391	179	5.40686
3072	3072	2	431	248	0.00000
3584	3072	1	110	144	0.98917
3584	3072	1	68	247	2.58897
3072	3072	1	190	389	2.00037
3072	3072	1	285	337	2.61941
3072	3072	1	373	300	2.20145
3072	3072	1	47	453	5.08815
3584	3072	1	185	203	1.25855
3584	3072	1	456	39	0.20057
3584	3072	1	444	152	1.14278
3584	3072	1	297	203	6.02864
3584	3072	1	507	200	0.64729
3584	3072	1	383	200	5.28254
3584	3072	1	351	48	0.41866
3584	3072	2	212	48	0.00000
3584	3072	2	241	115	0.00000
3584	3072	1	352	299	0.47480
3584	3072	1	496	341	2.95471
3584	3072	1	437	347	3.11147
3584	3072	1	383	426	3.39567
3584	3072	1	268	353	2.23541
3584	3072	1	187	423	3.99442
3072	3072	1	453	415	4.12967
3072	3584	1	30	30	3.20237
3072	3072	1	332	495	5.07519
3072	3584	1	243	28	2.15080
3072	3584	1	188	66	2.09533
3584	3072	1	31	455	1.05776
3584	3072	1	290	424	0.82647
3584	3072	1	204	501	3.48514
3584	3584	1	416	4	0.29320
3584	3584	1	465	38	3.55187
3584	3584	1	512	51	3.36254
3584	3584	1	331	31	5.10300
3584	3584	1	343	115	2.49444
3072	3584	1	437	48	0.00000
3072	3584	1	338	103	4.02204
3584	3584	1	29	91	2.98360
3584	3584	1	216	123	1.79240
3584	3584	1	434	170	0.57698
3072	3584	1	146	127	5.01662
3072	3072	2	246	453	0.00000
3072	3584	1	204	206	1.83711
3072	3584	1	360	186	0.56360
3072	3584	1	186	286	3.10016
3072	3584	1	10	209	0.78510
3072	3584	1	57	294	1.93001
3584	3584	1	39	223	1.44287
3584	3584	1	293	240	6.20599
3584	3584	1	361	280	6.04045
3584	3584	1	472	265	0.00000
3584	3584	1	227	254	6.03818
3584	3584	1	160	238	5.93260
3584	3584	1	15	319	4.45183
3072	3584	1	411	308	0.00000
3072	3584	1	290	312	5.64183
3584	3584	1	77	393	0.71607
3584	3584	1	154	352	5.72962
3072	3584	1	379	452	0.60724
3072	3584	1	449	447	0.44849
3072	3584	1	454	389	1.70458
3584	3584	1	322	391	6.05406
3584	3584	1	221	396	0.28033
3584	3584	1	22	498	2.22918
3072	3584	1	108	512	1.46227
2560	3584	1	136	160	1.08425
2048	3584	1	390	264	0.00000
2048	3584	1	482	100	0.14190
2560	3584	1	54	70	5.86075
2048	3584	1	422	192	6.20786
2560	3584	1	34	204	0.94844
2560	3584	1	256	172	0.23315
2560	3584	1	132	32	6.06384
2560	3584	1	162	256	6.12327
2560	3584	1	410	248	0.39534
2048	3584	1	40	98	2.94420
2048	3584	1	162	60	0.85197
2048	3584	1	188	178	1.79760
2048	3584	1	348	154	0.56457
2560	3072	1	214	288	0.00000
2048	3072	1	262	488	0.00000
2048	3584	1	344	454	0.00000
2560	3072	1	34	452	2.48954
2560	3584	1	282	14	4.11290
2560	3072	1	148	352	0.00000
2048	3072	1	374	480	5.91601
2048	3584	1	220	110	4.18189
2560	3584	1	442	30	1.38545
2560	3072	1	414	376	0.00000
2048	3584	1	448	50	3.91859
2560	3072	1	216	454	0.00000
2048	3072	1	192	372	1.21849
2560	3584	1	474	126	1.61788
2560	3072	1	326	410	5.58845
2048	3072	1	60	496	3.02694
2560	3072	2	336	238	0.00000
2560	3072	1	446	124	0.45477
2560	3584	1	200	490	5.62766
2560	3072	1	226	172	1.80422
2048	3072	1	370	304	3.73423
2048	3072	1	190	260	0.00000
2560	3584	1	372	380	5.42339
2048	3072	1	428	354	0.55252
2048	3584	1	280	318	5.74505
2560	3072	1	84	320	3.09967
2048	3072	1	502	240	1.96345
2048	3584	1	102	410	0.00000
2048	3584	1	222	372	4.96401
2560	3584	1	50	308	4.91523
2048	3584	1	442	380	0.29863
2560	3584	1	24	380	5.32311
2560	3072	2	102	238	0.00000
2560	3072	2	102	436	0.00000
2048	3584	2	152	282	0.00000
2048	3072	1	50	166	0.00000
2048	3072	1	228	140	3.35896
2048	3072	1	130	38	0.00000
2048	3072	1	290	158	3.49664
2048	3072	1	504	66	1.09244
2560	3072	1	48	140	3.60524
2560	3072	2	132	82	0.00000
2560	3072	1	358	104	0.00000
2560	3072	1	216	34	5.05686
2560	3584	2	276	354	0.00000
2560	3584	1	512	372	3.09249
