1024	2048	2	206	96	0.00000
1024	2048	1	70	138	3.96813
1024	2048	1	506	230	3.45135
1024	2048	1	28	334	5.34119
1024	2048	1	146	362	3.23019
1024	2048	1	240	378	0.31204
1024	2048	1	426	42	2.21904
1024	2048	2	244	20	0.00000
1536	2048	2	10	24	0.00000
1536	2048	1	164	62	5.94029
1536	2048	2	222	190	0.00000
1536	2048	2	256	68	0.00000
1536	2048	1	334	24	4.02215
1536	2048	2	488	58	0.00000
1536	2048	1	356	122	4.02176
1536	2048	1	330	274	2.50072
1536	2048	1	470	154	4.33086
1536	2048	1	106	460	5.62214
1536	2048	2	260	340	0.00000
1536	2048	1	512	280	0.27487
1024	2560	1	258	38	1.11667
1024	2560	1	462	50	2.17921
1536	2560	1	208	22	3.59923
1536	2048	1	324	460	3.98316
1536	2048	1	432	496	3.30812
1024	2560	1	20	214	0.00000
1024	2560	2	102	190	0.00000
1024	2560	1	250	136	5.08410
1536	2560	1	90	110	0.36309
1024	2560	1	426	236	2.58147
1024	2560	1	276	290	5.55329
1024	2560	1	190	206	2.20880
1024	2560	1	98	290	2.26440
1024	2560	1	204	394	0.58297
1536	2560	1	312	122	4.35471
1024	2560	1	80	460	5.29595
1024	2560	1	40	362	1.49441
1536	2560	1	52	230	2.16463
1536	2560	1	454	206	3.36637
1536	2560	1	134	200	0.00000
1536	2560	1	276	258	5.78676
1536	2560	1	28	358	1.91543
1024	2560	1	466	458	2.39790
1024	2560	1	228	484	3.64301
1536	2560	2	474	344	0.00000
1536	2560	2	362	498	0.00000
1536	2560	1	360	270	0.23666
1536	2560	1	68	442	5.15611
1536	2560	1	190	298	3.68251
1536	2560	1	384	420	2.11720
1024	2560	1	382	480	3.96471
1024	2560	2	290	512	0.00000
1536	2560	1	272	394	0.23442
1536	2560	2	506	476	0.00000
1536	2560	1	190	424	2.21440
1536	2560	2	482	400	0.00000
1024	2560	2	176	276	0.00000
1024	3072	1	116	64	5.30858
1024	3072	1	252	46	3.53310
1024	3072	1	120	168	3.36382
1024	3072	1	248	144	4.18805
1024	3072	1	254	234	4.32063
1024	3072	1	164	302	2.70298
1024	3072	1	120	504	5.65072
1024	3072	1	54	506	0.00000
1024	3584	1	98	214	1.07871
1024	3584	1	322	122	1.58863
1536	3072	1	64	150	0.48044
1536	3072	1	52	66	0.49934
1536	3072	1	184	118	2.59924
1536	3072	1	254	52	2.23316
1536	3072	1	346	20	3.34173
1536	3072	1	512	72	4.71413
1536	3072	1	424	134	1.15546
1536	3072	1	292	182	4.00488
1536	3072	1	130	216	0.13337
1024	3072	1	476	256	0.38933
1536	3072	1	42	270	0.40901
1024	3072	1	56	212	0.00000
1024	3072	1	320	290	0.26769
1024	3072	1	242	372	3.81027
1024	3072	1	296	488	0.60865
1024	3072	1	456	360	1.89327
1024	3072	1	466	430	2.07987
1024	3072	1	404	506	1.81581
1536	3072	1	56	388	0.00000
1536	3072	1	196	310	5.16600
1536	3072	1	282	260	1.10062
1536	3072	1	370	340	2.73660
1536	3072	1	438	286	5.50246
1024	3584	1	490	58	3.58139
1536	3584	1	62	62	3.48668
1536	3072	1	160	442	5.48954
1536	3072	1	300	434	5.83436
1536	3584	1	280	14	2.21862
1024	3584	1	190	118	5.72565
1024	3584	1	212	274	0.00000
1024	3584	2	92	380	0.00000
1536	3072	2	372	442	0.00000
1536	3072	1	484	494	3.19884
1536	3584	1	192	162	0.99726
1536	3584	1	406	144	0.00000
1536	3584	1	120	264	4.19186
1024	3584	1	342	194	4.53670
1024	3584	1	414	270	1.42749
1024	3584	1	254	418	0.62386
1024	3584	1	484	336	0.99993
1024	3584	1	452	496	0.62349
1536	3584	1	42	416	0.00000
1536	3584	1	130	412	0.00000
1536	3584	1	206	426	0.66345
1536	3584	1	288	486	0.00000
1536	3584	1	242	262	2.60276
1536	3584	1	448	252	3.83055
1536	3584	1	394	312	2.40104
1536	3584	1	372	402	5.38799
1536	3584	1	512	420	3.04334
2048	2048	1	304	284	0.00000
2048	2048	1	304	86	0.48996
2048	2048	1	418	126	5.26662
2048	2048	1	120	78	0.56169
2560	2048	1	32	70	5.33428
2560	2048	1	104	248	5.45020
2560	2048	1	64	364	5.24475
2560	2048	1	200	86	0.00000
2560	2048	1	408	86	1.54743
2048	2048	1	210	334	0.00000
2048	2048	1	32	244	0.00000
2048	2048	1	98	436	2.08203
2048	2560	1	126	74	3.48865
2048	2048	1	370	462	4.41941
2048	2048	1	470	386	6.12942
2560	2048	1	8	236	2.41238
2560	2048	1	364	250	4.12563
2560	2048	1	310	76	0.00000
2560	2048	1	158	426	3.33066
2560	2048	1	264	390	0.24226
2560	2560	1	264	16	0.99629
2560	2048	1	494	512	2.79435
2560	2048	1	468	270	0.14860
2048	2560	1	316	90	5.11814
2560	2560	1	34	12	3.67195
2560	2560	1	14	306	5.76958
2560	2560	1	240	378	4.72709
2048	2560	1	168	262	1.08261
2560	2560	1	374	420	4.19878
2560	2560	1	160	180	1.82844
2560	2560	1	168	446	5.55454
2048	2560	1	454	474	0.87495
2560	2560	1	304	204	0.89421
2048	2560	1	384	298	0.60989
2048	2560	1	50	114	2.84119
2560	2560	1	350	40	0.00000
2560	2560	1	418	270	2.25500
2560	2560	1	416	482	4.16510
2560	2560	1	478	104	5.09290
2048	2560	1	58	432	0.78540
2048	2560	1	22	354	1.12273
2560	2560	1	254	118	4.62052
2560	2560	1	318	274	1.05719
2048	2560	1	268	182	3.04192
2048	2560	1	138	512	0.32175
2560	2048	1	216	206	3.90572
2048	2048	2	18	136	0.00000
2048	2048	2	222	78	0.00000
2048	2048	2	4	318	0.00000
2048	2048	2	480	62	0.00000
2560	2048	2	106	104	0.00000
2560	2048	2	148	48	0.00000
2048	2560	2	414	48	0.00000
2048	2560	2	400	160	0.00000
2048	2560	2	500	114	0.00000
2560	2560	2	28	170	0.00000
2560	2048	2	448	476	0.00000
2048	2560	2	160	158	0.00000
2048	2560	2	444	328	0.00000
2048	2560	2	334	424	0.00000
2048	2560	2	170	366	0.00000
2048	2560	2	198	412	0.00000
2560	2560	2	306	512	0.00000
2560	2560	2	16	484	0.00000
2560	2560	2	458	334	0.00000
2048	2560	2	196	512	0.00000
2048	2560	2	260	512	0.00000
2560	2560	2	478	190	0.00000
2560	2560	2	152	512	0.00000
2048	2560	2	330	210	0.00000
2048	2560	2	288	272	0.00000
3072	2048	1	56	96	5.88738
3072	2048	1	134	212	3.55570
3072	2048	1	248	250	5.82325
3072	2048	1	216	336	6.06789
3072	2048	1	152	348	2.89238
3072	2048	1	200	52	3.57855
3072	2048	2	110	22	0.00000
3072	2048	1	274	122	4.35749
3072	2048	1	442	270	2.05723
3072	2048	1	420	380	2.68342
3072	2048	1	382	130	3.42347
3072	2048	2	290	32	0.00000
3584	2048	1	36	154	5.97744
3072	2048	1	456	184	2.54711
3072	2048	1	504	30	2.79712
3584	2048	1	128	104	0.00000
3584	2048	2	76	18	0.00000
3584	2048	1	216	258	2.93273
3584	2048	1	236	84	3.90039
3584	2048	1	372	90	0.00000
3584	2048	1	466	64	0.00000
3584	2048	1	358	222	5.55449
3584	2048	1	512	120	0.00000
3584	2048	1	336	394	2.05509
3584	2048	1	68	288	2.60664
3584	2048	1	44	390	1.65781
3584	2048	1	202	414	0.88362
3584	2048	1	292	488	5.83648
3584	2560	1	102	108	0.58467
3584	2560	1	190	100	3.78015
3584	2560	1	278	84	2.65561
3072	2560	2	254	20	0.00000
3072	2560	2	314	24	0.00000
3072	2560	2	434	130	0.00000
3072	2560	2	472	180	0.00000
3072	2560	2	168	80	0.00000
3584	2560	2	186	326	0.00000
3584	2560	2	246	322	0.00000
3584	2560	2	406	252	0.00000
3072	2048	1	84	426	1.85437
3072	2560	1	78	4	1.32055
3072	2560	1	96	86	0.76474
3072	2560	1	250	122	2.67457
3072	2560	1	132	188	0.46518
3072	2560	1	266	330	3.35442
3584	2560	1	50	512	1.85192
3072	2560	1	452	386	0.17342
3072	2560	1	360	372	2.85399
3072	2560	1	218	512	1.13849
3072	2560	1	306	462	2.08763
3072	2560	1	8	482	3.51027
3072	2560	1	80	366	5.86304
3072	2560	1	168	308	2.70057
3584	2560	1	502	512	1.91881
3584	2560	1	186	480	5.99203
3584	2560	1	210	384	1.90637
3072	2560	2	168	402	0.00000
3584	2560	1	342	382	2.01998
3584	2560	1	430	376	3.27793
3584	2560	1	512	388	3.10353
3584	2560	1	414	182	4.74966
3584	2560	2	265	457	0.00000
3584	2560	2	347	458	0.00000
3584	2048	1	442	232	3.07943
3584	2560	1	60	274	6.01113
3072	2560	1	438	274	1.43559
3072	2560	1	358	206	3.93365
3072	2560	1	342	108	0.31970
3072	2048	1	378	472	3.34217
3584	2560	1	406	90	3.57293
3584	2560	1	284	250	2.83133
3584	2560	1	140	238	0.00000
3584	2560	1	362	268	6.04899
3072	2560	1	498	24	2.04343
3072	2560	1	468	72	2.17976
3584	2048	1	48	488	5.33472
3072	2560	1	28	196	2.08986
3584	2560	1	356	512	1.02205
3072	3072	1	228	190	0.00000
3584	3072	1	374	212	5.93970
3072	3072	1	188	344	1.74153
3072	3072	1	314	298	1.66444
3072	3072	1	346	200	1.48175
3072	3072	1	398	86	5.98091
3072	3072	1	264	64	4.30432
3072	3072	2	176	22	0.00000
3072	3072	1	118	194	3.93276
3072	3072	1	50	94	2.67795
3072	3584	1	240	26	3.48009
3072	3072	1	50	346	0.33929
3584	3584	1	400	138	2.29623
3584	3584	1	420	60	4.55235
3584	3584	1	348	296	0.34934
3072	3072	1	498	158	0.75685
3072	3072	2	428	256	0.00000
3584	3072	1	276	392	2.61244
3584	3072	2	412	366	0.00000
3584	3072	2	348	282	0.00000
3584	3072	1	216	230	3.61019
3584	3072	1	238	100	0.00000
3584	3072	1	486	252	0.00000
3072	3072	1	450	410	3.41495
3584	3072	2	6	406	0.00000
3072	3072	1	500	496	4.59181
3584	3072	1	70	446	2.95007
3584	3072	1	170	430	1.02449
3584	3072	1	32	246	1.74856
3584	3072	1	126	176	1.59815
3584	3072	1	118	72	3.95918
3584	3072	1	360	68	4.06756
3584	3072	1	462	112	3.54786
3072	3584	1	472	120	2.62762
3072	3584	1	386	12	2.71687
3072	3072	1	334	408	3.69081
3072	3072	1	150	408	1.80046
3072	3072	2	250	460	0.00000
3072	3584	1	128	6	2.69155
3072	3584	1	84	74	2.14517
3072	3584	1	42	142	1.96288
3072	3584	1	146	272	5.77142
3072	3584	1	188	176	2.72419
3072	3584	1	326	120	4.32568
3072	3584	1	278	238	3.91658
3584	3584	1	208	42	1.44565
3584	3072	1	212	478	0.00000
3584	3072	1	344	496	0.80127
3584	3072	1	144	308	2.06285
3584	3072	1	92	346	5.39787
3584	3584	1	48	82	2.05978
3584	3584	1	140	162	0.39077
3584	3584	1	286	94	3.67825
3584	3584	1	220	206	3.24468
3072	3584	1	456	342	1.76134
3584	3584	2	484	264	0.00000
3072	3584	2	52	288	0.00000
3584	3584	1	16	206	1.11920
3584	3584	1	190	380	4.77009
3072	3584	1	328	334	2.67272
3072	3584	1	144	382	5.59390
3072	3584	1	268	512	0.50907
3072	3584	1	86	464	1.00652
3584	3584	2	50	422	0.00000
3072	3584	2	450	474	0.00000
3584	3584	1	390	310	0.61108
3584	3584	1	306	182	0.00000
3584	3584	1	412	468	5.29353
3072	3584	2	34	396	0.00000
3584	3584	1	50	270	1.14594
3584	3072	1	488	440	3.44240
3584	3072	1	280	262	3.59437
3072	3584	1	32	218	1.58947
2048	3072	1	292	70	5.87109
2048	3072	1	446	58	1.20044
2048	3072	1	214	202	5.03019
2048	3072	1	158	116	1.16020
2560	3072	1	54	342	3.84091
2560	3072	1	122	200	4.79784
2560	3072	1	172	44	2.70559
2048	3072	1	300	368	3.59375
2048	3072	1	188	412	2.63381
2048	3072	1	134	314	3.64320
2048	3072	1	410	424	2.99307
2048	3072	1	366	266	0.00000
2560	3072	1	12	116	4.25653
2560	3072	1	248	224	0.49046
2560	3072	1	332	222	0.34123
2560	3072	1	370	50	4.97965
2560	3072	1	294	98	5.48744
2560	3072	1	462	202	5.75503
2048	3584	1	58	78	0.88936
2048	3584	1	114	186	3.81685
2048	3584	1	320	72	1.30254
2048	3072	1	330	462	0.00000
2560	3584	1	208	80	2.55971
2560	3072	1	244	344	1.37482
2048	3584	1	488	118	1.34400
2560	3584	1	110	164	2.46075
2560	3584	1	306	168	1.13275
2560	3072	1	444	366	4.02954
2560	3072	1	392	244	0.00000
2048	3584	1	264	228	5.97200
2560	3584	1	12	376	0.85483
2048	3584	1	238	430	0.00000
2560	3584	1	422	116	2.74560
2560	3584	1	84	40	1.88708
2048	3584	1	402	246	0.00000
2560	3584	1	102	266	0.00000
2560	3584	1	224	290	2.91026
2048	3072	1	40	214	2.79017
2048	3584	1	192	210	0.00000
2048	3584	1	494	206	1.13674
2560	3584	1	266	42	3.51697
2048	3584	1	146	428	0.00000
2048	3072	1	468	218	2.18323
2560	3584	1	338	334	0.61296
2560	3584	1	408	242	2.05852
2560	3584	1	440	452	1.11602
2048	3584	1	482	512	0.86448
2560	3584	1	474	26	4.00376
2560	3584	1	260	462	3.13243
2048	3584	2	138	296	0.00000
2048	3072	2	158	474	0.00000
2560	3072	2	112	416	0.00000
2560	3072	2	240	474	0.00000
2560	3072	2	374	444	0.00000
2560	3072	2	132	90	0.00000
2560	3072	2	236	138	0.00000
2560	3072	2	24	180	0.00000
2560	3072	2	94	234	0.00000
2048	3072	2	30	88	0.00000
2048	3072	2	122	64	0.00000
2048	3072	2	204	18	0.00000
2560	3072	2	512	406	0.00000
2048	3584	2	362	124	0.00000
2560	3584	2	168	512	0.00000
2048	3072	1	482	410	5.56600
2048	3584	1	236	130	4.82727
2560	3584	1	284	274	3.42093
2560	3584	1	450	324	4.20980
2048	3584	1	326	456	0.00000
2048	3584	2	408	424	0.00000
2048	3584	2	462	322	0.00000
2560	3584	2	508	486	0.00000
2560	3584	2	506	200	0.00000
2560	3584	2	512	142	0.00000
2560	3584	2	492	392	0.00000
2560	3072	2	52	458	0.00000
2048	3072	1	42	458	3.34384
