1536	2560	1	388	506	5.46447
1024	2560	1	38	298	5.71466
1024	2560	1	128	512	3.66383
1024	2560	1	330	512	4.43652
1536	2560	1	150	512	1.96244
1024	2560	1	206	412	2.71093
1024	2560	1	88	458	0.80550
1024	2560	1	354	396	0.90251
1536	2560	1	218	420	2.33133
1024	2560	1	306	306	4.71815
1024	2560	1	486	236	1.84364
1536	2560	1	54	430	5.08978
1024	2560	1	458	310	2.02452
1536	2560	1	232	332	5.80241
1024	2560	1	70	110	3.11834
1536	2560	1	344	208	3.53495
1024	2560	1	12	146	3.09354
1024	2560	1	184	170	3.00266
1536	2560	1	398	414	1.98742
1536	2560	1	262	256	5.79138
1536	2560	1	94	108	0.50431
1536	2560	1	158	200	0.15432
1024	2560	1	120	372	3.66665
1536	2560	1	84	354	2.81984
1536	2560	1	58	196	1.56354
1536	2560	1	512	476	0.26396
1536	2560	1	388	318	0.67125
1024	2560	2	184	282	0.00000
1536	2560	1	410	172	0.00000
1536	2560	2	512	342	0.00000
1024	2048	1	96	220	1.06208
1024	2048	1	234	364	0.33282
1024	2560	1	250	48	1.09067
1024	2560	1	468	50	2.20960
1536	2048	1	138	408	6.00576
1536	2048	1	10	234	3.27222
1536	2048	1	236	466	2.05392
1536	2560	1	342	32	3.25550
1536	2048	1	418	490	2.93212
1536	2560	1	488	148	0.47370
1536	2048	1	372	326	2.08211
1024	2048	1	324	86	4.62883
1024	2048	2	206	106	0.00000
1024	2048	2	260	32	0.00000
1536	2048	1	18	10	0.00000
1536	2048	1	102	74	0.00000
1536	2048	1	236	150	0.00000
1536	2048	1	236	24	0.00000
1536	2048	1	368	72	5.81567
1536	2048	1	256	342	4.39064
1536	2048	1	298	222	4.18293
1024	2048	1	26	116	4.08479
1536	2048	1	474	138	2.49347
1536	2048	2	510	60	0.00000
1536	2048	1	452	248	2.89223
1536	2560	2	292	512	0.00000
1024	3072	1	72	266	0.16515
1024	3072	1	130	16	3.73822
1024	3072	1	184	80	1.06983
1024	3072	2	468	28	0.00000
1024	3072	1	304	172	6.20540
1024	3072	2	380	188	0.00000
1024	3072	1	392	78	2.77470
1536	3072	1	78	58	4.58731
1536	3072	1	160	8	2.30769
1536	3072	1	296	34	2.87713
1536	3072	1	398	4	5.87756
1536	3072	1	428	114	5.28383
1536	3072	2	512	160	0.00000
1024	3072	2	230	278	0.00000
1024	3072	1	476	210	3.76017
1024	3072	2	492	306	0.00000
1024	3072	2	350	350	0.00000
1024	3072	1	156	226	3.57009
1024	3072	1	102	352	4.00970
1024	3072	1	312	292	0.51670
1536	3072	2	502	4	0.00000
1536	3072	1	302	162	3.98358
1536	3072	1	438	274	0.12435
1536	3072	1	132	254	5.41737
1536	3072	1	246	268	1.95106
1536	3072	1	62	288	5.42281
1536	3072	1	512	488	5.66294
1536	3584	2	374	54	0.00000
1536	3072	2	376	452	0.00000
1536	3072	1	288	420	5.75839
1536	3072	2	190	358	0.00000
1536	3072	1	172	452	5.21321
1536	3072	1	378	336	2.76676
1024	3072	1	244	376	4.98191
1024	3072	1	462	388	0.84693
1024	3072	1	74	464	1.92643
1024	3072	1	194	422	1.77911
1024	3072	1	298	488	0.70118
1024	3072	1	198	502	2.72769
1024	3584	1	98	130	0.55603
1024	3584	1	374	50	1.06429
1536	3072	1	50	428	3.24565
1024	3072	1	420	482	1.41088
1536	3584	1	272	10	2.53058
1536	3584	1	450	32	5.56510
1536	3584	2	464	114	0.00000
1024	3584	1	240	150	0.00000
1024	3584	1	492	60	3.82584
1024	3584	1	98	268	0.29337
1024	3584	2	26	44	0.00000
1024	3584	1	0	152	0.62904
1024	3584	1	330	142	1.15517
1024	3584	1	496	174	4.73641
1536	3584	1	140	192	5.29904
1536	3584	1	280	162	1.36910
1536	3584	1	390	158	0.40153
1536	3584	1	402	226	3.79670
1536	3584	1	502	166	3.83496
1024	3584	1	348	254	5.88024
1024	3584	1	254	234	2.35184
1024	3584	1	30	350	2.32206
1024	3584	1	302	426	0.00000
1024	3072	1	268	322	0.00000
1024	3584	1	440	298	0.89905
1536	3584	1	98	300	1.65893
1536	3584	1	278	288	2.10722
1024	3584	1	446	442	0.50808
1024	3584	1	218	516	5.93947
1536	3584	1	68	460	0.00000
1536	3584	1	148	436	0.33254
1536	3584	1	220	412	0.30831
1536	3584	1	286	516	0.21051
1536	3584	1	470	444	1.72935
1024	3584	1	8	496	5.51234
1536	3584	1	392	516	0.00000
1024	3584	2	160	34	0.00000
1536	3584	1	512	262	3.41555
1536	3584	1	458	516	0.00000
2048	2048	1	42	246	0.27095
2048	2048	1	162	92	3.98688
2048	2048	1	34	38	2.84844
2048	2048	1	404	84	5.74642
2048	2048	2	494	68	0.00000
2560	2048	1	16	20	5.26856
2560	2048	1	196	106	0.00000
2560	2048	1	306	104	0.07355
2560	2048	1	436	48	3.65876
2560	2048	2	232	30	0.00000
2560	2048	1	64	128	3.85490
2048	2048	1	382	176	1.96788
2048	2048	1	302	260	4.66943
2048	2048	1	214	298	0.13553
2560	2048	1	146	150	3.47005
2560	2048	1	108	244	5.72888
2560	2048	1	414	152	1.15060
2560	2048	1	464	248	0.15893
2560	2048	1	376	286	3.26079
2560	2048	1	192	254	3.82455
2560	2048	2	290	390	0.00000
2560	2048	1	300	340	2.16357
2560	2048	1	504	394	2.17113
2560	2048	1	466	504	3.55400
2560	2560	2	286	4	0.00000
2560	2048	1	198	442	2.67795
2560	2048	1	72	348	4.30174
2048	2048	1	468	378	5.93890
2048	2048	1	378	438	4.80713
2048	2048	1	60	372	5.06202
2048	2048	1	48	484	3.99665
2048	2560	1	82	54	4.88933
2048	2560	2	170	150	0.00000
2048	2560	2	226	154	0.00000
2048	2560	2	22	96	0.00000
2048	2560	1	108	172	0.24704
2048	2560	1	244	70	5.51148
2048	2560	1	318	40	4.51877
2048	2560	2	408	52	0.00000
2560	2560	1	6	52	3.82079
2560	2560	1	102	190	5.99939
2560	2560	1	200	80	1.82853
2560	2560	1	294	182	3.32531
2560	2560	1	428	122	1.97255
2560	2560	1	364	244	0.36933
2560	2560	2	498	200	0.00000
2048	2560	2	494	114	0.00000
2560	2560	2	18	160	0.00000
2048	2560	2	406	162	0.00000
2048	2560	2	320	210	0.00000
2048	2560	1	168	260	1.01883
2048	2560	1	68	372	1.71893
2048	2560	2	168	366	0.00000
2048	2560	1	8	454	0.00000
2048	2560	2	198	422	0.00000
2048	2560	1	152	512	0.74195
2048	2560	2	228	512	0.00000
2048	2560	2	318	428	0.00000
2048	2560	1	318	320	0.00000
2048	2560	1	428	252	1.78522
2560	2560	1	6	264	2.90718
2560	2560	1	128	364	4.60559
2048	2560	1	446	478	0.99172
2048	2560	1	354	512	3.08620
2560	2560	1	120	444	1.47735
2560	2560	1	254	462	5.98030
2560	2560	1	416	472	5.07823
2560	2560	2	12	478	0.00000
2048	2560	2	446	328	0.00000
2560	2560	2	312	490	0.00000
2560	2560	1	512	306	0.19385
2560	2560	1	508	426	2.27281
2560	2560	2	458	332	0.00000
2048	2560	2	492	512	0.00000
3072	2560	1	106	306	3.73133
3584	2560	1	234	338	3.56571
3072	2560	1	90	50	4.39998
3584	2560	1	394	412	2.77319
3584	2560	1	384	282	1.85280
3584	2560	1	498	500	0.85686
3584	2560	1	254	506	4.11363
3072	2560	1	22	450	2.34335
3072	2560	1	502	462	1.03038
3072	2560	1	258	340	2.15853
3584	2560	1	464	440	3.34573
3584	2560	1	350	456	2.68315
3584	2560	1	240	442	4.46741
3584	2560	1	58	508	4.33138
3072	2560	1	348	478	0.55186
3072	2560	1	214	480	0.47064
3072	2560	1	220	260	4.38736
3072	2560	1	16	314	0.21228
3072	2560	1	44	190	1.15838
3072	2560	1	368	196	4.77762
3072	2560	1	236	118	0.00000
3072	2560	1	412	340	5.79338
3584	2560	1	46	368	1.09707
3584	2560	1	46	222	0.98279
3584	2560	1	160	266	2.01691
3584	2560	1	152	56	3.77497
3584	2560	1	178	192	5.22938
3584	2048	1	100	472	1.86868
3584	2560	1	256	172	2.60062
3584	2560	1	388	138	3.49458
3584	2560	1	468	14	1.69402
3584	2048	1	468	414	5.34119
3072	2048	1	118	474	1.89255
3072	2048	1	218	432	5.76163
3072	2048	1	370	440	1.98092
3584	2560	1	444	162	3.33521
3584	2560	1	500	122	3.04121
3584	2560	1	512	280	1.20146
3584	2560	1	54	104	5.91337
3584	2560	1	502	382	2.76229
3584	2560	1	52	18	5.02760
3072	2560	1	468	32	2.80425
3584	2048	1	248	506	3.05799
3072	2560	1	330	74	3.81211
3584	2048	1	344	448	3.65398
3584	2560	1	352	56	0.97591
3584	2048	1	322	274	2.93050
3584	2048	1	210	314	2.67974
3584	2048	1	110	348	2.31077
3584	2048	1	20	358	5.81612
3072	2048	1	466	400	5.22947
3072	2048	1	444	266	3.79444
3072	2048	1	362	244	3.54648
3584	2048	1	512	122	0.00000
3584	2048	1	466	68	0.00000
3584	2048	1	384	86	0.00000
3584	2048	1	234	88	3.95924
3584	2048	1	126	112	0.00000
3584	2048	1	24	76	2.42836
3072	2048	1	390	86	5.50473
3072	2048	1	178	42	3.23583
3072	2048	1	274	52	2.54518
3072	2048	1	250	138	5.89937
3072	2048	1	170	292	5.00474
3072	2048	1	178	220	4.80645
3584	2048	1	382	228	5.77365
3072	2048	1	42	252	0.46646
3072	2048	1	28	100	6.09158
3072	2048	1	76	60	2.53293
3072	2048	1	110	0	0.00000
3072	2560	2	172	73	0.00000
3072	2560	2	254	17	0.00000
3072	2560	2	428	125	0.00000
3072	2560	2	470	187	0.00000
3072	2560	1	150	162	3.10080
3072	2560	2	162	406	0.00000
3584	2560	2	416	246	0.00000
3584	2560	2	366	192	0.00000
3072	2048	1	14	422	2.55851
3072	3072	1	358	218	2.37098
3072	3072	1	168	216	2.58406
3072	3072	1	256	230	2.66159
3072	3072	1	126	346	3.96382
3072	3072	1	72	284	3.61343
3072	3072	1	72	448	1.00447
3072	3584	1	42	228	0.35715
3072	3584	1	198	184	5.83978
3072	3584	1	192	58	1.43642
3072	3584	1	104	8	1.02936
3072	3072	1	218	452	3.08973
3072	3072	1	266	360	1.48690
3072	3072	1	406	78	6.23567
3072	3072	1	430	288	1.37023
3072	3072	1	486	170	4.77791
3584	3072	1	104	290	3.89781
3072	3072	1	432	380	3.63263
3072	3072	1	334	442	3.49773
3072	3584	1	380	156	6.14888
3072	3584	1	306	104	3.14222
3584	3072	1	246	242	4.92491
3584	3072	1	186	352	0.88407
3584	3072	1	76	428	3.78436
3072	3072	1	508	372	3.18760
3072	3584	1	434	4	3.26064
3584	3584	1	98	4	1.32704
3584	3072	1	284	374	0.43996
3584	3072	1	350	456	1.46800
3584	3584	1	322	34	1.33052
3584	3584	1	214	110	5.45354
3584	3584	1	118	176	0.23391
3584	3584	1	40	160	0.00000
3072	3584	1	312	282	2.50273
3584	3584	1	336	200	4.29558
3584	3584	1	414	94	1.13287
3584	3584	1	478	156	2.44281
3072	3584	1	130	262	2.41679
3072	3584	1	100	324	2.39243
3072	3584	1	386	442	2.65001
3072	3584	1	442	386	2.58010
3072	3584	1	242	412	6.05394
3072	3584	1	124	454	1.36356
3584	3584	1	8	314	1.48188
3584	3584	1	32	254	1.64435
3584	3584	1	104	308	2.71667
3584	3584	1	24	486	0.00000
3584	3584	1	108	434	2.20943
3584	3584	1	174	248	0.84993
3584	3584	1	190	344	0.00000
3584	3584	1	300	394	0.00000
3584	3584	1	410	442	0.00000
3584	3584	1	366	254	1.39546
3584	3072	1	376	218	0.00000
3584	3584	1	488	326	3.76985
3584	3072	1	440	506	2.26923
3584	3072	1	468	256	1.35213
3584	3072	1	490	126	3.20807
3584	3072	1	422	106	3.69581
3584	3072	1	248	136	0.79138
3584	3072	1	334	110	0.00000
3584	3072	1	382	42	5.64629
3584	3072	1	500	28	0.63855
2048	3072	1	140	28	0.41552
2048	3072	1	226	40	3.20472
2048	3072	1	290	120	2.65984
2048	3072	1	348	40	0.00000
2048	3072	1	458	52	3.81410
2560	3072	1	94	46	1.04761
2560	3072	1	230	104	5.87593
2560	3072	2	138	76	0.00000
2560	3072	1	410	82	5.62540
2560	3072	1	380	182	2.69640
2560	3072	2	346	244	0.00000
2560	3072	1	468	264	0.61444
2048	3072	1	34	130	4.05928
2048	3072	1	66	188	4.10661
2048	3072	1	200	168	5.53012
2048	3072	2	286	270	0.00000
2560	3072	1	14	164	2.65621
2048	3072	1	482	246	2.57603
2048	3072	2	408	178	0.00000
2048	3072	1	72	284	4.57858
2048	3072	1	58	392	0.00000
2048	3072	1	212	366	1.02540
2048	3072	1	406	306	2.17972
2048	3072	1	336	410	2.36849
2560	3072	2	88	226	0.00000
2560	3072	1	308	308	1.88997
2048	3072	1	492	396	0.00000
2560	3072	1	44	366	0.00000
2560	3072	1	154	312	0.42419
2048	3072	1	18	504	5.41063
2048	3072	2	160	480	0.00000
2560	3072	1	242	388	1.43698
2560	3072	2	120	418	0.00000
2560	3072	1	506	444	0.57607
2560	3072	1	436	496	2.62648
2560	3072	1	338	490	2.42901
2560	3072	1	216	472	0.00000
2560	3072	1	108	490	5.80383
2048	3584	1	194	60	2.56325
2048	3584	1	314	66	0.68029
2048	3584	2	382	20	0.00000
2048	3584	1	506	70	0.63184
2560	3584	1	94	104	2.50028
2560	3584	1	176	94	3.47189
2560	3584	1	274	84	2.34970
2560	3584	1	376	142	0.63267
2560	3584	1	498	128	1.20854
2048	3584	1	40	236	3.73887
2048	3584	1	162	262	4.43507
2048	3584	1	299	190	0.46191
2048	3584	1	407	171	0.97316
2048	3584	1	509	177	0.62588
2560	3584	1	79	224	2.87328
2560	3584	1	216	191	3.68689
2560	3584	1	256	224	3.93291
2560	3584	1	375	272	3.49170
2560	3584	1	432	291	0.38406
2560	3584	1	486	366	3.88736
2048	3584	1	133	398	3.06447
2048	3584	1	52	430	2.66766
2048	3584	2	274	337	0.00000
2048	3584	1	358	274	4.42306
2048	3584	1	507	282	1.92726
2560	3584	1	214	339	4.18605
2560	3584	1	104	416	6.03020
2048	3584	1	481	397	1.15875
2048	3584	1	222	443	0.00000
2560	3584	1	347	388	5.60381
2048	3584	1	489	490	0.65842
2048	3584	1	373	409	0.00000
2560	3584	1	398	470	4.06734
2560	3584	1	232	456	3.19364
2560	3072	1	503	80	3.80175
